Photon Energy (eV)	X ref norm	X ref	X pump norm	X pump	Y ref norm	Y ref	Y pump norm	Y pump	X all norm	X all	Y all norm	Y all	X all Y ref norm	X all Y ref	Y all X ref norm	Y all X ref	BC(X hist) norm	BC(Y hist) norm	StS norm	BCSC norm	BCLR norm	BC(X hist)	BC(Y hist)	StS	BCSC	BCLR	
5.300160E+2	-8.701112E-3	1.085533E+9	-9.387328E-3	3.987806E+7	-7.237768E-3	1.139519E+9	-8.398775E-3	4.557492E+7	-8.055836E-3	7.838822E+9	-7.541448E-3	7.957668E+9	-7.952387E-3	8.978340E+9	-7.687049E-3	9.043201E+9	-6.862165E-4	-1.161007E-3	-9.885534E-4	4.747905E-4	-1.700279E-3	-1.045655E+9	-1.093944E+9	-5.696866E+6	4.828889E+7	-9.003323E+9
5.305180E+2	-3.745918E-3	1.226386E+9	-5.283383E-3	4.473092E+7	-4.164944E-3	1.227062E+9	2.175087E-3	5.769641E+7	-3.715441E-3	8.693036E+9	-4.174259E-3	8.624279E+9	-3.772282E-3	9.920098E+9	-4.120479E-3	9.850664E+9	-1.537465E-3	6.340030E-3	-7.458469E-3	-7.877495E-3	-1.162904E-3	-1.181655E+9	-1.169366E+9	-1.296549E+7	-1.228905E+7	-9.805933E+9
5.310250E+2	-2.462625E-3	1.262863E+9	2.878856E-3	5.438265E+7	-1.625214E-3	1.299418E+9	1.949575E-3	5.743789E+7	-2.117376E-3	9.007544E+9	-1.932039E-3	9.068176E+9	-2.055140E-3	1.030696E+10	-1.998656E-3	1.033104E+10	5.341481E-3	3.574789E-3	9.292802E-4	1.766692E-3	4.877512E-3	-1.208481E+9	-1.241980E+9	-3.055239E+6	3.349901E+7	-1.027666E+10
5.315130E+2	-1.459958E-3	1.291365E+9	-5.771657E-5	5.091019E+7	-1.893762E-3	1.291767E+9	4.848300E-4	5.575876E+7	-1.286293E-3	9.171105E+9	-1.220213E-3	9.209098E+9	-1.363110E-3	1.046287E+10	-1.250314E-3	1.050046E+10	1.402241E-3	2.378592E-3	-5.425465E-4	-9.763511E-4	1.192597E-3	-1.240454E+9	-1.236008E+9	-4.848565E+6	-4.446220E+6	-1.044955E+10
5.320070E+2	3.762573E-3	1.439816E+9	1.953418E-3	5.328833E+7	4.285296E-3	1.467805E+9	-4.341673E-3	5.022584E+7	3.872301E-3	1.018635E+10	3.430529E-3	1.012982E+10	3.924526E-3	1.165415E+10	3.472219E-3	1.156963E+10	-1.809155E-3	-8.626968E-3	6.295090E-3	6.817813E-3	-1.518801E-3	-1.386528E+9	-1.417580E+9	3.062496E+6	3.105156E+7	-1.151634E+10
5.325170E+2	1.260704E-2	1.691222E+9	9.896154E-3	6.268051E+7	1.063639E-2	1.648745E+9	8.130955E-3	6.452399E+7	1.130264E-2	1.164868E+10	1.143743E-2	1.171496E+10	1.121839E-2	1.329742E+10	1.158428E-2	1.340618E+10	-2.710885E-3	-2.505436E-3	1.765198E-3	-2.054492E-4	-1.688125E-3	-1.628542E+9	-1.584221E+9	-1.843487E+6	-4.432085E+7	-1.334350E+10
5.330280E+2	2.066073E-2	1.920151E+9	1.583386E-2	6.970176E+7	1.785014E-2	1.854261E+9	2.233297E-2	8.080465E+7	2.101320E-2	1.355977E+10	1.988412E-2	1.338717E+10	2.061322E-2	1.541403E+10	1.998163E-2	1.530732E+10	-4.826867E-3	4.482830E-3	-6.499107E-3	-9.309696E-3	-4.147768E-3	-1.850449E+9	-1.773457E+9	-1.110289E+7	-7.699212E+7	-1.523762E+10
5.331580E+2	3.105225E-2	2.215532E+9	3.290643E-2	8.988984E+7	2.719605E-2	2.120522E+9	3.562896E-2	9.604668E+7	3.026917E-2	1.538140E+10	2.939163E-2	1.526940E+10	2.988056E-2	1.750192E+10	2.960013E-2	1.748493E+10	1.854179E-3	8.432905E-3	-2.722523E-3	-6.578726E-3	3.306301E-3	-2.125643E+9	-2.024475E+9	-6.156838E+6	-1.011671E+8	-1.739504E+10
5.333130E+2	3.816085E-2	2.417596E+9	5.251677E-2	1.130788E+8	3.808240E-2	2.430669E+9	4.289868E-2	1.043804E+8	3.932169E-2	1.716298E+10	3.918944E-2	1.720909E+10	3.916497E-2	1.959365E+10	3.906029E-2	1.962669E+10	1.435592E-2	4.816285E-3	9.618083E-3	9.539638E-3	1.345648E-2	-2.304517E+9	-2.326289E+9	8.698361E+6	2.177155E+7	-1.951361E+10
5.334630E+2	4.876046E-2	2.718893E+9	4.670678E-2	1.062086E+8	5.039255E-2	2.781379E+9	5.688241E-2	1.204108E+8	5.039297E-2	1.934187E+10	4.975881E-2	1.930154E+10	5.039292E-2	2.212325E+10	4.963346E-2	2.202043E+10	-2.053677E-3	6.489866E-3	-1.017563E-2	-8.543544E-3	-2.926681E-3	-2.612684E+9	-2.660969E+9	-1.420229E+7	4.828457E+7	-2.191422E+10
5.336130E+2	6.991527E-2	3.320224E+9	7.399878E-2	1.384810E+8	7.001306E-2	3.340359E+9	7.264538E-2	1.384809E+8	7.355736E-2	2.390075E+10	7.310857E-2	2.392414E+10	7.310917E-2	2.724111E+10	7.270764E-2	2.724437E+10	4.083505E-3	2.632321E-3	1.353400E-3	1.451185E-3	1.291140E-3	-3.181743E+9	-3.201878E+9	3.440093E+1	2.013515E+7	-2.710589E+10
5.337580E+2	1.033524E-1	4.270681E+9	1.076163E-1	1.782332E+8	1.029336E-1	4.278249E+9	8.974158E-2	1.580794E+8	1.065622E-1	3.039628E+10	1.031693E-1	2.987534E+10	1.061033E-1	3.467453E+10	1.031923E-1	3.414602E+10	4.263904E-3	-1.319201E-2	1.787469E-2	1.745592E-2	4.423972E-3	-4.092448E+9	-4.120170E+9	2.015379E+7	2.772181E+7	-3.396779E+10
5.339090E+2	1.471673E-1	5.516133E+9	1.671183E-1	2.485935E+8	1.468304E-1	5.528849E+9	1.478898E-1	2.247383E+8	1.523712E-1	3.941175E+10	1.491198E-1	3.897226E+10	1.516705E-1	4.494060E+10	1.488747E-1	4.448840E+10	1.995096E-2	1.059425E-3	1.922848E-2	1.889154E-2	1.824364E-2	-5.267539E+9	-5.304110E+9	2.385513E+7	3.657093E+7	-4.423980E+10
5.340800E+2	2.493370E-1	8.420331E+9	2.632974E-1	3.623239E+8	2.531109E-1	8.556730E+9	2.462839E-1	3.375337E+8	2.596114E-1	6.051723E+10	2.562912E-1	6.018925E+10	2.587894E-1	6.907396E+10	2.554181E-1	6.860958E+10	1.396040E-2	-6.826931E-3	1.701346E-2	2.078733E-2	7.879303E-3	-8.058007E+9	-8.219196E+9	2.479021E+7	1.611885E+8	-6.824725E+10
5.342040E+2	4.312001E-1	1.358984E+10	4.543228E-1	5.882088E+8	4.304786E-1	1.360985E+10	4.560301E-1	5.779788E+8	4.480839E-1	9.760967E+10	4.378060E-1	9.612417E+10	4.458577E-1	1.112195E+11	4.369766E-1	1.097140E+11	2.312271E-2	2.555145E-2	-1.707247E-3	-2.428733E-3	1.734617E-2	-1.300163E+10	-1.303188E+10	1.022994E+7	3.024791E+7	-1.091258E+11
5.343650E+2	7.521758E-1	2.271365E+10	7.083467E-1	8.885885E+8	7.436283E-1	2.253134E+10	7.403370E-1	9.038977E+8	7.647334E-1	1.599280E+11	7.499278E-1	1.579156E+11	7.620645E-1	1.824594E+11	7.502100E-1	1.806293E+11	-4.382915E-2	-3.291269E-3	-3.199029E-2	-4.053788E-2	-4.186332E-2	-2.182506E+10	-2.162744E+10	-1.530925E+7	-1.976210E+8	-1.797407E+11
5.345160E+2	1.206789E+0	3.563615E+10	1.186530E+0	1.454033E+9	1.210301E+0	3.582663E+10	1.222482E+0	1.456611E+9	1.218389E+0	2.492100E+11	1.205716E+0	2.481492E+11	1.217366E+0	2.850367E+11	1.205851E+0	2.837853E+11	-2.025918E-2	1.218135E-2	-3.595249E-2	-3.244053E-2	-1.932118E-2	-3.418212E+10	-3.437002E+10	-2.577872E+6	1.879043E+8	-2.823313E+11
5.346620E+2	1.604920E+0	4.695313E+10	1.535709E+0	1.866933E+9	1.598051E+0	4.687344E+10	1.528386E+0	1.807288E+9	1.590760E+0	3.224946E+11	1.578074E+0	3.218656E+11	1.591682E+0	3.693681E+11	1.581444E+0	3.688188E+11	-6.921126E-2	-6.966480E-2	7.322861E-3	4.535402E-4	-4.573542E-2	-4.508619E+10	-4.506615E+10	5.964484E+7	-2.003896E+7	-3.669518E+11
5.348120E+2	1.826493E+0	5.325138E+10	1.718920E+0	2.083577E+9	1.815410E+0	5.306591E+10	1.763152E+0	2.076415E+9	1.808658E+0	3.653783E+11	1.801366E+0	3.660713E+11	1.809512E+0	4.184442E+11	1.804520E+0	4.193226E+11	-1.075726E-1	-5.225784E-2	-4.423209E-2	-5.531472E-2	-8.560024E-2	-5.116780E+10	-5.098949E+10	7.162340E+6	-1.783137E+8	-4.172391E+11
5.349630E+2	1.976296E+0	5.750959E+10	1.849686E+0	2.238206E+9	1.982778E+0	5.783415E+10	1.928426E+0	2.265878E+9	1.945336E+0	3.922772E+11	1.951373E+0	3.957686E+11	1.950071E+0	4.501113E+11	1.954502E+0	4.532781E+11	-1.266105E-1	-5.435267E-2	-7.873984E-2	-7.225781E-2	-1.048162E-1	-5.527138E+10	-5.556827E+10	-2.767238E+7	2.968897E+8	-4.510399E+11
5.351140E+2	1.952798E+0	5.684164E+10	1.894207E+0	2.290851E+9	1.962530E+0	5.725729E+10	1.958709E+0	2.300595E+9	1.924012E+0	3.880805E+11	1.927636E+0	3.910694E+11	1.928883E+0	4.453378E+11	1.930796E+0	4.479110E+11	-5.859110E-2	-3.820627E-3	-6.450256E-2	-5.477047E-2	-3.658865E-2	-5.455079E+10	-5.495669E+10	-9.743049E+6	4.059013E+8	-4.456202E+11
5.352600E+2	1.764347E+0	5.148487E+10	1.702709E+0	2.064408E+9	1.752924E+0	5.128571E+10	1.721612E+0	2.028794E+9	1.735151E+0	3.509117E+11	1.741535E+0	3.542265E+11	1.737399E+0	4.021974E+11	1.744399E+0	4.057113E+11	-6.163787E-2	-3.131248E-2	-1.890247E-2	-3.032540E-2	-4.169005E-2	-4.942047E+10	-4.925691E+10	3.561369E+7	-1.635523E+8	-4.036469E+11
5.354170E+2	1.561331E+0	4.571409E+10	1.520292E+0	1.848702E+9	1.556296E+0	4.568385E+10	1.491265E+0	1.764734E+9	1.539133E+0	3.123342E+11	1.540671E+0	3.144610E+11	1.541303E+0	3.580180E+11	1.543265E+0	3.601751E+11	-4.103920E-2	-6.503015E-2	2.902634E-2	2.399095E-2	-2.297359E-2	-4.386539E+10	-4.391912E+10	8.396798E+7	5.373017E+7	-3.583264E+11
5.355630E+2	1.329755E+0	3.913149E+10	1.278012E+0	1.562210E+9	1.316672E+0	3.885710E+10	1.315734E+0	1.563511E+9	1.302366E+0	2.657371E+11	1.304744E+0	2.677540E+11	1.304175E+0	3.045942E+11	1.307884E+0	3.068855E+11	-5.174323E-2	-9.385426E-4	-3.772207E-2	-5.080469E-2	-2.987259E-2	-3.756928E+10	-3.729359E+10	-1.301831E+6	-2.756872E+8	-3.053233E+11
5.357090E+2	1.090739E+0	3.233738E+10	1.061359E+0	1.306021E+9	1.081800E+0	3.216571E+10	1.085362E+0	1.299421E+9	1.083673E+0	2.226971E+11	1.087259E+0	2.246978E+11	1.083436E+0	2.548628E+11	1.087695E+0	2.570352E+11	-2.937914E-2	3.561286E-3	-2.400221E-2	-3.294043E-2	-2.633612E-2	-3.103136E+10	-3.086628E+10	6.599933E+6	-1.650778E+8	-2.557292E+11
5.358650E+2	8.954656E-1	2.678670E+10	9.039319E-1	1.119865E+9	8.993648E-1	2.696820E+10	9.281597E-1	1.119211E+9	8.986322E-1	1.862801E+11	9.011118E-1	1.878459E+11	8.987248E-1	2.132483E+11	9.004029E-1	2.146326E+11	8.466296E-3	2.879490E-2	-2.422776E-2	-2.032860E-2	3.529069E-3	-2.566684E+10	-2.584899E+10	6.545874E+5	1.821557E+8	-2.135127E+11
5.360070E+2	7.774559E-1	2.343224E+10	7.524093E-1	9.406919E+8	7.742094E-1	2.340259E+10	7.695686E-1	9.374077E+8	7.766942E-1	1.622820E+11	7.785733E-1	1.635867E+11	7.763800E-1	1.856846E+11	7.784330E-1	1.870189E+11	-2.504657E-2	-4.640866E-3	-1.715929E-2	-2.040570E-2	-2.602369E-2	-2.249155E+10	-2.246518E+10	3.284138E+6	-2.637454E+7	-1.860782E+11
5.362630E+2	6.008315E-1	1.841165E+10	5.859626E-1	7.438710E+8	5.920132E-1	1.821190E+10	5.881424E-1	7.294275E+8	6.028654E-1	1.280715E+11	6.030116E-1	1.288303E+11	6.014931E-1	1.462834E+11	6.027379E-1	1.472420E+11	-1.486891E-2	-3.870786E-3	-2.179791E-3	-1.099812E-2	-1.677530E-2	-1.766778E+10	-1.748247E+10	1.444349E+7	-1.853098E+8	-1.464981E+11
5.365140E+2	5.287766E-1	1.636347E+10	5.183625E-1	6.639348E+8	5.250317E-1	1.630363E+10	5.408769E-1	6.752441E+8	5.327649E-1	1.142754E+11	5.290078E-1	1.141796E+11	5.317870E-1	1.305790E+11	5.289788E-1	1.305431E+11	-1.041408E-2	1.584512E-2	-2.251438E-2	-2.625921E-2	-1.061628E-2	-1.569954E+10	-1.562838E+10	-1.130926E+7	-7.115249E+7	-1.298791E+11
5.367710E+2	5.033720E-1	1.564134E+10	4.889819E-1	6.291927E+8	5.088422E-1	1.584240E+10	5.353698E-1	6.689309E+8	5.116029E-1	1.101106E+11	5.109371E-1	1.106021E+11	5.112538E-1	1.259529E+11	5.099872E-1	1.262434E+11	-1.439012E-2	2.652754E-2	-4.638789E-2	-4.091766E-2	-2.100533E-2	-1.501215E+10	-1.517347E+10	-3.973828E+7	1.613181E+8	-1.256142E+11
5.370280E+2	5.420124E-1	1.673970E+10	5.567292E-1	7.093028E+8	5.321036E-1	1.650510E+10	5.554819E-1	6.919867E+8	5.490035E-1	1.174712E+11	5.447597E-1	1.172980E+11	5.468664E-1	1.339763E+11	5.444148E-1	1.340377E+11	1.471676E-2	2.337831E-2	1.247252E-3	-8.661552E-3	1.231439E-2	-1.603040E+10	-1.581312E+10	1.731611E+7	-2.172853E+8	-1.333284E+11
5.372590E+2	6.250214E-1	1.909926E+10	6.262553E-1	7.915166E+8	6.251072E-1	1.915473E+10	6.382359E-1	7.868528E+8	6.328911E-1	1.339808E+11	6.295592E-1	1.340860E+11	6.319068E-1	1.531355E+11	6.289894E-1	1.531852E+11	1.233952E-3	1.312869E-2	-1.198056E-2	-1.189474E-2	-2.734101E-3	-1.830774E+10	-1.836788E+10	4.663755E+6	6.014041E+7	-1.523937E+11
5.375110E+2	7.094919E-1	2.150035E+10	6.818625E-1	8.572713E+8	7.107873E-1	2.159572E+10	7.161774E-1	8.762021E+8	7.169402E-1	1.505221E+11	7.145155E-1	1.509050E+11	7.161621E-1	1.721178E+11	7.138848E-1	1.724053E+11	-2.762940E-2	5.390156E-3	-3.431489E-2	-3.301955E-2	-3.202225E-2	-2.064308E+10	-2.071951E+10	-1.893079E+7	7.643429E+7	-1.715481E+11
5.377580E+2	8.212157E-1	2.467613E+10	8.200202E-1	1.020641E+9	8.335985E-1	2.509455E+10	8.451019E-1	1.023996E+9	8.302549E-1	1.728231E+11	8.295704E-1	1.736827E+11	8.306777E-1	1.979176E+11	8.285214E-1	1.983588E+11	-1.195499E-3	1.150340E-2	-2.508172E-2	-1.269890E-2	-8.501225E-3	-2.365549E+10	-2.407056E+10	-3.355520E+6	4.150682E+8	-1.973382E+11
5.380160E+2	9.337811E-1	2.787583E+10	9.546342E-1	1.179820E+9	9.297801E-1	2.783472E+10	9.242480E-1	1.114726E+9	9.343594E-1	1.933114E+11	9.309413E-1	1.937513E+11	9.337803E-1	2.211461E+11	9.312979E-1	2.216272E+11	2.085317E-2	-5.532113E-3	3.038626E-2	2.638529E-2	2.333635E-2	-2.669601E+10	-2.671999E+10	6.509359E+7	2.398651E+7	-2.204473E+11
5.382740E+2	1.112331E+0	3.295117E+10	1.146936E+0	1.407214E+9	1.119465E+0	3.323875E+10	1.134839E+0	1.356140E+9	1.119863E+0	2.298196E+11	1.114060E+0	2.300038E+11	1.119813E+0	2.630583E+11	1.113843E+0	2.629550E+11	3.460436E-2	1.537385E-2	1.209702E-2	1.923051E-2	3.309243E-2	-3.154395E+10	-3.188261E+10	5.107403E+7	3.386600E+8	-2.615478E+11
5.385110E+2	1.310924E+0	3.859620E+10	1.283366E+0	1.568541E+9	1.308044E+0	3.861128E+10	1.314848E+0	1.562496E+9	1.309969E+0	2.672335E+11	1.308767E+0	2.685504E+11	1.309726E+0	3.058448E+11	1.309038E+0	3.071466E+11	-2.755743E-2	6.804188E-3	-3.148182E-2	-3.436162E-2	-2.567176E-2	-3.702766E+10	-3.704878E+10	6.045179E+6	2.112266E+7	-3.055781E+11
5.387700E+2	1.547534E+0	4.532191E+10	1.464908E+0	1.783211E+9	1.537824E+0	4.515762E+10	1.520471E+0	1.798214E+9	1.530769E+0	3.106882E+11	1.525160E+0	3.113902E+11	1.531661E+0	3.558458E+11	1.527969E+0	3.567121E+11	-8.262635E-2	-1.735397E-2	-5.556296E-2	-6.527238E-2	-6.306140E-2	-4.353870E+10	-4.335941E+10	-1.500269E+7	-1.792883E+8	-3.549289E+11
5.390290E+2	1.735492E+0	5.066467E+10	1.625142E+0	1.972686E+9	1.733343E+0	5.072785E+10	1.748626E+0	2.059763E+9	1.712783E+0	3.465094E+11	1.710039E+0	3.479912E+11	1.715382E+0	3.972373E+11	1.713235E+0	3.986559E+11	-1.103498E-1	1.528315E-2	-1.234836E-1	-1.256330E-1	-8.809288E-2	-4.869198E+10	-4.866808E+10	-8.707623E+7	-2.389707E+7	-3.966832E+11
5.392780E+2	1.912849E+0	5.570609E+10	1.778889E+0	2.154490E+9	1.900980E+0	5.550374E+10	1.836749E+0	2.160784E+9	1.876501E+0	3.787302E+11	1.882137E+0	3.820617E+11	1.879597E+0	4.342339E+11	1.885993E+0	4.377678E+11	-1.339602E-1	-6.423045E-2	-5.786027E-2	-6.972974E-2	-1.071037E-1	-5.355160E+10	-5.334296E+10	-6.294228E+6	-2.086362E+8	-4.356133E+11
5.395160E+2	2.046915E+0	5.951693E+10	1.860643E+0	2.251163E+9	2.037333E+0	5.938840E+10	1.976781E+0	2.321311E+9	1.999461E+0	4.029293E+11	2.001487E+0	4.056897E+11	2.004250E+0	4.623177E+11	2.007190E+0	4.652066E+11	-1.862714E-1	-6.055224E-2	-1.161378E-1	-1.257192E-1	-1.465469E-1	-5.726577E+10	-5.706709E+10	-7.014824E+7	-1.986840E+8	-4.629555E+11
5.397860E+2	2.056807E+0	5.979812E+10	1.853617E+0	2.242855E+9	2.055216E+0	5.989786E+10	2.022470E+0	2.373688E+9	2.020094E+0	4.069900E+11	2.022191E+0	4.097885E+11	2.024535E+0	4.668879E+11	2.026537E+0	4.695867E+11	-2.031899E-1	-3.274531E-2	-1.688534E-1	-1.704446E-1	-1.729199E-1	-5.755527E+10	-5.752417E+10	-1.308332E+8	-3.109826E+7	-4.673438E+11
5.400240E+2	1.973513E+0	5.743046E+10	1.826103E+0	2.210320E+9	1.952100E+0	5.696014E+10	1.966715E+0	2.309772E+9	1.933270E+0	3.899025E+11	1.934564E+0	3.924409E+11	1.935651E+0	4.468627E+11	1.939454E+0	4.498714E+11	-1.474096E-1	1.461535E-2	-1.406122E-1	-1.620250E-1	-1.133513E-1	-5.522014E+10	-5.465036E+10	-9.945245E+7	-5.697794E+8	-4.476611E+11
5.402790E+2	1.842500E+0	5.370641E+10	1.712260E+0	2.075702E+9	1.858321E+0	5.428841E+10	1.828161E+0	2.150939E+9	1.817049E+0	3.670297E+11	1.821497E+0	3.700567E+11	1.822268E+0	4.213181E+11	1.824134E+0	4.237631E+11	-1.302406E-1	-3.015938E-2	-1.159016E-1	-1.000813E-1	-1.118741E-1	-5.163070E+10	-5.213747E+10	-7.523750E+7	5.067678E+8	-4.216874E+11
5.405130E+2	1.765124E+0	5.150697E+10	1.711000E+0	2.074212E+9	1.760125E+0	5.149086E+10	1.741754E+0	2.051884E+9	1.744734E+0	3.527976E+11	1.742639E+0	3.544451E+11	1.746680E+0	4.042885E+11	1.745462E+0	4.059520E+11	-5.412454E-2	-1.837131E-2	-3.075386E-2	-3.575323E-2	-3.446260E-2	-4.943276E+10	-4.943897E+10	2.232717E+7	6.215468E+6	-4.038778E+11
5.407740E+2	1.701656E+0	4.970286E+10	1.633205E+0	1.982220E+9	1.689046E+0	4.946586E+10	1.674828E+0	1.975164E+9	1.679129E+0	3.398862E+11	1.679941E+0	3.420325E+11	1.680383E+0	3.893521E+11	1.682667E+0	3.917354E+11	-6.845064E-2	-1.421796E-2	-4.162337E-2	-5.423268E-2	-4.946229E-2	-4.772063E+10	-4.749070E+10	7.056575E+6	-2.299386E+8	-3.897532E+11
5.410290E+2	1.638647E+0	4.791182E+10	1.542229E+0	1.874643E+9	1.638797E+0	4.803429E+10	1.610000E+0	1.900847E+9	1.624086E+0	3.290534E+11	1.625456E+0	3.312461E+11	1.625946E+0	3.770877E+11	1.627112E+0	3.791579E+11	-9.641758E-2	-2.879727E-2	-6.777065E-2	-6.762031E-2	-8.488292E-2	-4.603717E+10	-4.613344E+10	-2.620402E+7	9.626698E+7	-3.772832E+11
5.412850E+2	1.528655E+0	4.478527E+10	1.439775E+0	1.753492E+9	1.530769E+0	4.495661E+10	1.508580E+0	1.784583E+9	1.517400E+0	3.080570E+11	1.518705E+0	3.101123E+11	1.519090E+0	3.530136E+11	1.519954E+0	3.548975E+11	-8.888040E-2	-2.218903E-2	-6.880521E-2	-6.669137E-2	-8.017944E-2	-4.303178E+10	-4.317203E+10	-3.109099E+7	1.402489E+8	-3.531440E+11
5.415140E+2	1.352260E+0	3.977120E+10	1.272304E+0	1.555460E+9	1.358459E+0	4.004758E+10	1.360207E+0	1.614493E+9	1.353207E+0	2.757430E+11	1.354553E+0	2.776147E+11	1.353872E+0	3.157906E+11	1.354265E+0	3.173859E+11	-7.995576E-2	1.748002E-3	-8.790267E-2	-8.170376E-2	-8.196073E-2	-3.821574E+10	-3.843309E+10	-5.903317E+7	2.173496E+8	-3.158304E+11
5.417760E+2	1.172723E+0	3.466783E+10	1.135160E+0	1.393289E+9	1.166074E+0	3.456664E+10	1.181364E+0	1.409475E+9	1.164573E+0	2.386187E+11	1.162098E+0	2.395140E+11	1.164763E+0	2.731854E+11	1.163432E+0	2.741818E+11	-3.756398E-2	1.528997E-2	-4.620491E-2	-5.285395E-2	-2.827266E-2	-3.327454E+10	-3.315716E+10	-1.618653E+7	-1.173763E+8	-2.727885E+11
5.420320E+2	1.026150E+0	3.050144E+10	1.022441E+0	1.260001E+9	1.021924E+0	3.045986E+10	1.058914E+0	1.269103E+9	1.028158E+0	2.117715E+11	1.025882E+0	2.125470E+11	1.027370E+0	2.422314E+11	1.025916E+0	2.430485E+11	-3.708733E-3	3.698993E-2	-3.647289E-2	-4.069866E-2	-3.474688E-3	-2.924144E+10	-2.919076E+10	-9.101840E+6	-5.067576E+7	-2.417885E+11
5.422780E+2	9.410902E-1	2.808359E+10	9.117292E-1	1.129085E+9	9.439440E-1	2.823824E+10	9.900596E-1	1.190170E+9	9.432232E-1	1.950558E+11	9.473971E-1	1.970091E+11	9.433143E-1	2.232941E+11	9.466052E-1	2.250927E+11	-2.936105E-2	4.611553E-2	-7.833038E-2	-7.547657E-2	-3.487607E-2	-2.695451E+10	-2.704807E+10	-6.108498E+7	9.356727E+7	-2.239636E+11
5.425400E+2	9.241524E-1	2.760213E+10	9.186160E-1	1.137229E+9	9.364909E-1	2.802591E+10	9.588120E-1	1.154349E+9	9.380933E-1	1.940462E+11	9.354087E-1	1.946357E+11	9.378907E-1	2.220722E+11	9.339954E-1	2.222379E+11	-5.536339E-3	2.232108E-2	-4.019597E-2	-2.785742E-2	-1.537936E-2	-2.646490E+10	-2.687156E+10	-1.712034E+7	4.066589E+8	-2.211006E+11
5.427650E+2	9.828149E-1	2.926963E+10	9.527617E-1	1.177606E+9	9.895102E-1	2.953640E+10	1.002668E+0	1.204625E+9	9.870654E-1	2.036842E+11	9.916487E-1	2.057697E+11	9.873746E-1	2.332206E+11	9.905396E-1	2.350393E+11	-3.005325E-2	1.315815E-2	-4.990664E-2	-4.321140E-2	-3.777792E-2	-2.809202E+10	-2.833178E+10	-2.701884E+7	2.397562E+8	-2.338617E+11
5.430170E+2	1.118816E+0	3.313550E+10	1.110397E+0	1.364007E+9	1.107046E+0	3.288493E+10	1.109590E+0	1.327195E+9	1.110672E+0	2.280108E+11	1.108905E+0	2.289833E+11	1.110214E+0	2.608957E+11	1.110150E+0	2.621188E+11	-8.419225E-3	2.544019E-3	8.073245E-4	-1.096324E-2	2.472564E-4	-3.177149E+10	-3.155774E+10	3.681205E+7	-2.137530E+8	-2.607548E+11
5.432800E+2	1.273108E+0	3.752127E+10	1.214755E+0	1.487409E+9	1.260713E+0	3.726286E+10	1.246486E+0	1.484128E+9	1.263024E+0	2.579943E+11	1.257292E+0	2.583597E+11	1.262731E+0	2.952572E+11	1.259278E+0	2.958810E+11	-5.835257E-2	-1.422715E-2	-3.173130E-2	-4.412542E-2	-4.452275E-2	-3.603386E+10	-3.577873E+10	3.280732E+6	-2.551311E+8	-2.943936E+11
5.435540E+2	1.419991E+0	4.169648E+10	1.324524E+0	1.617209E+9	1.414081E+0	4.163224E+10	1.446515E+0	1.713434E+9	1.408554E+0	2.866355E+11	1.405193E+0	2.876400E+11	1.409253E+0	3.282677E+11	1.407051E+0	3.293364E+11	-9.546760E-2	3.243377E-2	-1.219915E-1	-1.279014E-1	-8.252692E-2	-4.007927E+10	-3.991881E+10	-9.622502E+7	-1.604617E+8	-3.277192E+11
5.437640E+2	1.510969E+0	4.428253E+10	1.462607E+0	1.780491E+9	1.505426E+0	4.423459E+10	1.505584E+0	1.781149E+9	1.500478E+0	3.047268E+11	1.499988E+0	3.064068E+11	1.501104E+0	3.489614E+11	1.501367E+0	3.506893E+11	-4.836116E-2	1.587928E-4	-4.297693E-2	-4.851995E-2	-3.875915E-2	-4.250204E+10	-4.245344E+10	-6.576214E+5	-4.859502E+7	-3.489089E+11
5.440170E+2	1.586158E+0	4.641981E+10	1.573392E+0	1.911493E+9	1.581795E+0	4.641033E+10	1.562987E+0	1.846953E+9	1.570149E+0	3.184383E+11	1.569357E+0	3.201401E+11	1.571621E+0	3.648486E+11	1.571467E+0	3.665599E+11	-1.276562E-2	-1.880872E-2	1.040588E-2	6.043108E-3	1.925599E-3	-4.450832E+10	-4.456338E+10	6.454035E+7	5.506086E+7	-3.646484E+11
5.442700E+2	1.585014E+0	4.638729E+10	1.523589E+0	1.852602E+9	1.588858E+0	4.661155E+10	1.596208E+0	1.885036E+9	1.561880E+0	3.168109E+11	1.570214E+0	3.203096E+11	1.565291E+0	3.634225E+11	1.572072E+0	3.666969E+11	-6.142467E-2	7.349908E-3	-7.261857E-2	-6.877458E-2	-4.848247E-2	-4.453469E+10	-4.472651E+10	-3.243482E+7	1.918190E+8	-3.648443E+11
5.445240E+2	1.518963E+0	4.450978E+10	1.496840E+0	1.820970E+9	1.515740E+0	4.452844E+10	1.484047E+0	1.756459E+9	1.505257E+0	3.056673E+11	1.507243E+0	3.078432E+11	1.506583E+0	3.501957E+11	1.508715E+0	3.523530E+11	-2.212378E-2	-3.169277E-2	1.279242E-2	9.568986E-3	-1.187517E-2	-4.268881E+10	-4.277198E+10	6.451086E+7	8.317123E+7	-3.505320E+11
5.447660E+2	1.439492E+0	4.225079E+10	1.406666E+0	1.714342E+9	1.418453E+0	4.175680E+10	1.430981E+0	1.695626E+9	1.428318E+0	2.905252E+11	1.425981E+0	2.917554E+11	1.427071E+0	3.322820E+11	1.427677E+0	3.340062E+11	-3.282552E-2	1.252729E-2	-2.431437E-2	-4.535281E-2	-2.101060E-2	-4.053644E+10	-4.006117E+10	1.871567E+7	-4.752733E+8	-3.322919E+11
5.450200E+2	1.350496E+0	3.972104E+10	1.293701E+0	1.580761E+9	1.344414E+0	3.964746E+10	1.393966E+0	1.653193E+9	1.346836E+0	2.744891E+11	1.342740E+0	2.752760E+11	1.346530E+0	3.141365E+11	1.343713E+0	3.149970E+11	-5.679485E-2	4.955143E-2	-1.002650E-1	-1.063463E-1	-5.001258E-2	-3.814028E+10	-3.799426E+10	-7.243195E+7	-1.460203E+8	-3.134163E+11
5.452800E+2	1.293867E+0	3.811137E+10	1.233799E+0	1.509928E+9	1.285585E+0	3.797145E+10	1.280096E+0	1.522657E+9	1.283530E+0	2.620302E+11	1.282505E+0	2.633511E+11	1.283790E+0	3.000016E+11	1.283931E+0	3.014625E+11	-6.006840E-2	-5.489564E-3	-4.629701E-2	-5.457883E-2	-5.013240E-2	-3.660144E+10	-3.644879E+10	-1.272894E+7	-1.526488E+8	-2.999526E+11
5.455390E+2	1.233257E+0	3.638850E+10	1.146806E+0	1.407060E+9	1.233534E+0	3.648852E+10	1.222254E+0	1.456349E+9	1.230771E+0	2.516469E+11	1.232173E+0	2.533870E+11	1.231120E+0	2.881354E+11	1.232309E+0	2.897755E+11	-8.645120E-2	-1.127990E-2	-7.544807E-2	-7.517130E-2	-8.550378E-2	-3.498144E+10	-3.503217E+10	-4.928910E+7	5.072537E+7	-2.883684E+11
5.457780E+2	1.195771E+0	3.532296E+10	1.130248E+0	1.387481E+9	1.193409E+0	3.534538E+10	1.206896E+0	1.438744E+9	1.190365E+0	2.436947E+11	1.187589E+0	2.445606E+11	1.190750E+0	2.790401E+11	1.188617E+0	2.798835E+11	-6.552342E-2	1.348736E-2	-7.664842E-2	-7.901078E-2	-5.836886E-2	-3.393548E+10	-3.390664E+10	-5.126326E+7	-2.884602E+7	-2.784960E+11
5.460060E+2	1.140254E+0	3.374486E+10	1.136845E+0	1.395282E+9	1.148107E+0	3.405475E+10	1.174815E+0	1.401967E+9	1.145236E+0	2.348130E+11	1.147277E+0	2.365799E+11	1.145599E+0	2.688678E+11	1.146396E+0	2.703248E+11	-3.408473E-3	2.670782E-2	-3.796966E-2	-3.011630E-2	-9.550429E-3	-3.234958E+10	-3.265278E+10	-6.685049E+6	3.032046E+8	-2.689295E+11
5.467600E+2	1.204468E+0	3.557016E+10	1.170551E+0	1.435138E+9	1.207220E+0	3.573887E+10	1.194864E+0	1.424950E+9	1.206104E+0	2.467923E+11	1.202005E+0	2.474145E+11	1.206245E+0	2.825311E+11	1.202314E+0	2.829847E+11	-3.391710E-2	-1.235689E-2	-2.431298E-2	-2.156021E-2	-3.176392E-2	-3.413502E+10	-3.431392E+10	1.018801E+7	1.788918E+8	-2.815495E+11
5.475120E+2	1.324189E+0	3.897327E+10	1.274809E+0	1.558422E+9	1.314706E+0	3.880107E+10	1.336393E+0	1.587195E+9	1.316175E+0	2.684548E+11	1.310379E+0	2.688695E+11	1.315989E+0	3.072559E+11	1.312113E+0	3.078428E+11	-4.937998E-2	2.168773E-2	-6.158451E-2	-7.106771E-2	-3.730418E-2	-3.741484E+10	-3.721387E+10	-2.877254E+7	-2.009701E+8	-3.062844E+11
5.482600E+2	1.441577E+0	4.231005E+10	1.397297E+0	1.703262E+9	1.424731E+0	4.193564E+10	1.381587E+0	1.639002E+9	1.419839E+0	2.888565E+11	1.414250E+0	2.894331E+11	1.420458E+0	3.307921E+11	1.417681E+0	3.317431E+11	-4.428016E-2	-4.314425E-2	1.571003E-2	-1.135904E-3	-2.038432E-2	-4.060679E+10	-4.029663E+10	6.425969E+7	-3.101530E+8	-3.300399E+11
5.490430E+2	1.414260E+0	4.153356E+10	1.300547E+0	1.588857E+9	1.411174E+0	4.154941E+10	1.408564E+0	1.669928E+9	1.403250E+0	2.855917E+11	1.403158E+0	2.872372E+11	1.404252E+0	3.271411E+11	1.404552E+0	3.287708E+11	-1.137125E-1	-2.610337E-3	-1.080166E-1	-1.111021E-1	-1.040047E-1	-3.994470E+10	-3.987949E+10	-8.107075E+7	-6.521281E+7	-3.271819E+11
5.498070E+2	1.355822E+0	3.987246E+10	1.340141E+0	1.635676E+9	1.359757E+0	4.008456E+10	1.330020E+0	1.579889E+9	1.353691E+0	2.758383E+11	1.353923E+0	2.774900E+11	1.354458E+0	3.159228E+11	1.354162E+0	3.173625E+11	-1.568180E-2	-2.973642E-2	1.012027E-2	1.405462E-2	-1.402097E-2	-3.823678E+10	-3.850467E+10	5.578714E+7	2.678828E+8	-3.157268E+11
5.505060E+2	1.283788E+0	3.782486E+10	1.264770E+0	1.546551E+9	1.300184E+0	3.838735E+10	1.256009E+0	1.495045E+9	1.286237E+0	2.625629E+11	1.284733E+0	2.637924E+11	1.288001E+0	3.009503E+11	1.284615E+0	3.016172E+11	-1.901777E-2	-4.417495E-2	8.761240E-3	2.515718E-2	-1.984447E-2	-3.627831E+10	-3.689231E+10	5.150657E+7	6.139966E+8	-3.000707E+11
5.512510E+2	1.297224E+0	3.820678E+10	1.297231E+0	1.584935E+9	1.293129E+0	3.818637E+10	1.258455E+0	1.497849E+9	1.283857E+0	2.620945E+11	1.282354E+0	2.633214E+11	1.285030E+0	3.002809E+11	1.284221E+0	3.015282E+11	6.793911E-6	-3.467394E-2	3.877523E-2	3.468073E-2	1.300941E-2	-3.662185E+10	-3.668852E+10	8.708607E+7	6.667672E+7	-2.999432E+11
5.520210E+2	1.256328E+0	3.704432E+10	1.218508E+0	1.491847E+9	1.257999E+0	3.718553E+10	1.246163E+0	1.483758E+9	1.258188E+0	2.570426E+11	1.255029E+0	2.579118E+11	1.258164E+0	2.942281E+11	1.255193E+0	2.949561E+11	-3.782053E-2	-1.183605E-2	-2.765513E-2	-2.598448E-2	-3.668467E-2	-3.555247E+10	-3.570177E+10	8.089060E+6	1.492976E+8	-2.934643E+11
5.527650E+2	1.253528E+0	3.696472E+10	1.222957E+0	1.497108E+9	1.246695E+0	3.686348E+10	1.189535E+0	1.418842E+9	1.247370E+0	2.549137E+11	1.243297E+0	2.555891E+11	1.247285E+0	2.917772E+11	1.244581E+0	2.925538E+11	-3.057069E-2	-5.716025E-2	3.342234E-2	2.658957E-2	-2.162411E-2	-3.546761E+10	-3.544464E+10	7.826673E+7	-2.296354E+7	-2.910567E+11
5.535100E+2	1.212872E+0	3.580904E+10	1.171330E+0	1.436059E+9	1.202236E+0	3.559686E+10	1.193386E+0	1.423256E+9	1.195016E+0	2.446101E+11	1.194190E+0	2.458672E+11	1.195929E+0	2.802070E+11	1.196535E+0	2.816763E+11	-4.154179E-2	-8.850548E-3	-2.205578E-2	-3.269124E-2	-2.520548E-2	-3.437299E+10	-3.417361E+10	1.280372E+7	-1.993767E+8	-2.802402E+11
5.542580E+2	1.114152E+0	3.300292E+10	1.096687E+0	1.347796E+9	1.106671E+0	3.287426E+10	1.116849E+0	1.335517E+9	1.107106E+0	2.273089E+11	1.106187E+0	2.284452E+11	1.107051E+0	2.601832E+11	1.107187E+0	2.614481E+11	-1.746476E-2	1.017831E-2	-2.016204E-2	-2.764307E-2	-1.049998E-2	-3.165512E+10	-3.153874E+10	1.227831E+7	-1.163798E+8	-2.601003E+11
5.550140E+2	1.003951E+0	2.987044E+10	1.024592E+0	1.262544E+9	9.981280E-1	2.978192E+10	1.000608E+0	1.202263E+9	1.004793E+0	2.071731E+11	1.001642E+0	2.077481E+11	1.003950E+0	2.369551E+11	1.001932E+0	2.376185E+11	2.064072E-2	2.479798E-3	2.398435E-2	1.816092E-2	2.266025E-2	-2.860789E+10	-2.857966E+10	6.028178E+7	-2.823552E+7	-2.363560E+11
5.557600E+2	9.624558E-1	2.869091E+10	9.591661E-1	1.185179E+9	9.526015E-1	2.848489E+10	9.396896E-1	1.132428E+9	9.598176E-1	1.983217E+11	9.545552E-1	1.984262E+11	9.589051E-1	2.268066E+11	9.555472E-1	2.271171E+11	-3.289714E-3	-1.291184E-2	1.947646E-2	9.622130E-3	3.618910E-3	-2.750574E+10	-2.735246E+10	5.275071E+7	-1.532724E+8	-2.259320E+11
5.560190E+2	9.522136E-1	2.839978E+10	9.091685E-1	1.126057E+9	9.491308E-1	2.838601E+10	9.587786E-1	1.154311E+9	9.569810E-1	1.977635E+11	9.561150E-1	1.987350E+11	9.559883E-1	2.261495E+11	9.556252E-1	2.271348E+11	-4.304508E-2	9.647784E-3	-4.961011E-2	-5.269287E-2	-4.645669E-2	-2.727372E+10	-2.723170E+10	-2.825364E+7	-4.201615E+7	-2.260087E+11
5.565140E+2	9.716528E-1	2.895234E+10	9.863407E-1	1.217312E+9	9.629245E-1	2.877899E+10	9.829306E-1	1.181998E+9	9.706341E-1	2.004505E+11	9.679219E-1	2.010725E+11	9.696592E-1	2.292294E+11	9.683903E-1	2.300248E+11	1.468790E-2	2.000605E-2	3.410078E-3	-5.318151E-3	1.795035E-2	-2.773503E+10	-2.759699E+10	3.531444E+7	-1.380354E+8	-2.288075E+11
5.570100E+2	9.882673E-1	2.942461E+10	9.965059E-1	1.229333E+9	9.975636E-1	2.976584E+10	9.878907E-1	1.187684E+9	9.873840E-1	2.037469E+11	9.941443E-1	2.062638E+11	9.886713E-1	2.335128E+11	9.934064E-1	2.356884E+11	8.238603E-3	-9.672944E-3	8.615219E-3	1.791155E-2	3.099447E-3	-2.819528E+10	-2.857816E+10	4.164862E+7	3.828779E+8	-2.344591E+11
5.575470E+2	9.959595E-1	2.964326E+10	1.047979E+0	1.290199E+9	1.016162E+0	3.029570E+10	1.005257E+0	1.207592E+9	1.002112E+0	2.066455E+11	1.004522E+0	2.083182E+11	1.003889E+0	2.369412E+11	1.003447E+0	2.379615E+11	5.201945E-2	-1.090497E-2	4.272196E-2	6.292443E-2	4.453207E-2	-2.835307E+10	-2.908811E+10	8.260669E+7	7.350411E+8	-2.366713E+11
5.580060E+2	1.003326E+0	2.985266E+10	9.868432E-1	1.217907E+9	1.008504E+0	3.007753E+10	1.006253E+0	1.208734E+9	1.003877E+0	2.069928E+11	1.003376E+0	2.080915E+11	1.004462E+0	2.370703E+11	1.003370E+0	2.379441E+11	-1.648271E-2	-2.251370E-3	-1.940942E-2	-1.423134E-2	-1.652688E-2	-2.863475E+10	-2.886880E+10	9.173175E+6	2.340434E+8	-2.367262E+11
5.585160E+2	1.000163E+0	2.976274E+10	1.038760E+0	1.279297E+9	1.001608E+0	2.988108E+10	9.723998E-1	1.169926E+9	1.003760E+0	2.069698E+11	1.003901E+0	2.081954E+11	1.003488E+0	2.368509E+11	1.003432E+0	2.379581E+11	3.859727E-2	-2.920858E-2	6.635997E-2	6.780585E-2	3.532791E-2	-2.848344E+10	-2.871115E+10	1.093714E+8	2.277098E+8	-2.366788E+11
5.590100E+2	1.017483E+0	3.025508E+10	1.026476E+0	1.264772E+9	1.003189E+0	2.992611E+10	9.981118E-1	1.199401E+9	1.010579E+0	2.083119E+11	1.008632E+0	2.091319E+11	1.009645E+0	2.382380E+11	1.009743E+0	2.393869E+11	8.992690E-3	-5.077226E-3	2.836412E-2	1.406992E-2	1.673293E-2	-2.899031E+10	-2.872671E+10	6.537063E+7	-2.636052E+8	-2.381222E+11
5.595340E+2	1.026800E+0	3.051993E+10	1.032070E+0	1.271386E+9	1.030269E+0	3.069761E+10	1.006821E+0	1.209385E+9	1.024237E+0	2.109998E+11	1.025563E+0	2.124837E+11	1.025000E+0	2.416975E+11	1.025718E+0	2.430036E+11	5.269076E-3	-2.344814E-2	2.524835E-2	2.871722E-2	6.351556E-3	-2.924854E+10	-2.948823E+10	6.200089E+7	2.396856E+8	-2.417323E+11
5.600180E+2	1.019714E+0	3.031851E+10	9.902623E-1	1.221950E+9	1.014809E+0	3.025716E+10	1.007122E+0	1.209730E+9	1.021157E+0	2.103937E+11	1.019737E+0	2.113305E+11	1.020354E+0	2.406508E+11	1.019735E+0	2.416490E+11	-2.945214E-2	-7.687730E-3	-1.685923E-2	-2.176441E-2	-2.947222E-2	-2.909656E+10	-2.904743E+10	1.222012E+7	-4.912343E+7	-2.404271E+11
5.605150E+2	1.010913E+0	3.006834E+10	9.849765E-1	1.215699E+9	1.013740E+0	3.022669E+10	1.037700E+0	1.244784E+9	1.010108E+0	2.082192E+11	1.011612E+0	2.097219E+11	1.010567E+0	2.384459E+11	1.011524E+0	2.397902E+11	-2.593694E-2	2.396067E-2	-5.272370E-2	-4.989761E-2	-2.654763E-2	-2.885264E+10	-2.898190E+10	-2.908451E+7	1.292665E+8	-2.385745E+11
5.610010E+2	1.013507E+0	3.014205E+10	1.000619E+0	1.234196E+9	1.002099E+0	2.989507E+10	1.036736E+0	1.243678E+9	1.009170E+0	2.080346E+11	1.004476E+0	2.083091E+11	1.008276E+0	2.379296E+11	1.005610E+0	2.384511E+11	-1.288812E-2	3.463646E-2	-3.611723E-2	-4.752458E-2	-4.990841E-3	-2.890786E+10	-2.865139E+10	-9.482426E+6	-2.564688E+8	-2.372169E+11
