Photon Energy (eV)	X ref norm	X ref	X pump norm	X pump	Y ref norm	Y ref	Y pump norm	Y pump	X all norm	X all	Y all norm	Y all	X all Y ref norm	X all Y ref	Y all X ref norm	Y all X ref	BC(X hist) norm	BC(Y hist) norm	StS norm	BCSC norm	BCLR norm	BC(X hist)	BC(Y hist)	StS	BCSC	BCLR	
5.300160E+2	-8.701112E-3	1.085533E+9	-1.379939E-3	5.599860E+7	-7.237768E-3	1.139519E+9	-1.650195E-2	3.698020E+7	-8.055836E-3	7.838822E+9	-7.541448E-3	7.957668E+9	-7.952387E-3	8.978340E+9	-7.687049E-3	9.043201E+9	7.321173E-3	-9.264180E-3	1.512201E-2	1.658535E-2	6.307110E-3	-1.029534E+9	-1.102538E+9	1.901840E+7	7.300415E+7	-8.987203E+9
5.305180E+2	-3.745918E-3	1.226386E+9	-1.234187E-2	4.331516E+7	-4.164944E-3	1.227062E+9	-1.338100E-3	5.468543E+7	-3.715441E-3	8.693036E+9	-4.174259E-3	8.624279E+9	-3.772282E-3	9.920098E+9	-4.120479E-3	9.850664E+9	-8.595950E-3	2.826844E-3	-1.100377E-2	-1.142279E-2	-8.221389E-3	-1.183070E+9	-1.172377E+9	-1.137027E+7	-1.069383E+7	-9.807349E+9
5.310250E+2	-2.462625E-3	1.262863E+9	4.466791E-3	6.276353E+7	-1.625214E-3	1.299418E+9	-1.770532E-3	5.418052E+7	-2.117376E-3	9.007544E+9	-1.932039E-3	9.068176E+9	-2.055140E-3	1.030696E+10	-1.998656E-3	1.033104E+10	6.929416E-3	-1.453178E-4	6.237323E-3	7.074734E-3	6.465447E-3	-1.200100E+9	-1.245237E+9	8.583000E+6	4.513725E+7	-1.026828E+10
5.315130E+2	-1.459958E-3	1.291365E+9	-1.007509E-3	5.642952E+7	-1.893762E-3	1.291767E+9	1.996764E-3	5.857920E+7	-1.286293E-3	9.171105E+9	-1.220213E-3	9.209098E+9	-1.363110E-3	1.046287E+10	-1.250314E-3	1.050046E+10	4.524488E-4	3.890526E-3	-3.004273E-3	-3.438078E-3	2.428053E-4	-1.234935E+9	-1.233188E+9	-2.149683E+6	-1.747338E+6	-1.044403E+10
5.320070E+2	3.762573E-3	1.439816E+9	5.814309E-3	6.432266E+7	4.285296E-3	1.467805E+9	1.158446E-2	6.977374E+7	3.872301E-3	1.018635E+10	3.430529E-3	1.012982E+10	3.924526E-3	1.165415E+10	3.472219E-3	1.156963E+10	2.051736E-3	7.299161E-3	-5.770148E-3	-5.247425E-3	2.342090E-3	-1.375494E+9	-1.398032E+9	-5.451075E+6	2.253799E+7	-1.150531E+10
5.325170E+2	1.260704E-2	1.691222E+9	4.448215E-3	6.274203E+7	1.063639E-2	1.648745E+9	6.029357E-3	6.328763E+7	1.130264E-2	1.164868E+10	1.143743E-2	1.171496E+10	1.121839E-2	1.329742E+10	1.158428E-2	1.340618E+10	-8.158824E-3	-4.607034E-3	-1.581142E-3	-3.551790E-3	-7.136064E-3	-1.628480E+9	-1.585457E+9	-5.456016E+5	-4.302297E+7	-1.334344E+10
5.330280E+2	2.066073E-2	1.920151E+9	2.894848E-2	9.108993E+7	1.785014E-2	1.854261E+9	2.279145E-2	8.285896E+7	2.101320E-2	1.355977E+10	1.988412E-2	1.338717E+10	2.061322E-2	1.541403E+10	1.998163E-2	1.530732E+10	8.287751E-3	4.941306E-3	6.157035E-3	3.346445E-3	8.966850E-3	-1.829061E+9	-1.771402E+9	8.230972E+6	-5.765826E+7	-1.521623E+10
5.331580E+2	3.105225E-2	2.215532E+9	3.998930E-2	1.038647E+8	2.719605E-2	2.120522E+9	2.720453E-2	8.801165E+7	3.026917E-2	1.538140E+10	2.939163E-2	1.526940E+10	2.988056E-2	1.750192E+10	2.960013E-2	1.748493E+10	8.937047E-3	8.477353E-6	1.278477E-2	8.928570E-3	1.038917E-2	-2.111668E+9	-2.032510E+9	1.585300E+7	-7.915730E+7	-1.738107E+10
5.333130E+2	3.816085E-2	2.417596E+9	4.886774E-2	1.141374E+8	3.808240E-2	2.430669E+9	3.446845E-2	9.649296E+7	3.932169E-2	1.716298E+10	3.918944E-2	1.720909E+10	3.916497E-2	1.959365E+10	3.906029E-2	1.962669E+10	1.070690E-2	-3.613952E-3	1.439929E-2	1.432085E-2	9.807450E-3	-2.303458E+9	-2.334176E+9	1.764444E+7	3.071763E+7	-1.951255E+10
5.334630E+2	4.876046E-2	2.718893E+9	4.652347E-2	1.114250E+8	5.039255E-2	2.781379E+9	4.584690E-2	1.097784E+8	5.039297E-2	1.934187E+10	4.975881E-2	1.930154E+10	5.039292E-2	2.212325E+10	4.963346E-2	2.202043E+10	-2.236988E-3	-4.545650E-3	6.765737E-4	2.308662E-3	-3.109992E-3	-2.607468E+9	-2.671601E+9	1.646597E+6	6.413346E+7	-2.190900E+10
5.336130E+2	6.991527E-2	3.320224E+9	8.130750E-2	1.516716E+8	7.001306E-2	3.340359E+9	6.310170E-2	1.299250E+8	7.355736E-2	2.390075E+10	7.310857E-2	2.392414E+10	7.310917E-2	2.724111E+10	7.270764E-2	2.724437E+10	1.139223E-2	-6.911360E-3	1.820580E-2	1.830359E-2	8.599861E-3	-3.168552E+9	-3.210434E+9	2.174665E+7	4.188176E+7	-2.709270E+10
5.337580E+2	1.033524E-1	4.270681E+9	1.143902E-1	1.899499E+8	1.029336E-1	4.278249E+9	1.001141E-1	1.731405E+8	1.065622E-1	3.039628E+10	1.031693E-1	2.987534E+10	1.061033E-1	3.467453E+10	1.031923E-1	3.414602E+10	1.103787E-2	-2.819478E-3	1.427612E-2	1.385735E-2	1.119794E-2	-4.080732E+9	-4.105109E+9	1.680935E+7	2.437737E+7	-3.395607E+10
5.339090E+2	1.471673E-1	5.516133E+9	1.458951E-1	2.264024E+8	1.468304E-1	5.528849E+9	1.518942E-1	2.335987E+8	1.523712E-1	3.941175E+10	1.491198E-1	3.897226E+10	1.516705E-1	4.494060E+10	1.488747E-1	4.448840E+10	-1.272253E-3	5.063821E-3	-5.999135E-3	-6.336075E-3	-2.979571E-3	-5.289731E+9	-5.295250E+9	-7.196307E+6	5.519491E+6	-4.426200E+10
5.340800E+2	2.493370E-1	8.420331E+9	2.569029E-1	3.548433E+8	2.531109E-1	8.556730E+9	2.600568E-1	3.598887E+8	2.596114E-1	6.051723E+10	2.562912E-1	6.018925E+10	2.587894E-1	6.907396E+10	2.554181E-1	6.860958E+10	7.565867E-3	6.945915E-3	-3.153914E-3	6.199519E-4	1.484774E-3	-8.065488E+9	-8.196841E+9	-5.045387E+6	1.313529E+8	-6.825473E+10
5.342040E+2	4.312001E-1	1.358984E+10	4.510603E-1	5.794921E+8	4.304786E-1	1.360985E+10	4.365402E-1	5.659498E+8	4.480839E-1	9.760967E+10	4.378060E-1	9.612417E+10	4.458577E-1	1.112195E+11	4.369766E-1	1.097140E+11	1.986019E-2	6.061605E-3	1.452008E-2	1.379859E-2	1.408365E-2	-1.301034E+10	-1.304390E+10	1.354229E+7	3.356026E+7	-1.091345E+11
5.343650E+2	7.521758E-1	2.271365E+10	7.616786E-1	9.388913E+8	7.436283E-1	2.253134E+10	7.492091E-1	9.310204E+8	7.647334E-1	1.599280E+11	7.499278E-1	1.579156E+11	7.620645E-1	1.824594E+11	7.502100E-1	1.806293E+11	9.502728E-3	5.580876E-3	1.246945E-2	3.921853E-3	1.146855E-2	-2.177476E+10	-2.160032E+10	7.870925E+6	-1.744408E+8	-1.796904E+11
5.345160E+2	1.206789E+0	3.563615E+10	1.182971E+0	1.426346E+9	1.210301E+0	3.582663E+10	1.213833E+0	1.473512E+9	1.218389E+0	2.492100E+11	1.205716E+0	2.481492E+11	1.217366E+0	2.850367E+11	1.205851E+0	2.837853E+11	-2.381773E-2	3.531747E-3	-3.086144E-2	-2.734948E-2	-2.287973E-2	-3.420980E+10	-3.435312E+10	-4.716667E+7	1.433155E+8	-2.823590E+11
5.346620E+2	1.604920E+0	4.695313E+10	1.552423E+0	1.853818E+9	1.598051E+0	4.687344E+10	1.588031E+0	1.910424E+9	1.590760E+0	3.224946E+11	1.578074E+0	3.218656E+11	1.591682E+0	3.693681E+11	1.581444E+0	3.688188E+11	-5.249703E-2	-1.001984E-2	-3.560787E-2	-4.247719E-2	-2.902118E-2	-4.509931E+10	-4.496302E+10	-5.660634E+7	-1.362901E+8	-3.669649E+11
5.348120E+2	1.826493E+0	5.325138E+10	1.780825E+0	2.118089E+9	1.815410E+0	5.306591E+10	1.820531E+0	2.181890E+9	1.808658E+0	3.653783E+11	1.801366E+0	3.660713E+11	1.809512E+0	4.184442E+11	1.804520E+0	4.193226E+11	-4.566795E-2	5.120868E-3	-3.970619E-2	-5.078882E-2	-2.369563E-2	-5.113329E+10	-5.088402E+10	-6.380118E+7	-2.492773E+8	-4.172046E+11
5.349630E+2	1.976296E+0	5.750959E+10	1.945755E+0	2.308920E+9	1.982778E+0	5.783415E+10	1.921995E+0	2.300359E+9	1.945336E+0	3.922772E+11	1.951373E+0	3.957686E+11	1.950071E+0	4.501113E+11	1.954502E+0	4.532781E+11	-3.054162E-2	-6.078317E-2	2.375953E-2	3.024155E-2	-8.747301E-3	-5.520067E+10	-5.553379E+10	8.561026E+6	3.331231E+8	-4.509692E+11
5.351140E+2	1.952798E+0	5.684164E+10	1.902431E+0	2.258792E+9	1.962530E+0	5.725729E+10	1.896752E+0	2.270886E+9	1.924012E+0	3.880805E+11	1.927636E+0	3.910694E+11	1.928883E+0	4.453378E+11	1.930796E+0	4.479110E+11	-5.036744E-2	-6.577765E-2	5.678126E-3	1.541021E-2	-2.836499E-2	-5.458285E+10	-5.498640E+10	-1.209364E+7	4.035507E+8	-4.456523E+11
5.352600E+2	1.764347E+0	5.148487E+10	1.674926E+0	1.995559E+9	1.752924E+0	5.128571E+10	1.765276E+0	2.117374E+9	1.735151E+0	3.509117E+11	1.741535E+0	3.542265E+11	1.737399E+0	4.021974E+11	1.744399E+0	4.057113E+11	-8.942084E-2	1.235162E-2	-9.034952E-2	-1.017725E-1	-6.947301E-2	-4.948931E+10	-4.916833E+10	-1.218148E+8	-3.209808E+8	-4.037158E+11
5.354170E+2	1.561331E+0	4.571409E+10	1.483969E+0	1.774613E+9	1.556296E+0	4.568385E+10	1.533506E+0	1.846762E+9	1.539133E+0	3.123342E+11	1.540671E+0	3.144610E+11	1.541303E+0	3.580180E+11	1.543265E+0	3.601751E+11	-7.736206E-2	-2.278904E-2	-4.953763E-2	-5.457302E-2	-5.929645E-2	-4.393948E+10	-4.383709E+10	-7.214845E+7	-1.023863E+8	-3.584005E+11
5.355630E+2	1.329755E+0	3.913149E+10	1.282271E+0	1.541240E+9	1.316672E+0	3.885710E+10	1.309996E+0	1.585792E+9	1.302366E+0	2.657371E+11	1.304744E+0	2.677540E+11	1.304175E+0	3.045942E+11	1.307884E+0	3.068855E+11	-4.748374E-2	-6.676858E-3	-2.772426E-2	-4.080688E-2	-2.561310E-2	-3.759025E+10	-3.727131E+10	-4.455135E+7	-3.189367E+8	-3.053442E+11
5.357090E+2	1.090739E+0	3.233738E+10	1.080083E+0	1.307299E+9	1.081800E+0	3.216571E+10	1.094552E+0	1.334241E+9	1.083673E+0	2.226971E+11	1.087259E+0	2.246978E+11	1.083436E+0	2.548628E+11	1.087695E+0	2.570352E+11	-1.065595E-2	1.275215E-2	-1.446987E-2	-2.340809E-2	-7.612919E-3	-3.103008E+10	-3.083146E+10	-2.694247E+7	-1.986202E+8	-2.557279E+11
5.358650E+2	8.954656E-1	2.678670E+10	8.809165E-1	1.076855E+9	8.993648E-1	2.696820E+10	8.562125E-1	1.055957E+9	8.986322E-1	1.862801E+11	9.011118E-1	1.878459E+11	8.987248E-1	2.132483E+11	9.004029E-1	2.146326E+11	-1.454910E-2	-4.315230E-2	2.470405E-2	2.860321E-2	-1.948632E-2	-2.570985E+10	-2.591225E+10	2.089801E+7	2.023991E+8	-2.135557E+11
5.360070E+2	7.774559E-1	2.343224E+10	7.590337E-1	9.358311E+8	7.742094E-1	2.340259E+10	8.147528E-1	1.007549E+9	7.766942E-1	1.622820E+11	7.785733E-1	1.635867E+11	7.763800E-1	1.856846E+11	7.784330E-1	1.870189E+11	-1.842212E-2	4.054333E-2	-5.571903E-2	-5.896545E-2	-1.939924E-2	-2.249641E+10	-2.239504E+10	-7.171767E+7	-1.013763E+8	-1.860831E+11
5.362630E+2	6.008315E-1	1.841165E+10	6.245684E-1	7.802487E+8	5.920132E-1	1.821190E+10	5.949186E-1	7.508716E+8	6.028654E-1	1.280715E+11	6.030116E-1	1.288303E+11	6.014931E-1	1.462834E+11	6.027379E-1	1.472420E+11	2.373692E-2	2.905443E-3	2.964981E-2	2.083148E-2	2.183053E-2	-1.763140E+10	-1.746103E+10	2.937715E+7	-1.703762E+8	-1.464617E+11
5.365140E+2	5.287766E-1	1.636347E+10	5.285070E-1	6.691015E+8	5.250317E-1	1.630363E+10	5.278614E-1	6.725759E+8	5.327649E-1	1.142754E+11	5.290078E-1	1.141796E+11	5.317870E-1	1.305790E+11	5.289788E-1	1.305431E+11	-2.695198E-4	2.829645E-3	6.456587E-4	-3.099164E-3	-4.717210E-4	-1.569437E+10	-1.563105E+10	-3.474480E+6	-6.331771E+7	-1.298740E+11
5.367710E+2	5.033720E-1	1.564134E+10	5.199686E-1	6.592221E+8	5.088422E-1	1.584240E+10	4.799987E-1	6.166918E+8	5.116029E-1	1.101106E+11	5.109371E-1	1.106021E+11	5.112538E-1	1.259529E+11	5.099872E-1	1.262434E+11	1.659660E-2	-2.884351E-2	3.996987E-2	4.544010E-2	9.981377E-3	-1.498212E+10	-1.522571E+10	4.253034E+7	2.435867E+8	-1.255842E+11
5.370280E+2	5.420124E-1	1.673970E+10	5.289892E-1	6.696593E+8	5.321036E-1	1.650510E+10	5.236587E-1	6.676689E+8	5.490035E-1	1.174712E+11	5.447597E-1	1.172980E+11	5.468664E-1	1.339763E+11	5.444148E-1	1.340377E+11	-1.302323E-2	-8.444895E-3	5.330470E-3	-4.578335E-3	-1.542560E-2	-1.607004E+10	-1.583743E+10	1.990394E+6	-2.326110E+8	-1.333681E+11
5.372590E+2	6.250214E-1	1.909926E+10	6.269362E-1	7.829884E+8	6.251072E-1	1.915473E+10	6.074947E-1	7.655554E+8	6.328911E-1	1.339808E+11	6.295592E-1	1.340860E+11	6.319068E-1	1.531355E+11	6.289894E-1	1.531852E+11	1.914863E-3	-1.761247E-2	1.944151E-2	1.952733E-2	-2.053190E-3	-1.831627E+10	-1.838918E+10	1.743302E+7	7.290968E+7	-1.524023E+11
5.375110E+2	7.094919E-1	2.150035E+10	7.151918E-1	8.851041E+8	7.107873E-1	2.159572E+10	7.059913E-1	8.805594E+8	7.169402E-1	1.505221E+11	7.145155E-1	1.509050E+11	7.161621E-1	1.721178E+11	7.138848E-1	1.724053E+11	5.699904E-3	-4.795978E-3	9.200544E-3	1.049588E-2	1.307055E-3	-2.061525E+10	-2.071516E+10	4.544613E+6	9.990969E+7	-1.715202E+11
5.377580E+2	8.212157E-1	2.467613E+10	8.180380E-1	1.004102E+9	8.335985E-1	2.509455E+10	8.220998E-1	1.016127E+9	8.302549E-1	1.728231E+11	8.295704E-1	1.736827E+11	8.306777E-1	1.979176E+11	8.285214E-1	1.983588E+11	-3.177700E-3	-1.149872E-2	-4.061788E-3	8.321025E-3	-1.048343E-2	-2.367203E+10	-2.407842E+10	-1.202545E+7	4.063982E+8	-1.973547E+11
5.380160E+2	9.337811E-1	2.787583E+10	9.511806E-1	1.158154E+9	9.297801E-1	2.783472E+10	9.302711E-1	1.142427E+9	9.343594E-1	1.933114E+11	9.309413E-1	1.937513E+11	9.337803E-1	2.211461E+11	9.312979E-1	2.216272E+11	1.739954E-2	4.909931E-4	2.090953E-2	1.690855E-2	1.988273E-2	-2.671767E+10	-2.669229E+10	1.572625E+7	-2.538083E+7	-2.204690E+11
5.382740E+2	1.112331E+0	3.295117E+10	1.075963E+0	1.302532E+9	1.119465E+0	3.323875E+10	1.072568E+0	1.308573E+9	1.119863E+0	2.298196E+11	1.114060E+0	2.300038E+11	1.119813E+0	2.630583E+11	1.113843E+0	2.629550E+11	-3.636889E-2	-4.689668E-2	3.394298E-3	1.052779E-2	-3.788082E-2	-3.164863E+10	-3.193018E+10	-6.040899E+6	2.815451E+8	-2.616525E+11
5.385110E+2	1.310924E+0	3.859620E+10	1.317053E+0	1.581484E+9	1.308044E+0	3.861128E+10	1.273718E+0	1.543434E+9	1.309969E+0	2.672335E+11	1.308767E+0	2.685504E+11	1.309726E+0	3.058448E+11	1.309038E+0	3.071466E+11	6.129393E-3	-3.432577E-2	4.333496E-2	4.045516E-2	8.015064E-3	-3.701471E+10	-3.706784E+10	3.805008E+7	5.312756E+7	-3.055651E+11
5.387700E+2	1.547534E+0	4.532191E+10	1.495291E+0	1.787714E+9	1.537824E+0	4.515762E+10	1.514263E+0	1.824293E+9	1.530769E+0	3.106882E+11	1.525160E+0	3.113902E+11	1.531661E+0	3.558458E+11	1.527969E+0	3.567121E+11	-5.224248E-2	-2.356138E-2	-1.897168E-2	-2.868110E-2	-3.267753E-2	-4.353419E+10	-4.333333E+10	-3.657926E+7	-2.008648E+8	-3.549244E+11
5.390290E+2	1.735492E+0	5.066467E+10	1.745502E+0	2.077219E+9	1.733343E+0	5.072785E+10	1.642351E+0	1.973848E+9	1.712783E+0	3.465094E+11	1.710039E+0	3.479912E+11	1.715382E+0	3.972373E+11	1.713235E+0	3.986559E+11	1.001020E-2	-9.099145E-2	1.031510E-1	1.010016E-1	3.226716E-2	-4.858745E+10	-4.875400E+10	1.033708E+8	1.665499E+8	-3.965787E+11
5.392780E+2	1.912849E+0	5.570609E+10	1.876483E+0	2.228770E+9	1.900980E+0	5.550374E+10	1.871648E+0	2.241574E+9	1.876501E+0	3.787302E+11	1.882137E+0	3.820617E+11	1.879597E+0	4.342339E+11	1.885993E+0	4.377678E+11	-3.636626E-2	-2.933196E-2	4.835171E-3	-7.034301E-3	-9.509755E-3	-5.347732E+10	-5.326217E+10	-1.280412E+7	-2.151461E+8	-4.355390E+11
5.395160E+2	2.046915E+0	5.951693E+10	2.009977E+0	2.383228E+9	2.037333E+0	5.938840E+10	1.976235E+0	2.363690E+9	1.999461E+0	4.029293E+11	2.001487E+0	4.056897E+11	2.004250E+0	4.623177E+11	2.007190E+0	4.652066E+11	-3.693797E-2	-6.109809E-2	3.374143E-2	2.416011E-2	2.786488E-3	-5.713371E+10	-5.702471E+10	1.953830E+7	-1.089975E+8	-4.628234E+11
5.397860E+2	2.056807E+0	5.979812E+10	1.969274E+0	2.336133E+9	2.055216E+0	5.989786E+10	1.963409E+0	2.348713E+9	2.020094E+0	4.069900E+11	2.022191E+0	4.097885E+11	2.024535E+0	4.668879E+11	2.026537E+0	4.695867E+11	-8.753333E-2	-9.180696E-2	5.864830E-3	4.273635E-3	-5.726325E-2	-5.746199E+10	-5.754914E+10	-1.258085E+7	8.715414E+7	-4.672505E+11
5.400240E+2	1.973513E+0	5.743046E+10	1.910233E+0	2.267820E+9	1.952100E+0	5.696014E+10	1.868348E+0	2.237721E+9	1.933270E+0	3.899025E+11	1.934564E+0	3.924409E+11	1.935651E+0	4.468627E+11	1.939454E+0	4.498714E+11	-6.327928E-2	-8.375211E-2	4.188561E-2	2.047283E-2	-2.922095E-2	-5.516264E+10	-5.472242E+10	3.009970E+7	-4.402273E+8	-4.476036E+11
5.402790E+2	1.842500E+0	5.370641E+10	1.726591E+0	2.055338E+9	1.858321E+0	5.428841E+10	1.808574E+0	2.167929E+9	1.817049E+0	3.670297E+11	1.821497E+0	3.700567E+11	1.822268E+0	4.213181E+11	1.824134E+0	4.237631E+11	-1.159093E-1	-4.974689E-2	-8.198270E-2	-6.616237E-2	-9.754274E-2	-5.165107E+10	-5.212048E+10	-1.125908E+8	4.694145E+8	-4.217078E+11
5.405130E+2	1.765124E+0	5.150697E+10	1.749054E+0	2.081329E+9	1.760125E+0	5.149086E+10	1.710384E+0	2.053283E+9	1.744734E+0	3.527976E+11	1.742639E+0	3.544451E+11	1.746680E+0	4.042885E+11	1.745462E+0	4.059520E+11	-1.607007E-2	-4.974066E-2	3.866996E-2	3.367059E-2	3.591871E-3	-4.942564E+10	-4.943757E+10	2.804558E+7	1.193387E+7	-4.038707E+11
5.407740E+2	1.701656E+0	4.970286E+10	1.671963E+0	1.992131E+9	1.689046E+0	4.946586E+10	1.647717E+0	1.980113E+9	1.679129E+0	3.398862E+11	1.679941E+0	3.420325E+11	1.680383E+0	3.893521E+11	1.682667E+0	3.917354E+11	-2.969234E-2	-4.132944E-2	2.424641E-2	1.163710E-2	-1.070399E-2	-4.771072E+10	-4.748575E+10	1.201804E+7	-2.249771E+8	-3.897433E+11
5.410290E+2	1.638647E+0	4.791182E+10	1.613923E+0	1.924976E+9	1.638797E+0	4.803429E+10	1.568816E+0	1.887989E+9	1.624086E+0	3.290534E+11	1.625456E+0	3.312461E+11	1.625946E+0	3.770877E+11	1.627112E+0	3.791579E+11	-2.472395E-2	-6.998164E-2	4.510735E-2	4.525769E-2	-1.318930E-2	-4.598684E+10	-4.614630E+10	3.698749E+7	1.594585E+8	-3.772329E+11
5.412850E+2	1.528655E+0	4.478527E+10	1.488204E+0	1.779514E+9	1.530769E+0	4.495661E+10	1.519330E+0	1.830209E+9	1.517400E+0	3.080570E+11	1.518705E+0	3.101123E+11	1.519090E+0	3.530136E+11	1.519954E+0	3.548975E+11	-4.045077E-2	-1.143888E-2	-3.112573E-2	-2.901189E-2	-3.174980E-2	-4.300576E+10	-4.312640E+10	-5.069550E+7	1.206444E+8	-3.531180E+11
5.415140E+2	1.352260E+0	3.977120E+10	1.367773E+0	1.640169E+9	1.358459E+0	4.004758E+10	1.302797E+0	1.577387E+9	1.353207E+0	2.757430E+11	1.354553E+0	2.776147E+11	1.353872E+0	3.157906E+11	1.354265E+0	3.173859E+11	1.551284E-2	-5.566145E-2	6.497539E-2	7.117429E-2	1.350787E-2	-3.813103E+10	-3.847019E+10	6.278222E+7	3.391649E+8	-3.157457E+11
5.417760E+2	1.172723E+0	3.466783E+10	1.159293E+0	1.398948E+9	1.166074E+0	3.456664E+10	1.124640E+0	1.369371E+9	1.164573E+0	2.386187E+11	1.162098E+0	2.395140E+11	1.164763E+0	2.731854E+11	1.163432E+0	2.741818E+11	-1.343096E-2	-4.143480E-2	3.465288E-2	2.800384E-2	-4.139638E-3	-3.326888E+10	-3.319727E+10	2.957731E+7	-7.161248E+7	-2.727829E+11
5.420320E+2	1.026150E+0	3.050144E+10	1.029911E+0	1.249248E+9	1.021924E+0	3.045986E+10	1.013126E+0	1.239168E+9	1.028158E+0	2.117715E+11	1.025882E+0	2.125470E+11	1.027370E+0	2.422314E+11	1.025916E+0	2.430485E+11	3.760801E-3	-8.798380E-3	1.678495E-2	1.255918E-2	3.994846E-3	-2.925219E+10	-2.922070E+10	1.007981E+7	-3.149411E+7	-2.417992E+11
5.422780E+2	9.410902E-1	2.808359E+10	9.123045E-1	1.113172E+9	9.439440E-1	2.823824E+10	9.429083E-1	1.157183E+9	9.432232E-1	1.950558E+11	9.473971E-1	1.970091E+11	9.433143E-1	2.232941E+11	9.466052E-1	2.250927E+11	-2.878568E-2	-1.035695E-3	-3.060379E-2	-2.774998E-2	-3.430070E-2	-2.697042E+10	-2.708106E+10	-4.401027E+7	1.106420E+8	-2.239795E+11
5.425400E+2	9.241524E-1	2.760213E+10	9.434578E-1	1.149218E+9	9.364909E-1	2.802591E+10	9.250383E-1	1.136318E+9	9.380933E-1	1.940462E+11	9.354087E-1	1.946357E+11	9.378907E-1	2.220722E+11	9.339954E-1	2.222379E+11	1.930541E-2	-1.145257E-2	1.841944E-2	3.075798E-2	9.462385E-3	-2.645291E+10	-2.688959E+10	1.290031E+7	4.366795E+8	-2.210886E+11
5.427650E+2	9.828149E-1	2.926963E+10	1.016413E+0	1.233631E+9	9.895102E-1	2.953640E+10	9.904134E-1	1.212649E+9	9.870654E-1	2.036842E+11	9.916487E-1	2.057697E+11	9.873746E-1	2.332206E+11	9.905396E-1	2.350393E+11	3.359835E-2	9.032257E-4	2.599988E-2	3.269512E-2	2.587368E-2	-2.803600E+10	-2.832375E+10	2.098151E+7	2.877565E+8	-2.338057E+11
5.430170E+2	1.118816E+0	3.313550E+10	1.074026E+0	1.300292E+9	1.107046E+0	3.288493E+10	1.078375E+0	1.315353E+9	1.110672E+0	2.280108E+11	1.108905E+0	2.289833E+11	1.110214E+0	2.608957E+11	1.110150E+0	2.621188E+11	-4.478964E-2	-2.867054E-2	-4.348533E-3	-1.611910E-2	-3.612316E-2	-3.183520E+10	-3.156958E+10	-1.506096E+7	-2.656260E+8	-2.608185E+11
5.432800E+2	1.273108E+0	3.752127E+10	1.241138E+0	1.493647E+9	1.260713E+0	3.726286E+10	1.218649E+0	1.479135E+9	1.263024E+0	2.579943E+11	1.257292E+0	2.583597E+11	1.262731E+0	2.952572E+11	1.259278E+0	2.958810E+11	-3.196983E-2	-4.206489E-2	2.248918E-2	1.009506E-2	-1.814001E-2	-3.602762E+10	-3.578372E+10	1.451157E+7	-2.439003E+8	-2.943874E+11
5.435540E+2	1.419991E+0	4.169648E+10	1.355605E+0	1.626091E+9	1.414081E+0	4.163224E+10	1.412911E+0	1.705955E+9	1.408554E+0	2.866355E+11	1.405193E+0	2.876400E+11	1.409253E+0	3.282677E+11	1.407051E+0	3.293364E+11	-6.438590E-2	-1.170259E-3	-5.730577E-2	-6.321564E-2	-5.144522E-2	-4.007039E+10	-3.992628E+10	-7.986424E+7	-1.441009E+8	-3.277103E+11
5.437640E+2	1.510969E+0	4.428253E+10	1.495040E+0	1.787423E+9	1.505426E+0	4.423459E+10	1.472477E+0	1.775504E+9	1.500478E+0	3.047268E+11	1.499988E+0	3.064068E+11	1.501104E+0	3.489614E+11	1.501367E+0	3.506893E+11	-1.592858E-2	-3.294840E-2	2.256285E-2	1.701983E-2	-6.326569E-3	-4.249511E+10	-4.245909E+10	1.191888E+7	-3.601851E+7	-3.489019E+11
5.440170E+2	1.586158E+0	4.641981E+10	1.573042E+0	1.877675E+9	1.581795E+0	4.641033E+10	1.566535E+0	1.885325E+9	1.570149E+0	3.184383E+11	1.569357E+0	3.201401E+11	1.571621E+0	3.648486E+11	1.571467E+0	3.665599E+11	-1.311563E-2	-1.526055E-2	6.507698E-3	2.144923E-3	1.575589E-3	-4.454213E+10	-4.452500E+10	-7.649959E+6	-1.712946E+7	-3.646822E+11
5.442700E+2	1.585014E+0	4.638729E+10	1.495154E+0	1.787555E+9	1.588858E+0	4.661155E+10	1.558641E+0	1.876109E+9	1.561880E+0	3.168109E+11	1.570214E+0	3.203096E+11	1.565291E+0	3.634225E+11	1.572072E+0	3.666969E+11	-8.986055E-2	-3.021705E-2	-6.348749E-2	-5.964350E-2	-7.691835E-2	-4.459974E+10	-4.473544E+10	-8.855423E+7	1.356996E+8	-3.649093E+11
5.445240E+2	1.518963E+0	4.450978E+10	1.467950E+0	1.756079E+9	1.515740E+0	4.452844E+10	1.497946E+0	1.805242E+9	1.505257E+0	3.056673E+11	1.507243E+0	3.078432E+11	1.506583E+0	3.501957E+11	1.508715E+0	3.523530E+11	-5.101304E-2	-1.779355E-2	-2.999606E-2	-3.321950E-2	-4.076443E-2	-4.275370E+10	-4.272320E+10	-4.916282E+7	-3.050245E+7	-3.505969E+11
5.447660E+2	1.439492E+0	4.225079E+10	1.428241E+0	1.710133E+9	1.418453E+0	4.175680E+10	1.386935E+0	1.675626E+9	1.428318E+0	2.905252E+11	1.425981E+0	2.917554E+11	1.427071E+0	3.322820E+11	1.427677E+0	3.340062E+11	-1.125122E-2	-3.151842E-2	4.130563E-2	2.026720E-2	5.636972E-4	-4.054065E+10	-4.008117E+10	3.450760E+7	-4.594814E+8	-3.322961E+11
5.450200E+2	1.350496E+0	3.972104E+10	1.337251E+0	1.604854E+9	1.344414E+0	3.964746E+10	1.295291E+0	1.568623E+9	1.346836E+0	2.744891E+11	1.342740E+0	2.752760E+11	1.346530E+0	3.141365E+11	1.343713E+0	3.149970E+11	-1.324503E-2	-4.912328E-2	4.195956E-2	3.587825E-2	-6.462763E-3	-3.811619E+10	-3.807883E+10	3.623108E+7	-3.735725E+7	-3.133922E+11
5.452800E+2	1.293867E+0	3.811137E+10	1.290945E+0	1.551276E+9	1.285585E+0	3.797145E+10	1.306878E+0	1.582151E+9	1.283530E+0	2.620302E+11	1.282505E+0	2.633511E+11	1.283790E+0	3.000016E+11	1.283931E+0	3.014625E+11	-2.922326E-3	2.129249E-2	-1.593300E-2	-2.421482E-2	7.013674E-3	-3.656009E+10	-3.638930E+10	-3.087544E+7	-1.707953E+8	-2.999112E+11
5.455390E+2	1.233257E+0	3.638850E+10	1.275177E+0	1.533032E+9	1.233534E+0	3.648852E+10	1.177371E+0	1.430940E+9	1.230771E+0	2.516469E+11	1.232173E+0	2.533870E+11	1.231120E+0	2.881354E+11	1.232309E+0	2.897755E+11	4.192057E-2	-5.616270E-2	9.780650E-2	9.808327E-2	4.286799E-2	-3.485547E+10	-3.505758E+10	1.020925E+8	2.021070E+8	-2.882424E+11
5.457780E+2	1.195771E+0	3.532296E+10	1.180698E+0	1.423715E+9	1.193409E+0	3.534538E+10	1.150930E+0	1.400068E+9	1.190365E+0	2.436947E+11	1.187589E+0	2.445606E+11	1.190750E+0	2.790401E+11	1.188617E+0	2.798835E+11	-1.507327E-2	-4.247879E-2	2.976788E-2	2.740552E-2	-7.918715E-3	-3.389925E+10	-3.394531E+10	2.364778E+7	4.606502E+7	-2.784598E+11
5.460060E+2	1.140254E+0	3.374486E+10	1.165859E+0	1.406546E+9	1.148107E+0	3.405475E+10	1.154198E+0	1.403883E+9	1.145236E+0	2.348130E+11	1.147277E+0	2.365799E+11	1.145599E+0	2.688678E+11	1.146396E+0	2.703248E+11	2.560515E-2	6.090918E-3	1.166086E-2	1.951423E-2	1.946319E-2	-3.233832E+10	-3.265087E+10	2.662682E+6	3.125524E+8	-2.689182E+11
5.467600E+2	1.204468E+0	3.557016E+10	1.171280E+0	1.412818E+9	1.207220E+0	3.573887E+10	1.165567E+0	1.417158E+9	1.206104E+0	2.467923E+11	1.202005E+0	2.474145E+11	1.206245E+0	2.825311E+11	1.202314E+0	2.829847E+11	-3.318789E-2	-4.165344E-2	5.712778E-3	8.465545E-3	-3.103471E-2	-3.415734E+10	-3.432171E+10	-4.339463E+6	1.643643E+8	-2.815718E+11
5.475120E+2	1.324189E+0	3.897327E+10	1.356106E+0	1.626670E+9	1.314706E+0	3.880107E+10	1.316787E+0	1.593721E+9	1.316175E+0	2.684548E+11	1.310379E+0	2.688695E+11	1.315989E+0	3.072559E+11	1.312113E+0	3.078428E+11	3.191681E-2	2.081094E-3	3.931892E-2	2.983572E-2	4.399261E-2	-3.734660E+10	-3.720735E+10	3.294895E+7	-1.392486E+8	-3.062161E+11
5.482600E+2	1.441577E+0	4.231005E+10	1.410356E+0	1.689440E+9	1.424731E+0	4.193564E+10	1.415156E+0	1.708577E+9	1.419839E+0	2.888565E+11	1.414250E+0	2.894331E+11	1.420458E+0	3.307921E+11	1.417681E+0	3.317431E+11	-3.122117E-2	-9.574724E-3	-4.800508E-3	-2.164645E-2	-7.325330E-3	-4.062061E+10	-4.022706E+10	-1.913700E+7	-3.935497E+8	-3.300537E+11
5.490430E+2	1.414260E+0	4.153356E+10	1.349547E+0	1.619081E+9	1.411174E+0	4.154941E+10	1.405773E+0	1.697621E+9	1.403250E+0	2.855917E+11	1.403158E+0	2.872372E+11	1.404252E+0	3.271411E+11	1.404552E+0	3.287708E+11	-6.471300E-2	-5.401411E-3	-5.622602E-2	-5.931159E-2	-5.500526E-2	-3.991448E+10	-3.985179E+10	-7.853962E+7	-6.268167E+7	-3.271517E+11
5.498070E+2	1.355822E+0	3.987246E+10	1.324484E+0	1.590082E+9	1.359757E+0	4.008456E+10	1.331999E+0	1.611482E+9	1.353691E+0	2.758383E+11	1.353923E+0	2.774900E+11	1.354458E+0	3.159228E+11	1.354162E+0	3.173625E+11	-3.133846E-2	-2.775819E-2	-7.514618E-3	-3.580267E-3	-2.967763E-2	-3.828238E+10	-3.847307E+10	-2.140002E+7	1.906956E+8	-3.157724E+11
5.505060E+2	1.283788E+0	3.782486E+10	1.292934E+0	1.553577E+9	1.300184E+0	3.838735E+10	1.270094E+0	1.539203E+9	1.286237E+0	2.625629E+11	1.284733E+0	2.637924E+11	1.288001E+0	3.009503E+11	1.284615E+0	3.016172E+11	9.145686E-3	-3.008977E-2	2.283952E-2	3.923546E-2	8.318988E-3	-3.627128E+10	-3.684815E+10	1.437417E+7	5.768642E+8	-3.000636E+11
5.512510E+2	1.297224E+0	3.820678E+10	1.300232E+0	1.562022E+9	1.293129E+0	3.818637E+10	1.287739E+0	1.559805E+9	1.283857E+0	2.620945E+11	1.282354E+0	2.633214E+11	1.285030E+0	3.002809E+11	1.284221E+0	3.015282E+11	3.008270E-3	-5.390048E-3	1.249282E-2	8.398318E-3	1.601089E-2	-3.664476E+10	-3.662657E+10	2.216418E+6	-1.819293E+7	-2.999661E+11
5.520210E+2	1.256328E+0	3.704432E+10	1.256816E+0	1.511788E+9	1.257999E+0	3.718553E+10	1.249002E+0	1.514576E+9	1.258188E+0	2.570426E+11	1.255029E+0	2.579118E+11	1.258164E+0	2.942281E+11	1.255193E+0	2.949561E+11	4.880738E-4	-8.997042E-3	7.814462E-3	9.485116E-3	1.623932E-3	-3.553253E+10	-3.567095E+10	-2.787970E+6	1.384205E+8	-2.934444E+11
5.527650E+2	1.253528E+0	3.696472E+10	1.241522E+0	1.494091E+9	1.246695E+0	3.686348E+10	1.226720E+0	1.488560E+9	1.247370E+0	2.549137E+11	1.243297E+0	2.555891E+11	1.247285E+0	2.917772E+11	1.244581E+0	2.925538E+11	-1.200616E-2	-1.997502E-2	1.480163E-2	7.968859E-3	-3.059581E-3	-3.547062E+10	-3.537493E+10	5.531576E+6	-9.569870E+7	-2.910597E+11
5.535100E+2	1.212872E+0	3.580904E+10	1.210272E+0	1.457933E+9	1.202236E+0	3.559686E+10	1.189506E+0	1.445108E+9	1.195016E+0	2.446101E+11	1.194190E+0	2.458672E+11	1.195929E+0	2.802070E+11	1.196535E+0	2.816763E+11	-2.599925E-3	-1.273032E-2	2.076585E-2	1.013039E-2	1.373639E-2	-3.435111E+10	-3.415176E+10	1.282506E+7	-1.993553E+8	-2.802183E+11
5.542580E+2	1.114152E+0	3.300292E+10	1.120552E+0	1.354123E+9	1.106671E+0	3.287426E+10	1.083071E+0	1.320836E+9	1.107106E+0	2.273089E+11	1.106187E+0	2.284452E+11	1.107051E+0	2.601832E+11	1.107187E+0	2.614481E+11	6.399683E-3	-2.359946E-2	3.748018E-2	2.999915E-2	1.336446E-2	-3.164879E+10	-3.155342E+10	3.328718E+7	-9.537089E+7	-2.600939E+11
5.550140E+2	1.003951E+0	2.987044E+10	1.001987E+0	1.216938E+9	9.981280E-1	2.978192E+10	9.892883E-1	1.211336E+9	1.004793E+0	2.071731E+11	1.001642E+0	2.077481E+11	1.003950E+0	2.369551E+11	1.001932E+0	2.376185E+11	-1.964896E-3	-8.839703E-3	1.269823E-2	6.874806E-3	5.463139E-5	-2.865350E+10	-2.857059E+10	5.602781E+6	-8.291452E+7	-2.364016E+11
5.557600E+2	9.624558E-1	2.869091E+10	9.422999E-1	1.147878E+9	9.526015E-1	2.848489E+10	9.611816E-1	1.178518E+9	9.598176E-1	1.983217E+11	9.545552E-1	1.984262E+11	9.589051E-1	2.268066E+11	9.555472E-1	2.271171E+11	-2.015586E-2	8.580085E-3	-1.888162E-2	-2.873595E-2	-1.324724E-2	-2.754304E+10	-2.730637E+10	-3.063999E+7	-2.366631E+8	-2.259693E+11
5.560190E+2	9.522136E-1	2.839978E+10	9.867817E-1	1.199346E+9	9.491308E-1	2.838601E+10	9.726647E-1	1.191926E+9	9.569810E-1	1.977635E+11	9.561150E-1	1.987350E+11	9.559883E-1	2.261495E+11	9.556252E-1	2.271348E+11	3.456807E-2	2.353386E-2	1.411697E-2	1.103421E-2	3.115647E-2	-2.720043E+10	-2.719409E+10	7.419701E+6	-6.342812E+6	-2.259355E+11
5.565140E+2	9.716528E-1	2.895234E+10	9.840573E-1	1.196193E+9	9.629245E-1	2.877899E+10	9.723905E-1	1.191606E+9	9.706341E-1	2.004505E+11	9.679219E-1	2.010725E+11	9.696592E-1	2.292294E+11	9.683903E-1	2.300248E+11	1.240456E-2	9.466026E-3	1.166677E-2	2.938538E-3	1.566701E-2	-2.775615E+10	-2.758738E+10	4.587601E+6	-1.687623E+8	-2.288286E+11
5.570100E+2	9.882673E-1	2.942461E+10	9.842254E-1	1.196388E+9	9.975636E-1	2.976584E+10	9.587603E-1	1.175691E+9	9.873840E-1	2.037469E+11	9.941443E-1	2.062638E+11	9.886713E-1	2.335128E+11	9.934064E-1	2.356884E+11	-4.041916E-3	-3.880331E-2	2.546507E-2	3.476140E-2	-9.181071E-3	-2.822822E+10	-2.859015E+10	2.069665E+7	3.619259E+8	-2.344920E+11
5.575470E+2	9.959595E-1	2.964326E+10	9.666492E-1	1.176051E+9	1.016162E+0	3.029570E+10	9.962999E-1	1.219522E+9	1.002112E+0	2.066455E+11	1.004522E+0	2.083182E+11	1.003889E+0	2.369412E+11	1.003447E+0	2.379615E+11	-2.931028E-2	-1.986198E-2	-2.965076E-2	-9.448299E-3	-3.679767E-2	-2.846721E+10	-2.907618E+10	-4.347087E+7	6.089636E+8	-2.367855E+11
5.580060E+2	1.003326E+0	2.985266E+10	1.014364E+0	1.231260E+9	1.008504E+0	3.007753E+10	1.027493E+0	1.255943E+9	1.003877E+0	2.069928E+11	1.003376E+0	2.080915E+11	1.004462E+0	2.370703E+11	1.003370E+0	2.379441E+11	1.103800E-2	1.898889E-2	-1.312896E-2	-7.950885E-3	1.099383E-2	-2.862140E+10	-2.882159E+10	-2.468350E+7	2.001868E+8	-2.367129E+11
5.585160E+2	1.000163E+0	2.976274E+10	1.009420E+0	1.225539E+9	1.001608E+0	2.988108E+10	1.056882E+0	1.290258E+9	1.003760E+0	2.069698E+11	1.003901E+0	2.081954E+11	1.003488E+0	2.368509E+11	1.003432E+0	2.379581E+11	9.257409E-3	5.527393E-2	-4.746240E-2	-4.601652E-2	5.988046E-3	-2.853720E+10	-2.859082E+10	-6.471888E+7	5.361949E+7	-2.367326E+11
5.590100E+2	1.017483E+0	3.025508E+10	1.027769E+0	1.246769E+9	1.003189E+0	2.992611E+10	9.967765E-1	1.220079E+9	1.010579E+0	2.083119E+11	1.008632E+0	2.091319E+11	1.009645E+0	2.382380E+11	1.009743E+0	2.393869E+11	1.028544E-2	-6.412550E-3	3.099219E-2	1.669799E-2	1.802568E-2	-2.900831E+10	-2.870603E+10	2.669070E+7	-3.022852E+8	-2.381402E+11
5.595340E+2	1.026800E+0	3.051993E+10	1.035253E+0	1.255430E+9	1.030269E+0	3.069761E+10	1.025524E+0	1.253644E+9	1.024237E+0	2.109998E+11	1.025563E+0	2.124837E+11	1.025000E+0	2.416975E+11	1.025718E+0	2.430036E+11	8.452964E-3	-4.745069E-3	9.729160E-3	1.319803E-2	9.535444E-3	-2.926450E+10	-2.944397E+10	1.785137E+6	1.794699E+8	-2.417482E+11
5.600180E+2	1.019714E+0	3.031851E+10	9.840903E-1	1.196232E+9	1.014809E+0	3.025716E+10	9.958868E-1	1.219040E+9	1.021157E+0	2.103937E+11	1.019737E+0	2.113305E+11	1.020354E+0	2.406508E+11	1.019735E+0	2.416490E+11	-3.562419E-2	-1.892249E-2	-1.179652E-2	-1.670169E-2	-3.564426E-2	-2.912227E+10	-2.903812E+10	-2.280835E+7	-8.415189E+7	-2.404528E+11
5.605150E+2	1.010913E+0	3.006834E+10	1.019584E+0	1.237300E+9	1.013740E+0	3.022669E+10	1.004246E+0	1.228800E+9	1.010108E+0	2.082192E+11	1.011612E+0	2.097219E+11	1.010567E+0	2.384459E+11	1.011524E+0	2.397902E+11	8.670724E-3	-9.493819E-3	1.533845E-2	1.816454E-2	8.060035E-3	-2.883104E+10	-2.899789E+10	8.499827E+6	1.668509E+8	-2.385529E+11
5.610010E+2	1.013507E+0	3.014205E+10	9.878060E-1	1.200531E+9	1.002099E+0	2.989507E+10	9.930760E-1	1.215758E+9	1.009170E+0	2.080346E+11	1.004476E+0	2.083091E+11	1.008276E+0	2.379296E+11	1.005610E+0	2.384511E+11	-2.570078E-2	-9.023472E-3	-5.269965E-3	-1.667731E-2	-1.780351E-2	-2.894152E+10	-2.867931E+10	-1.522719E+7	-2.622135E+8	-2.372506E+11
