Photon Energy (eV)	X ref norm	X ref	X pump norm	X pump	Y ref norm	Y ref	Y pump norm	Y pump	X all norm	X all	Y all norm	Y all	X all Y ref norm	X all Y ref	Y all X ref norm	Y all X ref	BC(X hist) norm	BC(Y hist) norm	StS norm	BCSC norm	BCLR norm	BC(X hist)	BC(Y hist)	StS	BCSC	BCLR	
5.290120E+2	-2.561394E-2	1.333678E+9	-3.705878E-2	7.302077E+7	-1.828609E-2	1.414213E+9	-1.386444E-2	8.935436E+7	-2.246431E-2	1.338464E+10	-2.125884E-2	1.352046E+10	-2.206822E-2	1.479885E+10	-2.166917E-2	1.485414E+10	-1.144484E-2	4.421647E-3	-2.319434E-2	-1.586649E-2	-1.538961E-2	-1.260657E+9	-1.324859E+9	-1.633359E+7	6.420175E+7	-1.478112E+10
5.295010E+2	-2.498596E-3	1.613586E+9	-1.791353E-2	8.583277E+7	2.404358E-3	1.664760E+9	3.942972E-3	1.018355E+8	-4.237670E-4	1.593314E+10	-1.546768E-4	1.597729E+10	-1.556646E-4	1.759790E+10	-3.755159E-4	1.759087E+10	-1.541493E-2	1.538615E-3	-2.185650E-2	-1.695354E-2	-1.753801E-2	-1.527753E+9	-1.562924E+9	-1.600268E+7	3.517095E+7	-1.750504E+10
5.300010E+2	3.258225E-2	2.038387E+9	4.264905E-2	1.263612E+8	2.180591E-2	1.899699E+9	3.686284E-2	1.249088E+8	2.550716E-2	1.893147E+10	2.567244E-2	1.898393E+10	2.515628E-2	2.083117E+10	2.632346E-2	2.102231E+10	1.006680E-2	1.505693E-2	5.786209E-3	-4.990134E-3	1.632559E-2	-1.912026E+9	-1.774790E+9	1.452477E+6	-1.372359E+8	-2.089595E+10
5.305030E+2	1.501579E-2	1.825671E+9	1.560252E-2	1.082617E+8	8.881668E-3	1.743195E+9	8.241197E-3	1.048481E+8	1.390927E-2	1.759043E+10	1.288410E-2	1.749518E+10	1.343266E-2	1.933363E+10	1.308495E-2	1.932085E+10	5.867362E-4	-6.404716E-4	7.361325E-3	1.227208E-3	2.517576E-3	-1.717409E+9	-1.638347E+9	3.413660E+6	-7.906220E+7	-1.921259E+10
5.310050E+2	-3.091626E-3	1.606405E+9	1.181044E-2	1.057240E+8	-2.691759E-3	1.603049E+9	-1.831386E-2	8.623579E+7	-1.506810E-3	1.580791E+10	-8.627496E-4	1.589486E+10	-1.619142E-3	1.741096E+10	-1.072750E-3	1.750126E+10	1.490206E-2	-1.562211E-2	3.012430E-2	3.052417E-2	1.288319E-2	-1.500681E+9	-1.516814E+9	1.948826E+7	1.613267E+7	-1.739554E+10
5.315030E+2	-1.408203E-2	1.473320E+9	-7.512382E-4	9.731778E+7	-1.569452E-2	1.445595E+9	-1.227087E-2	9.047128E+7	-1.370107E-2	1.439791E+10	-1.411800E-2	1.435176E+10	-1.389005E-2	1.584351E+10	-1.411461E-2	1.582508E+10	1.333079E-2	3.423646E-3	1.151963E-2	9.907141E-3	1.336338E-2	-1.376002E+9	-1.355124E+9	6.846497E+6	-2.087831E+7	-1.572776E+10
5.320070E+2	-1.067409E-2	1.514587E+9	-1.831442E-2	8.556449E+7	-7.962249E-3	1.539227E+9	-2.433167E-3	9.736646E+7	-1.243200E-2	1.454465E+10	-1.120434E-2	1.469095E+10	-1.200827E-2	1.608388E+10	-1.115438E-2	1.620554E+10	-7.640334E-3	5.529082E-3	-1.588126E-2	-1.316942E-2	-7.160046E-3	-1.429023E+9	-1.441861E+9	-1.180197E+7	1.283810E+7	-1.611997E+10
5.325120E+2	8.362237E-3	1.745102E+9	3.975957E-3	1.004812E+8	1.154268E-2	1.775418E+9	-2.164665E-3	9.755465E+7	1.111153E-2	1.726694E+10	9.042070E-3	1.704792E+10	1.115240E-2	1.904235E+10	8.978018E-3	1.879302E+10	-4.386279E-3	-1.370735E-2	6.140623E-3	9.321068E-3	-5.002060E-3	-1.644621E+9	-1.677864E+9	2.926563E+6	3.324281E+7	-1.869254E+10
5.330080E+2	4.379609E-2	2.174177E+9	4.384729E-2	1.271631E+8	4.918660E-2	2.231259E+9	1.906431E-2	1.124339E+8	4.527484E-2	2.121716E+10	4.425223E-2	2.114688E+10	4.564567E-2	2.344841E+10	4.420925E-2	2.332105E+10	5.120103E-5	-3.012229E-2	2.478298E-2	3.017349E-2	-3.619622E-4	-2.047014E+9	-2.118825E+9	1.472921E+7	7.181096E+7	-2.319389E+10
5.332150E+2	3.374370E-2	2.052451E+9	4.049905E-2	1.249225E+8	3.261945E-2	2.030643E+9	3.967810E-2	1.268820E+8	3.458845E-2	1.998151E+10	3.396701E-2	1.994953E+10	3.440179E-2	2.201216E+10	3.394597E-2	2.200198E+10	6.755346E-3	7.058654E-3	8.209458E-4	-3.033074E-4	6.553073E-3	-1.927529E+9	-1.903761E+9	-1.959502E+6	-2.376783E+7	-2.187706E+10
5.334160E+2	1.685198E-2	1.847906E+9	1.484603E-2	1.077555E+8	1.748776E-2	1.847409E+9	1.310107E-2	1.082543E+8	1.636115E-2	1.787394E+10	1.603798E-2	1.786234E+10	1.646795E-2	1.972134E+10	1.611467E-2	1.971024E+10	-2.005945E-3	-4.386691E-3	1.744965E-3	2.380746E-3	-1.268638E-3	-1.740150E+9	-1.739155E+9	-4.988331E+5	-9.959013E+5	-1.960249E+10
5.336130E+2	-8.417348E-5	1.642823E+9	3.274951E-3	1.000121E+8	6.973522E-3	1.720089E+9	1.989147E-2	1.130137E+8	2.802880E-3	1.630623E+10	4.912898E-3	1.656722E+10	3.198251E-3	1.802631E+10	4.442085E-3	1.821005E+10	3.359125E-3	1.291795E-2	-1.661652E-2	-9.558827E-3	-1.167133E-3	-1.542811E+9	-1.607075E+9	-1.300155E+7	6.426467E+7	-1.811003E+10
5.338050E+2	3.294650E-2	2.042798E+9	4.495850E-2	1.279067E+8	2.729063E-2	1.966115E+9	3.398379E-2	1.228909E+8	3.014446E-2	1.946767E+10	3.000965E-2	1.948884E+10	2.987392E-2	2.143378E+10	3.028635E-2	2.153164E+10	1.201200E-2	6.693153E-3	1.097471E-2	5.318843E-3	1.467215E-2	-1.914891E+9	-1.843224E+9	5.015869E+6	-7.166715E+7	-2.140373E+10
5.340070E+2	8.248146E-2	2.642626E+9	8.795496E-2	1.566800E+8	8.305150E-2	2.641339E+9	1.009413E-1	1.698210E+8	8.280228E-2	2.555636E+10	8.182702E-2	2.552111E+10	8.282590E-2	2.819770E+10	8.188868E-2	2.816374E+10	5.473503E-3	1.788984E-2	-1.298638E-2	-1.241634E-2	6.066279E-3	-2.485946E+9	-2.471518E+9	-1.314100E+7	-1.442833E+7	-2.800706E+10
5.342040E+2	9.146638E-2	2.751426E+9	9.847777E-2	1.637218E+8	9.279358E-2	2.759308E+9	1.073799E-1	1.743337E+8	9.631988E-2	2.711937E+10	9.386055E-2	2.692198E+10	9.598559E-2	2.987868E+10	9.363498E-2	2.967341E+10	7.011399E-3	1.458633E-2	-8.902130E-3	-7.574931E-3	4.842798E-3	-2.587704E+9	-2.584975E+9	-1.061188E+7	-2.729752E+6	-2.950969E+10
5.344070E+2	1.160161E-1	3.048704E+9	1.366861E-1	1.892908E+8	1.160503E-1	3.040930E+9	1.055503E-1	1.730513E+8	1.265747E-1	3.061767E+10	1.178729E-1	2.971736E+10	1.255770E-1	3.365860E+10	1.176979E-1	3.276606E+10	2.066993E-2	-1.049998E-2	3.113577E-2	3.116991E-2	1.898812E-2	-2.859413E+9	-2.867879E+9	1.623946E+7	8.465789E+6	-3.257677E+10
5.346150E+2	1.852177E-1	3.886680E+9	2.511875E-1	2.659152E+8	1.876593E-1	3.908064E+9	1.833441E-1	2.275765E+8	2.065734E-1	3.986772E+10	1.893592E-1	3.803938E+10	2.047803E-1	4.377578E+10	1.889690E-1	4.192605E+10	6.596984E-2	-4.315170E-3	6.784345E-2	7.028501E-2	6.221855E-2	-3.620764E+9	-3.680488E+9	3.833870E+7	5.972319E+7	-4.166014E+10
5.348180E+2	4.036546E-1	6.531775E+9	4.792166E-1	4.185122E+8	3.975031E-1	6.449122E+9	3.815330E-1	3.664858E+8	4.248681E-1	6.510861E+10	4.005179E-1	6.262123E+10	4.222739E-1	7.155773E+10	4.008134E-1	6.915300E+10	7.556195E-2	-1.597003E-2	9.768354E-2	9.153198E-2	7.840314E-2	-6.113263E+9	-6.082636E+9	5.202641E+7	-3.062622E+7	-6.873449E+10
5.350100E+2	7.748082E-1	1.102615E+10	8.546939E-1	6.697816E+8	7.665754E-1	1.091832E+10	7.867700E-1	6.505137E+8	7.992547E-1	1.083980E+11	7.754490E-1	1.062685E+11	7.961567E-1	1.193164E+11	7.753886E-1	1.172947E+11	7.988569E-2	2.019467E-2	6.792381E-2	5.969102E-2	7.930522E-2	-1.035636E+10	-1.026781E+10	1.926788E+7	-8.855413E+7	-1.166249E+11
5.352080E+2	1.135697E+0	1.539622E+10	1.162137E+0	8.755228E+8	1.126015E+0	1.527088E+10	1.083894E+0	8.587660E+8	1.143831E+0	1.482405E+11	1.127311E+0	1.472302E+11	1.142142E+0	1.635114E+11	1.128101E+0	1.626264E+11	2.644027E-2	-4.212081E-2	7.824319E-2	6.856108E-2	3.403628E-2	-1.452070E+10	-1.441212E+10	1.675674E+7	-1.085835E+8	-1.617509E+11
5.354110E+2	1.342348E+0	1.789859E+10	1.360809E+0	1.008474E+9	1.332674E+0	1.777338E+10	1.356397E+0	1.049761E+9	1.335035E+0	1.703490E+11	1.338298E+0	1.717921E+11	1.334811E+0	1.881224E+11	1.338680E+0	1.896907E+11	1.846157E-2	2.372281E-2	4.412171E-3	-5.261243E-3	2.212955E-2	-1.689012E+10	-1.672362E+10	-4.128750E+7	-1.665041E+8	-1.886822E+11
5.356150E+2	1.422179E+0	1.886529E+10	1.464054E+0	1.077565E+9	1.428438E+0	1.893301E+10	1.431759E+0	1.102582E+9	1.405717E+0	1.785218E+11	1.422686E+0	1.816160E+11	1.407871E+0	1.974549E+11	1.422638E+0	2.004813E+11	4.187420E-2	3.320927E-3	3.229446E-2	3.855328E-2	4.141539E-2	-1.778773E+10	-1.783043E+10	-2.501715E+7	4.270120E+7	-1.994038E+11
5.358130E+2	1.551495E+0	2.043120E+10	1.531988E+0	1.123027E+9	1.545997E+0	2.035657E+10	1.506323E+0	1.154843E+9	1.521629E+0	1.919244E+11	1.536118E+0	1.948211E+11	1.523939E+0	2.122810E+11	1.537567E+0	2.152523E+11	-1.950657E-2	-3.967464E-2	2.566565E-2	2.016807E-2	-5.578338E-3	-1.930817E+10	-1.920172E+10	-3.181632E+7	-1.064480E+8	-2.141293E+11
5.360120E+2	1.662916E+0	2.178041E+10	1.680362E+0	1.222318E+9	1.675150E+0	2.192051E+10	1.653985E+0	1.258339E+9	1.645755E+0	2.062768E+11	1.652003E+0	2.083117E+11	1.648541E+0	2.281973E+11	1.653031E+0	2.300922E+11	1.744604E-2	-2.116451E-2	2.637629E-2	3.861055E-2	2.733064E-2	-2.055809E+10	-2.066217E+10	-3.602068E+7	1.040773E+8	-2.288698E+11
5.362050E+2	1.674601E+0	2.192192E+10	1.726807E+0	1.253399E+9	1.689218E+0	2.209087E+10	1.695980E+0	1.287773E+9	1.673928E+0	2.095344E+11	1.676370E+0	2.111484E+11	1.675378E+0	2.316253E+11	1.676203E+0	2.330703E+11	5.220546E-2	6.762026E-3	3.082634E-2	4.544344E-2	5.060346E-2	-2.066852E+10	-2.080310E+10	-3.437367E+7	1.345798E+8	-2.318169E+11
5.364090E+2	1.389484E+0	1.846937E+10	1.452116E+0	1.069577E+9	1.376425E+0	1.830316E+10	1.347921E+0	1.043821E+9	1.387436E+0	1.764080E+11	1.379470E+0	1.765851E+11	1.386392E+0	1.947112E+11	1.380414E+0	1.950545E+11	6.263277E-2	-2.850349E-2	1.041951E-1	9.113626E-2	7.170278E-2	-1.739979E+10	-1.725934E+10	2.575586E+7	-1.404516E+8	-1.939849E+11
5.366080E+2	1.125145E+0	1.526844E+10	1.170010E+0	8.807913E+8	1.116565E+0	1.515645E+10	1.132210E+0	8.926302E+8	1.130019E+0	1.466435E+11	1.126517E+0	1.471378E+11	1.128743E+0	1.617999E+11	1.126388E+0	1.624062E+11	4.486533E-2	1.564508E-2	3.780044E-2	2.922025E-2	4.362264E-2	-1.438765E+10	-1.426382E+10	-1.183883E+7	-1.238365E+8	-1.615254E+11
5.368180E+2	9.114468E-1	1.268073E+10	9.748241E-1	7.501727E+8	9.297980E-1	1.289483E+10	8.817485E-1	7.170834E+8	9.283687E-1	1.233272E+11	9.182373E-1	1.228911E+11	9.285042E-1	1.362220E+11	9.175976E-1	1.355718E+11	6.337722E-2	-4.804951E-2	9.307560E-2	1.114267E-1	5.722651E-2	-1.193056E+10	-1.217775E+10	3.308927E+7	2.471916E+8	-1.348216E+11
5.370170E+2	8.873276E-1	1.238867E+10	9.758959E-1	7.508900E+8	8.888105E-1	1.239850E+10	9.084344E-1	7.357874E+8	8.991506E-1	1.199488E+11	8.841606E-1	1.189241E+11	8.981703E-1	1.323473E+11	8.844590E-1	1.313127E+11	8.856835E-2	1.962389E-2	6.746152E-2	6.894446E-2	9.143694E-2	-1.163778E+10	-1.166272E+10	1.510256E+7	2.494111E+7	-1.305618E+11
5.372010E+2	9.541839E-1	1.319824E+10	9.730135E-1	7.489611E+8	9.633456E-1	1.330107E+10	9.975665E-1	7.982595E+8	9.783583E-1	1.291074E+11	9.610705E-1	1.278775E+11	9.769351E-1	1.424084E+11	9.604216E-1	1.410757E+11	1.882967E-2	3.422093E-2	-2.455296E-2	-1.539125E-2	1.259192E-2	-1.244928E+10	-1.250281E+10	-4.929841E+7	5.353034E+7	-1.403267E+11
5.374220E+2	1.065577E+0	1.454713E+10	1.154873E+0	8.706616E+8	1.076537E+0	1.467173E+10	1.076832E+0	8.538161E+8	1.086056E+0	1.415602E+11	1.064785E+0	1.399513E+11	1.085154E+0	1.562319E+11	1.064860E+0	1.544984E+11	8.929602E-2	2.952980E-4	7.804134E-2	8.900072E-2	9.001372E-2	-1.367646E+10	-1.381792E+10	1.684549E+7	1.414528E+8	-1.536278E+11
5.376060E+2	1.033675E+0	1.416082E+10	1.150635E+0	8.678252E+8	1.045295E+0	1.429342E+10	1.063151E+0	8.442272E+8	1.070564E+0	1.397688E+11	1.052774E+0	1.385530E+11	1.068168E+0	1.540623E+11	1.050974E+0	1.527138E+11	1.169596E-1	1.785619E-2	8.748376E-2	9.910342E-2	9.966060E-2	-1.329299E+10	-1.344919E+10	2.359796E+7	1.561978E+8	-1.518460E+11
5.378110E+2	1.135681E+0	1.539603E+10	1.192868E+0	8.960873E+8	1.115177E+0	1.513964E+10	1.152338E+0	9.067378E+8	1.123146E+0	1.458487E+11	1.111533E+0	1.453934E+11	1.122390E+0	1.609884E+11	1.113808E+0	1.607894E+11	5.718626E-2	3.716103E-2	4.052949E-2	2.002523E-2	7.905950E-2	-1.449994E+10	-1.423290E+10	-1.065047E+7	-2.670392E+8	-1.598933E+11
5.380050E+2	1.172617E+0	1.584329E+10	1.251657E+0	9.354291E+8	1.189727E+0	1.604238E+10	1.184266E+0	9.291156E+8	1.181124E+0	1.525526E+11	1.180430E+0	1.534141E+11	1.181939E+0	1.685950E+11	1.179694E+0	1.692573E+11	7.903978E-2	-5.461194E-3	6.739127E-2	8.450098E-2	7.196255E-2	-1.490786E+10	-1.511327E+10	6.313539E+6	2.054063E+8	-1.683219E+11
5.382060E+2	1.430069E+0	1.896083E+10	1.476613E+0	1.085970E+9	1.428987E+0	1.893965E+10	1.382910E+0	1.068344E+9	1.405314E+0	1.784753E+11	1.410881E+0	1.802418E+11	1.407558E+0	1.974149E+11	1.412689E+0	1.992026E+11	4.654400E-2	-4.607673E-2	9.370321E-2	9.262073E-2	6.392411E-2	-1.787486E+10	-1.787131E+10	1.762577E+7	-3.553015E+6	-1.981167E+11
5.384110E+2	1.664867E+0	2.180405E+10	1.734811E+0	1.258756E+9	1.669290E+0	2.184955E+10	1.743408E+0	1.321015E+9	1.626443E+0	2.040439E+11	1.646721E+0	2.076968E+11	1.630505E+0	2.258934E+11	1.648430E+0	2.295009E+11	6.994370E-2	7.411788E-2	-8.596611E-3	-4.174171E-3	8.638068E-2	-2.054529E+10	-2.052854E+10	-6.225863E+7	-1.675600E+7	-2.282421E+11
5.386060E+2	1.601388E+0	2.103536E+10	1.612249E+0	1.176738E+9	1.605200E+0	2.107346E+10	1.540386E+0	1.178718E+9	1.567842E+0	1.972680E+11	1.582343E+0	2.002024E+11	1.571384E+0	2.183414E+11	1.584138E+0	2.212378E+11	1.086153E-2	-6.481362E-2	7.186321E-2	7.567515E-2	2.811149E-2	-1.985862E+10	-1.989475E+10	-1.980495E+6	3.612381E+7	-2.200610E+11
5.388120E+2	1.400235E+0	1.859956E+10	1.415399E+0	1.045006E+9	1.405176E+0	1.865132E+10	1.384959E+0	1.069780E+9	1.381483E+0	1.757197E+11	1.396752E+0	1.785969E+11	1.383729E+0	1.943710E+11	1.397080E+0	1.971965E+11	1.516423E-2	-2.021663E-2	3.044018E-2	3.538086E-2	1.831959E-2	-1.755456E+10	-1.758154E+10	-2.477478E+7	2.697989E+7	-1.961514E+11
5.390080E+2	1.220832E+0	1.642713E+10	1.288450E+0	9.600509E+8	1.234279E+0	1.658188E+10	1.236137E+0	9.654718E+8	1.218795E+0	1.569084E+11	1.230229E+0	1.592113E+11	1.220263E+0	1.734903E+11	1.229344E+0	1.756385E+11	6.761801E-2	1.857854E-3	5.231286E-2	6.576015E-2	5.910583E-2	-1.546708E+10	-1.561641E+10	-5.420910E+6	1.493270E+8	-1.746784E+11
5.392090E+2	1.084403E+0	1.477509E+10	1.194307E+0	8.970509E+8	1.102043E+0	1.498060E+10	1.117793E+0	8.825254E+8	1.088481E+0	1.418406E+11	1.096008E+0	1.435861E+11	1.089767E+0	1.568212E+11	1.094915E+0	1.583612E+11	1.099042E-1	1.574994E-2	7.651439E-2	9.415431E-2	9.939289E-2	-1.387804E+10	-1.409807E+10	1.452546E+7	2.200309E+8	-1.574641E+11
5.394100E+2	1.070570E+0	1.460758E+10	1.098070E+0	8.326487E+8	1.051423E+0	1.436762E+10	1.068105E+0	8.476994E+8	1.049076E+0	1.372843E+11	1.053289E+0	1.386130E+11	1.049298E+0	1.516519E+11	1.054917E+0	1.532206E+11	2.750000E-2	1.668232E-2	2.996493E-2	1.081769E-2	4.315236E-2	-1.377493E+10	-1.351992E+10	-1.505064E+7	-2.550127E+8	-1.523880E+11
5.396110E+2	1.013072E+0	1.391133E+10	1.099574E+0	8.336555E+8	1.009860E+0	1.386433E+10	9.773269E-1	7.840737E+8	1.016037E+0	1.334640E+11	1.021728E+0	1.349388E+11	1.015451E+0	1.473284E+11	1.020912E+0	1.488502E+11	8.650236E-2	-3.253340E-2	1.222474E-1	1.190358E-1	7.866206E-2	-1.307767E+10	-1.308026E+10	4.958180E+7	2.584088E+6	-1.480165E+11
5.398180E+2	8.178846E-1	1.154777E+10	8.716584E-1	6.811343E+8	8.117095E-1	1.146487E+10	8.124870E-1	6.685385E+8	8.116523E-1	1.098315E+11	8.056549E-1	1.097849E+11	8.116577E-1	1.212964E+11	8.068072E-1	1.213327E+11	5.377384E-2	7.775500E-4	5.917142E-2	5.299629E-2	6.485128E-2	-1.086663E+10	-1.079633E+10	1.259572E+7	-7.030561E+7	-1.206515E+11
5.400140E+2	6.651803E-1	9.698641E+9	6.607330E-1	5.399830E+8	6.708829E-1	9.759556E+9	6.676945E-1	5.670544E+8	6.692159E-1	9.336196E+10	6.731437E-1	9.435872E+10	6.693739E-1	1.031215E+11	6.723934E-1	1.040574E+11	-4.447297E-3	-3.188418E-3	-6.961438E-3	-1.258879E-3	-1.166039E-2	-9.158658E+9	-9.192502E+9	-2.707142E+7	3.384401E+7	-1.035174E+11
5.402100E+2	5.304779E-1	8.067502E+9	5.728630E-1	4.811803E+8	5.354007E-1	8.118964E+9	5.514469E-1	4.855773E+8	5.392006E-1	7.832861E+10	5.395838E-1	7.881046E+10	5.388404E-1	8.644757E+10	5.387258E-1	8.687796E+10	4.238511E-2	1.604621E-2	2.141604E-2	2.633889E-2	3.413713E-2	-7.586322E+9	-7.633387E+9	-4.396937E+6	4.706488E+7	-8.639678E+10
5.404120E+2	4.807626E-1	7.465491E+9	5.125453E-1	4.408158E+8	4.785506E-1	7.430550E+9	5.056522E-1	4.534801E+8	4.907946E-1	7.273153E+10	4.877904E-1	7.278099E+10	4.896338E-1	8.016208E+10	4.871283E-1	8.024648E+10	3.178266E-2	2.710165E-2	6.893072E-3	4.681005E-3	2.541700E-2	-7.024675E+9	-6.977070E+9	-1.266432E+7	-4.760570E+7	-7.980566E+10
5.406090E+2	4.782235E-1	7.434744E+9	4.823835E-1	4.206315E+8	4.698144E-1	7.324761E+9	5.361770E-1	4.748747E+8	4.869709E-1	7.228941E+10	4.807014E-1	7.195572E+10	4.853445E-1	7.961417E+10	4.804679E-1	7.939047E+10	4.160024E-3	6.636262E-2	-5.379355E-2	-6.220259E-2	1.915543E-3	-7.014112E+9	-6.849886E+9	-5.424323E+7	-1.642258E+8	-7.896983E+10
5.408060E+2	4.300786E-1	6.851749E+9	4.201047E-1	3.789546E+8	4.215608E-1	6.740445E+9	4.359307E-1	4.046127E+8	4.328330E-1	6.602958E+10	4.291785E-1	6.595772E+10	4.317644E-1	7.277002E+10	4.292633E-1	7.280947E+10	-9.973904E-3	1.436987E-2	-1.582597E-2	-2.434378E-2	-9.158542E-3	-6.472794E+9	-6.335832E+9	-2.565819E+7	-1.369621E+8	-7.243052E+10
5.410240E+2	3.594048E-1	5.995945E+9	4.109706E-1	3.728420E+8	3.511240E-1	5.887505E+9	3.524025E-1	3.460684E+8	3.668481E-1	5.839990E+10	3.615192E-1	5.808123E+10	3.653575E-1	6.428740E+10	3.613200E-1	6.407717E+10	5.156581E-2	1.278479E-3	5.856812E-2	5.028733E-2	4.965064E-2	-5.623103E+9	-5.541437E+9	2.677362E+7	-8.166648E+7	-6.370433E+10
5.415040E+2	3.689550E-1	6.111591E+9	3.842108E-1	3.549343E+8	3.765923E-1	6.195908E+9	3.700169E-1	3.584142E+8	3.774036E-1	5.962041E+10	3.731445E-1	5.943458E+10	3.773267E-1	6.581632E+10	3.727498E-1	6.554617E+10	1.525574E-2	-6.575423E-3	1.419388E-2	2.183116E-2	1.146100E-2	-5.756656E+9	-5.837494E+9	-3.479877E+6	8.083736E+7	-6.519124E+10
5.420110E+2	4.789849E-1	7.443964E+9	5.582423E-1	4.713962E+8	4.777508E-1	7.420865E+9	4.790934E-1	4.348652E+8	4.893058E-1	7.255939E+10	4.844516E-1	7.239230E+10	4.882104E-1	7.998026E+10	4.839366E-1	7.983627E+10	7.925734E-2	1.342624E-3	7.914881E-2	7.791472E-2	7.430569E-2	-6.972568E+9	-6.986000E+9	3.653095E+7	1.343199E+7	-7.936487E+10
5.425080E+2	6.750242E-1	9.817842E+9	6.646254E-1	5.425878E+8	6.669704E-1	9.712178E+9	6.370323E-1	5.455635E+8	6.732744E-1	9.383124E+10	6.673267E-1	9.368154E+10	6.726768E-1	1.035434E+11	6.680519E-1	1.034994E+11	-1.039878E-2	-2.993809E-2	2.759313E-2	1.953930E-2	-3.426537E-3	-9.275254E+9	-9.166615E+9	-2.975715E+6	-1.086394E+8	-1.029568E+11
5.430120E+2	9.021611E-1	1.256829E+10	9.343965E-1	7.231186E+8	8.954425E-1	1.247881E+10	9.125387E-1	7.386641E+8	8.996960E-1	1.200118E+11	8.990944E-1	1.206626E+11	8.992928E-1	1.324906E+11	8.993833E-1	1.332309E+11	3.223541E-2	1.709615E-2	2.185788E-2	1.513926E-2	3.501323E-2	-1.184517E+10	-1.174015E+10	-1.554547E+7	-1.050206E+8	-1.325077E+11
5.435330E+2	9.657224E-1	1.333796E+10	1.065051E+0	8.105526E+8	9.565486E-1	1.321876E+10	9.499732E-1	7.649016E+8	9.641298E-1	1.274621E+11	9.628834E-1	1.280885E+11	9.634111E-1	1.406809E+11	9.631508E-1	1.414265E+11	9.932876E-2	-6.575457E-3	1.150780E-1	1.059042E-1	1.019003E-1	-1.252741E+10	-1.245386E+10	4.565100E+7	-7.354869E+7	-1.406159E+11
5.440170E+2	9.536412E-1	1.319167E+10	9.907965E-1	7.608614E+8	9.296194E-1	1.289267E+10	9.341440E-1	7.538071E+8	9.445160E-1	1.251942E+11	9.516395E-1	1.267796E+11	9.431038E-1	1.380869E+11	9.518281E-1	1.399712E+11	3.715533E-2	4.524653E-3	5.665248E-2	3.263068E-2	3.896839E-2	-1.243081E+10	-1.213886E+10	7.054329E+6	-2.919454E+8	-1.392104E+11
5.445020E+2	9.228014E-1	1.281823E+10	9.913613E-1	7.612394E+8	9.104916E-1	1.266105E+10	8.986846E-1	7.289538E+8	9.116982E-1	1.213996E+11	9.158716E-1	1.226157E+11	9.115839E-1	1.340607E+11	9.165246E-1	1.354339E+11	6.855986E-2	-1.180699E-2	9.267672E-2	8.036685E-2	7.483674E-2	-1.205699E+10	-1.193209E+10	3.228558E+7	-1.248938E+8	-1.346727E+11
5.450090E+2	8.780086E-1	1.227582E+10	9.223107E-1	7.150308E+8	8.742393E-1	1.222206E+10	8.737947E-1	7.115086E+8	8.792597E-1	1.176488E+11	8.854103E-1	1.190696E+11	8.787838E-1	1.298709E+11	8.847129E-1	1.313454E+11	4.430218E-2	-4.446375E-4	4.851606E-2	4.474681E-2	3.759779E-2	-1.156079E+10	-1.151055E+10	3.522114E+6	-5.024043E+7	-1.306303E+11
5.455130E+2	8.705791E-1	1.218585E+10	9.014089E-1	7.010432E+8	8.854884E-1	1.235828E+10	8.796564E-1	7.156171E+8	8.859376E-1	1.184210E+11	8.829852E-1	1.187872E+11	8.858950E-1	1.307792E+11	8.818163E-1	1.309731E+11	3.082982E-2	-5.831964E-3	2.175246E-2	3.666178E-2	1.959257E-2	-1.148481E+10	-1.164266E+10	-1.457387E+7	1.578470E+8	-1.302720E+11
5.460060E+2	9.271902E-1	1.287137E+10	1.050464E+0	8.007906E+8	9.282542E-1	1.287614E+10	9.808273E-1	7.865271E+8	9.367366E-1	1.242947E+11	9.350577E-1	1.248492E+11	9.359325E-1	1.371709E+11	9.343164E-1	1.377206E+11	1.232734E-1	5.257306E-2	6.963631E-2	7.070031E-2	1.161471E-1	-1.207058E+10	-1.208961E+10	1.426356E+7	1.903262E+7	-1.369198E+11
5.465380E+2	8.907511E-1	1.243012E+10	9.603595E-1	7.404930E+8	8.715866E-1	1.218993E+10	9.151479E-1	7.404928E+8	8.908603E-1	1.189902E+11	8.868152E-1	1.192331E+11	8.890332E-1	1.311801E+11	8.871861E-1	1.316632E+11	6.960839E-2	4.356132E-2	4.521158E-2	2.604708E-2	7.317341E-2	-1.168963E+10	-1.144944E+10	1.306573E+2	-2.401868E+8	-1.309227E+11
5.470110E+2	8.796477E-1	1.229567E+10	9.326722E-1	7.219646E+8	8.716337E-1	1.219051E+10	9.048539E-1	7.332778E+8	8.833755E-1	1.181247E+11	8.788446E-1	1.183052E+11	8.822624E-1	1.303152E+11	8.789203E-1	1.306009E+11	5.302447E-2	3.322016E-2	2.781829E-2	1.980432E-2	5.375187E-2	-1.157370E+10	-1.145723E+10	-1.131320E+7	-1.164762E+8	-1.298789E+11
5.475070E+2	9.360067E-1	1.297813E+10	9.924342E-1	7.619574E+8	9.409184E-1	1.302949E+10	9.538963E-1	7.676514E+8	9.437746E-1	1.251085E+11	9.413491E-1	1.255816E+11	9.435039E-1	1.381380E+11	9.408458E-1	1.385597E+11	5.642751E-2	1.297788E-2	3.853786E-2	4.344963E-2	5.158842E-2	-1.221617E+10	-1.226184E+10	-5.693990E+6	4.566954E+7	-1.377978E+11
5.480090E+2	1.000442E+0	1.375840E+10	1.014573E+0	7.767726E+8	9.955490E-1	1.369103E+10	1.054856E+0	8.384132E+8	1.005203E+0	1.322113E+11	1.003200E+0	1.327819E+11	1.004288E+0	1.459023E+11	1.002940E+0	1.465403E+11	1.413048E-2	5.930684E-2	-4.028293E-2	-4.517637E-2	1.163286E-2	-1.298162E+10	-1.285262E+10	-6.164060E+7	-1.290054E+8	-1.457635E+11
5.485450E+2	1.184014E+0	1.598130E+10	1.264841E+0	9.442517E+8	1.191375E+0	1.606234E+10	1.209553E+0	9.468392E+8	1.188053E+0	1.533539E+11	1.186054E+0	1.540687E+11	1.188368E+0	1.694162E+11	1.185861E+0	1.700500E+11	8.082685E-2	1.817754E-2	5.528796E-2	6.264931E-2	7.897924E-2	-1.503705E+10	-1.511551E+10	-2.587427E+6	7.846068E+7	-1.691057E+11
5.490490E+2	1.474232E+0	1.949560E+10	1.599732E+0	1.168361E+9	1.481582E+0	1.957654E+10	1.478934E+0	1.135647E+9	1.463008E+0	1.851462E+11	1.467341E+0	1.868145E+11	1.464768E+0	2.047227E+11	1.467991E+0	2.063102E+11	1.255006E-1	-2.648003E-3	1.207982E-1	1.281486E-1	1.317418E-1	-1.832724E+10	-1.844090E+10	3.271443E+7	1.136554E+8	-2.051418E+11
5.495150E+2	1.677961E+0	2.196260E+10	1.708655E+0	1.241252E+9	1.667023E+0	2.182210E+10	1.670111E+0	1.269641E+9	1.653550E+0	2.071781E+11	1.657781E+0	2.089844E+11	1.654827E+0	2.290002E+11	1.659682E+0	2.309470E+11	3.069332E-2	3.087236E-3	3.854406E-2	2.760609E-2	4.897233E-2	-2.072135E+10	-2.055246E+10	-2.838907E+7	-1.688888E+8	-2.297058E+11
5.500160E+2	1.473476E+0	1.948645E+10	1.482794E+0	1.090106E+9	1.493597E+0	1.972203E+10	1.534521E+0	1.174607E+9	1.479881E+0	1.870972E+11	1.489176E+0	1.893564E+11	1.481181E+0	2.068192E+11	1.487697E+0	2.088428E+11	9.318175E-3	4.092427E-2	-5.172656E-2	-3.160610E-2	-4.902135E-3	-1.839635E+10	-1.854742E+10	-8.450087E+7	1.510766E+8	-2.077527E+11
5.505060E+2	1.478646E+0	1.954905E+10	1.543738E+0	1.130890E+9	1.480733E+0	1.956626E+10	1.514830E+0	1.160806E+9	1.463486E+0	1.852015E+11	1.469836E+0	1.871049E+11	1.465121E+0	2.047678E+11	1.470666E+0	2.066540E+11	6.509280E-2	3.409753E-2	2.890807E-2	3.099527E-2	7.307260E-2	-1.841816E+10	-1.840545E+10	-2.991612E+7	-1.270805E+7	-2.055231E+11
5.510140E+2	1.195052E+0	1.611496E+10	1.230568E+0	9.213168E+8	1.193028E+0	1.608236E+10	1.184962E+0	9.296040E+8	1.191378E+0	1.537383E+11	1.195605E+0	1.551806E+11	1.191535E+0	1.698207E+11	1.195553E+0	1.712956E+11	3.551679E-2	-8.065152E-3	4.560601E-2	4.358194E-2	3.501517E-2	-1.519364E+10	-1.515275E+10	-8.287244E+6	-4.088878E+7	-1.703743E+11
5.515000E+2	1.003575E+0	1.379633E+10	1.032426E+0	7.887200E+8	1.027154E+0	1.407375E+10	1.006252E+0	8.043472E+8	1.004630E+0	1.321451E+11	1.014752E+0	1.341267E+11	1.006765E+0	1.462189E+11	1.013699E+0	1.479231E+11	2.885068E-2	-2.090215E-2	2.617399E-2	4.975283E-2	1.872722E-2	-1.300761E+10	-1.326940E+10	-1.562722E+7	2.617871E+8	-1.471344E+11
5.520100E+2	9.961554E-1	1.370648E+10	1.038516E+0	7.927952E+8	9.910432E-1	1.363647E+10	1.019077E+0	8.133362E+8	9.818120E-1	1.295067E+11	9.798688E-1	1.300658E+11	9.826871E-1	1.431432E+11	9.814033E-1	1.437723E+11	4.236036E-2	2.803399E-2	1.943861E-2	1.432637E-2	5.711252E-2	-1.291369E+10	-1.282313E+10	-2.054100E+7	-9.055580E+7	-1.429795E+11
5.525090E+2	1.041951E+0	1.426103E+10	1.114514E+0	8.436531E+8	1.062192E+0	1.449803E+10	1.022068E+0	8.154327E+8	1.052895E+0	1.377259E+11	1.052654E+0	1.385391E+11	1.053776E+0	1.522239E+11	1.051646E+0	1.528001E+11	7.256290E-2	-4.012394E-2	9.244559E-2	1.126868E-1	6.286816E-2	-1.341738E+10	-1.368260E+10	2.822046E+7	2.652224E+8	-1.519565E+11
5.530150E+2	9.856437E-1	1.357919E+10	1.035374E+0	7.906927E+8	9.778840E-1	1.347712E+10	1.015733E+0	8.109925E+8	9.892660E-1	1.303686E+11	9.872026E-1	1.309196E+11	9.881870E-1	1.438457E+11	9.870557E-1	1.444988E+11	4.973037E-2	3.784934E-2	1.964071E-2	1.188103E-2	4.831834E-2	-1.278850E+10	-1.266613E+10	-2.029978E+7	-1.223740E+8	-1.437081E+11
5.534770E+2	9.384459E-1	1.300767E+10	1.014267E+0	7.765679E+8	9.445625E-1	1.307362E+10	9.229198E-1	7.459401E+8	9.448682E-1	1.252350E+11	9.414435E-1	1.255926E+11	9.448393E-1	1.383086E+11	9.411610E-1	1.386003E+11	7.582120E-2	-2.164274E-2	9.134727E-2	9.746394E-2	7.310604E-2	-1.223110E+10	-1.232768E+10	3.062781E+7	9.658206E+7	-1.378237E+11
5.540290E+2	9.129692E-1	1.269917E+10	9.028240E-1	7.019903E+8	9.139100E-1	1.270244E+10	9.014432E-1	7.308873E+8	9.130065E-1	1.215509E+11	9.165322E-1	1.226926E+11	9.130922E-1	1.342533E+11	9.161965E-1	1.353917E+11	-1.014518E-2	-1.246686E-2	1.380833E-3	2.321670E-3	-1.337251E-2	-1.199717E+10	-1.197155E+10	-2.889705E+7	-2.562072E+7	-1.346898E+11
5.550140E+2	9.309801E-1	1.291726E+10	9.196118E-1	7.132246E+8	9.343083E-1	1.294945E+10	9.304769E-1	7.512369E+8	9.359593E-1	1.242049E+11	9.343020E-1	1.247612E+11	9.358028E-1	1.371543E+11	9.339890E-1	1.376785E+11	-1.136836E-2	-3.831404E-3	-1.086517E-2	-7.536960E-3	-1.437728E-2	-1.220404E+10	-1.219821E+10	-3.801225E+7	-5.824934E+6	-1.369653E+11
5.560410E+2	1.008832E+0	1.385999E+10	1.033142E+0	7.891989E+8	1.014207E+0	1.391696E+10	1.018976E+0	8.132655E+8	1.013163E+0	1.331318E+11	1.012219E+0	1.338318E+11	1.013262E+0	1.470487E+11	1.011899E+0	1.476918E+11	2.430984E-2	4.769778E-3	1.416556E-2	1.954006E-2	2.124236E-2	-1.307079E+10	-1.310369E+10	-2.406653E+7	3.290678E+7	-1.469026E+11
5.570330E+2	1.058700E+0	1.446385E+10	1.108772E+0	8.398108E+8	1.057121E+0	1.443663E+10	1.072701E+0	8.509208E+8	1.055922E+0	1.380758E+11	1.054634E+0	1.387696E+11	1.056035E+0	1.525124E+11	1.055017E+0	1.532335E+11	5.007218E-2	1.557970E-2	3.607116E-2	3.449248E-2	5.375486E-2	-1.362404E+10	-1.358571E+10	-1.111002E+7	-3.833039E+7	-1.523936E+11
5.580230E+2	1.038832E+0	1.422327E+10	1.053216E+0	8.026324E+8	1.055384E+0	1.441559E+10	1.048657E+0	8.340688E+8	1.047088E+0	1.370544E+11	1.054241E+0	1.387238E+11	1.047874E+0	1.514700E+11	1.052789E+0	1.529470E+11	1.438341E-2	-6.726165E-3	4.558307E-3	2.110957E-2	4.269599E-4	-1.342063E+10	-1.358152E+10	-3.143640E+7	1.608822E+8	-1.521444E+11
5.590160E+2	1.049686E+0	1.435470E+10	9.824344E-1	7.552655E+8	1.025070E+0	1.404851E+10	1.027745E+0	8.194115E+8	1.034862E+0	1.356407E+11	1.028072E+0	1.356774E+11	1.033933E+0	1.496892E+11	1.030109E+0	1.500321E+11	-6.725188E-2	2.674944E-3	-4.531069E-2	-6.992682E-2	-4.767440E-2	-1.359943E+10	-1.322910E+10	-6.414595E+7	-3.703341E+8	-1.492769E+11
