Photon Energy (eV)	X ref norm	X ref	X pump norm	X pump	Y ref norm	Y ref	Y pump norm	Y pump	X all norm	X all	Y all norm	Y all	X all Y ref norm	X all Y ref	Y all X ref norm	Y all X ref	BC(X hist) norm	BC(Y hist) norm	StS norm	BCSC norm	BCLR norm	BC(X hist)	BC(Y hist)	StS	BCSC	BCLR	
5.293120E+2	-1.501521E-2	3.621365E+9	-3.014009E-2	2.163003E+8	-1.203633E-2	3.648761E+9	-2.661193E-2	2.266004E+8	-1.605446E-2	3.688145E+10	-1.443702E-2	3.738895E+10	-1.569365E-2	4.053021E+10	-1.448876E-2	4.101032E+10	-1.512488E-2	-1.457560E-2	-3.528160E-3	-5.492754E-4	-1.565133E-2	-3.405064E+9	-3.422161E+9	-1.030004E+7	1.709683E+7	-4.079402E+10
5.298070E+2	-4.500991E-3	3.765555E+9	2.595547E-3	2.435777E+8	-1.016803E-2	3.674340E+9	-3.113581E-3	2.458052E+8	-6.489129E-3	3.820890E+10	-6.943712E-3	3.843469E+10	-6.819477E-3	4.188324E+10	-6.725150E-3	4.220024E+10	7.096539E-3	7.054445E-3	5.709128E-3	4.209399E-5	9.320697E-3	-3.521977E+9	-3.428535E+9	-2.227449E+6	-9.344175E+7	-4.195667E+10
5.303080E+2	1.518896E-3	3.848110E+9	1.808012E-2	2.564804E+8	-8.130957E-3	3.702230E+9	2.628729E-3	2.504983E+8	-2.761718E-3	3.872619E+10	-3.213829E-3	3.895522E+10	-3.243851E-3	4.242842E+10	-2.790369E-3	4.280333E+10	1.656122E-2	1.075969E-2	1.545139E-2	5.801538E-3	2.087049E-2	-3.591630E+9	-3.451732E+9	5.982178E+6	-1.398983E+8	-4.254685E+10
5.308150E+2	-2.067888E-3	3.798922E+9	9.862136E-4	2.422367E+8	3.575580E-5	3.814040E+9	-6.559124E-3	2.429892E+8	-4.390330E-3	3.850017E+10	-4.341855E-3	3.879779E+10	-3.992888E-3	4.231421E+10	-4.138392E-3	4.259672E+10	3.054102E-3	-6.594880E-3	7.545338E-3	9.648982E-3	5.124605E-3	-3.556685E+9	-3.571051E+9	-7.524641E+5	1.436597E+7	-4.235448E+10
5.313130E+2	-4.671803E-3	3.763212E+9	-1.039454E-2	2.327536E+8	-3.765540E-3	3.761997E+9	6.723209E-3	2.538446E+8	6.772946E-4	3.920345E+10	-9.042511E-4	3.927753E+10	2.783489E-4	4.296544E+10	-1.241352E-3	4.304074E+10	-5.722741E-3	1.048875E-2	-1.711775E-2	-1.621149E-2	-9.153192E-3	-3.530459E+9	-3.508152E+9	-2.109104E+7	-2.230650E+7	-4.280799E+10
5.318010E+2	3.837691E-3	3.879910E+9	-9.049188E-3	2.338746E+8	6.267708E-3	3.899362E+9	-2.140343E-2	2.308572E+8	4.515934E-3	3.973616E+10	4.574818E-3	4.004217E+10	4.673235E-3	4.363553E+10	4.508864E-3	4.392208E+10	-1.288688E-2	-2.767114E-2	1.235424E-2	1.478426E-2	-1.355805E-2	-3.646035E+9	-3.668505E+9	3.017399E+6	2.246941E+7	-4.368821E+10
5.323010E+2	5.691746E-3	3.905336E+9	2.245132E-2	2.601228E+8	1.401934E-2	4.005489E+9	-3.225487E-3	2.457137E+8	1.215993E-2	4.079698E+10	1.176566E-2	4.104570E+10	1.232689E-2	4.480247E+10	1.122220E-2	4.495103E+10	1.675958E-2	-1.724483E-2	2.567681E-2	3.400441E-2	1.122912E-2	-3.645213E+9	-3.759776E+9	1.440908E+7	1.145625E+8	-4.469091E+10
5.328060E+2	1.520756E-2	4.035834E+9	5.470617E-3	2.459734E+8	1.377804E-2	4.002186E+9	5.156161E-2	2.904902E+8	1.234248E-2	4.082232E+10	1.350019E-2	4.128776E+10	1.247139E-2	4.482450E+10	1.365296E-2	4.532360E+10	-9.736944E-3	3.778357E-2	-4.609099E-2	-4.752051E-2	-8.182341E-3	-3.789861E+9	-3.711696E+9	-4.451684E+7	-7.816520E+7	-4.507762E+10
5.333020E+2	1.952230E-2	4.095006E+9	3.337259E-2	2.692231E+8	2.334732E-2	4.133199E+9	2.275587E-2	2.669478E+8	2.137326E-2	4.207559E+10	2.322396E-2	4.264477E+10	2.155052E-2	4.620879E+10	2.289275E-2	4.673978E+10	1.385029E-2	-5.914499E-4	1.061672E-2	1.444174E-2	1.047984E-2	-3.825783E+9	-3.866251E+9	2.275264E+6	4.046816E+7	-4.647056E+10
5.335040E+2	2.485239E-2	4.168102E+9	2.559070E-2	2.627387E+8	2.024486E-2	4.090723E+9	1.946390E-2	2.642573E+8	2.573204E-2	4.268049E+10	2.800332E-2	4.331176E+10	2.523932E-2	4.677121E+10	2.772139E-2	4.747986E+10	7.383090E-4	-7.809520E-4	6.126799E-3	1.519261E-3	-2.130684E-3	-3.905363E+9	-3.826465E+9	-1.518628E+6	-7.889737E+7	-4.721712E+10
5.337220E+2	3.029436E-2	4.242732E+9	2.379543E-2	2.612428E+8	2.514249E-2	4.157776E+9	3.893832E-2	2.801734E+8	3.497783E-2	4.396360E+10	3.219620E-2	4.389691E+10	3.409466E-2	4.812138E+10	3.202604E-2	4.813964E+10	-6.498924E-3	1.379583E-2	-1.514289E-2	-2.029475E-2	-8.230605E-3	-3.981489E+9	-3.877603E+9	-1.893066E+7	-1.038859E+8	-4.787839E+10
5.339090E+2	3.447980E-2	4.300130E+9	5.905652E-2	2.906245E+8	3.838686E-2	4.339105E+9	5.635554E-2	2.944082E+8	4.162761E-2	4.488644E+10	4.229959E-2	4.530690E+10	4.133661E-2	4.922555E+10	4.159991E-2	4.960703E+10	2.457672E-2	1.796868E-2	2.700981E-3	6.608044E-3	1.745661E-2	-4.009505E+9	-4.044697E+9	-3.783701E+6	3.519111E+7	-4.931640E+10
5.341110E+2	5.579257E-2	4.592409E+9	7.371212E-2	3.028365E+8	4.457566E-2	4.423836E+9	6.758806E-2	3.035884E+8	5.773415E-2	4.712167E+10	5.583394E-2	4.719570E+10	5.655258E-2	5.154551E+10	5.583024E-2	5.178811E+10	1.791955E-2	2.301240E-2	6.124056E-3	-5.092847E-3	1.788188E-2	-4.289573E+9	-4.120247E+9	-7.518835E+5	-1.693256E+8	-5.148527E+10
5.343030E+2	7.404142E-2	4.842671E+9	5.899293E-2	2.905715E+8	7.318065E-2	4.815466E+9	6.740032E-2	3.034349E+8	7.542277E-2	4.957646E+10	7.523295E-2	4.990295E+10	7.522144E-2	5.439193E+10	7.512634E-2	5.474562E+10	-1.504849E-2	-5.780335E-3	-8.407387E-3	-9.268158E-3	-1.613341E-2	-4.552099E+9	-4.512031E+9	-1.286339E+7	-4.006794E+7	-5.445505E+10
5.345160E+2	1.272335E-1	5.572137E+9	1.639903E-1	3.780619E+8	1.265986E-1	5.546811E+9	1.262007E-1	3.514915E+8	1.336460E-1	5.765656E+10	1.294664E-1	5.747156E+10	1.330132E-1	6.320337E+10	1.292666E-1	6.304370E+10	3.675675E-2	-3.978554E-4	3.778951E-2	3.715460E-2	3.472366E-2	-5.194075E+9	-5.195319E+9	2.657039E+7	1.244044E+6	-6.266563E+10
5.347340E+2	2.287723E-1	6.964621E+9	2.498280E-1	4.495872E+8	2.243847E-1	6.885599E+9	2.323358E-1	4.382338E+8	2.376777E-1	7.209386E+10	2.330963E-1	7.193375E+10	2.364841E-1	7.897946E+10	2.327094E-1	7.889837E+10	2.105564E-2	7.951082E-3	1.749218E-2	1.310456E-2	1.711854E-2	-6.515034E+9	-6.447365E+9	1.135344E+7	-6.766897E+7	-7.844879E+10
5.349060E+2	3.909656E-1	9.188910E+9	4.561686E-1	6.215232E+8	3.883291E-1	9.130160E+9	4.064610E-1	5.805433E+8	4.068520E-1	9.557151E+10	3.924334E-1	9.417023E+10	4.051888E-1	1.047017E+11	3.923021E-1	1.033591E+11	6.520302E-2	1.813186E-2	4.970764E-2	4.707115E-2	6.386653E-2	-8.567387E+9	-8.549617E+9	4.097992E+7	-1.776981E+7	-1.027376E+11
5.351140E+2	7.313971E-1	1.385752E+10	7.733165E-1	8.857907E+8	7.403498E-1	1.394967E+10	7.203085E-1	8.370453E+8	7.469296E-1	1.427667E+11	7.374569E-1	1.423204E+11	7.463388E-1	1.567164E+11	7.369147E-1	1.561779E+11	4.191935E-2	-2.004132E-2	5.300802E-2	6.196067E-2	3.640180E-2	-1.297173E+10	-1.311263E+10	4.874532E+7	1.408919E+8	-1.552921E+11
5.353120E+2	1.237837E+0	2.080274E+10	1.232286E+0	1.268233E+9	1.237615E+0	2.075773E+10	1.232885E+0	1.255965E+9	1.250026E+0	2.125854E+11	1.234642E+0	2.117056E+11	1.248911E+0	2.333431E+11	1.234928E+0	2.325084E+11	-5.550481E-3	-4.730452E-3	-5.984944E-4	-8.200289E-4	-2.641712E-3	-1.953451E+10	-1.950176E+10	1.226806E+7	-3.274860E+7	-2.312402E+11
5.355100E+2	1.798724E+0	2.849465E+10	1.847181E+0	1.780602E+9	1.819173E+0	2.871982E+10	1.825149E+0	1.740012E+9	1.783207E+0	2.865792E+11	1.781227E+0	2.879850E+11	1.786437E+0	3.152990E+11	1.782793E+0	3.164796E+11	4.845729E-2	5.976313E-3	2.203261E-2	4.248098E-2	6.438866E-2	-2.671405E+10	-2.697981E+10	4.059017E+7	2.657625E+8	-3.146990E+11
5.357090E+2	2.192314E+0	3.389227E+10	2.162918E+0	2.043694E+9	2.180024E+0	3.366023E+10	2.181772E+0	2.031474E+9	2.149363E+0	3.373934E+11	2.157150E+0	3.404473E+11	2.152116E+0	3.710537E+11	2.160296E+0	3.743395E+11	-2.939618E-2	1.748152E-3	-1.885423E-2	-3.114433E-2	2.621965E-3	-3.184857E+10	-3.162876E+10	1.221958E+7	-2.198139E+8	-3.722958E+11
5.359130E+2	2.381060E+0	3.648070E+10	2.356452E+0	2.204958E+9	2.358633E+0	3.610557E+10	2.388395E+0	2.200343E+9	2.312760E+0	3.600694E+11	2.327261E+0	3.641874E+11	2.316879E+0	3.961750E+11	2.332075E+0	4.006681E+11	-2.460875E-2	2.976212E-2	-3.194359E-2	-5.437086E-2	2.437695E-2	-3.427574E+10	-3.390523E+10	4.614572E+6	-3.705150E+8	-3.984631E+11
5.361110E+2	2.444318E+0	3.734821E+10	2.321606E+0	2.175922E+9	2.445999E+0	3.730169E+10	2.371645E+0	2.186654E+9	2.387918E+0	3.704996E+11	2.398616E+0	3.741453E+11	2.393134E+0	4.078013E+11	2.402705E+0	4.114935E+11	-1.227124E-1	-7.435393E-2	-5.003917E-2	-4.835848E-2	-8.109904E-2	-3.517228E+10	-3.511504E+10	-1.073148E+7	-5.724293E+7	-4.093176E+11
5.363100E+2	2.382392E+0	3.649896E+10	2.298716E+0	2.156849E+9	2.372097E+0	3.628991E+10	2.393181E+0	2.204255E+9	2.320598E+0	3.611570E+11	2.320921E+0	3.633026E+11	2.325222E+0	3.974469E+11	2.326421E+0	3.998016E+11	-8.367536E-2	2.108417E-2	-9.446512E-2	-1.047595E-1	-2.770517E-2	-3.434211E+10	-3.408565E+10	-4.740581E+7	-2.564547E+8	-3.976447E+11
5.365140E+2	2.065320E+0	3.215069E+10	2.108927E+0	1.998705E+9	2.080292E+0	3.229480E+10	2.094809E+0	1.960400E+9	2.043457E+0	3.226960E+11	2.043203E+0	3.245453E+11	2.046765E+0	3.549908E+11	2.045182E+0	3.566960E+11	4.360749E-2	1.451697E-2	1.411879E-2	2.909053E-2	6.374581E-2	-3.015199E+10	-3.033440E+10	3.830508E+7	1.824118E+8	-3.546972E+11
5.367240E+2	1.702657E+0	2.717720E+10	1.787463E+0	1.730841E+9	1.716878E+0	2.731930E+10	1.704552E+0	1.641450E+9	1.704122E+0	2.756038E+11	1.703595E+0	2.771509E+11	1.705267E+0	3.029231E+11	1.703511E+0	3.043281E+11	8.480626E-2	-1.232614E-2	8.291133E-2	9.713240E-2	8.395178E-2	-2.544636E+10	-2.567785E+10	8.939096E+7	2.314983E+8	-3.025973E+11
5.369180E+2	1.636067E+0	2.626400E+10	1.537817E+0	1.522821E+9	1.644713E+0	2.633129E+10	1.640376E+0	1.589001E+9	1.633079E+0	2.657446E+11	1.627718E+0	2.665619E+11	1.634123E+0	2.920759E+11	1.628465E+0	2.928259E+11	-9.824971E-2	-4.336350E-3	-1.025587E-1	-9.391336E-2	-9.064802E-2	-2.474118E+10	-2.474229E+10	-6.617983E+7	1.110492E+6	-2.913031E+11
5.371120E+2	1.470014E+0	2.398678E+10	1.520719E+0	1.508573E+9	1.490681E+0	2.422245E+10	1.512518E+0	1.484504E+9	1.472207E+0	2.434192E+11	1.468582E+0	2.443534E+11	1.473866E+0	2.676416E+11	1.468710E+0	2.683401E+11	5.070487E-2	2.183691E-2	8.201026E-3	2.886797E-2	5.200933E-2	-2.247821E+10	-2.273795E+10	2.406895E+7	2.597366E+8	-2.668316E+11
5.373170E+2	1.224412E+0	2.061864E+10	1.225252E+0	1.262371E+9	1.246055E+0	2.087327E+10	1.310541E+0	1.319432E+9	1.241021E+0	2.113357E+11	1.239078E+0	2.123248E+11	1.241473E+0	2.322089E+11	1.237766E+0	2.329434E+11	8.396757E-4	6.448654E-2	-8.528963E-2	-6.364686E-2	-1.251446E-2	-1.935627E+10	-1.955384E+10	-5.706094E+7	1.975728E+8	-2.316810E+11
5.375060E+2	1.202033E+0	2.031174E+10	1.232821E+0	1.268678E+9	1.200842E+0	2.025426E+10	1.208983E+0	1.236431E+9	1.192106E+0	2.045474E+11	1.179772E+0	2.040482E+11	1.192891E+0	2.248017E+11	1.181764E+0	2.243599E+11	3.078765E-2	8.141705E-3	2.383715E-2	2.264594E-2	5.105693E-2	-1.904306E+10	-1.901783E+10	3.224742E+7	-2.522777E+7	-2.230912E+11
5.377210E+2	1.337531E+0	2.216993E+10	1.309138E+0	1.332270E+9	1.342861E+0	2.219865E+10	1.329145E+0	1.334636E+9	1.337917E+0	2.247828E+11	1.330003E+0	2.250139E+11	1.338361E+0	2.469814E+11	1.330677E+0	2.471838E+11	-2.839293E-2	-1.371662E-2	-2.000705E-2	-1.467631E-2	-2.153913E-2	-2.083765E+10	-2.086401E+10	-2.366119E+6	2.635785E+7	-2.458515E+11
5.379050E+2	1.466319E+0	2.393611E+10	1.464935E+0	1.462090E+9	1.475203E+0	2.401054E+10	1.471591E+0	1.451055E+9	1.467048E+0	2.427032E+11	1.463351E+0	2.436234E+11	1.467780E+0	2.667138E+11	1.463617E+0	2.675595E+11	-1.384455E-3	-3.612476E-3	-6.656263E-3	2.228021E-3	1.317968E-3	-2.247402E+10	-2.255949E+10	1.103490E+7	8.547074E+7	-2.660974E+11
5.381060E+2	1.417781E+0	2.327047E+10	1.432439E+0	1.435013E+9	1.404716E+0	2.304550E+10	1.480029E+0	1.457952E+9	1.414753E+0	2.354458E+11	1.409702E+0	2.361364E+11	1.413852E+0	2.584913E+11	1.410425E+0	2.594068E+11	1.465757E-2	7.531360E-2	-4.759033E-2	-6.065603E-2	2.201388E-2	-2.183546E+10	-2.158755E+10	-2.293908E+7	-2.479124E+8	-2.579718E+11
5.383110E+2	1.677417E+0	2.683107E+10	1.673957E+0	1.636260E+9	1.701146E+0	2.710392E+10	1.672064E+0	1.614898E+9	1.670065E+0	2.708774E+11	1.672448E+0	2.728041E+11	1.672856E+0	2.979814E+11	1.672892E+0	2.996352E+11	-3.460640E-3	-2.908229E-2	1.892833E-3	2.562165E-2	1.064152E-3	-2.519481E+10	-2.548902E+10	2.136212E+7	2.942160E+8	-2.979989E+11
5.385110E+2	1.996013E+0	3.120024E+10	1.943638E+0	1.860976E+9	2.032161E+0	3.163585E+10	1.995444E+0	1.879192E+9	1.983721E+0	3.144060E+11	1.996025E+0	3.179614E+11	1.988070E+0	3.460418E+11	1.996024E+0	3.491616E+11	-5.237529E-2	-3.671706E-2	-5.180633E-2	-1.565824E-2	-5.238630E-2	-2.933926E+10	-2.975666E+10	-1.821572E+7	4.173983E+8	-3.473006E+11
5.387120E+2	2.042280E+0	3.183473E+10	1.984636E+0	1.895138E+9	2.055982E+0	3.196198E+10	2.032206E+0	1.909236E+9	2.003348E+0	3.171298E+11	2.015607E+0	3.206941E+11	2.008074E+0	3.490918E+11	2.017993E+0	3.525288E+11	-5.764360E-2	-2.377646E-2	-4.756931E-2	-3.386714E-2	-3.335700E-2	-2.993959E+10	-3.005274E+10	-1.409772E+7	1.131532E+8	-3.506337E+11
5.389130E+2	1.787962E+0	2.834705E+10	1.698905E+0	1.657049E+9	1.768788E+0	2.803000E+10	1.801026E+0	1.720297E+9	1.746359E+0	2.814654E+11	1.752408E+0	2.839630E+11	1.748373E+0	3.094954E+11	1.755589E+0	3.123101E+11	-8.905714E-2	3.223860E-2	-1.021218E-1	-1.212957E-1	-5.668443E-2	-2.669001E+10	-2.630971E+10	-6.324857E+7	-3.802986E+8	-3.106530E+11
5.391140E+2	1.652830E+0	2.649388E+10	1.632984E+0	1.602119E+9	1.649972E+0	2.640330E+10	1.600810E+0	1.556664E+9	1.633747E+0	2.658373E+11	1.641186E+0	2.684413E+11	1.635204E+0	2.922406E+11	1.642228E+0	2.949352E+11	-1.984622E-2	-4.916211E-2	3.217323E-2	2.931590E-2	-9.244262E-3	-2.489176E+10	-2.484664E+10	4.545500E+7	-4.512061E+7	-2.933331E+11
5.393140E+2	1.722255E+0	2.744596E+10	1.651905E+0	1.617885E+9	1.697461E+0	2.705347E+10	1.777706E+0	1.701238E+9	1.682038E+0	2.725391E+11	1.694633E+0	2.759002E+11	1.683423E+0	2.995926E+11	1.697105E+0	3.033462E+11	-7.035032E-2	8.024472E-2	-1.258014E-1	-1.505950E-1	-4.520014E-2	-2.582808E+10	-2.535224E+10	-8.335255E+7	-4.758422E+8	-3.017283E+11
5.395160E+2	1.526296E+0	2.475862E+10	1.553984E+0	1.536292E+9	1.530738E+0	2.477087E+10	1.523643E+0	1.493596E+9	1.501212E+0	2.474445E+11	1.508124E+0	2.498717E+11	1.503864E+0	2.722154E+11	1.509750E+0	2.746304E+11	2.768792E-2	-7.095164E-3	3.034111E-2	3.478308E-2	4.423380E-2	-2.322233E+10	-2.327727E+10	4.269522E+7	5.494252E+7	-2.730941E+11
5.397060E+2	1.247250E+0	2.093184E+10	1.203888E+0	1.244570E+9	1.254785E+0	2.099280E+10	1.244573E+0	1.265518E+9	1.231718E+0	2.100446E+11	1.235606E+0	2.118402E+11	1.233789E+0	2.310374E+11	1.236648E+0	2.327720E+11	-4.336222E-2	-1.021213E-2	-4.068523E-2	-3.315009E-2	-3.276036E-2	-1.968727E+10	-1.972728E+10	-2.094794E+7	4.001703E+7	-2.315275E+11
5.399500E+2	1.068946E+0	1.848661E+10	1.054875E+0	1.120403E+9	1.054957E+0	1.825695E+10	1.095026E+0	1.143295E+9	1.056182E+0	1.856842E+11	1.057121E+0	1.869315E+11	1.056072E+0	2.039411E+11	1.058179E+0	2.054182E+11	-1.407091E-2	4.006873E-2	-4.015042E-2	-5.413964E-2	-3.304282E-3	-1.736621E+10	-1.711366E+10	-2.289209E+7	-2.525470E+8	-2.042978E+11
5.401150E+2	1.011039E+0	1.769248E+10	1.038971E+0	1.107151E+9	9.839362E-1	1.728461E+10	1.026680E+0	1.087438E+9	9.987501E-1	1.777139E+11	9.958240E-1	1.783771E+11	9.974199E-1	1.949985E+11	9.971854E-1	1.960696E+11	2.793183E-2	4.274413E-2	1.229060E-2	-1.481231E-2	4.178548E-2	-1.658533E+10	-1.619717E+10	1.971288E+7	-3.881596E+8	-1.949624E+11
5.403170E+2	8.715041E-1	1.577893E+10	9.066410E-1	9.968850E+8	8.717212E-1	1.574828E+10	9.053395E-1	9.882680E+8	8.579401E-1	1.581725E+11	8.535757E-1	1.585255E+11	8.591776E-1	1.739208E+11	8.551798E-1	1.743044E+11	3.513695E-2	3.361829E-2	1.301536E-3	1.518661E-3	5.146124E-2	-1.478204E+10	-1.476001E+10	8.617066E+6	-2.203229E+7	-1.733075E+11
5.405130E+2	6.806230E-1	1.316122E+10	6.691601E-1	7.990011E+8	6.921327E-1	1.328953E+10	7.027730E-1	8.227139E+8	6.924122E-1	1.352009E+11	6.938498E-1	1.362347E+11	6.923871E-1	1.484905E+11	6.926663E-1	1.493960E+11	-1.146284E-2	1.064028E-2	-3.361289E-2	-2.210312E-2	-2.350619E-2	-1.236222E+10	-1.246682E+10	-2.371286E+7	1.046022E+8	-1.485970E+11
5.407050E+2	5.444070E-1	1.129318E+10	5.362842E-1	6.882805E+8	5.358637E-1	1.115005E+10	5.797417E-1	7.221626E+8	5.507206E-1	1.155373E+11	5.443939E-1	1.153773E+11	5.493866E-1	1.266873E+11	5.443951E-1	1.266704E+11	-8.122886E-3	4.387804E-2	-4.345758E-2	-5.200092E-2	-8.110961E-3	-1.060490E+10	-1.042789E+10	-3.388212E+7	-1.770049E+8	-1.259822E+11
5.409170E+2	4.880279E-1	1.052000E+10	5.095865E-1	6.660343E+8	5.078800E-1	1.076693E+10	4.867143E-1	6.461329E+8	5.022444E-1	1.088099E+11	5.086714E-1	1.103920E+11	5.027504E-1	1.195768E+11	5.068244E-1	1.209120E+11	2.155858E-2	-2.116569E-2	2.287217E-2	4.272427E-2	2.762097E-3	-9.853970E+9	-1.012080E+10	1.990138E+7	2.668272E+8	-1.202459E+11
5.411040E+2	4.698809E-1	1.027114E+10	4.258277E-1	5.962412E+8	4.585095E-1	1.009100E+10	5.121686E-1	6.669362E+8	4.729362E-1	1.047425E+11	4.667513E-1	1.045418E+11	4.716408E-1	1.148335E+11	4.670313E-1	1.148129E+11	-4.405326E-2	5.365911E-2	-8.634092E-2	-9.771237E-2	-4.120368E-2	-9.674899E+9	-9.424062E+9	-7.069504E+7	-2.508364E+8	-1.142167E+11
5.413120E+2	4.469136E-1	9.956171E+9	4.087816E-1	5.820374E+8	4.223441E-1	9.595859E+9	3.910990E-1	5.679882E+8	4.458790E-1	1.009876E+11	4.402131E-1	1.008382E+11	4.437657E-1	1.105834E+11	4.408126E-1	1.107943E+11	-3.813205E-2	-3.124515E-2	1.768261E-2	-6.886901E-3	-3.203101E-2	-9.374133E+9	-9.027871E+9	1.404917E+7	-3.462624E+8	-1.102123E+11
5.418180E+2	4.442792E-1	9.920043E+9	4.479651E-1	6.146875E+8	4.445078E-1	9.899303E+9	4.687428E-1	6.314451E+8	4.536782E-1	1.020699E+11	4.497148E-1	1.021642E+11	4.528547E-1	1.119692E+11	4.492284E-1	1.120842E+11	3.685912E-3	2.423496E-2	-2.077770E-2	-2.054905E-2	-1.263334E-3	-9.305355E+9	-9.267857E+9	-1.675761E+7	-3.749770E+7	-1.114696E+11
5.423100E+2	6.045848E-1	1.211844E+10	6.477099E-1	7.811274E+8	6.072317E-1	1.212715E+10	6.289377E-1	7.623696E+8	6.187068E-1	1.249723E+11	6.157923E-1	1.253413E+11	6.176764E-1	1.370994E+11	6.147895E-1	1.374598E+11	4.312512E-2	2.170607E-2	1.877218E-2	2.141905E-2	3.292042E-2	-1.133732E+10	-1.136478E+10	1.875776E+7	2.746662E+7	-1.366787E+11
5.428140E+2	8.394595E-1	1.533947E+10	8.146342E-1	9.202192E+8	8.357050E-1	1.525518E+10	8.014255E-1	9.033409E+8	8.350193E-1	1.549916E+11	8.304391E-1	1.552966E+11	8.350809E-1	1.702468E+11	8.312462E-1	1.706361E+11	-2.482525E-2	-3.427946E-2	1.320874E-2	9.454215E-3	-1.661198E-2	-1.441925E+10	-1.435184E+10	1.687833E+7	-6.741540E+7	-1.697159E+11
5.433230E+2	1.027021E+0	1.791166E+10	1.001926E+0	1.076282E+9	1.003132E+0	1.754741E+10	1.033543E+0	1.093047E+9	1.010298E+0	1.793164E+11	1.009003E+0	1.802163E+11	1.009654E+0	1.968639E+11	1.010615E+0	1.981279E+11	-2.509544E-2	3.041156E-2	-3.161758E-2	-5.550700E-2	-8.689329E-3	-1.683537E+10	-1.645437E+10	-1.676450E+7	-3.810059E+8	-1.970517E+11
5.438290E+2	1.086257E+0	1.872401E+10	1.090780E+0	1.150322E+9	1.090195E+0	1.873939E+10	1.104435E+0	1.150986E+9	1.084348E+0	1.895930E+11	1.085924E+0	1.909511E+11	1.084873E+0	2.083324E+11	1.085954E+0	2.096751E+11	4.523598E-3	1.424093E-2	-1.365497E-2	-9.717331E-3	4.826583E-3	-1.757368E+10	-1.758841E+10	-6.640541E+5	1.472237E+7	-2.085248E+11
5.443240E+2	1.131294E+0	1.934164E+10	1.064515E+0	1.128435E+9	1.147679E+0	1.952642E+10	1.126038E+0	1.168641E+9	1.136396E+0	1.968160E+11	1.140725E+0	1.985989E+11	1.137409E+0	2.163424E+11	1.139881E+0	2.179405E+11	-6.677905E-2	-2.164122E-2	-6.152308E-2	-4.513784E-2	-7.536580E-2	-1.821320E+10	-1.835777E+10	-4.020554E+7	1.445729E+8	-2.168121E+11
5.448150E+2	1.162981E+0	1.977618E+10	1.179439E+0	1.224197E+9	1.157668E+0	1.966317E+10	1.194832E+0	1.224865E+9	1.157209E+0	1.997044E+11	1.161526E+0	2.015018E+11	1.157250E+0	2.193675E+11	1.161656E+0	2.212780E+11	1.645794E-2	3.716437E-2	-1.539333E-2	-2.070642E-2	1.778291E-2	-1.855199E+10	-1.843830E+10	-6.680088E+5	-1.136846E+8	-2.200538E+11
5.453180E+2	1.118437E+0	1.916532E+10	1.136944E+0	1.188788E+9	1.107497E+0	1.897629E+10	1.072620E+0	1.124983E+9	1.111165E+0	1.933146E+11	1.116365E+0	1.951993E+11	1.110836E+0	2.122909E+11	1.116550E+0	2.143647E+11	1.850719E-2	-3.487751E-2	6.432409E-2	5.338470E-2	2.039375E-2	-1.797653E+10	-1.785130E+10	6.380457E+7	-1.252248E+8	-2.131759E+11
5.458370E+2	9.931803E-1	1.744757E+10	9.713500E-1	1.050805E+9	9.916008E-1	1.738955E+10	1.041831E+0	1.099820E+9	9.896411E-1	1.764497E+11	9.942927E-1	1.781634E+11	9.898171E-1	1.938393E+11	9.941931E-1	1.956110E+11	-2.183030E-2	5.023023E-2	-7.048105E-2	-7.206054E-2	-2.284311E-2	-1.639677E+10	-1.628973E+10	-4.901553E+7	-1.070396E+8	-1.945602E+11
5.463090E+2	9.168013E-1	1.640012E+10	9.242867E-1	1.011589E+9	9.260030E-1	1.649145E+10	8.999967E-1	9.839014E+8	9.281581E-1	1.679172E+11	9.214055E-1	1.679916E+11	9.279646E-1	1.844087E+11	9.209936E-1	1.843917E+11	7.485424E-3	-2.600629E-2	2.428998E-2	3.349171E-2	3.293144E-3	-1.538853E+10	-1.550755E+10	2.768710E+7	1.190120E+8	-1.833801E+11
5.468150E+2	1.020369E+0	1.782043E+10	1.066977E+0	1.130487E+9	1.024582E+0	1.784108E+10	1.016254E+0	1.078917E+9	1.017300E+0	1.802882E+11	1.017263E+0	1.813691E+11	1.017954E+0	1.981293E+11	1.017541E+0	1.991895E+11	4.660862E-2	-8.327342E-3	5.072325E-2	5.493596E-2	4.943622E-2	-1.668994E+10	-1.676217E+10	5.157077E+7	7.222700E+7	-1.980590E+11
5.473160E+2	1.045024E+0	1.815855E+10	1.061334E+0	1.125785E+9	1.066223E+0	1.841120E+10	9.969828E-1	1.063166E+9	1.058785E+0	1.860453E+11	1.056675E+0	1.868693E+11	1.059453E+0	2.044565E+11	1.055633E+0	2.050278E+11	1.631018E-2	-6.924041E-2	6.435150E-2	8.555059E-2	5.701501E-3	-1.703276E+10	-1.734803E+10	6.261872E+7	3.152726E+8	-2.039020E+11
5.478120E+2	1.180897E+0	2.002188E+10	1.173664E+0	1.219385E+9	1.193872E+0	2.015884E+10	1.178130E+0	1.211215E+9	1.185057E+0	2.035692E+11	1.182815E+0	2.044729E+11	1.185849E+0	2.237280E+11	1.182644E+0	2.244948E+11	-7.232576E-3	-1.574146E-2	-4.466312E-3	8.508881E-3	-8.979648E-3	-1.880249E+10	-1.894762E+10	8.170167E+6	1.451294E+8	-2.232754E+11
5.483090E+2	1.240649E+0	2.084130E+10	1.240503E+0	1.275080E+9	1.244062E+0	2.084599E+10	1.302232E+0	1.312641E+9	1.243304E+0	2.116526E+11	1.242244E+0	2.127665E+11	1.243372E+0	2.324986E+11	1.242101E+0	2.336078E+11	-1.454260E-4	5.816955E-2	-6.172855E-2	-5.831498E-2	-1.597992E-3	-1.956623E+10	-1.953335E+10	-3.756116E+7	-3.287375E+7	-2.323328E+11
5.488180E+2	1.405676E+0	2.310445E+10	1.374811E+0	1.386993E+9	1.398382E+0	2.295878E+10	1.338920E+0	1.342626E+9	1.396070E+0	2.328531E+11	1.396333E+0	2.342706E+11	1.396278E+0	2.558119E+11	1.397169E+0	2.573750E+11	-3.086469E-2	-5.946173E-2	3.589109E-2	2.859704E-2	-2.235790E-2	-2.171746E+10	-2.161615E+10	4.436792E+7	-1.013094E+8	-2.559880E+11
5.493070E+2	1.531429E+0	2.482901E+10	1.564539E+0	1.545087E+9	1.535922E+0	2.484184E+10	1.533181E+0	1.501391E+9	1.524150E+0	2.506278E+11	1.522626E+0	2.518956E+11	1.525207E+0	2.754696E+11	1.523414E+0	2.767247E+11	3.311000E-2	-2.741616E-3	3.135816E-2	3.585161E-2	4.112466E-2	-2.328392E+10	-2.334045E+10	4.369511E+7	5.652997E+7	-2.751796E+11
5.498010E+2	1.633832E+0	2.623335E+10	1.575017E+0	1.553818E+9	1.614229E+0	2.591394E+10	1.648548E+0	1.595680E+9	1.604190E+0	2.617356E+11	1.608349E+0	2.638588E+11	1.605092E+0	2.876495E+11	1.610629E+0	2.900921E+11	-5.881469E-2	3.431987E-2	-7.353130E-2	-9.313456E-2	-3.561202E-2	-2.467953E+10	-2.431826E+10	-4.186176E+7	-3.612721E+8	-2.885383E+11
5.503080E+2	1.616164E+0	2.599106E+10	1.564868E+0	1.545361E+9	1.615223E+0	2.592755E+10	1.618196E+0	1.570873E+9	1.588546E+0	2.595645E+11	1.596323E+0	2.621804E+11	1.590941E+0	2.854920E+11	1.598098E+0	2.881715E+11	-5.129590E-2	2.973236E-3	-5.332764E-2	-5.426913E-2	-3.322973E-2	-2.444570E+10	-2.435667E+10	-2.551185E+7	-8.902084E+7	-2.866261E+11
5.508370E+2	1.603119E+0	2.581216E+10	1.575921E+0	1.554571E+9	1.644867E+0	2.633341E+10	1.600774E+0	1.556635E+9	1.599749E+0	2.611192E+11	1.607992E+0	2.638089E+11	1.603801E+0	2.874526E+11	1.607556E+0	2.896210E+11	-2.719845E-2	-4.409292E-2	-2.485370E-2	1.689447E-2	-3.163506E-2	-2.425759E+10	-2.477677E+10	-2.063975E+6	5.191884E+8	-2.880665E+11
5.513120E+2	1.567028E+0	2.531722E+10	1.543398E+0	1.527470E+9	1.581039E+0	2.545954E+10	1.549834E+0	1.515002E+9	1.550839E+0	2.543316E+11	1.559109E+0	2.569870E+11	1.553551E+0	2.797911E+11	1.559818E+0	2.823042E+11	-2.363096E-2	-3.120540E-2	-6.436037E-3	7.574443E-3	-1.642010E-2	-2.378975E+10	-2.394454E+10	1.246873E+7	1.547886E+8	-2.807768E+11
5.518100E+2	1.388092E+0	2.286331E+10	1.401955E+0	1.409612E+9	1.410094E+0	2.311913E+10	1.455598E+0	1.437984E+9	1.378790E+0	2.304549E+11	1.390981E+0	2.335238E+11	1.381601E+0	2.535741E+11	1.390723E+0	2.563871E+11	1.386331E-2	4.550397E-2	-5.364234E-2	-3.164066E-2	1.123234E-2	-2.145370E+10	-2.168114E+10	-2.837242E+7	2.274392E+8	-2.549775E+11
5.523090E+2	1.281285E+0	2.139858E+10	1.218308E+0	1.256586E+9	1.271877E+0	2.122680E+10	1.232798E+0	1.255894E+9	1.270259E+0	2.153932E+11	1.270843E+0	2.167577E+11	1.270404E+0	2.366200E+11	1.271777E+0	2.381562E+11	-6.297619E-2	-3.907930E-2	-1.448907E-2	-2.389689E-2	-5.346852E-2	-2.014199E+10	-1.997091E+10	6.921666E+5	-1.710855E+8	-2.368997E+11
5.528420E+2	1.175133E+0	1.994283E+10	1.259015E+0	1.290505E+9	1.166069E+0	1.977819E+10	1.128831E+0	1.170924E+9	1.181353E+0	2.030551E+11	1.174034E+0	2.032475E+11	1.179980E+0	2.228333E+11	1.174133E+0	2.231903E+11	8.388193E-2	-3.723786E-2	1.301833E-1	1.211198E-1	8.488188E-2	-1.865233E+10	-1.860727E+10	1.195808E+8	-4.505932E+7	-2.218998E+11
5.533380E+2	1.080243E+0	1.864154E+10	1.142932E+0	1.193777E+9	1.086452E+0	1.868815E+10	1.089470E+0	1.138754E+9	1.086918E+0	1.899496E+11	1.082295E+0	1.904447E+11	1.086876E+0	2.086377E+11	1.082111E+0	2.090862E+11	6.268869E-2	3.017773E-3	5.346231E-2	5.967092E-2	6.082046E-2	-1.744776E+10	-1.754940E+10	5.502311E+7	1.016386E+8	-2.078924E+11
5.538170E+2	1.005732E+0	1.761970E+10	1.018857E+0	1.090390E+9	1.016870E+0	1.773550E+10	1.031142E+0	1.091084E+9	1.008648E+0	1.790874E+11	1.011874E+0	1.806170E+11	1.009386E+0	1.968229E+11	1.011325E+0	1.982367E+11	1.312460E-2	1.427228E-2	-1.228525E-2	-1.147682E-3	7.531973E-3	-1.652931E+10	-1.664442E+10	-6.939537E+5	1.151045E+8	-1.971463E+11
5.543090E+2	9.397700E-1	1.671511E+10	9.623314E-1	1.043290E+9	9.399261E-1	1.668207E+10	9.589730E-1	1.032102E+9	9.495684E-1	1.708885E+11	9.427418E-1	1.709692E+11	9.487026E-1	1.875706E+11	9.424759E-1	1.876843E+11	2.256136E-2	1.904694E-2	3.358393E-3	3.514424E-3	1.985546E-2	-1.567182E+10	-1.564997E+10	1.118804E+7	-2.185593E+7	-1.866410E+11
5.553280E+2	1.017809E+0	1.778533E+10	1.048788E+0	1.115331E+9	1.018366E+0	1.775599E+10	1.042138E+0	1.100071E+9	1.010245E+0	1.793091E+11	1.010693E+0	1.804522E+11	1.010975E+0	1.970651E+11	1.011330E+0	1.982375E+11	3.097836E-2	2.377155E-2	6.649902E-3	7.206814E-3	3.745782E-2	-1.667000E+10	-1.665592E+10	1.525971E+7	-1.407706E+7	-1.971222E+11
5.563280E+2	1.077380E+0	1.860227E+10	1.094923E+0	1.153773E+9	1.072611E+0	1.849865E+10	1.012483E+0	1.075834E+9	1.076778E+0	1.885424E+11	1.073636E+0	1.892362E+11	1.076404E+0	2.070411E+11	1.073971E+0	2.078385E+11	1.754279E-2	-6.012771E-2	8.243978E-2	7.767050E-2	2.095187E-2	-1.744849E+10	-1.742282E+10	7.793869E+7	-2.567866E+7	-2.066847E+11
5.573160E+2	1.122901E+0	1.922653E+10	1.127204E+0	1.180672E+9	1.140234E+0	1.942448E+10	1.110428E+0	1.155883E+9	1.128563E+0	1.957290E+11	1.131000E+0	1.972418E+11	1.129611E+0	2.151535E+11	1.130275E+0	2.164683E+11	4.303545E-3	-2.980589E-2	1.677667E-2	3.410944E-2	-3.071010E-3	-1.804586E+10	-1.826859E+10	2.478926E+7	2.227317E+8	-2.152876E+11
5.583170E+2	1.119427E+0	1.917890E+10	1.165954E+0	1.212961E+9	1.112118E+0	1.903955E+10	1.143055E+0	1.182549E+9	1.113939E+0	1.936995E+11	1.112576E+0	1.946705E+11	1.113775E+0	2.127391E+11	1.113189E+0	2.138494E+11	4.652719E-2	3.093688E-2	2.289915E-2	1.559031E-2	5.276581E-2	-1.796594E+10	-1.785700E+10	3.041228E+7	-1.089339E+8	-2.126365E+11
5.593120E+2	1.108901E+0	1.903455E+10	1.171592E+0	1.217659E+9	1.123390E+0	1.919388E+10	1.134093E+0	1.175224E+9	1.096868E+0	1.913304E+11	1.102317E+0	1.932388E+11	1.099249E+0	2.105243E+11	1.102906E+0	2.122734E+11	6.269055E-2	1.070293E-2	3.749859E-2	5.198762E-2	6.868597E-2	-1.781689E+10	-1.801865E+10	4.243424E+7	2.017627E+8	-2.110557E+11
5.603040E+2	1.023250E+0	1.785994E+10	1.006836E+0	1.080374E+9	1.025727E+0	1.785677E+10	9.942276E-1	1.060915E+9	1.017398E+0	1.803018E+11	1.018784E+0	1.815813E+11	1.018146E+0	1.981586E+11	1.019184E+0	1.994413E+11	-1.641381E-2	-3.149948E-2	1.260874E-2	1.508567E-2	-1.234744E-2	-1.677957E+10	-1.679585E+10	1.945938E+7	1.628532E+7	-1.983609E+11
5.613790E+2	9.856325E-1	1.734406E+10	9.967921E-1	1.072005E+9	1.001966E+0	1.753145E+10	1.021182E+0	1.082944E+9	9.884242E-1	1.762808E+11	9.894867E-1	1.774927E+11	9.896402E-1	1.938123E+11	9.891419E-1	1.948368E+11	1.115956E-2	1.921600E-2	-2.438972E-2	-8.056443E-3	7.650199E-3	-1.627206E+10	-1.644851E+10	-1.093932E+7	1.764524E+8	-1.937648E+11
5.623330E+2	9.493821E-1	1.684693E+10	8.849675E-1	9.788253E+8	9.535178E-1	1.686815E+10	9.288780E-1	1.007506E+9	9.550181E-1	1.716448E+11	9.519585E-1	1.722554E+11	9.548834E-1	1.885130E+11	9.517280E-1	1.891023E+11	-6.441463E-2	-2.463985E-2	-4.391047E-2	-3.977477E-2	-6.676051E-2	-1.586810E+10	-1.586065E+10	-2.868026E+7	-7.458088E+6	-1.881235E+11
5.633300E+2	9.318794E-1	1.660690E+10	9.902521E-1	1.066555E+9	9.276328E-1	1.651376E+10	9.290294E-1	1.007629E+9	9.307614E-1	1.682785E+11	9.316503E-1	1.694213E+11	9.304804E-1	1.847923E+11	9.316708E-1	1.860282E+11	5.837269E-2	1.396631E-3	6.122266E-2	5.697606E-2	5.858127E-2	-1.554035E+10	-1.550613E+10	5.892567E+7	-3.421452E+7	-1.849616E+11
5.643420E+2	9.718578E-1	1.715516E+10	1.005638E+0	1.079375E+9	9.456744E-1	1.676077E+10	9.497703E-1	1.024580E+9	9.681893E-1	1.734727E+11	9.669642E-1	1.743495E+11	9.661676E-1	1.902335E+11	9.674020E-1	1.915047E+11	3.377991E-2	4.095968E-3	5.586740E-2	2.968394E-2	3.823571E-2	-1.607578E+10	-1.573619E+10	5.479477E+7	-3.395952E+8	-1.904253E+11
5.653230E+2	1.007809E+0	1.764819E+10	9.762502E-1	1.054888E+9	1.001150E+0	1.752028E+10	1.075805E+0	1.127586E+9	1.015075E+0	1.799794E+11	1.010115E+0	1.803716E+11	1.013825E+0	1.974997E+11	1.009909E+0	1.980197E+11	-3.155923E-2	7.465518E-2	-9.955466E-2	-1.062144E-1	-3.365877E-2	-1.659330E+10	-1.639269E+10	-7.269857E+7	-2.006103E+8	-1.969649E+11
5.663250E+2	1.054488E+0	1.828833E+10	1.038785E+0	1.106996E+9	1.063172E+0	1.836943E+10	1.020802E+0	1.082633E+9	1.050022E+0	1.848292E+11	1.051819E+0	1.861916E+11	1.051203E+0	2.031987E+11	1.052058E+0	2.044799E+11	-1.570223E-2	-4.237037E-2	1.798370E-2	2.666814E-2	-1.327242E-2	-1.718133E+10	-1.728679E+10	2.436279E+7	1.054626E+8	-2.033729E+11
5.673240E+2	1.075701E+0	1.857924E+10	1.100479E+0	1.158403E+9	1.081160E+0	1.861571E+10	1.080306E+0	1.131265E+9	1.075112E+0	1.883112E+11	1.079222E+0	1.900158E+11	1.075655E+0	2.069269E+11	1.078907E+0	2.085950E+11	2.477772E-2	-8.540866E-4	2.017234E-2	2.563181E-2	2.157197E-2	-1.742084E+10	-1.748444E+10	2.713740E+7	6.360005E+7	-2.074366E+11
