Photon Energy (eV)	X ref norm	X ref	X pump norm	X pump	Y ref norm	Y ref	Y pump norm	Y pump	X all norm	X all	Y all norm	Y all	X all Y ref norm	X all Y ref	Y all X ref norm	Y all X ref	BC(X hist) norm	BC(Y hist) norm	StS norm	BCSC norm	BCLR norm	BC(X hist)	BC(Y hist)	StS	BCSC	BCLR	
5.293120E+2	-1.501521E-2	3.621365E+9	-4.576560E-2	2.036078E+8	-1.203633E-2	3.648761E+9	-6.200970E-3	2.348177E+8	-1.605446E-2	3.688145E+10	-1.443702E-2	3.738895E+10	-1.569365E-2	4.053021E+10	-1.448876E-2	4.101032E+10	-3.075039E-2	5.835358E-3	-3.956463E-2	-3.658575E-2	-3.127684E-2	-3.417757E+9	-3.413944E+9	-3.120992E+7	-3.813051E+6	-4.080671E+10
5.298070E+2	-4.500991E-3	3.765555E+9	-2.128452E-2	2.243480E+8	-1.016803E-2	3.674340E+9	-2.503424E-2	2.190955E+8	-6.489129E-3	3.820890E+10	-6.943712E-3	3.843469E+10	-6.819477E-3	4.188324E+10	-6.725150E-3	4.220024E+10	-1.678353E-2	-1.486621E-2	3.749721E-3	-1.917313E-3	-1.455937E-2	-3.541207E+9	-3.455245E+9	5.252531E+6	-8.596177E+7	-4.197590E+10
5.303080E+2	1.518896E-3	3.848110E+9	-1.157318E-2	2.325754E+8	-8.130957E-3	3.702230E+9	-1.069615E-2	2.310651E+8	-2.761718E-3	3.872619E+10	-3.213829E-3	3.895522E+10	-3.243851E-3	4.242842E+10	-2.790369E-3	4.280333E+10	-1.309208E-2	-2.565190E-3	-8.770379E-4	-1.052689E-2	-8.782816E-3	-3.615535E+9	-3.471165E+9	1.510329E+6	-1.443701E+8	-4.257075E+10
5.308150E+2	-2.067888E-3	3.798922E+9	-1.283492E-2	2.315065E+8	3.575580E-5	3.814040E+9	-1.562327E-2	2.269519E+8	-4.390330E-3	3.850017E+10	-4.341855E-3	3.879779E+10	-3.992888E-3	4.231421E+10	-4.138392E-3	4.259672E+10	-1.076703E-2	-1.565903E-2	2.788354E-3	4.891998E-3	-8.696527E-3	-3.567415E+9	-3.587088E+9	4.554611E+6	1.967305E+7	-4.236521E+10
5.313130E+2	-4.671803E-3	3.763212E+9	1.533802E-2	2.553744E+8	-3.765540E-3	3.761997E+9	1.205013E-2	2.500539E+8	6.772946E-4	3.920345E+10	-9.042511E-4	3.927753E+10	2.783489E-4	4.296544E+10	-1.241352E-3	4.304074E+10	2.000982E-2	1.581567E-2	3.287887E-3	4.194150E-3	1.657937E-2	-3.507838E+9	-3.511943E+9	5.320521E+6	4.105063E+6	-4.278537E+10
5.318010E+2	3.837691E-3	3.879910E+9	2.318795E-3	2.443446E+8	6.267708E-3	3.899362E+9	2.435886E-2	2.603294E+8	4.515934E-3	3.973616E+10	4.574818E-3	4.004217E+10	4.673235E-3	4.363553E+10	4.508864E-3	4.392208E+10	-1.518896E-3	1.809116E-2	-2.204007E-2	-1.961005E-2	-2.190069E-3	-3.635565E+9	-3.639032E+9	-1.598475E+7	3.467257E+6	-4.367774E+10
5.323010E+2	5.691746E-3	3.905336E+9	3.724678E-2	2.739354E+8	1.401934E-2	4.005489E+9	3.993145E-3	2.433279E+8	1.215993E-2	4.079698E+10	1.176566E-2	4.104570E+10	1.232689E-2	4.480247E+10	1.122220E-2	4.495103E+10	3.155504E-2	-1.002620E-2	3.325364E-2	4.158124E-2	2.602458E-2	-3.631401E+9	-3.762162E+9	3.060756E+7	1.307610E+8	-4.467710E+10
5.328060E+2	1.520756E-2	4.035834E+9	3.655463E-2	2.733490E+8	1.377804E-2	4.002186E+9	1.715249E-2	2.543134E+8	1.234248E-2	4.082232E+10	1.350019E-2	4.128776E+10	1.247139E-2	4.482450E+10	1.365296E-2	4.532360E+10	2.134706E-2	3.374445E-3	1.940214E-2	1.797262E-2	2.290167E-2	-3.762485E+9	-3.747872E+9	1.903561E+7	-1.461275E+7	-4.505025E+10
5.333020E+2	1.952230E-2	4.095006E+9	3.081796E-2	2.684890E+8	2.334732E-2	4.133199E+9	1.207934E-2	2.500783E+8	2.137326E-2	4.207559E+10	2.322396E-2	4.264477E+10	2.155052E-2	4.620879E+10	2.289275E-2	4.673978E+10	1.129566E-2	-1.126798E-2	1.873862E-2	2.256364E-2	7.925212E-3	-3.826517E+9	-3.883120E+9	1.841066E+7	5.660356E+7	-4.647129E+10
5.335040E+2	2.485239E-2	4.168102E+9	5.709597E-2	2.907515E+8	2.024486E-2	4.090723E+9	4.698024E-2	2.792139E+8	2.573204E-2	4.268049E+10	2.800332E-2	4.331176E+10	2.523932E-2	4.677121E+10	2.772139E-2	4.747986E+10	3.224358E-2	2.673538E-2	1.011573E-2	5.508196E-3	2.937458E-2	-3.877350E+9	-3.811509E+9	1.153761E+7	-6.584113E+7	-4.718911E+10
5.337220E+2	3.029436E-2	4.242732E+9	1.253179E-2	2.529970E+8	2.514249E-2	4.157776E+9	4.955501E-2	2.813634E+8	3.497783E-2	4.396360E+10	3.219620E-2	4.389691E+10	3.409466E-2	4.812138E+10	3.202604E-2	4.813964E+10	-1.776257E-2	2.441252E-2	-3.702323E-2	-4.217509E-2	-1.949425E-2	-3.989735E+9	-3.876413E+9	-2.836637E+7	-1.133216E+8	-4.788664E+10
5.339090E+2	3.447980E-2	4.300130E+9	2.037806E-2	2.596443E+8	3.838686E-2	4.339105E+9	3.908941E-2	2.726266E+8	4.162761E-2	4.488644E+10	4.229959E-2	4.530690E+10	4.133661E-2	4.922555E+10	4.159991E-2	4.960703E+10	-1.410174E-2	7.025444E-4	-1.871135E-2	-1.480429E-2	-2.122186E-2	-4.040486E+9	-4.066478E+9	-1.298226E+7	2.599256E+7	-4.934738E+10
5.341110E+2	5.579257E-2	4.592409E+9	2.815782E-2	2.662353E+8	4.457566E-2	4.423836E+9	6.349899E-2	2.930040E+8	5.773415E-2	4.712167E+10	5.583394E-2	4.719570E+10	5.655258E-2	5.154551E+10	5.583024E-2	5.178811E+10	-2.763475E-2	1.892333E-2	-3.534118E-2	-4.655808E-2	-2.767242E-2	-4.326174E+9	-4.130832E+9	-2.676867E+7	-1.953424E+8	-5.152187E+10
5.343030E+2	7.404142E-2	4.842671E+9	9.108247E-2	3.195447E+8	7.318065E-2	4.815466E+9	9.180324E-2	3.166326E+8	7.542277E-2	4.957646E+10	7.523295E-2	4.990295E+10	7.522144E-2	5.439193E+10	7.512634E-2	5.474562E+10	1.704104E-2	1.862259E-2	-7.207741E-4	-1.581545E-3	1.595613E-2	-4.523126E+9	-4.498834E+9	2.912070E+6	-2.429247E+7	-5.442607E+10
5.345160E+2	1.272335E-1	5.572137E+9	1.337758E-1	3.557143E+8	1.265986E-1	5.546811E+9	1.114949E-1	3.330714E+8	1.336460E-1	5.765656E+10	1.294664E-1	5.747156E+10	1.330132E-1	6.320337E+10	1.292666E-1	6.304370E+10	6.542274E-3	-1.510373E-2	2.228091E-2	2.164600E-2	4.509184E-3	-5.216423E+9	-5.213739E+9	2.264283E+7	-2.683519E+6	-6.268798E+10
5.347340E+2	2.287723E-1	6.964621E+9	2.602933E-1	4.628992E+8	2.243847E-1	6.885599E+9	2.539345E-1	4.519815E+8	2.376777E-1	7.209386E+10	2.330963E-1	7.193375E+10	2.364841E-1	7.897946E+10	2.327094E-1	7.889837E+10	3.152102E-2	2.954980E-2	6.358838E-3	1.971215E-3	2.758392E-2	-6.501722E+9	-6.433618E+9	1.091772E+7	-6.810470E+7	-7.843548E+10
5.349060E+2	3.909656E-1	9.188910E+9	3.956887E-1	5.776055E+8	3.883291E-1	9.130160E+9	4.122986E-1	5.841856E+8	4.068520E-1	9.557151E+10	3.924334E-1	9.417023E+10	4.051888E-1	1.047017E+11	3.923021E-1	1.033591E+11	4.723094E-3	2.396951E-2	-1.660993E-2	-1.924641E-2	3.386604E-3	-8.611304E+9	-8.545975E+9	-6.580111E+6	-6.532984E+7	-1.027815E+11
5.351140E+2	7.313971E-1	1.385752E+10	7.140988E-1	8.473607E+8	7.403498E-1	1.394967E+10	7.627635E-1	8.767574E+8	7.469296E-1	1.427667E+11	7.374569E-1	1.423204E+11	7.463388E-1	1.567164E+11	7.369147E-1	1.561779E+11	-1.729838E-2	2.241374E-2	-4.866477E-2	-3.971212E-2	-2.281593E-2	-1.301016E+10	-1.307291E+10	-2.939663E+7	6.274994E+7	-1.553305E+11
5.353120E+2	1.237837E+0	2.080274E+10	1.332203E+0	1.371015E+9	1.237615E+0	2.075773E+10	1.329966E+0	1.350264E+9	1.250026E+0	2.125854E+11	1.234642E+0	2.117056E+11	1.248911E+0	2.333431E+11	1.234928E+0	2.325084E+11	9.436607E-2	9.235105E-2	2.236552E-3	2.015017E-3	9.727483E-2	-1.943173E+10	-1.940746E+10	2.075094E+7	-2.426571E+7	-2.311374E+11
5.355100E+2	1.798724E+0	2.849465E+10	1.896868E+0	1.849396E+9	1.819173E+0	2.871982E+10	1.821698E+0	1.760767E+9	1.783207E+0	2.865792E+11	1.781227E+0	2.879850E+11	1.786437E+0	3.152990E+11	1.782793E+0	3.164796E+11	9.814363E-2	2.525530E-3	7.516973E-2	9.561810E-2	1.140750E-1	-2.664525E+10	-2.695905E+10	8.862916E+7	3.138015E+8	-3.146302E+11
5.357090E+2	2.192314E+0	3.389227E+10	2.160336E+0	2.072605E+9	2.180024E+0	3.366023E+10	2.223489E+0	2.096186E+9	2.149363E+0	3.373934E+11	2.157150E+0	3.404473E+11	2.152116E+0	3.710537E+11	2.160296E+0	3.743395E+11	-3.197794E-2	4.346481E-2	-6.315265E-2	-7.544275E-2	4.019907E-5	-3.181966E+10	-3.156405E+10	-2.358102E+7	-2.556145E+8	-3.722669E+11
5.359130E+2	2.381060E+0	3.648070E+10	2.375208E+0	2.254643E+9	2.358633E+0	3.610557E+10	2.292440E+0	2.153747E+9	2.312760E+0	3.600694E+11	2.327261E+0	3.641874E+11	2.316879E+0	3.961750E+11	2.332075E+0	4.006681E+11	-5.852528E-3	-6.619323E-2	8.276798E-2	6.034070E-2	4.313317E-2	-3.422606E+10	-3.395182E+10	1.008960E+8	-2.742336E+8	-3.984134E+11
5.361110E+2	2.444318E+0	3.734821E+10	2.410720E+0	2.284729E+9	2.445999E+0	3.730169E+10	2.508645E+0	2.334238E+9	2.387918E+0	3.704996E+11	2.398616E+0	3.741453E+11	2.393134E+0	4.078013E+11	2.402705E+0	4.114935E+11	-3.359812E-2	6.264616E-2	-9.792497E-2	-9.624428E-2	8.015244E-3	-3.506348E+10	-3.496746E+10	-4.950857E+7	-9.602002E+7	-4.092088E+11
5.363100E+2	2.382392E+0	3.649896E+10	2.356261E+0	2.238592E+9	2.372097E+0	3.628991E+10	2.361400E+0	2.211316E+9	2.320598E+0	3.611570E+11	2.320921E+0	3.633026E+11	2.325222E+0	3.974469E+11	2.326421E+0	3.998016E+11	-2.613025E-2	-1.069706E-2	-5.138791E-3	-1.543319E-2	2.983994E-2	-3.426036E+10	-3.407859E+10	2.727590E+7	-1.817730E+8	-3.975630E+11
5.365140E+2	2.065320E+0	3.215069E+10	2.012040E+0	1.946970E+9	2.080292E+0	3.229480E+10	2.085443E+0	1.980944E+9	2.043457E+0	3.226960E+11	2.043203E+0	3.245453E+11	2.046765E+0	3.549908E+11	2.045182E+0	3.566960E+11	-5.327960E-2	5.151683E-3	-7.340302E-2	-5.843128E-2	-3.314128E-2	-3.020372E+10	-3.031386E+10	-3.397464E+7	1.101321E+8	-3.547490E+11
5.367240E+2	1.702657E+0	2.717720E+10	1.747983E+0	1.723262E+9	1.716878E+0	2.731930E+10	1.728660E+0	1.683098E+9	1.704122E+0	2.756038E+11	1.703595E+0	2.771509E+11	1.705267E+0	3.029231E+11	1.703511E+0	3.043281E+11	4.532619E-2	1.178281E-2	1.932231E-2	3.354339E-2	4.447172E-2	-2.545393E+10	-2.563621E+10	4.016335E+7	1.822707E+8	-3.026049E+11
5.369180E+2	1.636067E+0	2.626400E+10	1.723108E+0	1.702188E+9	1.644713E+0	2.633129E+10	1.627928E+0	1.599006E+9	1.633079E+0	2.657446E+11	1.627718E+0	2.665619E+11	1.634123E+0	2.920759E+11	1.628465E+0	2.928259E+11	8.704103E-2	-1.678419E-2	9.517985E-2	1.038252E-1	9.464272E-2	-2.456181E+10	-2.473229E+10	1.031820E+8	1.704723E+8	-2.911237E+11
5.371120E+2	1.470014E+0	2.398678E+10	1.483313E+0	1.499035E+9	1.490681E+0	2.422245E+10	1.523334E+0	1.511689E+9	1.472207E+0	2.434192E+11	1.468582E+0	2.443534E+11	1.473866E+0	2.676416E+11	1.468710E+0	2.683401E+11	1.329882E-2	3.265231E-2	-4.002043E-2	-1.935349E-2	1.460328E-2	-2.248775E+10	-2.271076E+10	-1.265428E+7	2.230134E+8	-2.668411E+11
5.373170E+2	1.224412E+0	2.061864E+10	1.256361E+0	1.306762E+9	1.246055E+0	2.087327E+10	1.249138E+0	1.282788E+9	1.241021E+0	2.113357E+11	1.239078E+0	2.123248E+11	1.241473E+0	2.322089E+11	1.237766E+0	2.329434E+11	3.194912E-2	3.083195E-3	7.223151E-3	2.886592E-2	1.859498E-2	-1.931188E+10	-1.959048E+10	2.397458E+7	2.786083E+8	-2.316366E+11
5.375060E+2	1.202033E+0	2.031174E+10	1.144395E+0	1.211905E+9	1.200842E+0	2.025426E+10	1.158809E+0	1.207380E+9	1.192106E+0	2.045474E+11	1.179772E+0	2.040482E+11	1.192891E+0	2.248017E+11	1.181764E+0	2.243599E+11	-5.763836E-2	-4.203262E-2	-1.441453E-2	-1.560574E-2	-3.736908E-2	-1.909983E+10	-1.904688E+10	4.524619E+6	-5.295057E+7	-2.231480E+11
5.377210E+2	1.337531E+0	2.216993E+10	1.378896E+0	1.410573E+9	1.342861E+0	2.219865E+10	1.425753E+0	1.430228E+9	1.337917E+0	2.247828E+11	1.330003E+0	2.250139E+11	1.338361E+0	2.469814E+11	1.330677E+0	2.471838E+11	4.136544E-2	8.289141E-2	-4.685671E-2	-4.152597E-2	4.821924E-2	-2.075935E+10	-2.076842E+10	-1.965438E+7	9.069593E+6	-2.457732E+11
5.379050E+2	1.466319E+0	2.393611E+10	1.488303E+0	1.503262E+9	1.475203E+0	2.401054E+10	1.547624E+0	1.531967E+9	1.467048E+0	2.427032E+11	1.463351E+0	2.436234E+11	1.467780E+0	2.667138E+11	1.463617E+0	2.675595E+11	2.198364E-2	7.242092E-2	-5.932156E-2	-5.043728E-2	2.468606E-2	-2.243284E+10	-2.247857E+10	-2.870527E+7	4.573057E+7	-2.660562E+11
5.381060E+2	1.417781E+0	2.327047E+10	1.465563E+0	1.483997E+9	1.404716E+0	2.304550E+10	1.501969E+0	1.493854E+9	1.414753E+0	2.354458E+11	1.409702E+0	2.361364E+11	1.413852E+0	2.584913E+11	1.410425E+0	2.594068E+11	4.778149E-2	9.725350E-2	-3.640630E-2	-4.947201E-2	5.513780E-2	-2.178647E+10	-2.155164E+10	-9.856982E+6	-2.348303E+8	-2.579228E+11
5.383110E+2	1.677417E+0	2.683107E+10	1.673216E+0	1.659920E+9	1.701146E+0	2.710392E+10	1.736357E+0	1.689523E+9	1.670065E+0	2.708774E+11	1.672448E+0	2.728041E+11	1.672856E+0	2.979814E+11	1.672892E+0	2.996352E+11	-4.200766E-3	3.521097E-2	-6.314056E-2	-3.941174E-2	3.240258E-4	-2.517115E+10	-2.541440E+10	-2.960343E+7	2.432504E+8	-2.979753E+11
5.385110E+2	1.996013E+0	3.120024E+10	2.100094E+0	2.021569E+9	2.032161E+0	3.163585E+10	2.078655E+0	1.975278E+9	1.983721E+0	3.144060E+11	1.996025E+0	3.179614E+11	1.988070E+0	3.460418E+11	1.996024E+0	3.491616E+11	1.040811E-1	4.649384E-2	2.143919E-2	5.758729E-2	1.040701E-1	-2.917867E+10	-2.966057E+10	4.629110E+7	4.819051E+8	-3.471400E+11
5.387120E+2	2.042280E+0	3.183473E+10	1.991356E+0	1.929446E+9	2.055982E+0	3.196198E+10	2.023752E+0	1.929444E+9	2.003348E+0	3.171298E+11	2.015607E+0	3.206941E+11	2.008074E+0	3.490918E+11	2.017993E+0	3.525288E+11	-5.092341E-2	-3.222955E-2	-3.239602E-2	-1.869386E-2	-2.663681E-2	-2.990528E+10	-3.003253E+10	2.279299E+3	1.272532E+8	-3.505993E+11
5.389130E+2	1.787962E+0	2.834705E+10	1.843009E+0	1.803768E+9	1.768788E+0	2.803000E+10	1.787904E+0	1.732556E+9	1.746359E+0	2.814654E+11	1.752408E+0	2.839630E+11	1.748373E+0	3.094954E+11	1.755589E+0	3.123101E+11	5.504779E-2	1.911647E-2	5.510523E-2	3.593133E-2	8.742050E-2	-2.654329E+10	-2.629745E+10	7.121211E+7	-2.458379E+8	-3.105063E+11
5.391140E+2	1.652830E+0	2.649388E+10	1.701844E+0	1.684173E+9	1.649972E+0	2.640330E+10	1.649357E+0	1.616895E+9	1.633747E+0	2.658373E+11	1.641186E+0	2.684413E+11	1.635204E+0	2.922406E+11	1.642228E+0	2.949352E+11	4.901401E-2	-6.149263E-4	5.248626E-2	4.962893E-2	5.961596E-2	-2.480971E+10	-2.478641E+10	6.727757E+7	-2.329804E+7	-2.932511E+11
5.393140E+2	1.722255E+0	2.744596E+10	1.717681E+0	1.697590E+9	1.697461E+0	2.705347E+10	1.752405E+0	1.702920E+9	1.682038E+0	2.725391E+11	1.694633E+0	2.759002E+11	1.683423E+0	2.995926E+11	1.697105E+0	3.033462E+11	-4.573945E-3	5.494348E-2	-3.472381E-2	-5.951743E-2	2.057624E-2	-2.574837E+10	-2.535055E+10	-5.330188E+6	-3.978199E+8	-3.016486E+11
5.395160E+2	1.526296E+0	2.475862E+10	1.630049E+0	1.623349E+9	1.530738E+0	2.477087E+10	1.541677E+0	1.527002E+9	1.501212E+0	2.474445E+11	1.508124E+0	2.498717E+11	1.503864E+0	2.722154E+11	1.509750E+0	2.746304E+11	1.037528E-1	1.093882E-2	8.837196E-2	9.281393E-2	1.202986E-1	-2.313527E+10	-2.324386E+10	9.634622E+7	1.085935E+8	-2.730070E+11
5.397060E+2	1.247250E+0	2.093184E+10	1.274452E+0	1.322089E+9	1.254785E+0	2.099280E+10	1.309091E+0	1.332837E+9	1.231718E+0	2.100446E+11	1.235606E+0	2.118402E+11	1.233789E+0	2.310374E+11	1.236648E+0	2.327720E+11	2.720184E-2	5.430565E-2	-3.463895E-2	-2.710381E-2	3.780369E-2	-1.960975E+10	-1.965996E+10	-1.074830E+7	5.021667E+7	-2.314500E+11
5.399500E+2	1.068946E+0	1.848661E+10	1.102870E+0	1.176725E+9	1.054957E+0	1.825695E+10	1.123007E+0	1.177493E+9	1.056182E+0	1.856842E+11	1.057121E+0	1.869315E+11	1.056072E+0	2.039411E+11	1.058179E+0	2.054182E+11	3.392356E-2	6.805035E-2	-2.013756E-2	-3.412678E-2	4.469019E-2	-1.730988E+10	-1.707946E+10	-7.672715E+5	-2.304221E+8	-2.042414E+11
5.401150E+2	1.011039E+0	1.769248E+10	1.004032E+0	1.092990E+9	9.839362E-1	1.728461E+10	1.055001E+0	1.120720E+9	9.987501E-1	1.777139E+11	9.958240E-1	1.783771E+11	9.974199E-1	1.949985E+11	9.971854E-1	1.960696E+11	-7.007345E-3	7.106458E-2	-5.096902E-2	-7.807193E-2	6.846309E-3	-1.659949E+10	-1.616389E+10	-2.772971E+7	-4.356022E+8	-1.949766E+11
5.403170E+2	8.715041E-1	1.577893E+10	8.335204E-1	9.485341E+8	8.717212E-1	1.574828E+10	8.766605E-1	9.718397E+8	8.579401E-1	1.581725E+11	8.535757E-1	1.585255E+11	8.591776E-1	1.739208E+11	8.551798E-1	1.743044E+11	-3.798369E-2	4.939257E-3	-4.314007E-2	-4.292295E-2	-2.165940E-2	-1.483039E+10	-1.477644E+10	-2.330563E+7	-5.395499E+7	-1.733559E+11
5.405130E+2	6.806230E-1	1.316122E+10	7.000828E-1	8.354865E+8	6.921327E-1	1.328953E+10	7.382768E-1	8.563156E+8	6.924122E-1	1.352009E+11	6.938498E-1	1.362347E+11	6.923871E-1	1.484905E+11	6.926663E-1	1.493960E+11	1.945989E-2	4.614404E-2	-3.819392E-2	-2.668415E-2	7.416540E-3	-1.232573E+10	-1.243322E+10	-2.082903E+7	1.074860E+8	-1.485605E+11
5.407050E+2	5.444070E-1	1.129318E+10	5.426089E-1	7.020755E+8	5.358637E-1	1.115005E+10	5.441927E-1	6.942921E+8	5.507206E-1	1.155373E+11	5.443939E-1	1.153773E+11	5.493866E-1	1.266873E+11	5.443951E-1	1.266704E+11	-1.798140E-3	8.328985E-3	-1.583781E-3	-1.012713E-2	-1.786215E-3	-1.059110E+10	-1.045576E+10	7.783338E+6	-1.353394E+8	-1.259684E+11
5.409170E+2	4.880279E-1	1.052000E+10	5.198007E-1	6.827525E+8	5.078800E-1	1.076693E+10	5.210651E-1	6.749850E+8	5.022444E-1	1.088099E+11	5.086714E-1	1.103920E+11	5.027504E-1	1.195768E+11	5.068244E-1	1.209120E+11	3.177287E-2	1.318517E-2	-1.264407E-3	1.858769E-2	1.297638E-2	-9.837251E+9	-1.009194E+10	7.767497E+6	2.546933E+8	-1.202292E+11
5.411040E+2	4.698809E-1	1.027114E+10	4.817373E-1	6.505054E+8	4.585095E-1	1.009100E+10	5.123217E-1	6.676859E+8	4.729362E-1	1.047425E+11	4.667513E-1	1.045418E+11	4.716408E-1	1.148335E+11	4.670313E-1	1.148129E+11	1.185638E-2	5.381221E-2	-3.058437E-2	-4.195582E-2	1.470596E-2	-9.620635E+9	-9.423313E+9	-1.718049E+7	-1.973218E+8	-1.141624E+11
5.413120E+2	4.469136E-1	9.956171E+9	4.548639E-1	6.277384E+8	4.223441E-1	9.595859E+9	4.110929E-1	5.831790E+8	4.458790E-1	1.009876E+11	4.402131E-1	1.008382E+11	4.437657E-1	1.105834E+11	4.408126E-1	1.107943E+11	7.950292E-3	-1.125120E-2	4.377100E-2	1.920149E-2	1.405133E-2	-9.328432E+9	-9.012680E+9	4.455935E+7	-3.157522E+8	-1.101666E+11
5.418180E+2	4.442792E-1	9.920043E+9	4.397578E-1	6.149405E+8	4.445078E-1	9.899303E+9	4.087899E-1	5.812564E+8	4.536782E-1	1.020699E+11	4.497148E-1	1.021642E+11	4.528547E-1	1.119692E+11	4.492284E-1	1.120842E+11	-4.521434E-3	-3.571799E-2	3.096791E-2	3.119655E-2	-9.470679E-3	-9.305102E+9	-9.318046E+9	3.368412E+7	1.294402E+7	-1.114693E+11
5.423100E+2	6.045848E-1	1.211844E+10	6.285896E-1	7.749178E+8	6.072317E-1	1.212715E+10	6.238951E-1	7.608285E+8	6.187068E-1	1.249723E+11	6.157923E-1	1.253413E+11	6.176764E-1	1.370994E+11	6.147895E-1	1.374598E+11	2.400481E-2	1.666342E-2	4.694518E-3	7.341396E-3	1.380012E-2	-1.134353E+10	-1.136632E+10	1.408932E+7	2.279818E+7	-1.366849E+11
5.428140E+2	8.394595E-1	1.533947E+10	8.783780E-1	9.865372E+8	8.357050E-1	1.525518E+10	7.814932E-1	8.923931E+8	8.350193E-1	1.549916E+11	8.304391E-1	1.552966E+11	8.350809E-1	1.702468E+11	8.312462E-1	1.706361E+11	3.891847E-2	-5.421179E-2	9.688479E-2	9.313026E-2	4.713173E-2	-1.435293E+10	-1.436278E+10	9.414411E+7	9.850370E+6	-1.696496E+11
5.433230E+2	1.027021E+0	1.791166E+10	1.018300E+0	1.105079E+9	1.003132E+0	1.754741E+10	1.048529E+0	1.115317E+9	1.010298E+0	1.793164E+11	1.009003E+0	1.802163E+11	1.009654E+0	1.968639E+11	1.010615E+0	1.981279E+11	-8.720858E-3	4.539739E-2	-3.022883E-2	-5.411824E-2	7.685258E-3	-1.680658E+10	-1.643210E+10	-1.023888E+7	-3.744803E+8	-1.970229E+11
5.438290E+2	1.086257E+0	1.872401E+10	1.083537E+0	1.160347E+9	1.090195E+0	1.873939E+10	1.087513E+0	1.147862E+9	1.084348E+0	1.895930E+11	1.085924E+0	1.909511E+11	1.084873E+0	2.083324E+11	1.085954E+0	2.096751E+11	-2.719788E-3	-2.681510E-3	-3.975919E-3	-3.827768E-5	-2.416802E-3	-1.756366E+10	-1.759153E+10	1.248522E+7	2.787165E+7	-2.085148E+11
5.443240E+2	1.131294E+0	1.934164E+10	1.138253E+0	1.206702E+9	1.147679E+0	1.952642E+10	1.187207E+0	1.231087E+9	1.136396E+0	1.968160E+11	1.140725E+0	1.985989E+11	1.137409E+0	2.163424E+11	1.139881E+0	2.179405E+11	6.958522E-3	3.952774E-2	-4.895446E-2	-3.256922E-2	-1.628220E-3	-1.813494E+10	-1.829533E+10	-2.438574E+7	1.603927E+8	-2.167338E+11
5.448150E+2	1.162981E+0	1.977618E+10	1.166757E+0	1.230850E+9	1.157668E+0	1.966317E+10	1.214140E+0	1.253571E+9	1.157209E+0	1.997044E+11	1.161526E+0	2.015018E+11	1.157250E+0	2.193675E+11	1.161656E+0	2.212780E+11	3.776218E-3	5.647241E-2	-4.738309E-2	-5.269619E-2	5.101184E-3	-1.854533E+10	-1.840959E+10	-2.272094E+7	-1.357375E+8	-2.200471E+11
5.453180E+2	1.118437E+0	1.916532E+10	1.156036E+0	1.221767E+9	1.107497E+0	1.897629E+10	1.129807E+0	1.183169E+9	1.111165E+0	1.933146E+11	1.116365E+0	1.951993E+11	1.110836E+0	2.122909E+11	1.116550E+0	2.143647E+11	3.759876E-2	2.230918E-2	2.622897E-2	1.528958E-2	3.948531E-2	-1.794355E+10	-1.779312E+10	3.859841E+7	-1.504309E+8	-2.131429E+11
5.458370E+2	9.931803E-1	1.744757E+10	1.040394E+0	1.123797E+9	9.916008E-1	1.738955E+10	1.043593E+0	1.111197E+9	9.896411E-1	1.764497E+11	9.942927E-1	1.781634E+11	9.898171E-1	1.938393E+11	9.941931E-1	1.956110E+11	4.721401E-2	5.199189E-2	-3.198389E-3	-4.777878E-3	4.620120E-2	-1.632377E+10	-1.627835E+10	1.260003E+7	-4.542403E+7	-1.944872E+11
5.463090E+2	9.168013E-1	1.640012E+10	8.998854E-1	1.004758E+9	9.260030E-1	1.649145E+10	9.739474E-1	1.053056E+9	9.281581E-1	1.679172E+11	9.214055E-1	1.679916E+11	9.279646E-1	1.844087E+11	9.209936E-1	1.843917E+11	-1.691591E-2	4.794441E-2	-7.406205E-2	-6.486031E-2	-2.110819E-2	-1.539536E+10	-1.543839E+10	-4.829776E+7	4.302713E+7	-1.833869E+11
5.468150E+2	1.020369E+0	1.782043E+10	1.034973E+0	1.119203E+9	1.024582E+0	1.784108E+10	1.092252E+0	1.151818E+9	1.017300E+0	1.802882E+11	1.017263E+0	1.813691E+11	1.017954E+0	1.981293E+11	1.017541E+0	1.991895E+11	1.460389E-2	6.767080E-2	-5.727962E-2	-5.306691E-2	1.743149E-2	-1.670123E+10	-1.668927E+10	-3.261469E+7	-1.195845E+7	-1.980703E+11
5.473160E+2	1.045024E+0	1.815855E+10	1.117687E+0	1.189278E+9	1.066223E+0	1.841120E+10	1.046111E+0	1.113299E+9	1.058785E+0	1.860453E+11	1.056675E+0	1.868693E+11	1.059453E+0	2.044565E+11	1.055633E+0	2.050278E+11	7.266244E-2	-2.011247E-2	7.157582E-2	9.277492E-2	6.205376E-2	-1.696927E+10	-1.729790E+10	7.597952E+7	3.286334E+8	-2.038385E+11
5.478120E+2	1.180897E+0	2.002188E+10	1.219309E+0	1.275372E+9	1.193872E+0	2.015884E+10	1.266166E+0	1.297003E+9	1.185057E+0	2.035692E+11	1.182815E+0	2.044729E+11	1.185849E+0	2.237280E+11	1.182644E+0	2.244948E+11	3.841278E-2	7.229447E-2	-4.685688E-2	-3.388169E-2	3.666571E-2	-1.874650E+10	-1.886183E+10	-2.163085E+7	1.153284E+8	-2.232194E+11
5.483090E+2	1.240649E+0	2.084130E+10	1.231324E+0	1.285551E+9	1.244062E+0	2.084599E+10	1.308272E+0	1.332154E+9	1.243304E+0	2.116526E+11	1.242244E+0	2.127665E+11	1.243372E+0	2.324986E+11	1.242101E+0	2.336078E+11	-9.324669E-3	6.420994E-2	-7.694819E-2	-7.353461E-2	-1.077723E-2	-1.955575E+10	-1.951384E+10	-4.660260E+7	-4.191518E+7	-2.323223E+11
5.488180E+2	1.405676E+0	2.310445E+10	1.458028E+0	1.477613E+9	1.398382E+0	2.295878E+10	1.497858E+0	1.490422E+9	1.396070E+0	2.328531E+11	1.396333E+0	2.342706E+11	1.396278E+0	2.558119E+11	1.397169E+0	2.573750E+11	5.235207E-2	9.947689E-2	-3.983077E-2	-4.712482E-2	6.085886E-2	-2.162684E+10	-2.146835E+10	-1.280908E+7	-1.584864E+8	-2.558974E+11
5.493070E+2	1.531429E+0	2.482901E+10	1.517443E+0	1.527950E+9	1.535922E+0	2.484184E+10	1.495902E+0	1.488789E+9	1.524150E+0	2.506278E+11	1.522626E+0	2.518956E+11	1.525207E+0	2.754696E+11	1.523414E+0	2.767247E+11	-1.398560E-2	-4.002028E-2	2.154122E-2	2.603468E-2	-5.970936E-3	-2.330106E+10	-2.335305E+10	3.916071E+7	5.199557E+7	-2.751967E+11
5.498010E+2	1.633832E+0	2.623335E+10	1.592837E+0	1.591823E+9	1.614229E+0	2.591394E+10	1.649487E+0	1.617003E+9	1.604190E+0	2.617356E+11	1.608349E+0	2.638588E+11	1.605092E+0	2.876495E+11	1.610629E+0	2.900921E+11	-4.099496E-2	3.525835E-2	-5.665004E-2	-7.625330E-2	-1.779229E-2	-2.464152E+10	-2.429693E+10	-2.518050E+7	-3.445909E+8	-2.885003E+11
5.503080E+2	1.616164E+0	2.599106E+10	1.555190E+0	1.559928E+9	1.615223E+0	2.592755E+10	1.712187E+0	1.669346E+9	1.588546E+0	2.595645E+11	1.596323E+0	2.621804E+11	1.590941E+0	2.854920E+11	1.598098E+0	2.881715E+11	-6.097472E-2	9.696412E-2	-1.569973E-1	-1.579388E-1	-4.290855E-2	-2.443113E+10	-2.425820E+10	-1.094177E+8	-1.729267E+8	-2.866116E+11
5.508370E+2	1.603119E+0	2.581216E+10	1.619816E+0	1.614679E+9	1.644867E+0	2.633341E+10	1.647522E+0	1.615363E+9	1.599749E+0	2.611192E+11	1.607992E+0	2.638089E+11	1.603801E+0	2.874526E+11	1.607556E+0	2.896210E+11	1.669678E-2	2.654860E-3	-2.770625E-2	1.404192E-2	1.226017E-2	-2.419748E+10	-2.471805E+10	-6.838155E+5	5.205686E+8	-2.880064E+11
5.513120E+2	1.567028E+0	2.531722E+10	1.548583E+0	1.554332E+9	1.581039E+0	2.545954E+10	1.574415E+0	1.554332E+9	1.550839E+0	2.543316E+11	1.559109E+0	2.569870E+11	1.553551E+0	2.797911E+11	1.559818E+0	2.823042E+11	-1.844514E-2	-6.624352E-3	-2.583127E-2	-1.182079E-2	-1.123428E-2	-2.376289E+10	-2.390520E+10	-7.048781E+2	1.423191E+8	-2.807499E+11
5.518100E+2	1.388092E+0	2.286331E+10	1.392505E+0	1.422103E+9	1.410094E+0	2.311913E+10	1.455484E+0	1.455048E+9	1.378790E+0	2.304549E+11	1.390981E+0	2.335238E+11	1.381601E+0	2.535741E+11	1.390723E+0	2.563871E+11	4.413579E-3	4.539054E-2	-6.297864E-2	-4.097696E-2	1.782608E-3	-2.144121E+10	-2.166408E+10	-3.294460E+7	2.228670E+8	-2.549650E+11
5.523090E+2	1.281285E+0	2.139858E+10	1.291632E+0	1.336643E+9	1.271877E+0	2.122680E+10	1.284912E+0	1.312652E+9	1.270259E+0	2.153932E+11	1.270843E+0	2.167577E+11	1.270404E+0	2.366200E+11	1.271777E+0	2.381562E+11	1.034687E-2	1.303500E-2	6.719682E-3	-2.688135E-3	1.985454E-2	-2.006194E+10	-1.991415E+10	2.399107E+7	-1.477866E+8	-2.368196E+11
5.528420E+2	1.175133E+0	1.994283E+10	1.227567E+0	1.282368E+9	1.166069E+0	1.977819E+10	1.169736E+0	1.216502E+9	1.181353E+0	2.030551E+11	1.174034E+0	2.032475E+11	1.179980E+0	2.228333E+11	1.174133E+0	2.231903E+11	5.243408E-2	3.666594E-3	5.783095E-2	4.876749E-2	5.343403E-2	-1.866046E+10	-1.856169E+10	6.586591E+7	-9.877422E+7	-2.219079E+11
5.533380E+2	1.080243E+0	1.864154E+10	1.075927E+0	1.153900E+9	1.086452E+0	1.868815E+10	1.122887E+0	1.177392E+9	1.086918E+0	1.899496E+11	1.082295E+0	1.904447E+11	1.086876E+0	2.086377E+11	1.082111E+0	2.090862E+11	-4.316410E-3	3.643494E-2	-4.695996E-2	-4.075135E-2	-6.184640E-3	-1.748764E+10	-1.751076E+10	-2.349255E+7	2.312290E+7	-2.079323E+11
5.538170E+2	1.005732E+0	1.761970E+10	1.012825E+0	1.100440E+9	1.016870E+0	1.773550E+10	1.036474E+0	1.105254E+9	1.008648E+0	1.790874E+11	1.011874E+0	1.806170E+11	1.009386E+0	1.968229E+11	1.011325E+0	1.982367E+11	7.092871E-3	1.960464E-2	-2.364934E-2	-1.251177E-2	1.500248E-3	-1.651926E+10	-1.663025E+10	-4.814052E+6	1.109844E+8	-1.971363E+11
5.543090E+2	9.397700E-1	1.671511E+10	9.908759E-1	1.081845E+9	9.399261E-1	1.668207E+10	9.370829E-1	1.022281E+9	9.495684E-1	1.708885E+11	9.427418E-1	1.709692E+11	9.487026E-1	1.875706E+11	9.424759E-1	1.876843E+11	5.110587E-2	-2.843141E-3	5.379298E-2	5.394901E-2	4.839997E-2	-1.563327E+10	-1.565979E+10	5.956379E+7	2.651982E+7	-1.866024E+11
5.553280E+2	1.017809E+0	1.778533E+10	1.060598E+0	1.140913E+9	1.018366E+0	1.775599E+10	1.088241E+0	1.148470E+9	1.010245E+0	1.793091E+11	1.010693E+0	1.804522E+11	1.010975E+0	1.970651E+11	1.011330E+0	1.982375E+11	4.278868E-2	6.987494E-2	-2.764317E-2	-2.708626E-2	4.926813E-2	-1.664442E+10	-1.660752E+10	-7.556521E+6	-3.689330E+7	-1.970966E+11
5.563280E+2	1.077380E+0	1.860227E+10	1.073413E+0	1.151769E+9	1.072611E+0	1.849865E+10	1.119424E+0	1.174501E+9	1.076778E+0	1.885424E+11	1.073636E+0	1.892362E+11	1.076404E+0	2.070411E+11	1.073971E+0	2.078385E+11	-3.967219E-3	4.681362E-2	-4.601155E-2	-5.078084E-2	-5.581398E-4	-1.745050E+10	-1.732415E+10	-2.273195E+7	-1.263493E+8	-2.066867E+11
5.573160E+2	1.122901E+0	1.922653E+10	1.140915E+0	1.208957E+9	1.140234E+0	1.942448E+10	1.144737E+0	1.195632E+9	1.128563E+0	1.957290E+11	1.131000E+0	1.972418E+11	1.129611E+0	2.151535E+11	1.130275E+0	2.164683E+11	1.801404E-2	4.503049E-3	-3.821764E-3	1.351100E-2	1.063949E-2	-1.801758E+10	-1.822884E+10	1.332448E+7	2.112669E+8	-2.152593E+11
5.583170E+2	1.119427E+0	1.917890E+10	1.166987E+0	1.231045E+9	1.112118E+0	1.903955E+10	1.071334E+0	1.134355E+9	1.113939E+0	1.936995E+11	1.112576E+0	1.946705E+11	1.113775E+0	2.127391E+11	1.113189E+0	2.138494E+11	4.755934E-2	-4.078488E-2	9.565306E-2	8.834422E-2	5.379796E-2	-1.794785E+10	-1.790520E+10	9.668999E+7	-4.265615E+7	-2.126184E+11
5.593120E+2	1.108901E+0	1.903455E+10	1.131180E+0	1.200709E+9	1.123390E+0	1.919388E+10	1.186669E+0	1.230638E+9	1.096868E+0	1.913304E+11	1.102317E+0	1.932388E+11	1.099249E+0	2.105243E+11	1.102906E+0	2.122734E+11	2.227828E-2	6.327853E-2	-5.548927E-2	-4.100024E-2	2.827371E-2	-1.783384E+10	-1.796324E+10	-2.992865E+7	1.293998E+8	-2.110727E+11
5.603040E+2	1.023250E+0	1.785994E+10	1.016241E+0	1.103334E+9	1.025727E+0	1.785677E+10	1.083725E+0	1.144699E+9	1.017398E+0	1.803018E+11	1.018784E+0	1.815813E+11	1.018146E+0	1.981586E+11	1.019184E+0	1.994413E+11	-7.009569E-3	5.799782E-2	-6.748432E-2	-6.500739E-2	-2.943206E-3	-1.675661E+10	-1.671207E+10	-4.136566E+7	-4.453972E+7	-1.983380E+11
5.613790E+2	9.856325E-1	1.734406E+10	9.711648E-1	1.065146E+9	1.001966E+0	1.753145E+10	1.029866E+0	1.099738E+9	9.884242E-1	1.762808E+11	9.894867E-1	1.774927E+11	9.896402E-1	1.938123E+11	9.891419E-1	1.948368E+11	-1.446771E-2	2.790065E-2	-5.870164E-2	-4.236837E-2	-1.797707E-2	-1.627892E+10	-1.643172E+10	-3.459201E+7	1.527997E+8	-1.937716E+11
5.623330E+2	9.493821E-1	1.684693E+10	9.590907E-1	1.054917E+9	9.535178E-1	1.686815E+10	9.491969E-1	1.032394E+9	9.550181E-1	1.716448E+11	9.519585E-1	1.722554E+11	9.548834E-1	1.885130E+11	9.517280E-1	1.891023E+11	9.708534E-3	-4.320923E-3	9.893762E-3	1.402946E-2	7.362653E-3	-1.579201E+10	-1.583576E+10	2.252263E+7	4.374480E+7	-1.880474E+11
5.633300E+2	9.318794E-1	1.660690E+10	9.201352E-1	1.021914E+9	9.276328E-1	1.651376E+10	9.131027E-1	1.002262E+9	9.307614E-1	1.682785E+11	9.316503E-1	1.694213E+11	9.304804E-1	1.847923E+11	9.316708E-1	1.860282E+11	-1.174418E-2	-1.453012E-2	7.032528E-3	2.785932E-3	-1.153561E-2	-1.558499E+10	-1.551150E+10	1.965162E+7	-7.348857E+7	-1.850063E+11
5.643420E+2	9.718578E-1	1.715516E+10	9.822611E-1	1.074546E+9	9.456744E-1	1.676077E+10	9.445779E-1	1.028538E+9	9.681893E-1	1.734727E+11	9.669642E-1	1.743495E+11	9.661676E-1	1.902335E+11	9.674020E-1	1.915047E+11	1.040328E-2	-1.096430E-3	3.768316E-2	1.149971E-2	1.485907E-2	-1.608061E+10	-1.573223E+10	4.600846E+7	-3.483816E+8	-1.904301E+11
5.653230E+2	1.007809E+0	1.764819E+10	9.731542E-1	1.066831E+9	1.001150E+0	1.752028E+10	9.465056E-1	1.030147E+9	1.015075E+0	1.799794E+11	1.010115E+0	1.803716E+11	1.013825E+0	1.974997E+11	1.009909E+0	1.980197E+11	-3.465531E-2	-5.464408E-2	2.664852E-2	1.998877E-2	-3.675485E-2	-1.658136E+10	-1.649013E+10	3.668384E+7	-9.122789E+7	-1.969529E+11
5.663250E+2	1.054488E+0	1.828833E+10	1.098106E+0	1.172689E+9	1.063172E+0	1.836943E+10	1.031544E+0	1.101138E+9	1.050022E+0	1.848292E+11	1.051819E+0	1.861916E+11	1.051203E+0	2.031987E+11	1.052058E+0	2.044799E+11	4.361809E-2	-3.162832E-2	6.656197E-2	7.524641E-2	4.604789E-2	-1.711564E+10	-1.726829E+10	7.155142E+7	1.526513E+8	-2.033072E+11
5.673240E+2	1.075701E+0	1.857924E+10	1.079848E+0	1.157221E+9	1.081160E+0	1.861571E+10	1.101482E+0	1.159523E+9	1.075112E+0	1.883112E+11	1.079222E+0	1.900158E+11	1.075655E+0	2.069269E+11	1.078907E+0	2.085950E+11	4.146876E-3	2.032139E-2	-2.163398E-2	-1.617451E-2	9.411243E-4	-1.742202E+10	-1.745618E+10	-2.301599E+6	3.416106E+7	-2.074378E+11
