Photon Energy (eV)	X ref norm	X ref	X pump norm	X pump	Y ref norm	Y ref	Y pump norm	Y pump	X all norm	X all	Y all norm	Y all	X all Y ref norm	X all Y ref	Y all X ref norm	Y all X ref	BC(X hist) norm	BC(Y hist) norm	StS norm	BCSC norm	BCLR norm	BC(X hist)	BC(Y hist)	StS	BCSC	BCLR	
5.300220E+2	-8.108763E-3	9.892241E+8	-7.665105E-3	4.338386E+7	-7.380739E-3	1.027644E+9	-2.335371E-3	5.014501E+7	-7.726777E-3	7.188361E+9	-6.929331E-3	7.341479E+9	-7.683126E-3	8.216005E+9	-7.077126E-3	8.330703E+9	4.436575E-4	5.045367E-3	-5.329734E-3	-4.601710E-3	-5.879787E-4	-9.458403E+8	-9.774992E+8	-6.761151E+6	3.165899E+7	-8.287320E+9
5.305130E+2	-4.429754E-3	1.087203E+9	2.580518E-3	5.435873E+7	-3.221497E-3	1.138400E+9	-1.611584E-3	5.092555E+7	-4.373151E-3	7.807000E+9	-4.974000E-3	7.704964E+9	-4.227876E-3	8.945399E+9	-4.905800E-3	8.792167E+9	7.010272E-3	1.609913E-3	4.192103E-3	5.400359E-3	7.486319E-3	-1.032844E+9	-1.087474E+9	3.433179E+6	5.463010E+7	-8.737808E+9
5.310050E+2	-3.161944E-3	1.120967E+9	1.166253E-3	5.284380E+7	-4.513766E-3	1.103988E+9	-1.208316E-2	3.963285E+7	-2.098967E-3	8.226515E+9	-3.285833E-3	8.018785E+9	-2.403580E-3	9.330504E+9	-3.270309E-3	9.139752E+9	4.328196E-3	-7.569397E-3	1.324942E-2	1.189759E-2	4.436561E-3	-1.068123E+9	-1.064355E+9	1.321095E+7	-3.767679E+6	-9.086908E+9
5.315130E+2	8.670683E-5	1.207484E+9	-7.696304E-3	4.335044E+7	-2.342642E-4	1.217946E+9	-3.812117E-3	4.855246E+7	-6.586366E-4	8.492211E+9	-7.173556E-4	8.496250E+9	-6.051045E-4	9.710157E+9	-6.165980E-4	9.703734E+9	-7.783011E-3	-3.577853E-3	-3.884187E-3	-4.205158E-3	-7.079706E-3	-1.164134E+9	-1.169393E+9	-5.202028E+6	5.259722E+6	-9.660384E+9
5.320070E+2	3.362876E-3	1.294734E+9	7.534890E-3	5.966573E+7	3.413944E-3	1.315093E+9	3.807235E-3	5.676928E+7	3.088079E-3	9.183363E+9	3.446570E-3	9.270300E+9	3.129185E-3	1.049846E+10	3.436082E-3	1.056503E+10	4.172014E-3	3.932910E-4	3.727655E-3	3.778723E-3	4.098808E-3	-1.235069E+9	-1.258324E+9	2.896457E+6	2.325514E+7	-1.050537E+10
5.325170E+2	1.225088E-2	1.531438E+9	4.079748E-3	5.596467E+7	1.193632E-2	1.542033E+9	1.603500E-2	6.995587E+7	1.176945E-2	1.078480E+10	1.245995E-2	1.094584E+10	1.179050E-2	1.232684E+10	1.243375E-2	1.247727E+10	-8.171129E-3	4.098679E-3	-1.195525E-2	-1.226981E-2	-8.354003E-3	-1.475473E+9	-1.472077E+9	-1.399120E+7	-3.395670E+6	-1.242131E+10
5.329970E+2	2.271886E-2	1.810219E+9	3.221593E-2	8.610348E+7	2.172480E-2	1.802688E+9	6.731967E-3	5.992335E+7	2.068968E-2	1.243031E+10	2.081250E-2	1.249853E+10	2.082026E-2	1.423300E+10	2.105138E-2	1.430875E+10	9.497066E-3	-1.499284E-2	2.548396E-2	2.448990E-2	1.116454E-2	-1.724115E+9	-1.742765E+9	2.618014E+7	1.864942E+7	-1.422264E+10
5.331630E+2	2.744927E-2	1.936198E+9	2.191675E-2	7.507125E+7	2.587827E-2	1.913290E+9	2.261034E-2	7.704681E+7	2.755340E-2	1.369645E+10	2.725443E-2	1.369605E+10	2.734209E-2	1.560974E+10	2.727884E-2	1.563224E+10	-5.532521E-3	-3.267928E-3	-6.935920E-4	-2.264594E-3	-5.362093E-3	-1.861127E+9	-1.836243E+9	-1.975560E+6	-2.488395E+7	-1.555717E+10
5.333080E+2	3.809736E-2	2.219776E+9	4.708336E-2	1.020291E+8	3.871663E-2	2.255159E+9	3.667900E-2	9.221864E+7	3.833067E-2	1.568452E+10	3.775659E-2	1.564834E+10	3.837936E-2	1.793968E+10	3.779929E-2	1.786811E+10	8.986006E-3	-2.037634E-3	1.040436E-2	1.102364E-2	9.284072E-3	-2.117747E+9	-2.162941E+9	9.810490E+6	4.519406E+7	-1.776608E+10
5.334580E+2	5.122079E-2	2.569276E+9	5.185248E-2	1.071377E+8	4.785816E-2	2.498587E+9	4.328804E-2	9.934592E+7	5.156029E-2	1.812497E+10	5.004591E-2	1.793285E+10	5.109328E-2	2.062355E+10	5.019314E-2	2.050213E+10	6.316867E-4	-4.570115E-3	8.564437E-3	5.201802E-3	1.659341E-3	-2.462139E+9	-2.399241E+9	7.791776E+6	-6.289802E+7	-2.039499E+10
5.336080E+2	6.538233E-2	2.946423E+9	8.088012E-2	1.382314E+8	6.770865E-2	3.027180E+9	7.022302E-2	1.283930E+8	6.583473E-2	2.075816E+10	6.550084E-2	2.080584E+10	6.607111E-2	2.378534E+10	6.548599E-2	2.375226E+10	1.549779E-2	2.514368E-3	1.065711E-2	1.298342E-2	1.539413E-2	-2.808192E+9	-2.898787E+9	9.838461E+6	9.059512E+7	-2.361403E+10
5.337580E+2	8.912209E-2	3.578656E+9	9.217924E-2	1.503348E+8	9.199665E-2	3.673939E+9	8.552542E-2	1.448953E+8	9.327013E-2	2.581913E+10	9.374883E-2	2.605698E+10	9.310949E-2	2.949307E+10	9.316905E-2	2.963563E+10	3.057145E-3	-6.471231E-3	6.653819E-3	9.528376E-3	-9.898126E-4	-3.428321E+9	-3.529044E+9	5.439489E+6	1.007227E+8	-2.948530E+10
5.339140E+2	1.444344E-1	5.051722E+9	1.576129E-1	2.204258E+8	1.438164E-1	5.053833E+9	1.413248E-1	2.050701E+8	1.479293E-1	3.590203E+10	1.458196E-1	3.573663E+10	1.474105E-1	4.095587E+10	1.456460E-1	4.078835E+10	1.317852E-2	-2.491572E-3	1.628815E-2	1.567009E-2	1.196695E-2	-4.831296E+9	-4.848763E+9	1.535573E+7	1.746650E+7	-4.056792E+10
5.340690E+2	2.214065E-1	7.101628E+9	2.493520E-1	3.186946E+8	2.249826E-1	7.215186E+9	2.145653E-1	2.840537E+8	2.317906E-1	5.137182E+10	2.273047E-1	5.088425E+10	2.309318E-1	5.858701E+10	2.265656E-1	5.798587E+10	2.794549E-2	-1.041722E-2	3.478671E-2	3.836271E-2	2.278647E-2	-6.782933E+9	-6.931133E+9	3.464090E+7	1.481996E+8	-5.766718E+10
5.342040E+2	4.027587E-1	1.193136E+10	4.350207E-1	5.175785E+8	4.022510E-1	1.193562E+10	4.190655E-1	5.045895E+8	4.185186E-1	8.581729E+10	4.079541E-1	8.446595E+10	4.164665E-1	9.775291E+10	4.073031E-1	9.639731E+10	3.226200E-2	1.681447E-2	1.595521E-2	1.544754E-2	2.771760E-2	-1.141378E+10	-1.143103E+10	1.298904E+7	1.725176E+7	-9.587973E+10
5.343600E+2	7.316935E-1	2.069148E+10	7.723557E-1	8.789238E+8	7.375626E-1	2.086455E+10	7.074327E-1	8.155686E+8	7.473269E-1	1.464721E+11	7.324618E-1	1.447901E+11	7.460952E-1	1.673367E+11	7.323655E-1	1.654816E+11	4.066213E-2	-3.012993E-2	6.492296E-2	7.079207E-2	3.999015E-2	-1.981256E+10	-2.004898E+10	6.335520E+7	2.364209E+8	-1.646026E+11
5.345160E+2	1.129540E+0	3.128685E+10	1.159612E+0	1.293744E+9	1.127848E+0	3.125736E+10	1.106789E+0	1.246240E+9	1.134558E+0	2.179042E+11	1.123211E+0	2.174281E+11	1.133712E+0	2.491616E+11	1.124004E+0	2.487150E+11	3.007212E-2	-2.105921E-2	5.282322E-2	5.113133E-2	3.560804E-2	-2.999310E+10	-3.001112E+10	4.750404E+7	1.801721E+7	-2.474212E+11
5.346560E+2	1.466046E+0	4.024861E+10	1.435501E+0	1.589269E+9	1.459232E+0	4.008170E+10	1.463705E+0	1.631143E+9	1.462008E+0	2.783084E+11	1.451675E+0	2.784877E+11	1.461658E+0	3.183901E+11	1.453476E+0	3.187363E+11	-3.054563E-2	4.473127E-3	-2.820447E-2	-3.501876E-2	-1.797506E-2	-3.865934E+10	-3.845055E+10	-4.187398E+7	-2.087895E+8	-3.171470E+11
5.348070E+2	1.829533E+0	4.992892E+10	1.823754E+0	2.005157E+9	1.823195E+0	4.977357E+10	1.792578E+0	1.985804E+9	1.796268E+0	3.399690E+11	1.797350E+0	3.427467E+11	1.799665E+0	3.897425E+11	1.801383E+0	3.926756E+11	-5.779703E-3	-3.061720E-2	3.117593E-2	2.483749E-2	2.237075E-2	-4.792376E+10	-4.778776E+10	1.935283E+7	-1.359993E+8	-3.906705E+11
5.349530E+2	1.958703E+0	5.336895E+10	1.924171E+0	2.112722E+9	1.962347E+0	5.347901E+10	1.897420E+0	2.098868E+9	1.925307E+0	3.637725E+11	1.925375E+0	3.665459E+11	1.929979E+0	4.172515E+11	1.929551E+0	4.199148E+11	-3.453246E-2	-6.492633E-2	2.675072E-2	3.039387E-2	-5.380444E-3	-5.125623E+10	-5.138014E+10	1.385388E+7	1.239051E+8	-4.178021E+11
5.351300E+2	1.936159E+0	5.276854E+10	1.901977E+0	2.088948E+9	1.938906E+0	5.285482E+10	1.877793E+0	2.077701E+9	1.899240E+0	3.589640E+11	1.904485E+0	3.626625E+11	1.904244E+0	4.118189E+11	1.908454E+0	4.154311E+11	-3.418185E-2	-6.111380E-2	2.418424E-2	2.693196E-2	-6.477268E-3	-5.067960E+10	-5.077712E+10	1.124677E+7	9.752263E+7	-4.133421E+11
5.352600E+2	1.837832E+0	5.014994E+10	1.787381E+0	1.966195E+9	1.823770E+0	4.978889E+10	1.790600E+0	1.983671E+9	1.798109E+0	3.403085E+11	1.799279E+0	3.431054E+11	1.801346E+0	3.900974E+11	1.804110E+0	3.932553E+11	-5.045140E-2	-3.317064E-2	-3.218496E-3	-1.728076E-2	-1.672925E-2	-4.818375E+10	-4.780522E+10	-1.747537E+7	-3.785285E+8	-3.912891E+11
5.354110E+2	1.585317E+0	4.342500E+10	1.582031E+0	1.746229E+9	1.580740E+0	4.331730E+10	1.602826E+0	1.781173E+9	1.569190E+0	2.980801E+11	1.571729E+0	3.008051E+11	1.570647E+0	3.413974E+11	1.573432E+0	3.442301E+11	-3.286389E-3	2.208611E-2	-2.079538E-2	-2.537250E-2	8.598810E-3	-4.167877E+10	-4.153612E+10	-3.494437E+7	-1.426503E+8	-3.424838E+11
5.355730E+2	1.295115E+0	3.569640E+10	1.319925E+0	1.465467E+9	1.299163E+0	3.581927E+10	1.289036E+0	1.442777E+9	1.289761E+0	2.465342E+11	1.294033E+0	2.491829E+11	1.290947E+0	2.823535E+11	1.294168E+0	2.848793E+11	2.480976E-2	-1.012762E-2	3.088888E-2	3.493738E-2	2.575641E-2	-3.423094E+10	-3.437649E+10	2.268954E+7	1.455575E+8	-2.834138E+11
5.357090E+2	1.110486E+0	3.077939E+10	1.120955E+0	1.252335E+9	1.101328E+0	3.055116E+10	1.136297E+0	1.278061E+9	1.097632E+0	2.110924E+11	1.098832E+0	2.128961E+11	1.098098E+0	2.416435E+11	1.100292E+0	2.436755E+11	1.046926E-2	3.496856E-2	-1.534171E-2	-2.449929E-2	2.066292E-2	-2.952706E+10	-2.927310E+10	-2.572619E+7	-2.539570E+8	-2.424232E+11
5.358710E+2	9.664821E-1	2.694432E+10	9.632034E-1	1.083355E+9	9.649877E-1	2.692059E+10	9.605269E-1	1.088509E+9	9.680803E-1	1.871942E+11	9.693571E-1	1.888276E+11	9.676902E-1	2.141148E+11	9.689969E-1	2.157719E+11	-3.278692E-3	-4.460871E-3	2.676522E-3	1.182180E-3	-5.793483E-3	-2.586097E+10	-2.583208E+10	-5.153409E+6	-2.888269E+7	-2.146885E+11
5.360170E+2	8.004258E-1	2.252195E+10	8.347648E-1	9.457750E+8	7.956234E-1	2.241063E+10	8.243605E-1	9.416652E+8	7.990692E-1	1.560170E+11	7.994583E-1	1.572443E+11	7.986345E-1	1.784276E+11	7.995795E-1	1.797663E+11	3.433903E-2	2.873717E-2	1.040425E-2	5.601867E-3	3.518528E-2	-2.157617E+10	-2.146897E+10	4.109803E+6	-1.072022E+8	-1.788205E+11
5.362630E+2	6.279688E-1	1.792911E+10	6.532443E-1	7.513346E+8	6.278942E-1	1.794422E+10	6.046255E-1	7.047000E+8	6.329656E-1	1.253760E+11	6.290199E-1	1.255608E+11	6.323258E-1	1.433203E+11	6.288882E-1	1.434899E+11	2.527555E-2	-2.326864E-2	4.861882E-2	4.854419E-2	2.435612E-2	-1.717777E+10	-1.723952E+10	4.663462E+7	6.174216E+7	-1.427386E+11
5.365140E+2	5.113463E-1	1.482324E+10	5.177189E-1	6.061629E+8	5.034651E-1	1.463083E+10	5.467395E-1	6.422749E+8	5.160606E-1	1.038107E+11	5.142072E-1	1.042178E+11	5.144717E-1	1.184416E+11	5.138487E-1	1.190410E+11	6.372592E-3	4.327441E-2	-2.902061E-2	-3.690182E-2	3.870248E-3	-1.421708E+10	-1.398855E+10	-3.611200E+7	-2.285282E+8	-1.184349E+11
5.367660E+2	4.519208E-1	1.324063E+10	4.488417E-1	5.323833E+8	4.527719E-1	1.328093E+10	4.462902E-1	5.339490E+8	4.612270E-1	9.369565E+10	4.577906E-1	9.373027E+10	4.601604E-1	1.069766E+11	4.570550E-1	1.069709E+11	-3.079068E-3	-6.481768E-3	2.551513E-3	3.402700E-3	-8.213348E-3	-1.270825E+10	-1.274698E+10	-1.565711E+6	3.873191E+7	-1.064385E+11
5.370070E+2	4.495075E-1	1.317636E+10	4.436734E-1	5.268471E+8	4.433041E-1	1.302881E+10	4.436014E-1	5.310493E+8	4.526680E-1	9.211678E+10	4.510992E-1	9.248638E+10	4.514868E-1	1.051456E+11	4.508997E-1	1.056627E+11	-5.834049E-3	2.972937E-4	7.202009E-5	-6.131343E-3	-7.226341E-3	-1.264952E+10	-1.249776E+10	-4.202227E+6	-1.517510E+8	-1.051359E+11
5.372690E+2	4.774355E-1	1.392014E+10	4.846843E-1	5.707770E+8	4.696360E-1	1.373000E+10	4.819041E-1	5.723555E+8	4.776956E-1	9.673359E+10	4.783015E-1	9.754312E+10	4.766789E-1	1.104636E+11	4.781930E-1	1.114633E+11	7.248817E-3	1.226807E-2	2.780221E-3	-5.019255E-3	6.491359E-3	-1.334936E+10	-1.315764E+10	-1.578468E+6	-1.917149E+8	-1.108925E+11
5.375110E+2	5.540472E-1	1.596044E+10	5.521958E-1	6.430937E+8	5.573252E-1	1.606505E+10	5.713324E-1	6.687962E+8	5.637944E-1	1.126161E+11	5.609736E-1	1.129114E+11	5.629784E-1	1.286812E+11	5.601056E-1	1.288718E+11	-1.851446E-3	1.400720E-2	-1.913662E-2	-1.585864E-2	-7.909865E-3	-1.531735E+10	-1.539626E+10	-2.570247E+7	7.890613E+7	-1.282287E+11
5.377690E+2	6.606022E-1	1.879819E+10	6.833890E-1	7.836248E+8	6.622916E-1	1.886018E+10	6.460903E-1	7.494162E+8	6.682094E-1	1.318774E+11	6.678990E-1	1.327882E+11	6.674629E-1	1.507376E+11	6.669846E-1	1.515864E+11	2.278682E-2	-1.620126E-2	3.729866E-2	3.898808E-2	1.640438E-2	-1.801457E+10	-1.811076E+10	3.420864E+7	9.619111E+7	-1.508028E+11
5.380110E+2	8.063905E-1	2.268080E+10	8.255129E-1	9.358646E+8	8.078244E-1	2.273553E+10	7.785391E-1	8.922507E+8	8.142528E-1	1.588179E+11	8.118628E-1	1.595503E+11	8.134419E-1	1.815534E+11	8.111771E-1	1.822311E+11	1.912240E-2	-2.928537E-2	4.697384E-2	4.840777E-2	1.433586E-2	-2.174493E+10	-2.184328E+10	4.361391E+7	9.834866E+7	-1.812952E+11
5.382690E+2	9.999267E-1	2.783501E+10	1.009533E+0	1.132983E+9	9.991030E-1	2.782904E+10	9.909561E-1	1.121324E+9	1.001861E+0	1.934257E+11	9.943419E-1	1.934721E+11	1.001513E+0	2.212547E+11	9.950417E-1	2.213071E+11	9.606506E-3	-8.146907E-3	1.857713E-2	1.775341E-2	1.449149E-2	-2.670203E+10	-2.670771E+10	1.165873E+7	5.685378E+6	-2.201741E+11
5.385110E+2	1.234633E+0	3.408566E+10	1.208926E+0	1.346568E+9	1.237851E+0	3.418660E+10	1.262792E+0	1.414476E+9	1.233259E+0	2.361113E+11	1.234142E+0	2.380497E+11	1.233838E+0	2.702979E+11	1.234204E+0	2.721353E+11	-2.570650E-2	2.494123E-2	-5.386605E-2	-5.064772E-2	-2.527762E-2	-3.273909E+10	-3.277213E+10	-6.790803E+7	3.303793E+7	-2.707887E+11
5.387750E+2	1.475885E+0	4.051062E+10	1.477625E+0	1.634391E+9	1.467600E+0	4.030453E+10	1.481486E+0	1.650319E+9	1.467610E+0	2.793418E+11	1.460448E+0	2.801185E+11	1.467609E+0	3.196464E+11	1.462382E+0	3.206292E+11	1.740004E-3	1.388603E-2	-3.861723E-3	-1.214603E-2	1.524236E-2	-3.887623E+10	-3.865421E+10	-1.592728E+7	-2.220175E+8	-3.189948E+11
5.390180E+2	1.666867E+0	4.559682E+10	1.646095E+0	1.814853E+9	1.656824E+0	4.534333E+10	1.643959E+0	1.825532E+9	1.643776E+0	3.118390E+11	1.642987E+0	3.140516E+11	1.645422E+0	3.571823E+11	1.645979E+0	3.596484E+11	-2.077177E-2	-1.286502E-2	2.135603E-3	-7.906753E-3	1.154378E-4	-4.378197E+10	-4.351780E+10	-1.067893E+7	-2.641659E+8	-3.578335E+11
5.392880E+2	1.848143E+0	5.042453E+10	1.838630E+0	2.021092E+9	1.829895E+0	4.995200E+10	1.835767E+0	2.032380E+9	1.814598E+0	3.433503E+11	1.809186E+0	3.449470E+11	1.816528E+0	3.933023E+11	1.814068E+0	3.953716E+11	-9.513483E-3	5.871498E-3	2.862688E-3	-1.538498E-2	2.456159E-2	-4.840344E+10	-4.791962E+10	-1.128823E+7	-4.838249E+8	-3.933505E+11
5.395100E+2	1.930207E+0	5.261003E+10	1.941710E+0	2.131509E+9	1.947561E+0	5.308527E+10	2.003031E+0	2.212760E+9	1.907610E+0	3.605080E+11	1.914009E+0	3.644330E+11	1.912649E+0	4.135932E+11	1.916039E+0	4.170431E+11	1.150352E-2	5.547041E-2	-6.132081E-2	-4.396689E-2	2.567130E-2	-5.047852E+10	-5.087251E+10	-8.125060E+7	3.939882E+8	-4.149115E+11
5.397750E+2	1.998713E+0	5.443448E+10	2.019413E+0	2.214743E+9	1.998123E+0	5.443168E+10	1.958031E+0	2.164231E+9	1.964706E+0	3.710405E+11	1.967624E+0	3.743996E+11	1.968922E+0	4.254722E+11	1.971519E+0	4.288341E+11	2.070021E-2	-4.009162E-2	6.138220E-2	6.079183E-2	4.789391E-2	-5.221974E+10	-5.226745E+10	5.051166E+7	4.770777E+7	-4.266194E+11
5.400300E+2	1.908189E+0	5.202367E+10	1.920685E+0	2.108987E+9	1.888038E+0	5.150027E+10	1.908243E+0	2.110539E+9	1.874547E+0	3.544089E+11	1.870920E+0	3.564230E+11	1.876249E+0	4.059092E+11	1.875591E+0	4.084467E+11	1.249523E-2	2.020467E-2	1.244158E-2	-7.709439E-3	4.509405E-2	-4.991469E+10	-4.938973E+10	-1.552066E+6	-5.249555E+8	-4.063377E+11
5.402690E+2	1.872941E+0	5.108494E+10	1.794376E+0	1.973688E+9	1.866825E+0	5.093540E+10	1.825242E+0	2.021029E+9	1.840892E+0	3.482006E+11	1.839982E+0	3.506717E+11	1.844163E+0	3.991360E+11	1.844112E+0	4.017567E+11	-7.856520E-2	-4.158361E-2	-3.086606E-2	-3.698159E-2	-4.973603E-2	-4.911126E+10	-4.891437E+10	-4.734150E+7	-1.968902E+8	-3.997830E+11
5.405180E+2	1.762897E+0	4.815427E+10	1.730395E+0	1.905153E+9	1.759910E+0	4.808836E+10	1.793346E+0	1.986632E+9	1.734428E+0	3.285614E+11	1.732317E+0	3.306575E+11	1.737643E+0	3.766498E+11	1.736149E+0	3.788118E+11	-3.250174E-2	3.343597E-2	-6.295048E-2	-6.593771E-2	-5.754209E-3	-4.624912E+10	-4.610173E+10	-8.147874E+7	-1.473894E+8	-3.769066E+11
5.407520E+2	1.700788E+0	4.650020E+10	1.731613E+0	1.906458E+9	1.706935E+0	4.667771E+10	1.677755E+0	1.861977E+9	1.687971E+0	3.199915E+11	1.686804E+0	3.221969E+11	1.690363E+0	3.666692E+11	1.688556E+0	3.686971E+11	3.082547E-2	-2.918018E-2	5.385879E-2	6.000565E-2	4.305713E-2	-4.459375E+10	-4.481573E+10	4.448116E+7	2.219893E+8	-3.667906E+11
5.410400E+2	1.635786E+0	4.476909E+10	1.635576E+0	1.803585E+9	1.635377E+0	4.477222E+10	1.613855E+0	1.793067E+9	1.617543E+0	3.069998E+11	1.623866E+0	3.104970E+11	1.619793E+0	3.517721E+11	1.625359E+0	3.552661E+11	-2.104763E-4	-2.152245E-2	2.172104E-2	2.131197E-2	1.021655E-2	-4.296551E+10	-4.297916E+10	1.051841E+7	1.364843E+7	-3.534625E+11
5.412690E+2	1.539477E+0	4.220420E+10	1.558867E+0	1.721416E+9	1.545763E+0	4.238591E+10	1.544488E+0	1.718261E+9	1.523323E+0	2.896192E+11	1.530568E+0	2.931534E+11	1.526154E+0	3.320051E+11	1.531684E+0	3.353576E+11	1.939000E-2	-1.274811E-3	1.437846E-2	2.066481E-2	2.718270E-2	-4.048278E+10	-4.066765E+10	3.155217E+6	1.848695E+8	-3.336362E+11
5.415190E+2	1.362524E+0	3.749163E+10	1.391269E+0	1.541889E+9	1.360347E+0	3.744852E+10	1.355952E+0	1.514941E+9	1.354663E+0	2.585067E+11	1.353291E+0	2.601988E+11	1.355380E+0	2.959552E+11	1.354448E+0	2.976904E+11	2.874470E-2	-4.394819E-3	3.531624E-2	3.313952E-2	3.682038E-2	-3.594974E+10	-3.593358E+10	2.694775E+7	-1.615960E+7	-2.961485E+11
5.417600E+2	1.186104E+0	3.279324E+10	1.198277E+0	1.335161E+9	1.188231E+0	3.286528E+10	1.176897E+0	1.321845E+9	1.189370E+0	2.280153E+11	1.187118E+0	2.293080E+11	1.189227E+0	2.608806E+11	1.186991E+0	2.621013E+11	1.217308E-2	-1.133388E-2	2.137985E-2	2.350696E-2	1.128619E-2	-3.145808E+10	-3.154343E+10	1.331525E+7	8.535135E+7	-2.607661E+11
5.420320E+2	1.042761E+0	2.897576E+10	1.058801E+0	1.185757E+9	1.043995E+0	2.902445E+10	1.029001E+0	1.162352E+9	1.044727E+0	2.013331E+11	1.043010E+0	2.025192E+11	1.044635E+0	2.303576E+11	1.042979E+0	2.314950E+11	1.604024E-2	-1.499359E-2	2.979995E-2	3.103383E-2	1.582210E-2	-2.779000E+10	-2.786209E+10	2.340502E+7	7.209227E+7	-2.303092E+11
5.422670E+2	9.711050E-1	2.706744E+10	9.612113E-1	1.081222E+9	9.591125E-1	2.676414E+10	9.899113E-1	1.120197E+9	9.695897E-1	1.874727E+11	9.701470E-1	1.889744E+11	9.682680E-1	2.142368E+11	9.702670E-1	2.160418E+11	-9.893653E-3	3.079887E-2	-2.870001E-2	-4.069252E-2	-9.055719E-3	-2.598622E+10	-2.564394E+10	-3.897588E+7	-3.422722E+8	-2.149606E+11
5.425460E+2	9.201231E-1	2.570970E+10	9.360779E-1	1.054299E+9	9.271201E-1	2.591222E+10	9.582790E-1	1.086085E+9	9.323889E-1	1.806103E+11	9.282826E-1	1.811921E+11	9.317242E-1	2.065225E+11	9.272601E-1	2.069018E+11	1.595480E-2	3.115897E-2	-2.220112E-2	-1.520417E-2	8.817767E-3	-2.465540E+10	-2.482614E+10	-3.178549E+7	1.707389E+8	-2.058475E+11
5.427650E+2	9.990418E-1	2.781145E+10	1.008259E+0	1.131618E+9	1.004507E+0	2.797295E+10	9.784312E-1	1.107817E+9	1.002559E+0	1.935544E+11	9.986225E-1	1.942678E+11	1.002804E+0	2.215273E+11	9.986751E-1	2.220793E+11	9.217183E-3	-2.607615E-2	2.982782E-2	3.529333E-2	9.583943E-3	-2.667983E+10	-2.686513E+10	2.380086E+7	1.853043E+8	-2.209477E+11
5.430070E+2	1.137476E+0	3.149819E+10	1.152748E+0	1.286391E+9	1.131695E+0	3.135979E+10	1.132928E+0	1.274429E+9	1.133037E+0	2.176236E+11	1.127534E+0	2.182318E+11	1.132868E+0	2.489834E+11	1.128780E+0	2.497299E+11	1.527215E-2	1.233550E-3	1.981965E-2	1.403860E-2	2.396811E-2	-3.021180E+10	-3.008536E+10	1.196222E+7	-1.264379E+8	-2.484436E+11
5.432700E+2	1.253410E+0	3.458572E+10	1.265320E+0	1.406976E+9	1.259727E+0	3.476914E+10	1.266903E+0	1.418909E+9	1.262050E+0	2.414223E+11	1.259889E+0	2.428358E+11	1.261757E+0	2.761915E+11	1.259077E+0	2.774215E+11	1.191035E-2	7.175496E-3	-1.582608E-3	4.734849E-3	6.243185E-3	-3.317875E+10	-3.335023E+10	-1.193298E+7	1.714815E+8	-2.760145E+11
5.435330E+2	1.446636E+0	3.973168E+10	1.440901E+0	1.595054E+9	1.430182E+0	3.930813E+10	1.468356E+0	1.636159E+9	1.431708E+0	2.727191E+11	1.425887E+0	2.736940E+11	1.431516E+0	3.120272E+11	1.428487E+0	3.134256E+11	-5.734826E-3	3.817445E-2	-2.745524E-2	-4.390928E-2	1.241373E-2	-3.813663E+10	-3.767197E+10	-4.110508E+7	-4.646559E+8	-3.118306E+11
5.437530E+2	1.528870E+0	4.192171E+10	1.561024E+0	1.723727E+9	1.522778E+0	4.177383E+10	1.536403E+0	1.709541E+9	1.514826E+0	2.880517E+11	1.510565E+0	2.894351E+11	1.515829E+0	3.298255E+11	1.512859E+0	3.313568E+11	3.215407E-2	1.362511E-2	2.462121E-2	1.852897E-2	4.816467E-2	-4.019799E+10	-4.006429E+10	1.418553E+7	-1.336943E+8	-3.296331E+11
5.440220E+2	1.575662E+0	4.316788E+10	1.600002E+0	1.765480E+9	1.580785E+0	4.331851E+10	1.556733E+0	1.731466E+9	1.562418E+0	2.968310E+11	1.556947E+0	2.980572E+11	1.564735E+0	3.401495E+11	1.559292E+0	3.412250E+11	2.434002E-2	-2.405209E-2	4.326910E-2	4.839211E-2	4.071024E-2	-4.140240E+10	-4.158704E+10	3.401358E+7	1.846392E+8	-3.394596E+11
5.442700E+2	1.562894E+0	4.282784E+10	1.613349E+0	1.779776E+9	1.578208E+0	4.324988E+10	1.594908E+0	1.772634E+9	1.553366E+0	2.951612E+11	1.557937E+0	2.982413E+11	1.556500E+0	3.384111E+11	1.558558E+0	3.410691E+11	5.045524E-2	1.670009E-2	1.844103E-2	3.375515E-2	5.479072E-2	-4.104806E+10	-4.147724E+10	7.142061E+6	4.291829E+8	-3.392893E+11
5.445180E+2	1.551357E+0	4.252058E+10	1.558456E+0	1.720976E+9	1.544311E+0	4.234725E+10	1.474096E+0	1.642349E+9	1.529819E+0	2.908175E+11	1.534682E+0	2.939183E+11	1.531647E+0	3.331647E+11	1.536772E+0	3.364389E+11	7.098813E-3	-7.021536E-2	8.435973E-2	7.731417E-2	2.168391E-2	-4.079961E+10	-4.070490E+10	7.862696E+7	-9.470714E+7	-3.347179E+11
5.447720E+2	1.445283E+0	3.969566E+10	1.474756E+0	1.631318E+9	1.451214E+0	3.986817E+10	1.489529E+0	1.658992E+9	1.437510E+0	2.737893E+11	1.437748E+0	2.758988E+11	1.439238E+0	3.136574E+11	1.438693E+0	3.155945E+11	2.947229E-2	3.831506E-2	-1.477285E-2	-8.842772E-3	3.606321E-2	-3.806434E+10	-3.820918E+10	-2.767323E+7	1.448411E+8	-3.139632E+11
5.450090E+2	1.327913E+0	3.656988E+10	1.353552E+0	1.501488E+9	1.331279E+0	3.667447E+10	1.353757E+0	1.512573E+9	1.321103E+0	2.523158E+11	1.321768E+0	2.543388E+11	1.322386E+0	2.889903E+11	1.322538E+0	2.909087E+11	2.563869E-2	2.247774E-2	-2.047716E-4	3.160942E-3	3.101368E-2	-3.506839E+10	-3.516189E+10	-1.108564E+7	9.350056E+7	-2.894072E+11
5.452690E+2	1.280606E+0	3.531001E+10	1.299330E+0	1.443407E+9	1.283403E+0	3.539958E+10	1.291165E+0	1.445073E+9	1.273658E+0	2.435637E+11	1.277438E+0	2.460980E+11	1.274887E+0	2.789633E+11	1.277835E+0	2.814080E+11	1.872434E-2	7.762288E-3	8.165632E-3	1.096205E-2	2.149565E-2	-3.386660E+10	-3.395451E+10	-1.666477E+6	8.790426E+7	-2.799646E+11
5.455180E+2	1.248010E+0	3.444190E+10	1.222922E+0	1.361560E+9	1.236186E+0	3.414226E+10	1.279330E+0	1.432311E+9	1.239780E+0	2.373144E+11	1.236270E+0	2.384451E+11	1.239327E+0	2.714566E+11	1.237741E+0	2.728871E+11	-2.508775E-2	4.314420E-2	-5.640844E-2	-6.823195E-2	-1.481925E-2	-3.308034E+10	-3.270995E+10	-7.075106E+7	-3.703910E+8	-2.715255E+11
5.457560E+2	1.178502E+0	3.259080E+10	1.194241E+0	1.330837E+9	1.179964E+0	3.264515E+10	1.193045E+0	1.339260E+9	1.179296E+0	2.261569E+11	1.179037E+0	2.278059E+11	1.179380E+0	2.588020E+11	1.178970E+0	2.603967E+11	1.573865E-2	1.308089E-2	1.195707E-3	2.657755E-3	1.527058E-2	-3.125996E+10	-3.130589E+10	-8.422391E+6	4.592702E+7	-2.590659E+11
5.460160E+2	1.191860E+0	3.294654E+10	1.224638E+0	1.363398E+9	1.192650E+0	3.298295E+10	1.187695E+0	1.333490E+9	1.186780E+0	2.275375E+11	1.188593E+0	2.295824E+11	1.187521E+0	2.605205E+11	1.189003E+0	2.625289E+11	3.277756E-2	-4.954934E-3	3.694284E-2	3.773249E-2	3.563482E-2	-3.158314E+10	-3.164946E+10	2.990782E+7	6.631148E+7	-2.611655E+11
5.467660E+2	1.219429E+0	3.368075E+10	1.233286E+0	1.372662E+9	1.222057E+0	3.376602E+10	1.216669E+0	1.364736E+9	1.218283E+0	2.333489E+11	1.217500E+0	2.349558E+11	1.218759E+0	2.671149E+11	1.217741E+0	2.686366E+11	1.385721E-2	-5.388051E-3	1.661742E-2	1.924526E-2	1.554496E-2	-3.230809E+10	-3.240129E+10	7.926015E+6	9.319441E+7	-2.672639E+11
5.475120E+2	1.276917E+0	3.521177E+10	1.358482E+0	1.506769E+9	1.282424E+0	3.537353E+10	1.244007E+0	1.394218E+9	1.274176E+0	2.436593E+11	1.272410E+0	2.451634E+11	1.275216E+0	2.790328E+11	1.272975E+0	2.803752E+11	8.156477E-2	-3.841722E-2	1.144750E-1	1.199820E-1	8.550719E-2	-3.370500E+10	-3.397931E+10	1.125510E+8	2.743109E+8	-2.788684E+11
5.482660E+2	1.397883E+0	3.843330E+10	1.466436E+0	1.622407E+9	1.396079E+0	3.840001E+10	1.383457E+0	1.544602E+9	1.394350E+0	2.658277E+11	1.391455E+0	2.672932E+11	1.394568E+0	3.042277E+11	1.392261E+0	3.057265E+11	6.855322E-2	-1.262203E-2	8.297925E-2	8.117525E-2	7.417538E-2	-3.681089E+10	-3.685540E+10	7.780419E+7	4.451425E+7	-3.041041E+11
5.490100E+2	1.405007E+0	3.862304E+10	1.462947E+0	1.618669E+9	1.394669E+0	3.836246E+10	1.432839E+0	1.597857E+9	1.387622E+0	2.645865E+11	1.387909E+0	2.666339E+11	1.388511E+0	3.029490E+11	1.390051E+0	3.052569E+11	5.793916E-2	3.817066E-2	3.010729E-2	1.976850E-2	7.289536E-2	-3.700437E+10	-3.676460E+10	2.081160E+7	-2.397708E+8	-3.036383E+11
5.497630E+2	1.375872E+0	3.784711E+10	1.346122E+0	1.493528E+9	1.369040E+0	3.767999E+10	1.402815E+0	1.565479E+9	1.365237E+0	2.604572E+11	1.358303E+0	2.611305E+11	1.365717E+0	2.981372E+11	1.360505E+0	2.989776E+11	-2.975042E-2	3.377571E-2	-5.669382E-2	-6.352613E-2	-1.438339E-2	-3.635358E+10	-3.611451E+10	-7.195044E+7	-2.390708E+8	-2.974840E+11
5.505060E+2	1.309374E+0	3.607614E+10	1.330294E+0	1.476574E+9	1.301743E+0	3.588797E+10	1.324638E+0	1.481171E+9	1.303084E+0	2.489918E+11	1.302822E+0	2.508168E+11	1.302914E+0	2.848798E+11	1.303643E+0	2.868930E+11	2.091995E-2	2.289464E-2	5.655998E-3	-1.974694E-3	2.665060E-2	-3.459957E+10	-3.440680E+10	-4.596986E+6	-1.927747E+8	-2.854164E+11
5.512570E+2	1.313088E+0	3.617505E+10	1.351133E+0	1.498896E+9	1.327732E+0	3.658001E+10	1.333530E+0	1.490761E+9	1.316234E+0	2.514177E+11	1.316772E+0	2.534100E+11	1.317685E+0	2.879977E+11	1.316310E+0	2.895851E+11	3.804507E-2	5.798691E-3	1.760246E-2	3.224638E-2	3.482257E-2	-3.467616E+10	-3.508925E+10	8.135431E+6	4.130911E+8	-2.880862E+11
5.520210E+2	1.276658E+0	3.520485E+10	1.253424E+0	1.394233E+9	1.286269E+0	3.547590E+10	1.282533E+0	1.435765E+9	1.274939E+0	2.438000E+11	1.277922E+0	2.461881E+11	1.276368E+0	2.792759E+11	1.277764E+0	2.813929E+11	-2.323401E-2	-3.735111E-3	-2.910991E-2	-1.949890E-2	-2.434027E-2	-3.381062E+10	-3.404013E+10	-4.153270E+7	2.295143E+8	-2.799987E+11
5.527650E+2	1.192745E+0	3.297011E+10	1.164600E+0	1.299087E+9	1.188368E+0	3.286892E+10	1.174614E+0	1.319384E+9	1.190773E+0	2.282741E+11	1.185287E+0	2.289677E+11	1.190470E+0	2.611430E+11	1.186222E+0	2.619378E+11	-2.814502E-2	-1.375328E-2	-1.001439E-2	-1.439174E-2	-2.162150E-2	-3.167102E+10	-3.154954E+10	-2.029700E+7	-1.214868E+8	-2.606387E+11
5.534990E+2	1.186867E+0	3.281356E+10	1.163843E+0	1.298276E+9	1.189995E+0	3.291225E+10	1.172656E+0	1.317272E+9	1.185149E+0	2.272367E+11	1.189774E+0	2.298019E+11	1.185761E+0	2.601489E+11	1.189410E+0	2.626154E+11	-2.302326E-2	-1.733891E-2	-8.812581E-3	-5.684348E-3	-2.556650E-2	-3.151528E+10	-3.159498E+10	-1.899548E+7	7.969686E+7	-2.613171E+11
5.542530E+2	1.104288E+0	3.061434E+10	1.113463E+0	1.244310E+9	1.120000E+0	3.104837E+10	1.083534E+0	1.221161E+9	1.111729E+0	2.136929E+11	1.112231E+0	2.153870E+11	1.112772E+0	2.447413E+11	1.111236E+0	2.460013E+11	9.175156E-3	-3.646583E-2	2.992915E-2	4.564098E-2	2.227633E-3	-2.937003E+10	-2.982721E+10	2.314875E+7	4.571783E+8	-2.447570E+11
5.550080E+2	1.029286E+0	2.861690E+10	1.018940E+0	1.143059E+9	1.025920E+0	2.854313E+10	1.018405E+0	1.150926E+9	1.025006E+0	1.976952E+11	1.023476E+0	1.988879E+11	1.025121E+0	2.262384E+11	1.024204E+0	2.275048E+11	-1.034638E-2	-7.514126E-3	5.340838E-4	-2.832251E-3	-5.264147E-3	-2.747384E+10	-2.739221E+10	-7.867214E+6	-8.163675E+7	-2.263617E+11
5.558110E+2	9.690341E-1	2.701229E+10	9.725654E-1	1.093384E+9	9.832882E-1	2.740791E+10	9.664142E-1	1.094858E+9	9.774436E-1	1.889215E+11	9.789988E-1	1.906199E+11	9.781808E-1	2.163294E+11	9.777501E-1	2.176322E+11	3.531274E-3	-1.687400E-2	6.151107E-3	2.040528E-2	-5.184778E-3	-2.591890E+10	-2.631305E+10	-1.474123E+6	3.941519E+8	-2.165388E+11
5.560130E+2	9.824026E-1	2.736831E+10	9.889531E-1	1.110938E+9	9.785327E-1	2.728128E+10	9.831642E-1	1.112921E+9	9.756642E-1	1.885932E+11	9.799896E-1	1.908041E+11	9.760260E-1	2.158745E+11	9.802920E-1	2.181724E+11	6.550484E-3	4.631511E-3	5.788918E-3	1.918972E-3	8.661108E-3	-2.625738E+10	-2.616836E+10	-1.983313E+6	-8.902045E+7	-2.170615E+11
5.565030E+2	9.461048E-1	2.640164E+10	9.492763E-1	1.068437E+9	9.508984E-1	2.654541E+10	9.711772E-1	1.099994E+9	9.488014E-1	1.836379E+11	9.514236E-1	1.854938E+11	9.490659E-1	2.101833E+11	9.507571E-1	2.118955E+11	3.171518E-3	2.027875E-2	-2.190088E-2	-1.710724E-2	-1.480831E-3	-2.533320E+10	-2.544542E+10	-3.155723E+7	1.122169E+8	-2.108270E+11
5.570500E+2	9.696894E-1	2.702974E+10	9.352417E-1	1.053404E+9	9.622942E-1	2.684887E+10	9.562268E-1	1.083872E+9	9.661809E-1	1.868438E+11	9.649774E-1	1.880134E+11	9.656906E-1	2.136927E+11	9.655679E-1	2.150431E+11	-3.444768E-2	-6.067363E-3	-2.098514E-2	-2.838032E-2	-3.032621E-2	-2.597633E+10	-2.576500E+10	-3.046810E+7	-2.113391E+8	-2.139897E+11
5.575360E+2	1.017346E+0	2.829893E+10	1.032193E+0	1.157256E+9	1.023570E+0	2.848057E+10	1.043346E+0	1.177822E+9	1.025394E+0	1.977669E+11	1.019208E+0	1.980946E+11	1.025164E+0	2.262475E+11	1.018975E+0	2.263935E+11	1.484714E-2	1.977523E-2	-1.115214E-2	-4.928096E-3	1.321864E-2	-2.714167E+10	-2.730275E+10	-2.056572E+7	1.610809E+8	-2.252362E+11
5.580060E+2	1.023591E+0	2.846522E+10	1.019472E+0	1.143629E+9	1.027317E+0	2.858034E+10	9.956073E-1	1.126340E+9	1.021279E+0	1.970077E+11	1.018712E+0	1.980024E+11	1.022040E+0	2.255880E+11	1.019324E+0	2.264676E+11	-4.118501E-3	-3.170957E-2	2.386482E-2	2.759107E-2	1.485109E-4	-2.732159E+10	-2.745400E+10	1.728912E+7	1.324034E+8	-2.253240E+11
5.585050E+2	1.038790E+0	2.887002E+10	1.003731E+0	1.126768E+9	1.036743E+0	2.883134E+10	1.017731E+0	1.150199E+9	1.033108E+0	1.991898E+11	1.030778E+0	2.002454E+11	1.033567E+0	2.280212E+11	1.031782E+0	2.291155E+11	-3.505901E-2	-1.901154E-2	-1.400008E-2	-1.604747E-2	-2.805105E-2	-2.774325E+10	-2.768114E+10	-2.343099E+7	-6.210784E+7	-2.279887E+11
5.590100E+2	1.029845E+0	2.863178E+10	1.041819E+0	1.167566E+9	1.033092E+0	2.873414E+10	1.042890E+0	1.177331E+9	1.030565E+0	1.987208E+11	1.030093E+0	2.001181E+11	1.030884E+0	2.274549E+11	1.030062E+0	2.287499E+11	1.197379E-2	9.797923E-3	-1.071894E-3	2.175869E-3	1.175619E-2	-2.746422E+10	-2.755681E+10	-9.764700E+6	9.258916E+7	-2.275823E+11
5.595110E+2	1.010040E+0	2.810434E+10	1.022224E+0	1.146577E+9	1.004270E+0	2.796662E+10	1.026308E+0	1.159448E+9	1.012768E+0	1.954377E+11	1.010163E+0	1.964131E+11	1.011696E+0	2.234043E+11	1.010147E+0	2.245174E+11	1.218444E-2	2.203832E-2	-4.084036E-3	-9.853880E-3	1.207688E-2	-2.695776E+10	-2.680718E+10	-1.287123E+7	-1.505845E+8	-2.233708E+11
5.600010E+2	9.515864E-1	2.654762E+10	9.275463E-1	1.045160E+9	9.505692E-1	2.653664E+10	9.232405E-1	1.048299E+9	9.538368E-1	1.845668E+11	9.582624E-1	1.867651E+11	9.534246E-1	2.111034E+11	9.574259E-1	2.133128E+11	-2.404016E-2	-2.732861E-2	4.305723E-3	3.288452E-3	-2.987959E-2	-2.550246E+10	-2.548835E+10	-3.138401E+6	-1.411846E+7	-2.122676E+11
5.605040E+2	1.005559E+0	2.798500E+10	1.043733E+0	1.169617E+9	9.976987E-1	2.779165E+10	1.020229E+0	1.152893E+9	1.008656E+0	1.946791E+11	1.007306E+0	1.958821E+11	1.007274E+0	2.224708E+11	1.007087E+0	2.238671E+11	3.817404E-2	2.253043E-2	2.350359E-2	1.564361E-2	3.664537E-2	-2.681539E+10	-2.663875E+10	1.672399E+7	-1.766334E+8	-2.226975E+11
5.610360E+2	1.025047E+0	2.850400E+10	1.035811E+0	1.161131E+9	1.035015E+0	2.878532E+10	1.020079E+0	1.152731E+9	1.023746E+0	1.974628E+11	1.029086E+0	1.999308E+11	1.025168E+0	2.262482E+11	1.028580E+0	2.284348E+11	1.076395E-2	-1.493509E-2	1.573111E-2	2.569903E-2	7.230977E-3	-2.734287E+10	-2.763259E+10	8.399372E+6	2.897172E+8	-2.272737E+11
