Photon Energy (eV)	X ref norm	X ref	X pump norm	X pump	Y ref norm	Y ref	Y pump norm	Y pump	X all norm	X all	Y all norm	Y all	X all Y ref norm	X all Y ref	Y all X ref norm	Y all X ref	BC(X hist) norm	BC(Y hist) norm	StS norm	BCSC norm	BCLR norm	BC(X hist)	BC(Y hist)	StS	BCSC	BCLR	
5.300220E+2	-8.108763E-3	9.892241E+8	-5.645585E-3	4.866967E+7	-7.380739E-3	1.027644E+9	-5.597137E-3	4.995052E+7	-7.726777E-3	7.188361E+9	-6.929331E-3	7.341479E+9	-7.683126E-3	8.216005E+9	-7.077126E-3	8.330703E+9	2.463178E-3	1.783602E-3	-4.844790E-5	6.795760E-4	1.431542E-3	-9.405544E+8	-9.776937E+8	-1.280841E+6	3.713930E+7	-8.282034E+9
5.305130E+2	-4.429754E-3	1.087203E+9	-4.919881E-3	4.948356E+7	-3.221497E-3	1.138400E+9	-5.431850E-3	5.013469E+7	-4.373151E-3	7.807000E+9	-4.974000E-3	7.704964E+9	-4.227876E-3	8.945399E+9	-4.905800E-3	8.792167E+9	-4.901274E-4	-2.210353E-3	5.119687E-4	1.720225E-3	-1.408091E-5	-1.037719E+9	-1.088265E+9	-6.511260E+5	5.054580E+7	-8.742683E+9
5.310050E+2	-3.161944E-3	1.120967E+9	-8.829662E-3	4.509869E+7	-4.513766E-3	1.103988E+9	-1.739329E-3	5.424910E+7	-2.098967E-3	8.226515E+9	-3.285833E-3	8.018785E+9	-2.403580E-3	9.330504E+9	-3.270309E-3	9.139752E+9	-5.667719E-3	2.774437E-3	-7.090334E-3	-8.442156E-3	-5.559354E-3	-1.075868E+9	-1.049739E+9	-9.150413E+6	-2.612904E+7	-9.094653E+9
5.315130E+2	8.670683E-5	1.207484E+9	3.095075E-3	5.847245E+7	-2.342642E-4	1.217946E+9	2.820458E-4	5.650143E+7	-6.586366E-4	8.492211E+9	-7.173556E-4	8.496250E+9	-6.051045E-4	9.710157E+9	-6.165980E-4	9.703734E+9	3.008368E-3	5.163100E-4	2.813029E-3	2.492058E-3	3.711673E-3	-1.149012E+9	-1.161444E+9	1.971025E+6	1.243277E+7	-9.645262E+9
5.320070E+2	3.362876E-3	1.294734E+9	2.570230E-4	5.528953E+7	3.413944E-3	1.315093E+9	-2.148750E-4	5.594773E+7	3.088079E-3	9.183363E+9	3.446570E-3	9.270300E+9	3.129185E-3	1.049846E+10	3.436082E-3	1.056503E+10	-3.105853E-3	-3.628819E-3	4.718980E-4	5.229657E-4	-3.179059E-3	-1.239445E+9	-1.259145E+9	-6.581951E+5	1.970049E+7	-1.050975E+10
5.325170E+2	1.225088E-2	1.531438E+9	1.604303E-2	7.299377E+7	1.193632E-2	1.542033E+9	1.270115E-2	7.033947E+7	1.176945E-2	1.078480E+10	1.245995E-2	1.094584E+10	1.179050E-2	1.232684E+10	1.243375E-2	1.247727E+10	3.792153E-3	7.648227E-4	3.341885E-3	3.027331E-3	3.609279E-3	-1.458444E+9	-1.471694E+9	2.654296E+6	1.324983E+7	-1.240428E+10
5.329970E+2	2.271886E-2	1.810219E+9	1.886529E-2	7.615897E+7	2.172480E-2	1.802688E+9	1.792386E-2	7.615892E+7	2.068968E-2	1.243031E+10	2.081250E-2	1.249853E+10	2.082026E-2	1.423300E+10	2.105138E-2	1.430875E+10	-3.853576E-3	-3.800937E-3	9.414203E-4	-5.263832E-5	-2.186099E-3	-1.734060E+9	-1.726529E+9	5.251655E+1	-7.530659E+6	-1.423259E+10
5.331630E+2	2.744927E-2	1.936198E+9	1.626432E-2	7.324194E+7	2.587827E-2	1.913290E+9	1.948891E-2	7.790277E+7	2.755340E-2	1.369645E+10	2.725443E-2	1.369605E+10	2.734209E-2	1.560974E+10	2.727884E-2	1.563224E+10	-1.118496E-2	-6.389363E-3	-3.224593E-3	-4.795594E-3	-1.101453E-2	-1.862956E+9	-1.835387E+9	-4.660830E+6	-2.756922E+7	-1.555900E+10
5.333080E+2	3.809736E-2	2.219776E+9	4.147192E-2	1.015126E+8	3.871663E-2	2.255159E+9	5.686061E-2	1.195444E+8	3.833067E-2	1.568452E+10	3.775659E-2	1.564834E+10	3.837936E-2	1.793968E+10	3.779929E-2	1.786811E+10	3.374562E-3	1.814397E-2	-1.538869E-2	-1.476941E-2	3.672628E-3	-2.118263E+9	-2.135615E+9	-1.803175E+7	1.735182E+7	-1.776660E+10
5.334580E+2	5.122079E-2	2.569276E+9	5.146037E-2	1.127148E+8	4.785816E-2	2.498587E+9	4.061560E-2	1.014433E+8	5.156029E-2	1.812497E+10	5.004591E-2	1.793285E+10	5.109328E-2	2.062355E+10	5.019314E-2	2.050213E+10	2.395811E-4	-7.242557E-3	1.084477E-2	7.482138E-3	1.267236E-3	-2.456562E+9	-2.397143E+9	1.127153E+7	-5.941827E+7	-2.038941E+10
5.336080E+2	6.538233E-2	2.946423E+9	6.806329E-2	1.313352E+8	6.770865E-2	3.027180E+9	5.240821E-2	1.145833E+8	6.583473E-2	2.075816E+10	6.550084E-2	2.080584E+10	6.607111E-2	2.378534E+10	6.548599E-2	2.375226E+10	2.680962E-3	-1.530044E-2	1.565508E-2	1.798140E-2	2.577303E-3	-2.815088E+9	-2.912597E+9	1.675196E+7	9.750862E+7	-2.362092E+10
5.337580E+2	8.912209E-2	3.578656E+9	7.919507E-2	1.438197E+8	9.199665E-2	3.673939E+9	9.432859E-2	1.612933E+8	9.327013E-2	2.581913E+10	9.374883E-2	2.605698E+10	9.310949E-2	2.949307E+10	9.316905E-2	2.963563E+10	-9.927022E-3	2.331942E-3	-1.513352E-2	-1.225896E-2	-1.397398E-2	-3.434836E+9	-3.512646E+9	-1.747359E+7	7.780966E+7	-2.949181E+10
5.339140E+2	1.444344E-1	5.051722E+9	1.462933E-1	2.190713E+8	1.438164E-1	5.053833E+9	1.280335E-1	1.988491E+8	1.479293E-1	3.590203E+10	1.458196E-1	3.573663E+10	1.474105E-1	4.095587E+10	1.456460E-1	4.078835E+10	1.858843E-3	-1.578290E-2	1.825980E-2	1.764175E-2	6.472751E-4	-4.832651E+9	-4.854984E+9	2.022217E+7	2.233294E+7	-4.056928E+10
5.340690E+2	2.214065E-1	7.101628E+9	2.299514E-1	3.128951E+8	2.249826E-1	7.215186E+9	2.322008E-1	3.149181E+8	2.317906E-1	5.137182E+10	2.273047E-1	5.088425E+10	2.309318E-1	5.858701E+10	2.265656E-1	5.798587E+10	8.544860E-3	7.218204E-3	-2.249347E-3	1.326656E-3	3.385838E-3	-6.788732E+9	-6.900268E+9	-2.022974E+6	1.115357E+8	-5.767298E+10
5.342040E+2	4.027587E-1	1.193136E+10	4.255719E-1	5.322863E+8	4.022510E-1	1.193562E+10	3.885308E-1	4.891096E+8	4.185186E-1	8.581729E+10	4.079541E-1	8.446595E+10	4.164665E-1	9.775291E+10	4.073031E-1	9.639731E+10	2.281319E-2	-1.372024E-2	3.704110E-2	3.653343E-2	1.826879E-2	-1.139907E+10	-1.144651E+10	4.317665E+7	4.743937E+7	-9.586503E+10
5.343600E+2	7.316935E-1	2.069148E+10	7.269587E-1	8.702959E+8	7.375626E-1	2.086455E+10	7.069283E-1	8.438857E+8	7.473269E-1	1.464721E+11	7.324618E-1	1.447901E+11	7.460952E-1	1.673367E+11	7.323655E-1	1.654816E+11	-4.734862E-3	-3.063437E-2	2.003040E-2	2.589950E-2	-5.406848E-3	-1.982119E+10	-2.002066E+10	2.641020E+7	1.994758E+8	-1.646113E+11
5.345160E+2	1.129540E+0	3.128685E+10	1.141950E+0	1.335715E+9	1.127848E+0	3.125736E+10	1.095223E+0	1.276545E+9	1.134558E+0	2.179042E+11	1.123211E+0	2.174281E+11	1.133712E+0	2.491616E+11	1.124004E+0	2.487150E+11	1.241010E-2	-3.262486E-2	4.672686E-2	4.503496E-2	1.794602E-2	-2.995113E+10	-2.998082E+10	5.916934E+7	2.968251E+7	-2.473793E+11
5.346560E+2	1.466046E+0	4.024861E+10	1.452369E+0	1.683854E+9	1.459232E+0	4.008170E+10	1.530071E+0	1.761076E+9	1.462008E+0	2.783084E+11	1.451675E+0	2.784877E+11	1.461658E+0	3.183901E+11	1.453476E+0	3.187363E+11	-1.367748E-2	7.083857E-2	-7.770175E-2	-8.451605E-2	-1.106910E-3	-3.856476E+10	-3.832062E+10	-7.722252E+7	-2.441381E+8	-3.170524E+11
5.348070E+2	1.829533E+0	4.992892E+10	1.841249E+0	2.119988E+9	1.823195E+0	4.977357E+10	1.840823E+0	2.107334E+9	1.796268E+0	3.399690E+11	1.797350E+0	3.427467E+11	1.799665E+0	3.897425E+11	1.801383E+0	3.926756E+11	1.171549E-2	1.762833E-2	4.255940E-4	-5.912846E-3	3.986594E-2	-4.780893E+10	-4.766623E+10	1.265422E+7	-1.426979E+8	-3.905556E+11
5.349530E+2	1.958703E+0	5.336895E+10	1.931215E+0	2.220887E+9	1.962347E+0	5.347901E+10	1.958220E+0	2.238144E+9	1.925307E+0	3.637725E+11	1.925375E+0	3.665459E+11	1.929979E+0	4.172515E+11	1.929551E+0	4.199148E+11	-2.748865E-2	-4.126313E-3	-2.700549E-2	-2.336234E-2	1.663366E-3	-5.114807E+10	-5.124086E+10	-1.725793E+7	9.279334E+7	-4.176939E+11
5.351300E+2	1.936159E+0	5.276854E+10	1.894654E+0	2.179883E+9	1.938906E+0	5.285482E+10	1.999639E+0	2.284295E+9	1.899240E+0	3.589640E+11	1.904485E+0	3.626625E+11	1.904244E+0	4.118189E+11	1.908454E+0	4.154311E+11	-4.150428E-2	6.073255E-2	-1.049845E-1	-1.022368E-1	-1.379970E-2	-5.058866E+10	-5.057052E+10	-1.044119E+8	-1.813603E+7	-4.132512E+11
5.352600E+2	1.837832E+0	5.014994E+10	1.795992E+0	2.069232E+9	1.823770E+0	4.978889E+10	1.774440E+0	2.033366E+9	1.798109E+0	3.403085E+11	1.799279E+0	3.431054E+11	1.801346E+0	3.900974E+11	1.804110E+0	3.932553E+11	-4.184086E-2	-4.933004E-2	2.155144E-2	7.489181E-3	-8.118713E-3	-4.808071E+10	-4.775552E+10	3.586528E+7	-3.251879E+8	-3.911861E+11
5.354110E+2	1.585317E+0	4.342500E+10	1.545627E+0	1.788444E+9	1.580740E+0	4.331730E+10	1.577639E+0	1.814080E+9	1.569190E+0	2.980801E+11	1.571729E+0	3.008051E+11	1.570647E+0	3.413974E+11	1.573432E+0	3.442301E+11	-3.968995E-2	-3.100464E-3	-3.201237E-2	-3.658948E-2	-2.780475E-2	-4.163656E+10	-4.150322E+10	-2.563590E+7	-1.333419E+8	-3.424416E+11
5.355730E+2	1.295115E+0	3.569640E+10	1.253095E+0	1.460365E+9	1.299163E+0	3.581927E+10	1.350143E+0	1.560591E+9	1.289761E+0	2.465342E+11	1.294033E+0	2.491829E+11	1.290947E+0	2.823535E+11	1.294168E+0	2.848793E+11	-4.202036E-2	5.097948E-2	-9.704834E-2	-9.299984E-2	-4.107371E-2	-3.423604E+10	-3.425868E+10	-1.002261E+8	2.264182E+7	-2.834189E+11
5.357090E+2	1.110486E+0	3.077939E+10	1.141065E+0	1.334722E+9	1.101328E+0	3.055116E+10	1.107793E+0	1.290551E+9	1.097632E+0	2.110924E+11	1.098832E+0	2.128961E+11	1.098098E+0	2.416435E+11	1.100292E+0	2.436755E+11	3.057930E-2	6.464796E-3	3.327209E-2	2.411450E-2	4.077295E-2	-2.944467E+10	-2.926061E+10	4.417087E+7	-1.840599E+8	-2.423408E+11
5.358710E+2	9.664821E-1	2.694432E+10	9.653778E-1	1.137686E+9	9.649877E-1	2.692059E+10	9.556556E-1	1.121031E+9	9.680803E-1	1.871942E+11	9.693571E-1	1.888276E+11	9.676902E-1	2.141148E+11	9.689969E-1	2.157719E+11	-1.104269E-3	-9.332141E-3	9.722214E-3	8.227872E-3	-3.619059E-3	-2.580664E+10	-2.579956E+10	1.665496E+7	-7.074319E+6	-2.146342E+11
5.360170E+2	8.004258E-1	2.252195E+10	8.069250E-1	9.599792E+8	7.956234E-1	2.241063E+10	8.317259E-1	9.829421E+8	7.990692E-1	1.560170E+11	7.994583E-1	1.572443E+11	7.986345E-1	1.784276E+11	7.995795E-1	1.797663E+11	6.499201E-3	3.610254E-2	-2.480096E-2	-2.960333E-2	7.345449E-3	-2.156197E+10	-2.142769E+10	-2.296289E+7	-1.342749E+8	-1.788063E+11
5.362630E+2	6.279688E-1	1.792911E+10	6.084038E-1	7.373349E+8	6.278942E-1	1.794422E+10	6.459493E-1	7.759395E+8	6.329656E-1	1.253760E+11	6.290199E-1	1.255608E+11	6.323258E-1	1.433203E+11	6.288882E-1	1.434899E+11	-1.956497E-2	1.805510E-2	-3.754544E-2	-3.762007E-2	-2.048440E-2	-1.719177E+10	-1.716828E+10	-3.860459E+7	-2.349704E+7	-1.427526E+11
5.365140E+2	5.113463E-1	1.482324E+10	5.260664E-1	6.449923E+8	5.034651E-1	1.463083E+10	5.192313E-1	6.347434E+8	5.160606E-1	1.038107E+11	5.142072E-1	1.042178E+11	5.144717E-1	1.184416E+11	5.138487E-1	1.190410E+11	1.472004E-2	1.576622E-2	6.835026E-3	-1.046183E-3	1.221769E-2	-1.417825E+10	-1.399608E+10	1.024888E+7	-1.821674E+8	-1.183960E+11
5.367660E+2	4.519208E-1	1.324063E+10	4.866400E-1	6.007750E+8	4.527719E-1	1.328093E+10	4.509397E-1	5.586491E+8	4.612270E-1	9.369565E+10	4.577906E-1	9.373027E+10	4.601604E-1	1.069766E+11	4.570550E-1	1.069709E+11	3.471920E-2	-1.832233E-3	3.570024E-2	3.655143E-2	2.958492E-2	-1.263986E+10	-1.272228E+10	4.212589E+7	8.242351E+7	-1.063701E+11
5.370070E+2	4.495075E-1	1.317636E+10	4.552760E-1	5.655998E+8	4.433041E-1	1.302881E+10	4.530747E-1	5.610280E+8	4.526680E-1	9.211678E+10	4.510992E-1	9.248638E+10	4.514868E-1	1.051456E+11	4.508997E-1	1.056627E+11	5.768518E-3	9.770561E-3	2.201321E-3	-4.002042E-3	4.376227E-3	-1.261076E+10	-1.246779E+10	4.571868E+6	-1.429769E+8	-1.050971E+11
5.372690E+2	4.774355E-1	1.392014E+10	4.882265E-1	6.025543E+8	4.696360E-1	1.373000E+10	4.773974E-1	5.881297E+8	4.776956E-1	9.673359E+10	4.783015E-1	9.754312E+10	4.766789E-1	1.104636E+11	4.781930E-1	1.114633E+11	1.079101E-2	7.761389E-3	1.082910E-2	3.029624E-3	1.003355E-2	-1.331758E+10	-1.314187E+10	1.442461E+7	-1.757118E+8	-1.108607E+11
5.375110E+2	5.540472E-1	1.596044E+10	5.441415E-1	6.652638E+8	5.573252E-1	1.606505E+10	5.706448E-1	6.920311E+8	5.637944E-1	1.126161E+11	5.609736E-1	1.129114E+11	5.629784E-1	1.286812E+11	5.601056E-1	1.288718E+11	-9.905740E-3	1.331961E-2	-2.650332E-2	-2.322535E-2	-1.596416E-2	-1.529518E+10	-1.537302E+10	-2.676735E+7	7.784126E+7	-1.282066E+11
5.377690E+2	6.606022E-1	1.879819E+10	6.740419E-1	8.109490E+8	6.622916E-1	1.886018E+10	6.438603E-1	7.736119E+8	6.682094E-1	1.318774E+11	6.678990E-1	1.327882E+11	6.674629E-1	1.507376E+11	6.669846E-1	1.515864E+11	1.343975E-2	-1.843126E-2	3.018159E-2	3.187100E-2	7.057306E-3	-1.798724E+10	-1.808656E+10	3.733708E+7	9.931955E+7	-1.507755E+11
5.380110E+2	8.063905E-1	2.268080E+10	8.208302E-1	9.755742E+8	8.078244E-1	2.273553E+10	8.104529E-1	9.592385E+8	8.142528E-1	1.588179E+11	8.118628E-1	1.595503E+11	8.134419E-1	1.815534E+11	8.111771E-1	1.822311E+11	1.443968E-2	2.628430E-3	1.037732E-2	1.181125E-2	9.653137E-3	-2.170522E+10	-2.177629E+10	1.633563E+7	7.107038E+7	-1.812555E+11
5.382690E+2	9.999267E-1	2.783501E+10	9.872180E-1	1.162181E+9	9.991030E-1	2.782904E+10	9.413187E-1	1.105056E+9	1.001861E+0	1.934257E+11	9.943419E-1	1.934721E+11	1.001513E+0	2.212547E+11	9.950417E-1	2.213071E+11	-1.270864E-2	-5.778428E-2	4.589935E-2	4.507563E-2	-7.823654E-3	-2.667283E+10	-2.672398E+10	5.712407E+7	5.115072E+7	-2.201449E+11
5.385110E+2	1.234633E+0	3.408566E+10	1.288895E+0	1.500515E+9	1.237851E+0	3.418660E+10	1.234294E+0	1.431505E+9	1.233259E+0	2.361113E+11	1.234142E+0	2.380497E+11	1.233838E+0	2.702979E+11	1.234204E+0	2.721353E+11	5.426190E-2	-3.557484E-3	5.460105E-2	5.781938E-2	5.469077E-2	-3.258514E+10	-3.275510E+10	6.900989E+7	1.699559E+8	-2.706348E+11
5.387750E+2	1.475885E+0	4.051062E+10	1.427775E+0	1.656271E+9	1.467600E+0	4.030453E+10	1.503286E+0	1.731231E+9	1.467610E+0	2.793418E+11	1.460448E+0	2.801185E+11	1.467609E+0	3.196464E+11	1.462382E+0	3.206292E+11	-4.811004E-2	3.568557E-2	-7.551131E-2	-8.379562E-2	-3.460769E-2	-3.885435E+10	-3.857330E+10	-7.496034E+7	-2.810506E+8	-3.189729E+11
5.390180E+2	1.666867E+0	4.559682E+10	1.659793E+0	1.916483E+9	1.656824E+0	4.534333E+10	1.656498E+0	1.901949E+9	1.643776E+0	3.118390E+11	1.642987E+0	3.140516E+11	1.645422E+0	3.571823E+11	1.645979E+0	3.596484E+11	-7.073493E-3	-3.264909E-4	3.295354E-3	-6.747002E-3	1.381372E-2	-4.368033E+10	-4.344138E+10	1.453466E+7	-2.389523E+8	-3.577319E+11
5.392880E+2	1.848143E+0	5.042453E+10	1.849597E+0	2.129351E+9	1.829895E+0	4.995200E+10	1.781325E+0	2.041038E+9	1.814598E+0	3.433503E+11	1.809186E+0	3.449470E+11	1.816528E+0	3.933023E+11	1.814068E+0	3.953716E+11	1.454169E-3	-4.857006E-2	6.827190E-2	5.002423E-2	3.552924E-2	-4.829518E+10	-4.791096E+10	8.831293E+7	-3.842237E+8	-3.932422E+11
5.395100E+2	1.930207E+0	5.261003E+10	1.915846E+0	2.203650E+9	1.947561E+0	5.308527E+10	1.918823E+0	2.194246E+9	1.907610E+0	3.605080E+11	1.914009E+0	3.644330E+11	1.912649E+0	4.135932E+11	1.916039E+0	4.170431E+11	-1.436054E-2	-2.873724E-2	-2.977219E-3	1.437671E-2	-1.927655E-4	-5.040638E+10	-5.089103E+10	9.404134E+6	4.846429E+8	-4.148394E+11
5.397750E+2	1.998713E+0	5.443448E+10	2.025089E+0	2.326168E+9	1.998123E+0	5.443168E+10	1.972565E+0	2.254128E+9	1.964706E+0	3.710405E+11	1.967624E+0	3.743996E+11	1.968922E+0	4.254722E+11	1.971519E+0	4.288341E+11	2.637592E-2	-2.555773E-2	5.252401E-2	5.193365E-2	5.356962E-2	-5.210831E+10	-5.217755E+10	7.203968E+7	6.923579E+7	-4.265079E+11
5.400300E+2	1.908189E+0	5.202367E+10	1.843505E+0	2.122519E+9	1.888038E+0	5.150027E+10	1.888382E+0	2.160327E+9	1.874547E+0	3.544089E+11	1.870920E+0	3.564230E+11	1.876249E+0	4.059092E+11	1.875591E+0	4.084467E+11	-6.468435E-2	3.441140E-4	-4.487745E-2	-6.502847E-2	-3.208553E-2	-4.990115E+10	-4.933994E+10	-3.780855E+7	-5.612120E+8	-4.063242E+11
5.402690E+2	1.872941E+0	5.108494E+10	1.848144E+0	2.127722E+9	1.866825E+0	5.093540E+10	1.849990E+0	2.117549E+9	1.840892E+0	3.482006E+11	1.839982E+0	3.506717E+11	1.844163E+0	3.991360E+11	1.844112E+0	4.017567E+11	-2.479678E-2	-1.683508E-2	-1.846170E-3	-7.961703E-3	4.032386E-3	-4.895722E+10	-4.881785E+10	1.017295E+7	-1.393758E+8	-3.996289E+11
5.405180E+2	1.762897E+0	4.815427E+10	1.726841E+0	1.991678E+9	1.759910E+0	4.808836E+10	1.785019E+0	2.045153E+9	1.734428E+0	3.285614E+11	1.732317E+0	3.306575E+11	1.737643E+0	3.766498E+11	1.736149E+0	3.788118E+11	-3.605603E-2	2.510903E-2	-5.817782E-2	-6.116506E-2	-9.308492E-3	-4.616259E+10	-4.604321E+10	-5.347544E+7	-1.193861E+8	-3.768201E+11
5.407520E+2	1.700788E+0	4.650020E+10	1.712370E+0	1.975449E+9	1.706935E+0	4.667771E+10	1.725525E+0	1.978863E+9	1.687971E+0	3.199915E+11	1.686804E+0	3.221969E+11	1.690363E+0	3.666692E+11	1.688556E+0	3.686971E+11	1.158243E-2	1.859015E-2	-1.315458E-2	-7.007720E-3	2.381409E-2	-4.452475E+10	-4.469885E+10	-3.413104E+6	1.740950E+8	-3.667216E+11
5.410400E+2	1.635786E+0	4.476909E+10	1.668181E+0	1.925890E+9	1.635377E+0	4.477222E+10	1.669370E+0	1.916292E+9	1.617543E+0	3.069998E+11	1.623866E+0	3.104970E+11	1.619793E+0	3.517721E+11	1.625359E+0	3.552661E+11	3.239426E-2	3.399295E-2	-1.189621E-3	-1.598692E-3	4.282129E-2	-4.284320E+10	-4.285593E+10	9.598136E+6	1.272816E+7	-3.533402E+11
5.412690E+2	1.539477E+0	4.220420E+10	1.509738E+0	1.748195E+9	1.545763E+0	4.238591E+10	1.515430E+0	1.744763E+9	1.523323E+0	2.896192E+11	1.530568E+0	2.931534E+11	1.526154E+0	3.320051E+11	1.531684E+0	3.353576E+11	-2.973849E-2	-3.033304E-2	-5.691801E-3	5.945527E-4	-2.194579E-2	-4.045600E+10	-4.064115E+10	3.431404E+6	1.851457E+8	-3.336094E+11
5.415190E+2	1.362524E+0	3.749163E+10	1.424700E+0	1.652823E+9	1.360347E+0	3.744852E+10	1.378759E+0	1.592477E+9	1.354663E+0	2.585067E+11	1.353291E+0	2.601988E+11	1.355380E+0	2.959552E+11	1.354448E+0	2.976904E+11	6.217618E-2	1.841177E-2	4.594113E-2	4.376441E-2	7.025185E-2	-3.583880E+10	-3.585604E+10	6.034637E+7	1.723902E+7	-2.960376E+11
5.417600E+2	1.186104E+0	3.279324E+10	1.232814E+0	1.437620E+9	1.188231E+0	3.286528E+10	1.238047E+0	1.435688E+9	1.189370E+0	2.280153E+11	1.187118E+0	2.293080E+11	1.189227E+0	2.608806E+11	1.186991E+0	2.621013E+11	4.671046E-2	4.981643E-2	-5.233092E-3	-3.105978E-3	4.582356E-2	-3.135562E+10	-3.142959E+10	1.932293E+6	7.396839E+7	-2.606637E+11
5.420320E+2	1.042761E+0	2.897576E+10	1.074706E+0	1.260300E+9	1.043995E+0	2.902445E+10	1.043153E+0	1.218525E+9	1.044727E+0	2.013331E+11	1.043010E+0	2.025192E+11	1.044635E+0	2.303576E+11	1.042979E+0	2.314950E+11	3.194558E-2	-8.419409E-4	3.155364E-2	3.278752E-2	3.172744E-2	-2.771546E+10	-2.780592E+10	4.177438E+7	9.046163E+7	-2.302347E+11
5.422670E+2	9.711050E-1	2.706744E+10	9.772605E-1	1.151013E+9	9.591125E-1	2.676414E+10	9.611627E-1	1.127168E+9	9.695897E-1	1.874727E+11	9.701470E-1	1.889744E+11	9.682680E-1	2.142368E+11	9.702670E-1	2.160418E+11	6.155505E-3	2.050190E-3	1.609782E-2	4.105315E-3	6.993438E-3	-2.591643E+10	-2.563697E+10	2.384528E+7	-2.794510E+8	-2.148908E+11
5.425460E+2	9.201231E-1	2.570970E+10	9.391663E-1	1.108290E+9	9.271201E-1	2.591222E+10	9.838896E-1	1.152491E+9	9.323889E-1	1.806103E+11	9.282826E-1	1.811921E+11	9.317242E-1	2.065225E+11	9.272601E-1	2.069018E+11	1.904314E-2	5.676951E-2	-4.472332E-2	-3.772637E-2	1.190611E-2	-2.460141E+10	-2.475973E+10	-4.420153E+7	1.583229E+8	-2.057935E+11
5.427650E+2	9.990418E-1	2.781145E+10	9.569485E-1	1.128233E+9	1.004507E+0	2.797295E+10	9.919849E-1	1.161512E+9	1.002559E+0	1.935544E+11	9.986225E-1	1.942678E+11	1.002804E+0	2.215273E+11	9.986751E-1	2.220793E+11	-4.209332E-2	-1.252246E-2	-3.503636E-2	-2.957086E-2	-4.172656E-2	-2.668321E+10	-2.681144E+10	-3.327871E+7	1.282247E+8	-2.209511E+11
5.430070E+2	1.137476E+0	3.149819E+10	1.161889E+0	1.358076E+9	1.131695E+0	3.135979E+10	1.069713E+0	1.248121E+9	1.133037E+0	2.176236E+11	1.127534E+0	2.182318E+11	1.132868E+0	2.489834E+11	1.128780E+0	2.497299E+11	2.441304E-2	-6.198130E-2	9.217540E-2	8.639435E-2	3.310900E-2	-3.014011E+10	-3.011167E+10	1.099554E+8	-2.844477E+7	-2.483719E+11
5.432700E+2	1.253410E+0	3.458572E+10	1.313568E+0	1.528187E+9	1.259727E+0	3.476914E+10	1.278737E+0	1.481027E+9	1.262050E+0	2.414223E+11	1.259889E+0	2.428358E+11	1.261757E+0	2.761915E+11	1.259077E+0	2.774215E+11	6.015844E-2	1.901000E-2	3.483099E-2	4.114844E-2	5.449128E-2	-3.305753E+10	-3.328811E+10	4.716011E+7	2.305746E+8	-2.758933E+11
5.435330E+2	1.446636E+0	3.973168E+10	1.436856E+0	1.666456E+9	1.430182E+0	3.930813E+10	1.424620E+0	1.643577E+9	1.431708E+0	2.727191E+11	1.425887E+0	2.736940E+11	1.431516E+0	3.120272E+11	1.428487E+0	3.134256E+11	-9.780238E-3	-5.562011E-3	1.223581E-2	-4.218227E-3	8.368320E-3	-3.806522E+10	-3.766455E+10	2.287828E+7	-4.006725E+8	-3.117592E+11
5.437530E+2	1.528870E+0	4.192171E+10	1.519415E+0	1.759048E+9	1.522778E+0	4.177383E+10	1.574943E+0	1.811075E+9	1.514826E+0	2.880517E+11	1.510565E+0	2.894351E+11	1.515829E+0	3.298255E+11	1.512859E+0	3.313568E+11	-9.454362E-3	5.216501E-2	-5.552712E-2	-6.161937E-2	6.556237E-3	-4.016267E+10	-3.996276E+10	-5.202762E+7	-1.999075E+8	-3.295978E+11
5.440220E+2	1.575662E+0	4.316788E+10	1.572504E+0	1.818587E+9	1.580785E+0	4.331851E+10	1.600110E+0	1.839118E+9	1.562418E+0	2.968310E+11	1.556947E+0	2.980572E+11	1.564735E+0	3.401495E+11	1.559292E+0	3.412250E+11	-3.158237E-3	1.932440E-2	-2.760565E-2	-2.248264E-2	1.321198E-2	-4.134929E+10	-4.147939E+10	-2.053060E+7	1.300950E+8	-3.394064E+11
5.442700E+2	1.562894E+0	4.282784E+10	1.603231E+0	1.853048E+9	1.578208E+0	4.324988E+10	1.574561E+0	1.810650E+9	1.553366E+0	2.951612E+11	1.557937E+0	2.982413E+11	1.556500E+0	3.384111E+11	1.558558E+0	3.410691E+11	4.033736E-2	-3.647441E-3	2.867069E-2	4.398480E-2	4.467284E-2	-4.097479E+10	-4.143923E+10	4.239866E+7	4.644395E+8	-3.392161E+11
5.445180E+2	1.551357E+0	4.252058E+10	1.559776E+0	1.804312E+9	1.544311E+0	4.234725E+10	1.593445E+0	1.831691E+9	1.529819E+0	2.908175E+11	1.534682E+0	2.939183E+11	1.531647E+0	3.331647E+11	1.536772E+0	3.364389E+11	8.419057E-3	4.913335E-2	-3.366873E-2	-4.071429E-2	2.300415E-2	-4.071627E+10	-4.051556E+10	-2.737881E+7	-2.007129E+8	-3.346345E+11
5.447720E+2	1.445283E+0	3.969566E+10	1.404498E+0	1.630166E+9	1.451214E+0	3.986817E+10	1.473066E+0	1.697558E+9	1.437510E+0	2.737893E+11	1.437748E+0	2.758988E+11	1.439238E+0	3.136574E+11	1.438693E+0	3.155945E+11	-4.078573E-2	2.185222E-2	-6.856803E-2	-6.263795E-2	-3.419481E-2	-3.806549E+10	-3.817062E+10	-6.739272E+7	1.051216E+8	-3.139643E+11
5.450090E+2	1.327913E+0	3.656988E+10	1.283584E+0	1.494559E+9	1.331279E+0	3.667447E+10	1.360527E+0	1.572161E+9	1.321103E+0	2.523158E+11	1.321768E+0	2.543388E+11	1.322386E+0	2.889903E+11	1.322538E+0	2.909087E+11	-4.432974E-2	2.924778E-2	-7.694323E-2	-7.357752E-2	-3.895475E-2	-3.507532E+10	-3.510231E+10	-7.760257E+7	2.698364E+7	-2.894141E+11
5.452690E+2	1.280606E+0	3.531001E+10	1.254894E+0	1.462383E+9	1.283403E+0	3.539958E+10	1.280057E+0	1.482497E+9	1.273658E+0	2.435637E+11	1.277438E+0	2.460980E+11	1.274887E+0	2.789633E+11	1.277835E+0	2.814080E+11	-2.571232E-2	-3.345497E-3	-2.516324E-2	-2.236682E-2	-2.294100E-2	-3.384763E+10	-3.391708E+10	-2.011470E+7	6.945604E+7	-2.799456E+11
5.455180E+2	1.248010E+0	3.444190E+10	1.246970E+0	1.453496E+9	1.236186E+0	3.414226E+10	1.251616E+0	1.450807E+9	1.239780E+0	2.373144E+11	1.236270E+0	2.384451E+11	1.239327E+0	2.714566E+11	1.237741E+0	2.728871E+11	-1.039559E-3	1.542991E-2	-4.645969E-3	-1.646947E-2	9.228941E-3	-3.298841E+10	-3.269146E+10	2.689256E+6	-2.969507E+8	-2.714336E+11
5.457560E+2	1.178502E+0	3.259080E+10	1.201240E+0	1.402209E+9	1.179964E+0	3.264515E+10	1.213473E+0	1.408305E+9	1.179296E+0	2.261569E+11	1.179037E+0	2.278059E+11	1.179380E+0	2.588020E+11	1.178970E+0	2.603967E+11	2.273801E-2	3.350843E-2	-1.223247E-2	-1.077042E-2	2.226993E-2	-3.118859E+10	-3.123684E+10	-6.095999E+6	4.825341E+7	-2.589945E+11
5.460160E+2	1.191860E+0	3.294654E+10	1.175974E+0	1.373874E+9	1.192650E+0	3.298295E+10	1.199587E+0	1.392833E+9	1.186780E+0	2.275375E+11	1.188593E+0	2.295824E+11	1.187521E+0	2.605205E+11	1.189003E+0	2.625289E+11	-1.588566E-2	6.937275E-3	-2.361259E-2	-2.282293E-2	-1.302839E-2	-3.157267E+10	-3.159011E+10	-1.895976E+7	1.744390E+7	-2.611550E+11
5.467660E+2	1.219429E+0	3.368075E+10	1.235521E+0	1.440655E+9	1.222057E+0	3.376602E+10	1.244331E+0	1.442689E+9	1.218283E+0	2.333489E+11	1.217500E+0	2.349558E+11	1.218759E+0	2.671149E+11	1.217741E+0	2.686366E+11	1.609144E-2	2.227376E-2	-8.810174E-3	-6.182328E-3	1.777919E-2	-3.224010E+10	-3.232333E+10	-2.033845E+6	8.323455E+7	-2.671959E+11
5.475120E+2	1.276917E+0	3.521177E+10	1.291380E+0	1.503303E+9	1.282424E+0	3.537353E+10	1.326528E+0	1.534278E+9	1.274176E+0	2.436593E+11	1.272410E+0	2.451634E+11	1.275216E+0	2.790328E+11	1.272975E+0	2.803752E+11	1.446252E-2	4.410336E-2	-3.514779E-2	-2.964084E-2	1.840495E-2	-3.370847E+10	-3.383925E+10	-3.097518E+7	1.307848E+8	-2.788719E+11
5.482660E+2	1.397883E+0	3.843330E+10	1.459924E+0	1.692327E+9	1.396079E+0	3.840001E+10	1.394103E+0	1.609574E+9	1.394350E+0	2.658277E+11	1.391455E+0	2.672932E+11	1.394568E+0	3.042277E+11	1.392261E+0	3.057265E+11	6.204153E-2	-1.975420E-3	6.582095E-2	6.401695E-2	6.766370E-2	-3.674097E+10	-3.679043E+10	8.275325E+7	4.946332E+7	-3.040342E+11
5.490100E+2	1.405007E+0	3.862304E+10	1.414923E+0	1.641857E+9	1.394669E+0	3.836246E+10	1.413139E+0	1.630785E+9	1.387622E+0	2.645865E+11	1.387909E+0	2.666339E+11	1.388511E+0	3.029490E+11	1.390051E+0	3.052569E+11	9.915128E-3	1.847041E-2	1.783506E-3	-8.555282E-3	2.487132E-2	-3.698118E+10	-3.673167E+10	1.107252E+7	-2.495099E+8	-3.036151E+11
5.497630E+2	1.375872E+0	3.784711E+10	1.356522E+0	1.576360E+9	1.369040E+0	3.767999E+10	1.372396E+0	1.585387E+9	1.365237E+0	2.604572E+11	1.358303E+0	2.611305E+11	1.365717E+0	2.981372E+11	1.360505E+0	2.989776E+11	-1.934972E-2	3.356782E-3	-1.587419E-2	-2.270650E-2	-3.982687E-3	-3.627075E+10	-3.609460E+10	-9.026599E+6	-1.761469E+8	-2.974012E+11
5.505060E+2	1.309374E+0	3.607614E+10	1.351118E+0	1.570300E+9	1.301743E+0	3.588797E+10	1.300110E+0	1.504841E+9	1.303084E+0	2.489918E+11	1.302822E+0	2.508168E+11	1.302914E+0	2.848798E+11	1.303643E+0	2.868930E+11	4.174427E-2	-1.633381E-3	5.100834E-2	4.337765E-2	4.747493E-2	-3.450584E+10	-3.438313E+10	6.545839E+7	-1.227193E+8	-2.853227E+11
5.512570E+2	1.313088E+0	3.617505E+10	1.271115E+0	1.480575E+9	1.327732E+0	3.658001E+10	1.373199E+0	1.586282E+9	1.316234E+0	2.514177E+11	1.316772E+0	2.534100E+11	1.317685E+0	2.879977E+11	1.316310E+0	2.895851E+11	-4.197288E-2	4.546769E-2	-1.020845E-1	-8.744058E-2	-4.519538E-2	-3.469448E+10	-3.499373E+10	-1.057069E+8	2.992488E+8	-2.881045E+11
5.520210E+2	1.276658E+0	3.520485E+10	1.268981E+0	1.478182E+9	1.286269E+0	3.547590E+10	1.288029E+0	1.491380E+9	1.274939E+0	2.438000E+11	1.277922E+0	2.461881E+11	1.276368E+0	2.792759E+11	1.277764E+0	2.813929E+11	-7.676591E-3	1.760565E-3	-1.904817E-2	-9.437156E-3	-8.782857E-3	-3.372667E+10	-3.398452E+10	-1.319870E+7	2.578484E+8	-2.799148E+11
5.527650E+2	1.192745E+0	3.297011E+10	1.219818E+0	1.423045E+9	1.188368E+0	3.286892E+10	1.206132E+0	1.400126E+9	1.190773E+0	2.282741E+11	1.185287E+0	2.289677E+11	1.190470E+0	2.611430E+11	1.186222E+0	2.619378E+11	2.707331E-2	1.776438E-2	1.368628E-2	9.308930E-3	3.359683E-2	-3.154707E+10	-3.146879E+10	2.291896E+7	-7.827082E+7	-2.605148E+11
5.534990E+2	1.186867E+0	3.281356E+10	1.226165E+0	1.430163E+9	1.189995E+0	3.291225E+10	1.272630E+0	1.474222E+9	1.185149E+0	2.272367E+11	1.189774E+0	2.298019E+11	1.185761E+0	2.601489E+11	1.189410E+0	2.626154E+11	3.929803E-2	8.263516E-2	-4.646536E-2	-4.333713E-2	3.675480E-2	-3.138339E+10	-3.143803E+10	-4.405925E+7	5.463309E+7	-2.611852E+11
5.542530E+2	1.104288E+0	3.061434E+10	1.091380E+0	1.278999E+9	1.120000E+0	3.104837E+10	1.077121E+0	1.256375E+9	1.111729E+0	2.136929E+11	1.112231E+0	2.153870E+11	1.112772E+0	2.447413E+11	1.111236E+0	2.460013E+11	-1.290825E-2	-4.287912E-2	1.425903E-2	2.997087E-2	-1.985578E-2	-2.933534E+10	-2.979200E+10	2.262480E+7	4.566544E+8	-2.447223E+11
5.550080E+2	1.029286E+0	2.861690E+10	1.030732E+0	1.210982E+9	1.025920E+0	2.854313E+10	1.032589E+0	1.206755E+9	1.025006E+0	1.976952E+11	1.023476E+0	1.988879E+11	1.025121E+0	2.262384E+11	1.024204E+0	2.275048E+11	1.445803E-3	6.669140E-3	-1.857001E-3	-5.223336E-3	6.528034E-3	-2.740592E+10	-2.733638E+10	4.227174E+6	-6.954236E+7	-2.262938E+11
5.558110E+2	9.690341E-1	2.701229E+10	1.015682E+0	1.194103E+9	9.832882E-1	2.740791E+10	1.038989E+0	1.213886E+9	9.774436E-1	1.889215E+11	9.789988E-1	1.906199E+11	9.781808E-1	2.163294E+11	9.777501E-1	2.176322E+11	4.664746E-2	5.570099E-2	-2.330770E-2	-9.053530E-3	3.793141E-2	-2.581818E+10	-2.619403E+10	-1.978363E+7	3.758423E+8	-2.164381E+11
5.560130E+2	9.824026E-1	2.736831E+10	9.882360E-1	1.163322E+9	9.785327E-1	2.728128E+10	9.718990E-1	1.139131E+9	9.756642E-1	1.885932E+11	9.799896E-1	1.908041E+11	9.760260E-1	2.158745E+11	9.802920E-1	2.181724E+11	5.833391E-3	-6.633701E-3	1.633704E-2	1.246709E-2	7.944015E-3	-2.620499E+10	-2.614215E+10	2.419150E+7	-6.284564E+7	-2.170091E+11
5.565030E+2	9.461048E-1	2.640164E+10	9.539084E-1	1.124823E+9	9.508984E-1	2.654541E+10	9.556522E-1	1.121028E+9	9.488014E-1	1.836379E+11	9.514236E-1	1.854938E+11	9.490659E-1	2.101833E+11	9.507571E-1	2.118955E+11	7.803619E-3	4.753790E-3	-1.743819E-3	3.049830E-3	3.151270E-3	-2.527681E+10	-2.542438E+10	3.795617E+6	1.475697E+8	-2.107707E+11
5.570500E+2	9.696894E-1	2.702974E+10	9.514757E-1	1.122095E+9	9.622942E-1	2.684887E+10	9.639197E-1	1.130240E+9	9.661809E-1	1.868438E+11	9.649774E-1	1.880134E+11	9.656906E-1	2.136927E+11	9.655679E-1	2.150431E+11	-1.821365E-2	1.625543E-3	-1.244401E-2	-1.983919E-2	-1.409218E-2	-2.590764E+10	-2.571863E+10	-8.144789E+6	-1.890158E+8	-2.139211E+11
5.575360E+2	1.017346E+0	2.829893E+10	9.730569E-1	1.146299E+9	1.023570E+0	2.848057E+10	1.000340E+0	1.170821E+9	1.025394E+0	1.977669E+11	1.019208E+0	1.980946E+11	1.025164E+0	2.262475E+11	1.018975E+0	2.263935E+11	-4.428940E-2	-2.323023E-2	-2.728322E-2	-2.105918E-2	-4.591790E-2	-2.715263E+10	-2.730975E+10	-2.452279E+7	1.571238E+8	-2.252472E+11
5.580060E+2	1.023591E+0	2.846522E+10	1.010539E+0	1.188335E+9	1.027317E+0	2.858034E+10	1.002919E+0	1.173695E+9	1.021279E+0	1.970077E+11	1.018712E+0	1.980024E+11	1.022040E+0	2.255880E+11	1.019324E+0	2.264676E+11	-1.305170E-2	-2.439744E-2	7.619499E-3	1.134574E-2	-8.784686E-3	-2.727689E+10	-2.740664E+10	1.463983E+7	1.297541E+8	-2.252793E+11
5.585050E+2	1.038790E+0	2.887002E+10	1.059954E+0	1.243755E+9	1.036743E+0	2.883134E+10	1.024603E+0	1.197856E+9	1.033108E+0	1.991898E+11	1.030778E+0	2.002454E+11	1.033567E+0	2.280212E+11	1.031782E+0	2.291155E+11	2.116414E-2	-1.214039E-2	3.535192E-2	3.330453E-2	2.817210E-2	-2.762627E+10	-2.763349E+10	4.589955E+7	7.222694E+6	-2.278717E+11
5.590100E+2	1.029845E+0	2.863178E+10	1.038603E+0	1.219810E+9	1.033092E+0	2.873414E+10	1.032180E+0	1.206299E+9	1.030565E+0	1.987208E+11	1.030093E+0	2.001181E+11	1.030884E+0	2.274549E+11	1.030062E+0	2.287499E+11	8.758473E-3	-9.126602E-4	6.423370E-3	9.671133E-3	8.540874E-3	-2.741197E+10	-2.752784E+10	1.351076E+7	1.158646E+8	-2.275301E+11
5.595110E+2	1.010040E+0	2.810434E+10	1.024939E+0	1.204485E+9	1.004270E+0	2.796662E+10	1.040406E+0	1.215465E+9	1.012768E+0	1.954377E+11	1.010163E+0	1.964131E+11	1.011696E+0	2.234043E+11	1.010147E+0	2.245174E+11	1.489936E-2	3.613614E-2	-1.546694E-2	-2.123679E-2	1.479180E-2	-2.689985E+10	-2.675116E+10	-1.097982E+7	-1.486931E+8	-2.233129E+11
5.600010E+2	9.515864E-1	2.654762E+10	9.934252E-1	1.169142E+9	9.505692E-1	2.653664E+10	9.676258E-1	1.134369E+9	9.538368E-1	1.845668E+11	9.582624E-1	1.867651E+11	9.534246E-1	2.111034E+11	9.574259E-1	2.133128E+11	4.183881E-2	1.705662E-2	2.579946E-2	2.478219E-2	3.599938E-2	-2.537848E+10	-2.540227E+10	3.477272E+7	2.379266E+7	-2.121436E+11
5.605040E+2	1.005559E+0	2.798500E+10	1.006994E+0	1.184360E+9	9.976987E-1	2.779165E+10	9.778426E-1	1.145753E+9	1.008656E+0	1.946791E+11	1.007306E+0	1.958821E+11	1.007274E+0	2.224708E+11	1.007087E+0	2.238671E+11	1.435604E-3	-1.985610E-2	2.915169E-2	2.129171E-2	-9.305956E-5	-2.680064E+10	-2.664589E+10	3.860646E+7	-1.547509E+8	-2.226828E+11
5.610360E+2	1.025047E+0	2.850400E+10	9.988680E-1	1.175246E+9	1.035015E+0	2.878532E+10	1.062613E+0	1.240209E+9	1.023746E+0	1.974628E+11	1.029086E+0	1.999308E+11	1.025168E+0	2.262482E+11	1.028580E+0	2.284348E+11	-2.617864E-2	2.759842E-2	-6.374499E-2	-5.377707E-2	-2.971161E-2	-2.732876E+10	-2.754511E+10	-6.496314E+7	2.163547E+8	-2.272595E+11
