Photon Energy (eV)	X ref norm	X ref	X pump norm	X pump	Y ref norm	Y ref	Y pump norm	Y pump	X all norm	X all	Y all norm	Y all	X all Y ref norm	X all Y ref	Y all X ref norm	Y all X ref	BC(X hist) norm	BC(Y hist) norm	StS norm	BCSC norm	BCLR norm	BC(X hist)	BC(Y hist)	StS	BCSC	BCLR	
5.300160E+2	-8.659730E-3	1.085533E+9	-7.485604E-3	2.403017E+8	-7.201136E-3	1.139519E+9	-9.163396E-3	2.233241E+8	-8.021329E-3	7.838822E+9	-7.508497E-3	7.957668E+9	-7.917541E-3	8.978340E+9	-7.653088E-3	9.043201E+9	1.174126E-3	-1.962260E-3	1.677792E-3	3.136386E-3	1.674846E-4	-8.452312E+8	-9.161945E+8	1.697761E+7	7.096336E+7	-8.802900E+9
5.305180E+2	-3.728102E-3	1.226386E+9	-2.171175E-3	2.716996E+8	-4.143864E-3	1.227062E+9	-2.493503E-3	2.626875E+8	-3.699526E-3	8.693036E+9	-4.156020E-3	8.624279E+9	-3.755753E-3	9.920098E+9	-4.102275E-3	9.850664E+9	1.556927E-3	1.650361E-3	3.223280E-4	-9.343366E-5	1.931100E-3	-9.546860E+8	-9.643744E+8	9.012028E+6	9.688467E+6	-9.578965E+9
5.310250E+2	-2.450913E-3	1.262863E+9	-4.666886E-3	2.569548E+8	-1.616988E-3	1.299418E+9	-3.389149E-3	2.574017E+8	-2.108306E-3	9.007544E+9	-1.923597E-3	9.068176E+9	-2.046135E-3	1.030696E+10	-1.989826E-3	1.033104E+10	-2.215973E-3	-1.772161E-3	-1.277737E-3	-4.438117E-4	-2.677059E-3	-1.005909E+9	-1.042016E+9	-4.469332E+5	3.610731E+7	-1.007409E+10
5.315130E+2	-1.453014E-3	1.291365E+9	1.579906E-3	2.938611E+8	-1.884177E-3	1.291767E+9	-4.050108E-3	2.535010E+8	-1.280784E-3	9.171105E+9	-1.214882E-3	9.209098E+9	-1.357137E-3	1.046287E+10	-1.244790E-3	1.050046E+10	3.032921E-3	-2.165931E-3	5.630015E-3	5.198851E-3	2.824697E-3	-9.975034E+8	-1.038266E+9	4.036012E+7	4.076246E+7	-1.020660E+10
5.320070E+2	3.744679E-3	1.439816E+9	5.657479E-4	2.878694E+8	4.263607E-3	1.467805E+9	4.362340E-3	3.031484E+8	3.855715E-3	1.018635E+10	3.415540E-3	1.012982E+10	3.907330E-3	1.165415E+10	3.456879E-3	1.156963E+10	-3.178931E-3	9.873249E-5	-3.796592E-3	-3.277663E-3	-2.891131E-3	-1.151947E+9	-1.164657E+9	-1.527897E+7	1.271009E+7	-1.128176E+10
5.325170E+2	1.254708E-2	1.691222E+9	1.217801E-2	3.564751E+8	1.058256E-2	1.648745E+9	1.473382E-2	3.643573E+8	1.125423E-2	1.164868E+10	1.138745E-2	1.171496E+10	1.116924E-2	1.329742E+10	1.153310E-2	1.340618E+10	-3.690706E-4	4.151258E-3	-2.555806E-3	-4.520329E-3	6.449097E-4	-1.334747E+9	-1.284388E+9	-7.882183E+6	-5.035955E+7	-1.304971E+10
5.330280E+2	2.056247E-2	1.920151E+9	2.432282E-2	4.282271E+8	1.775980E-2	1.854261E+9	2.283463E-2	4.121655E+8	2.092319E-2	1.355977E+10	1.979724E-2	1.338717E+10	2.052289E-2	1.541403E+10	1.989335E-2	1.530732E+10	3.760348E-3	5.074832E-3	1.488187E-3	-1.314484E-3	4.429463E-3	-1.491924E+9	-1.442096E+9	1.606158E+7	-4.982765E+7	-1.487910E+10
5.331580E+2	3.090457E-2	2.215532E+9	2.784106E-2	4.490131E+8	2.705841E-2	2.120522E+9	2.987775E-2	4.537316E+8	3.013951E-2	1.538140E+10	2.926321E-2	1.526940E+10	2.974962E-2	1.750192E+10	2.946936E-2	1.748493E+10	-3.063508E-3	2.819345E-3	-2.036687E-3	-5.882853E-3	-1.628299E-3	-1.766519E+9	-1.666790E+9	-4.718577E+6	-9.972888E+7	-1.703592E+10
5.333130E+2	3.797936E-2	2.417596E+9	4.237239E-2	5.348647E+8	3.788966E-2	2.430669E+9	4.155073E-2	5.226216E+8	3.915325E-2	1.716298E+10	3.901821E-2	1.720909E+10	3.899336E-2	1.959365E+10	3.888773E-2	1.962669E+10	4.393034E-3	3.661069E-3	8.216623E-4	7.319648E-4	3.484661E-3	-1.882731E+9	-1.908048E+9	1.224315E+7	2.531634E+7	-1.909182E+10
5.334630E+2	4.852856E-2	2.718893E+9	4.957698E-2	5.774297E+8	5.013750E-2	2.781379E+9	4.986105E-2	5.716663E+8	5.017712E-2	1.934187E+10	4.954140E-2	1.930154E+10	5.017210E-2	2.212325E+10	4.941419E-2	2.202043E+10	1.048421E-3	-2.764480E-4	-2.840746E-4	1.324869E-3	1.627918E-4	-2.141463E+9	-2.209713E+9	5.763436E+6	6.825030E+7	-2.144300E+10
5.336130E+2	6.958276E-2	3.320224E+9	7.284050E-2	7.148715E+8	6.965871E-2	3.340359E+9	7.483213E-2	7.190370E+8	7.324228E-2	2.390075E+10	7.278914E-2	2.392414E+10	7.278881E-2	2.724111E+10	7.238642E-2	2.724437E+10	3.257742E-3	5.173415E-3	-1.991621E-3	-1.915673E-3	4.540790E-4	-2.605352E+9	-2.621322E+9	-4.165486E+6	1.596962E+7	-2.652950E+10
5.337580E+2	1.028608E-1	4.270681E+9	1.017742E-1	8.858129E+8	1.024126E-1	4.278249E+9	1.009043E-1	8.729064E+8	1.061057E-1	3.039628E+10	1.027185E-1	2.987534E+10	1.056384E-1	3.467453E+10	1.027364E-1	3.414602E+10	-1.086649E-3	-1.508289E-3	8.698409E-4	4.216403E-4	-9.622249E-4	-3.384869E+9	-3.405343E+9	1.290651E+7	2.047452E+7	-3.326021E+10
5.339090E+2	1.464674E-1	5.516133E+9	1.552169E-1	1.201555E+9	1.460873E-1	5.528849E+9	1.476604E-1	1.148845E+9	1.517185E-1	3.941175E+10	1.484682E-1	3.897226E+10	1.510059E-1	4.494060E+10	1.482169E-1	4.448840E+10	8.749502E-3	1.573171E-3	7.556489E-3	7.176330E-3	6.999978E-3	-4.314578E+9	-4.380004E+9	5.270982E+7	6.542562E+7	-4.328684E+10
5.340800E+2	2.481512E-1	8.420331E+9	2.496115E-1	1.759242E+9	2.518298E-1	8.556730E+9	2.653849E-1	1.843615E+9	2.584994E-1	6.051723E+10	2.551714E-1	6.018925E+10	2.576554E-1	6.907396E+10	2.542897E-1	6.860958E+10	1.460376E-3	1.355513E-2	-1.577341E-2	-1.209476E-2	-4.678136E-3	-6.661089E+9	-6.713115E+9	-8.437298E+7	5.202527E+7	-6.685033E+10
5.342040E+2	4.291493E-1	1.358984E+10	4.493060E-1	2.939045E+9	4.282999E-1	1.360985E+10	4.460548E-1	2.909867E+9	4.461646E-1	9.760967E+10	4.358931E-1	9.612417E+10	4.439040E-1	1.112195E+11	4.350461E-1	1.097140E+11	2.015670E-2	1.775490E-2	3.251262E-3	2.401801E-3	1.425992E-2	-1.065079E+10	-1.069999E+10	2.917834E+7	4.919631E+7	-1.067750E+11
5.343650E+2	7.485986E-1	2.271365E+10	7.681158E-1	4.822586E+9	7.398646E-1	2.253134E+10	7.390031E-1	4.638748E+9	7.614576E-1	1.599280E+11	7.466511E-1	1.579156E+11	7.587252E-1	1.824594E+11	7.468957E-1	1.806293E+11	1.951728E-2	-8.615341E-4	2.911275E-2	2.037881E-2	2.122015E-2	-1.789107E+10	-1.789259E+10	1.838382E+8	1.526526E+6	-1.758067E+11
5.345160E+2	1.201050E+0	3.563615E+10	1.206675E+0	7.413611E+9	1.204176E+0	3.582663E+10	1.201599E+0	7.368830E+9	1.213170E+0	2.492100E+11	1.200448E+0	2.481492E+11	1.212032E+0	2.850367E+11	1.200524E+0	2.837853E+11	5.625344E-3	-2.576606E-3	5.076141E-3	8.201951E-3	6.151257E-3	-2.822254E+10	-2.845780E+10	4.478069E+7	2.352628E+8	-2.763717E+11
5.346620E+2	1.597287E+0	4.695313E+10	1.567072E+0	9.542852E+9	1.589963E+0	4.687344E+10	1.570482E+0	9.545855E+9	1.583946E+0	3.224946E+11	1.571178E+0	3.218656E+11	1.584707E+0	3.693681E+11	1.574458E+0	3.688188E+11	-3.021508E-2	-1.948046E-2	-3.410149E-3	-1.073462E-2	-7.385466E-3	-3.741027E+10	-3.732759E+10	-3.002926E+6	-8.268672E+7	-3.592759E+11
5.348120E+2	1.817806E+0	5.325138E+10	1.779341E+0	1.079695E+10	1.806222E+0	5.306591E+10	1.773596E+0	1.074456E+10	1.800911E+0	3.653783E+11	1.793495E+0	3.660713E+11	1.801583E+0	4.184442E+11	1.796548E+0	4.193226E+11	-3.846479E-2	-3.262571E-2	5.745010E-3	-5.839072E-3	-1.720696E-2	-4.245444E+10	-4.232134E+10	5.238213E+7	-1.330940E+8	-4.085257E+11
5.349630E+2	1.966897E+0	5.750959E+10	1.895886E+0	1.148550E+10	1.972743E+0	5.783415E+10	1.933602E+0	1.168886E+10	1.937003E+0	3.922772E+11	1.942847E+0	3.957686E+11	1.941526E+0	4.501113E+11	1.945867E+0	4.532781E+11	-7.101144E-2	-3.914140E-2	-3.771599E-2	-3.187004E-2	-4.998147E-2	-4.602409E+10	-4.614529E+10	-2.033662E+8	1.211958E+8	-4.417927E+11
5.351140E+2	1.943511E+0	5.684164E+10	1.919668E+0	1.162600E+10	1.952597E+0	5.725729E+10	1.931058E+0	1.167385E+10	1.915770E+0	3.880805E+11	1.919214E+0	3.910694E+11	1.920430E+0	4.453378E+11	1.922266E+0	4.479110E+11	-2.384272E-2	-2.153903E-2	-1.139041E-2	-2.303686E-3	-2.597592E-3	-4.521564E+10	-4.558343E+10	-4.784992E+7	3.677944E+8	-4.362850E+11
5.352600E+2	1.755956E+0	5.148487E+10	1.716296E+0	1.042447E+10	1.744052E+0	5.128571E+10	1.741686E+0	1.055624E+10	1.727719E+0	3.509117E+11	1.733926E+0	3.542265E+11	1.729785E+0	4.021974E+11	1.736693E+0	4.057113E+11	-3.965946E-2	-2.366644E-3	-2.538912E-2	-3.729281E-2	-2.039617E-2	-4.106040E+10	-4.072947E+10	-1.317631E+8	-3.309292E+8	-3.952869E+11
5.354170E+2	1.553905E+0	4.571409E+10	1.500477E+0	9.149402E+9	1.548419E+0	4.568385E+10	1.541111E+0	9.372515E+9	1.532540E+0	3.123342E+11	1.533940E+0	3.144610E+11	1.534549E+0	3.580180E+11	1.536447E+0	3.601751E+11	-5.342872E-2	-7.307844E-3	-4.063436E-2	-4.612087E-2	-3.597071E-2	-3.656469E+10	-3.631134E+10	-2.231125E+8	-2.533503E+8	-3.510257E+11
5.355630E+2	1.323431E+0	3.913149E+10	1.296252E+0	7.942835E+9	1.310009E+0	3.885710E+10	1.306170E+0	7.985973E+9	1.296787E+0	2.657371E+11	1.299043E+0	2.677540E+11	1.298460E+0	3.045942E+11	1.302106E+0	3.068855E+11	-2.717895E-2	-3.838689E-3	-9.917940E-3	-2.334026E-2	-5.854440E-3	-3.118866E+10	-3.087113E+10	-4.313771E+7	-3.175230E+8	-2.989426E+11
5.357090E+2	1.085551E+0	3.233738E+10	1.071110E+0	6.612685E+9	1.076325E+0	3.216571E+10	1.078850E+0	6.644409E+9	1.079031E+0	2.226971E+11	1.082508E+0	2.246978E+11	1.078688E+0	2.548628E+11	1.082890E+0	2.570352E+11	-1.444142E-2	2.524954E-3	-7.740436E-3	-1.696638E-2	-1.178055E-2	-2.572470E+10	-2.552130E+10	-3.172338E+7	-2.034011E+8	-2.504225E+11
5.358650E+2	8.912069E-1	2.678670E+10	8.891325E-1	5.537557E+9	8.948129E-1	2.696820E+10	8.801725E-1	5.471882E+9	8.947829E-1	1.862801E+11	8.971745E-1	1.878459E+11	8.947867E-1	2.132483E+11	8.964250E-1	2.146326E+11	-2.074400E-3	-1.464041E-2	8.959931E-3	1.256601E-2	-7.292517E-3	-2.124914E+10	-2.149632E+10	6.567535E+7	2.471765E+8	-2.090950E+11
5.360070E+2	7.737583E-1	2.343224E+10	7.724929E-1	4.848446E+9	7.702910E-1	2.340259E+10	7.696308E-1	4.819502E+9	7.733672E-1	1.622820E+11	7.751714E-1	1.635867E+11	7.729780E-1	1.856846E+11	7.749940E-1	1.870189E+11	-1.265457E-3	-6.601856E-4	2.862039E-3	-6.052711E-4	-2.501070E-3	-1.858380E+10	-1.858308E+10	2.894343E+7	-7.152488E+5	-1.821705E+11
5.362630E+2	5.979740E-1	1.841165E+10	5.948160E-1	3.798724E+9	5.890169E-1	1.821190E+10	6.057697E-1	3.852449E+9	6.002830E-1	1.280715E+11	6.003769E-1	1.288303E+11	5.988574E-1	1.462834E+11	6.000751E-1	1.472420E+11	-3.157998E-3	1.675277E-2	-1.095366E-2	-1.991077E-2	-5.259076E-3	-1.461293E+10	-1.435945E+10	-5.372584E+7	-2.534792E+8	-1.434432E+11
5.365140E+2	5.262618E-1	1.636347E+10	5.320748E-1	3.428046E+9	5.223745E-1	1.630363E+10	5.234606E-1	3.366689E+9	5.304829E-1	1.142754E+11	5.266964E-1	1.141796E+11	5.294568E-1	1.305790E+11	5.266418E-1	1.305431E+11	5.813052E-3	1.086105E-3	8.614230E-3	4.726947E-3	5.432998E-3	-1.293543E+10	-1.293694E+10	6.135686E+7	1.513632E+6	-1.271150E+11
5.367710E+2	5.009780E-1	1.564134E+10	5.073505E-1	3.281974E+9	5.062669E-1	1.584240E+10	5.141994E-1	3.312033E+9	5.094114E-1	1.101106E+11	5.087046E-1	1.106021E+11	5.090135E-1	1.259529E+11	5.077342E-1	1.262434E+11	6.372453E-3	7.932541E-3	-6.848976E-3	-1.560088E-3	-3.836993E-4	-1.235937E+10	-1.253036E+10	-3.005947E+7	1.709969E+8	-1.229615E+11
5.370280E+2	5.394346E-1	1.673970E+10	5.605041E-1	3.596008E+9	5.294105E-1	1.650510E+10	5.501111E-1	3.523972E+9	5.466518E-1	1.174712E+11	5.423795E-1	1.172980E+11	5.444701E-1	1.339763E+11	5.420096E-1	1.340377E+11	2.106948E-2	2.070061E-2	1.039298E-2	3.688770E-4	1.849451E-2	-1.314370E+10	-1.298113E+10	7.203586E+7	-1.625655E+8	-1.304417E+11
5.372590E+2	6.220488E-1	1.909926E+10	6.256745E-1	3.981037E+9	6.219434E-1	1.915473E+10	6.376097E-1	4.040358E+9	6.301801E-1	1.339808E+11	6.268084E-1	1.340860E+11	6.291379E-1	1.531355E+11	6.262106E-1	1.531852E+11	3.625712E-3	1.566627E-2	-1.193515E-2	-1.204056E-2	-5.360912E-4	-1.511822E+10	-1.511437E+10	-5.932133E+7	-3.844677E+6	-1.492042E+11
5.375110E+2	7.061176E-1	2.150035E+10	7.024887E-1	4.434858E+9	7.071898E-1	2.159572E+10	7.157450E-1	4.501486E+9	7.138692E-1	1.505221E+11	7.113935E-1	1.509050E+11	7.130240E-1	1.721178E+11	7.107309E-1	1.724053E+11	-3.628912E-3	8.555162E-3	-1.325628E-2	-1.218407E-2	-8.242190E-3	-1.706549E+10	-1.709423E+10	-6.662807E+7	2.873701E+7	-1.679705E+11
5.377580E+2	8.173100E-1	2.467613E+10	8.363697E-1	5.225832E+9	8.293795E-1	2.509455E+10	8.216126E-1	5.126281E+9	8.266986E-1	1.728231E+11	8.259457E-1	1.736827E+11	8.270378E-1	1.979176E+11	8.248611E-1	1.983588E+11	1.905964E-2	-7.766891E-3	1.475707E-2	2.682653E-2	1.150858E-2	-1.945030E+10	-1.996827E+10	9.955141E+7	5.179751E+8	-1.931330E+11
5.380160E+2	9.293401E-1	2.787583E+10	9.255758E-1	5.752866E+9	9.250743E-1	2.783472E+10	9.467642E-1	5.864883E+9	9.303571E-1	1.933114E+11	9.268738E-1	1.937513E+11	9.296886E-1	2.211461E+11	9.271835E-1	2.216272E+11	-3.764260E-3	2.168984E-2	-2.118833E-2	-2.545410E-2	-1.607702E-3	-2.212296E+10	-2.196984E+10	-1.120168E+8	-1.531239E+8	-2.158743E+11
5.382740E+2	1.107041E+0	3.295117E+10	1.111124E+0	6.849093E+9	1.113799E+0	3.323875E+10	1.114794E+0	6.856539E+9	1.115066E+0	2.298196E+11	1.109193E+0	2.300038E+11	1.114906E+0	2.630583E+11	1.108923E+0	2.629550E+11	4.082969E-3	9.952089E-4	-3.670081E-3	3.087760E-3	2.201708E-3	-2.610207E+10	-2.638221E+10	-7.446218E+6	2.801398E+8	-2.561059E+11
5.385110E+2	1.304689E+0	3.859620E+10	1.295461E+0	7.938162E+9	1.301424E+0	3.861128E+10	1.292330E+0	7.904292E+9	1.304358E+0	2.672335E+11	1.303049E+0	2.685504E+11	1.303987E+0	3.058448E+11	1.303255E+0	3.071466E+11	-9.227931E-3	-9.093948E-3	3.131413E-3	-1.339829E-4	-7.793733E-3	-3.065804E+10	-3.070698E+10	3.387008E+7	4.894756E+7	-2.992084E+11
5.387700E+2	1.540174E+0	4.532191E+10	1.517353E+0	9.249107E+9	1.530041E+0	4.515762E+10	1.528843E+0	9.300112E+9	1.524212E+0	3.106882E+11	1.518496E+0	3.113902E+11	1.524950E+0	3.558458E+11	1.521219E+0	3.567121E+11	-2.282131E-2	-1.198589E-3	-1.149005E-2	-2.162272E-2	-3.865919E-3	-3.607280E+10	-3.585751E+10	-5.100497E+7	-2.152906E+8	-3.474630E+11
5.390290E+2	1.727238E+0	5.066467E+10	1.689398E+0	1.026556E+10	1.724570E+0	5.072785E+10	1.703053E+0	1.032824E+10	1.705446E+0	3.465094E+11	1.702568E+0	3.479912E+11	1.707866E+0	3.972373E+11	1.705666E+0	3.986559E+11	-3.784008E-2	-2.151656E-2	-1.365528E-2	-1.632352E-2	-1.626812E-2	-4.039911E+10	-4.039960E+10	-6.268567E+7	4.934904E+5	-3.883903E+11
5.392780E+2	1.903752E+0	5.570609E+10	1.838313E+0	1.114535E+10	1.891359E+0	5.550374E+10	1.868802E+0	1.130644E+10	1.868463E+0	3.787302E+11	1.873913E+0	3.820617E+11	1.871361E+0	4.342339E+11	1.877661E+0	4.377678E+11	-6.543871E-2	-2.255620E-2	-3.048919E-2	-4.288250E-2	-3.934746E-2	-4.456073E+10	-4.419731E+10	-1.610835E+8	-3.634255E+8	-4.266224E+11
5.395160E+2	2.037180E+0	5.951693E+10	1.957905E+0	1.185191E+10	2.027022E+0	5.938840E+10	1.992133E+0	1.203430E+10	1.990896E+0	4.029293E+11	1.992741E+0	4.056897E+11	1.995468E+0	4.623177E+11	1.998323E+0	4.652066E+11	-7.927439E-2	-3.488863E-2	-3.422811E-2	-4.438577E-2	-4.041737E-2	-4.766502E+10	-4.735410E+10	-1.823862E+8	-3.109220E+8	-4.533547E+11
5.397860E+2	2.047025E+0	5.979812E+10	2.007734E+0	1.214630E+10	2.044814E+0	5.989786E+10	2.012805E+0	1.215629E+10	2.011441E+0	4.069900E+11	2.013355E+0	4.097885E+11	2.015664E+0	4.668879E+11	2.017584E+0	4.695867E+11	-3.929127E-2	-3.200864E-2	-5.071637E-3	-7.282632E-3	-9.850202E-3	-4.765183E+10	-4.774156E+10	-9.996735E+6	8.973825E+7	-4.574404E+11
5.400240E+2	1.964127E+0	5.743046E+10	1.888839E+0	1.144386E+10	1.942220E+0	5.696014E+10	1.932136E+0	1.168021E+10	1.924989E+0	3.899025E+11	1.926111E+0	3.924409E+11	1.927169E+0	4.468627E+11	1.930886E+0	4.498714E+11	-7.528770E-2	-1.008442E-2	-4.329645E-2	-6.520329E-2	-4.204697E-2	-4.598660E+10	-4.527993E+10	-2.363452E+8	-7.066722E+8	-4.384275E+11
5.402790E+2	1.833738E+0	5.370641E+10	1.820956E+0	1.104281E+10	1.848915E+0	5.428841E+10	1.826718E+0	1.105807E+10	1.809266E+0	3.670297E+11	1.813538E+0	3.700567E+11	1.814283E+0	4.213181E+11	1.816075E+0	4.237631E+11	-1.278198E-2	-2.219784E-2	-5.761957E-3	9.415861E-3	4.880563E-3	-4.266360E+10	-4.323034E+10	-1.526254E+7	5.667428E+8	-4.127203E+11
5.405130E+2	1.756729E+0	5.150697E+10	1.738968E+0	1.055842E+10	1.751217E+0	5.149086E+10	1.720103E+0	1.042886E+10	1.737260E+0	3.527976E+11	1.735025E+0	3.544451E+11	1.739026E+0	4.042885E+11	1.737751E+0	4.059520E+11	-1.776117E-2	-3.111394E-2	1.886565E-2	1.335277E-2	1.217229E-3	-4.094855E+10	-4.106199E+10	1.295580E+8	1.134463E+8	-3.953936E+11
5.407740E+2	1.693563E+0	4.970286E+10	1.683281E+0	1.022942E+10	1.680498E+0	4.946586E+10	1.658749E+0	1.006678E+10	1.671936E+0	3.398862E+11	1.672601E+0	3.420325E+11	1.673020E+0	3.893521E+11	1.675233E+0	3.917354E+11	-1.028139E-2	-2.174846E-2	2.453201E-2	1.146708E-2	8.047852E-3	-3.947344E+10	-3.939908E+10	1.626437E+8	-7.435148E+7	-3.815060E+11
5.410290E+2	1.630854E+0	4.791182E+10	1.631738E+0	9.924902E+9	1.630503E+0	4.803429E+10	1.600292E+0	9.721778E+9	1.617129E+0	3.290534E+11	1.618354E+0	3.312461E+11	1.618821E+0	3.770877E+11	1.619924E+0	3.791579E+11	8.847791E-4	-3.021146E-2	3.144687E-2	3.109624E-2	1.181455E-2	-3.798691E+10	-3.831251E+10	2.031239E+8	3.255949E+8	-3.692330E+11
5.412850E+2	1.521385E+0	4.478527E+10	1.505846E+0	9.181126E+9	1.523021E+0	4.495661E+10	1.504439E+0	9.156087E+9	1.510900E+0	3.080570E+11	1.512069E+0	3.101123E+11	1.512434E+0	3.530136E+11	1.513239E+0	3.548975E+11	-1.553866E-2	-1.858283E-2	1.407666E-3	3.044174E-3	-7.392881E-3	-3.560415E+10	-3.580052E+10	2.503951E+7	1.963794E+8	-3.457164E+11
5.415140E+2	1.345829E+0	3.977120E+10	1.356819E+0	8.300669E+9	1.351584E+0	4.004758E+10	1.343069E+0	8.203740E+9	1.347411E+0	2.757430E+11	1.348634E+0	2.776147E+11	1.347939E+0	3.157906E+11	1.348282E+0	3.173859E+11	1.099042E-2	-8.514334E-3	1.375001E-2	1.950475E-2	8.537191E-3	-3.147053E+10	-3.184384E+10	9.692891E+7	3.733116E+8	-3.090852E+11
5.417760E+2	1.167146E+0	3.466783E+10	1.148835E+0	7.071889E+9	1.160173E+0	3.456664E+10	1.163600E+0	7.144575E+9	1.159585E+0	2.386187E+11	1.157021E+0	2.395140E+11	1.159659E+0	2.731854E+11	1.158292E+0	2.741818E+11	-1.831128E-2	3.427517E-3	-1.476544E-2	-2.173880E-2	-9.457432E-3	-2.759594E+10	-2.742206E+10	-7.268659E+7	-1.738764E+8	-2.671099E+11
5.420320E+2	1.021270E+0	3.050144E+10	1.013950E+0	6.274984E+9	1.016752E+0	3.045986E+10	1.023180E+0	6.315863E+9	1.023754E+0	2.117715E+11	1.021400E+0	2.125470E+11	1.022868E+0	2.422314E+11	1.021384E+0	2.430485E+11	-7.319696E-3	6.427838E-3	-9.229910E-3	-1.374753E-2	-7.433564E-3	-2.422645E+10	-2.414400E+10	-4.087847E+7	-8.245239E+7	-2.367735E+11
5.422780E+2	9.366145E-1	2.808359E+10	9.291312E-1	5.773871E+9	9.391666E-1	2.823824E+10	9.398264E-1	5.823938E+9	9.391829E-1	1.950558E+11	9.432576E-1	1.970091E+11	9.391808E-1	2.232941E+11	9.424233E-1	2.250927E+11	-7.483312E-3	6.598094E-4	-1.069521E-2	-8.143122E-3	-1.329209E-2	-2.230972E+10	-2.241431E+10	-5.006736E+7	1.045849E+8	-2.193188E+11
5.425400E+2	9.197572E-1	2.760213E+10	9.293412E-1	5.775112E+9	9.317512E-1	2.802591E+10	9.381755E-1	5.814195E+9	9.340750E-1	1.940462E+11	9.313216E-1	1.946357E+11	9.337809E-1	2.220722E+11	9.298691E-1	2.222379E+11	9.584042E-3	6.424292E-3	-8.834241E-3	3.159750E-3	-5.278948E-4	-2.182702E+10	-2.221171E+10	-3.908323E+7	3.846960E+8	-2.164628E+11
5.427650E+2	9.781408E-1	2.926963E+10	9.884322E-1	6.124224E+9	9.845021E-1	2.953640E+10	9.959646E-1	6.155247E+9	9.828374E-1	2.036842E+11	9.873159E-1	2.057697E+11	9.830480E-1	2.332206E+11	9.861635E-1	2.350393E+11	1.029145E-2	1.146248E-2	-7.532372E-3	-1.171030E-3	2.268683E-3	-2.314540E+10	-2.338116E+10	-3.102300E+7	2.357520E+8	-2.289151E+11
5.430170E+2	1.113495E+0	3.313550E+10	1.078871E+0	6.658538E+9	1.101443E+0	3.288493E+10	1.108650E+0	6.820277E+9	1.105915E+0	2.280108E+11	1.104060E+0	2.289833E+11	1.105349E+0	2.608957E+11	1.105245E+0	2.621188E+11	-3.462440E-2	7.207320E-3	-2.977919E-2	-4.183172E-2	-2.637441E-2	-2.647696E+10	-2.606465E+10	-1.617391E+8	-4.123041E+8	-2.554602E+11
5.432800E+2	1.267053E+0	3.752127E+10	1.240923E+0	7.615947E+9	1.254333E+0	3.726286E+10	1.229571E+0	7.533911E+9	1.257613E+0	2.579943E+11	1.251799E+0	2.583597E+11	1.257198E+0	2.952572E+11	1.253714E+0	2.958810E+11	-2.613017E-2	-2.476192E-2	1.135177E-2	-1.368247E-3	-1.279181E-2	-2.990532E+10	-2.972895E+10	8.203583E+7	-1.763760E+8	-2.882651E+11
5.435540E+2	1.413238E+0	4.169648E+10	1.413586E+0	8.636047E+9	1.406925E+0	4.163224E+10	1.379917E+0	8.421201E+9	1.402520E+0	2.866355E+11	1.399053E+0	2.876400E+11	1.403078E+0	3.282677E+11	1.400834E+0	3.293364E+11	3.477769E-4	-2.700779E-2	3.366898E-2	2.735557E-2	1.275128E-2	-3.306043E+10	-3.321104E+10	2.148461E+8	1.506094E+8	-3.207004E+11
5.437640E+2	1.503783E+0	4.428253E+10	1.478087E+0	9.017124E+9	1.497806E+0	4.423459E+10	1.482890E+0	9.028915E+9	1.494051E+0	3.047268E+11	1.493434E+0	3.064068E+11	1.494526E+0	3.489614E+11	1.494734E+0	3.506893E+11	-2.569552E-2	-1.491623E-2	-4.803090E-3	-1.077929E-2	-1.664670E-2	-3.526541E+10	-3.520568E+10	-1.179137E+7	-5.972877E+7	-3.416722E+11
5.440170E+2	1.578614E+0	4.641981E+10	1.519546E+0	9.262062E+9	1.573790E+0	4.641033E+10	1.574715E+0	9.570832E+9	1.563423E+0	3.184383E+11	1.562500E+0	3.201401E+11	1.564735E+0	3.648486E+11	1.564524E+0	3.665599E+11	-5.906890E-2	9.250112E-4	-5.516904E-2	-5.999392E-2	-4.497877E-2	-3.715775E+10	-3.683950E+10	-3.087695E+8	-3.182490E+8	-3.572978E+11
5.442700E+2	1.577476E+0	4.638729E+10	1.528646E+0	9.315828E+9	1.580817E+0	4.661155E+10	1.546367E+0	9.403536E+9	1.555190E+0	3.168109E+11	1.563353E+0	3.203096E+11	1.558432E+0	3.634225E+11	1.565127E+0	3.666969E+11	-4.883002E-2	-3.444923E-2	-1.772149E-2	-1.438079E-2	-3.648079E-2	-3.707146E+10	-3.720801E+10	-8.770874E+7	1.365451E+8	-3.573810E+11
5.445240E+2	1.511739E+0	4.450978E+10	1.486087E+0	9.064390E+9	1.508069E+0	4.452844E+10	1.485804E+0	9.046114E+9	1.498809E+0	3.056673E+11	1.500658E+0	3.078432E+11	1.499981E+0	3.501957E+11	1.502049E+0	3.523530E+11	-2.565201E-2	-2.226427E-2	2.830563E-4	-3.387741E-3	-1.596214E-2	-3.544539E+10	-3.548233E+10	1.827638E+7	3.693675E+7	-3.432886E+11
5.447660E+2	1.432646E+0	4.225079E+10	1.417696E+0	8.660330E+9	1.411274E+0	4.175680E+10	1.419068E+0	8.652257E+9	1.422200E+0	2.905252E+11	1.419750E+0	2.917554E+11	1.420817E+0	3.322820E+11	1.421370E+0	3.340062E+11	-1.495004E-2	7.793207E-3	-1.371879E-3	-2.274325E-2	-3.673919E-3	-3.359046E+10	-3.310454E+10	8.073125E+6	-4.859158E+8	-3.253459E+11
5.450200E+2	1.344073E+0	3.972104E+10	1.350562E+0	8.263698E+9	1.337610E+0	3.964746E+10	1.329200E+0	8.121888E+9	1.341067E+0	2.744891E+11	1.336873E+0	2.752760E+11	1.340629E+0	3.141365E+11	1.337777E+0	3.149970E+11	6.488846E-3	-8.410030E-3	2.136166E-2	1.489888E-2	1.278463E-2	-3.145735E+10	-3.152557E+10	1.418103E+8	6.822201E+7	-3.067333E+11
5.452800E+2	1.287714E+0	3.811137E+10	1.263137E+0	7.747193E+9	1.279079E+0	3.797145E+10	1.266086E+0	7.749412E+9	1.278032E+0	2.620302E+11	1.276901E+0	2.633511E+11	1.278165E+0	3.000016E+11	1.278259E+0	3.014625E+11	-2.457629E-2	-1.299270E-2	-2.948722E-3	-1.158359E-2	-1.512156E-2	-3.036418E+10	-3.022204E+10	-2.219051E+6	-1.421389E+8	-2.937153E+11
5.455390E+2	1.227392E+0	3.638850E+10	1.216820E+0	7.473547E+9	1.227291E+0	3.648852E+10	1.223696E+0	7.499238E+9	1.225499E+0	2.516469E+11	1.226790E+0	2.533870E+11	1.225726E+0	2.881354E+11	1.226865E+0	2.897755E+11	-1.057169E-2	-3.594935E-3	-6.875674E-3	-6.976760E-3	-1.004535E-2	-2.891496E+10	-2.898928E+10	-2.569012E+7	7.432435E+7	-2.823019E+11
5.457780E+2	1.190084E+0	3.532296E+10	1.193477E+0	7.335635E+9	1.187369E+0	3.534538E+10	1.163471E+0	7.143811E+9	1.185266E+0	2.436947E+11	1.182400E+0	2.445606E+11	1.185532E+0	2.790401E+11	1.183366E+0	2.798835E+11	3.392502E-3	-2.389801E-2	3.000593E-2	2.729051E-2	1.011124E-2	-2.798733E+10	-2.820157E+10	1.918236E+8	2.142408E+8	-2.725479E+11
5.460060E+2	1.134831E+0	3.374486E+10	1.140953E+0	7.025325E+9	1.142296E+0	3.405475E+10	1.132897E+0	6.963377E+9	1.140330E+0	2.348130E+11	1.142265E+0	2.365799E+11	1.140579E+0	2.688678E+11	1.141331E+0	2.703248E+11	6.122828E-3	-9.398903E-3	8.056184E-3	1.552173E-2	-3.774431E-4	-2.671954E+10	-2.709137E+10	6.194853E+7	3.718382E+8	-2.632994E+11
5.467600E+2	1.198739E+0	3.557016E+10	1.199962E+0	7.373950E+9	1.201110E+0	3.573887E+10	1.195760E+0	7.334371E+9	1.200938E+0	2.467923E+11	1.196753E+0	2.474145E+11	1.200960E+0	2.825311E+11	1.197003E+0	2.829847E+11	1.222602E-3	-5.350537E-3	4.201976E-3	6.573139E-3	2.959119E-3	-2.819621E+10	-2.840450E+10	3.957883E+7	2.082826E+8	-2.756107E+11
5.475120E+2	1.317891E+0	3.897327E+10	1.303161E+0	7.983655E+9	1.308052E+0	3.880107E+10	1.296875E+0	7.931118E+9	1.310537E+0	2.684548E+11	1.304654E+0	2.688695E+11	1.310223E+0	3.072559E+11	1.306316E+0	3.078428E+11	-1.472983E-2	-1.117655E-2	6.286139E-3	-3.553284E-3	-3.155007E-3	-3.098961E+10	-3.086995E+10	5.253733E+7	-1.196603E+8	-2.998591E+11
5.482600E+2	1.434721E+0	4.231005E+10	1.397376E+0	8.540278E+9	1.417520E+0	4.193564E+10	1.390578E+0	8.484122E+9	1.413757E+0	2.888565E+11	1.408071E+0	2.894331E+11	1.414233E+0	3.307921E+11	1.411418E+0	3.317431E+11	-3.734500E-2	-2.694180E-2	6.797530E-3	-1.040320E-2	-1.404203E-2	-3.376977E+10	-3.345151E+10	5.615654E+7	-3.182562E+8	-3.232028E+11
5.490430E+2	1.407534E+0	4.153356E+10	1.391095E+0	8.503171E+9	1.404032E+0	4.154941E+10	1.385396E+0	8.453541E+9	1.397239E+0	2.855917E+11	1.397027E+0	2.872372E+11	1.398099E+0	3.271411E+11	1.398347E+0	3.287708E+11	-1.643873E-2	-1.863561E-2	5.698535E-3	2.196875E-3	-7.251955E-3	-3.303039E+10	-3.309587E+10	4.963057E+7	6.548851E+7	-3.202676E+11
5.498070E+2	1.349374E+0	3.987246E+10	1.328230E+0	8.131762E+9	1.352875E+0	4.008456E+10	1.350951E+0	8.250254E+9	1.347893E+0	2.758383E+11	1.348007E+0	2.774900E+11	1.348523E+0	3.159228E+11	1.348179E+0	3.173625E+11	-2.114444E-2	-1.924094E-3	-2.272091E-2	-1.922034E-2	-1.994926E-2	-3.174070E+10	-3.183430E+10	-1.184924E+8	9.360325E+7	-3.092307E+11
5.505060E+2	1.277682E+0	3.782486E+10	1.276751E+0	7.827621E+9	1.293603E+0	3.838735E+10	1.279148E+0	7.826497E+9	1.280728E+0	2.625629E+11	1.279120E+0	2.637924E+11	1.282357E+0	3.009503E+11	1.278939E+0	3.016172E+11	-9.316506E-4	-1.445561E-2	-2.397114E-3	1.352396E-2	-2.188666E-3	-2.999724E+10	-3.056085E+10	1.123210E+6	5.636133E+8	-2.937896E+11
5.512510E+2	1.291054E+0	3.820678E+10	1.266385E+0	7.766381E+9	1.286585E+0	3.818637E+10	1.279443E+0	7.828239E+9	1.278358E+0	2.620945E+11	1.276751E+0	2.633214E+11	1.279399E+0	3.002809E+11	1.278548E+0	3.015282E+11	-2.466910E-2	-7.141764E-3	-1.305757E-2	-1.752734E-2	-1.216244E-2	-3.044040E+10	-3.035813E+10	-6.185730E+7	-8.226665E+7	-2.937618E+11
5.520210E+2	1.250353E+0	3.704432E+10	1.228256E+0	7.541112E+9	1.251632E+0	3.718553E+10	1.255995E+0	7.689860E+9	1.252798E+0	2.570426E+11	1.249546E+0	2.579118E+11	1.252651E+0	2.942281E+11	1.249647E+0	2.949561E+11	-2.209739E-2	4.363283E-3	-2.773936E-2	-2.646067E-2	-2.139123E-2	-2.950321E+10	-2.949567E+10	-1.487475E+8	-7.539039E+6	-2.874150E+11
5.527650E+2	1.247566E+0	3.696472E+10	1.215835E+0	7.467730E+9	1.240385E+0	3.686348E+10	1.234239E+0	7.561463E+9	1.242027E+0	2.549137E+11	1.237864E+0	2.555891E+11	1.241820E+0	2.917772E+11	1.239083E+0	2.925538E+11	-3.173107E-2	-6.146137E-3	-1.840409E-2	-2.558494E-2	-2.324776E-2	-2.949699E+10	-2.930202E+10	-9.373321E+7	-1.949635E+8	-2.850861E+11
5.535100E+2	1.207103E+0	3.580904E+10	1.191719E+0	7.325248E+9	1.196151E+0	3.559686E+10	1.184445E+0	7.267597E+9	1.189897E+0	2.446101E+11	1.188972E+0	2.458672E+11	1.190689E+0	2.802070E+11	1.191249E+0	2.816763E+11	-1.538456E-2	-1.170586E-2	7.273173E-3	-3.678697E-3	4.695854E-4	-2.848380E+10	-2.832927E+10	5.765139E+7	-1.545290E+8	-2.743510E+11
5.542580E+2	1.108853E+0	3.300292E+10	1.097564E+0	6.768977E+9	1.101070E+0	3.287426E+10	1.094272E+0	6.735426E+9	1.102364E+0	2.273089E+11	1.101354E+0	2.284452E+11	1.102200E+0	2.601832E+11	1.102296E+0	2.614481E+11	-1.128939E-2	-6.797436E-3	3.291327E-3	-4.491949E-3	-4.731999E-3	-2.623394E+10	-2.613883E+10	3.355112E+7	-9.510696E+7	-2.546791E+11
5.550140E+2	9.991768E-1	2.987044E+10	9.865770E-1	6.113263E+9	9.930763E-1	2.978192E+10	1.000789E+0	6.183722E+9	1.000489E+0	2.071731E+11	9.972655E-1	2.077481E+11	9.995511E-1	2.369551E+11	9.975055E-1	2.376185E+11	-1.259974E-2	7.713148E-3	-1.421247E-2	-2.031289E-2	-1.092851E-2	-2.375718E+10	-2.359820E+10	-7.045850E+7	-1.589758E+8	-2.315053E+11
5.557600E+2	9.578784E-1	2.869091E+10	9.492362E-1	5.892652E+9	9.477802E-1	2.848489E+10	9.426584E-1	5.840652E+9	9.557062E-1	1.983217E+11	9.503845E-1	1.984262E+11	9.547032E-1	2.268066E+11	9.513257E-1	2.271171E+11	-8.642213E-3	-5.121794E-3	6.577832E-3	-3.520418E-3	-2.089457E-3	-2.279826E+10	-2.264424E+10	5.200051E+7	-1.540226E+8	-2.212245E+11
5.560190E+2	9.476849E-1	2.839978E+10	9.527614E-1	5.913479E+9	9.443271E-1	2.838601E+10	9.495227E-1	5.881162E+9	9.528818E-1	1.977635E+11	9.519375E-1	1.987350E+11	9.517993E-1	2.261495E+11	9.514034E-1	2.271348E+11	5.076446E-3	5.195562E-3	3.238705E-3	-1.191163E-4	1.358026E-3	-2.248630E+10	-2.250485E+10	3.231662E+7	1.855411E+7	-2.212213E+11
5.565140E+2	9.670317E-1	2.895234E+10	9.754501E-1	6.047525E+9	9.580510E-1	2.877899E+10	9.526496E-1	5.899617E+9	9.664764E-1	2.004505E+11	9.636927E-1	2.010725E+11	9.654102E-1	2.292294E+11	9.641121E-1	2.300248E+11	8.418429E-3	-5.401359E-3	2.280044E-2	1.381979E-2	1.133801E-2	-2.290482E+10	-2.287937E+10	1.479081E+8	-2.544178E+7	-2.239773E+11
5.570100E+2	9.835672E-1	2.942461E+10	9.683521E-1	6.005590E+9	9.925148E-1	2.976584E+10	9.851773E-1	6.091584E+9	9.831546E-1	2.037469E+11	9.898006E-1	2.062638E+11	9.843390E-1	2.335128E+11	9.890177E-1	2.356884E+11	-1.521506E-2	-7.337477E-3	-1.682519E-2	-7.877585E-3	-2.066559E-2	-2.341902E+10	-2.367426E+10	-8.599415E+7	2.552351E+8	-2.296828E+11
5.575470E+2	9.912228E-1	2.964326E+10	1.010536E+0	6.254816E+9	1.011019E+0	3.029570E+10	9.987383E-1	6.171616E+9	9.978196E-1	2.066455E+11	1.000133E+0	2.083182E+11	9.994899E-1	2.369412E+11	9.990137E-1	2.379615E+11	1.931353E-2	-1.228063E-2	1.179797E-2	3.159416E-2	1.152255E-2	-2.338845E+10	-2.412408E+10	8.319914E+7	7.356336E+8	-2.317067E+11
5.580060E+2	9.985542E-1	2.985266E+10	1.006109E+0	6.228662E+9	1.003400E+0	3.007753E+10	1.007856E+0	6.225425E+9	9.995766E-1	2.069928E+11	9.989924E-1	2.080915E+11	1.000060E+0	2.370703E+11	9.989373E-1	2.379441E+11	7.555234E-3	4.456099E-3	-1.746463E-3	3.099135E-3	7.172099E-3	-2.362400E+10	-2.385210E+10	3.236255E+6	2.281065E+8	-2.317155E+11
5.585160E+2	9.954058E-1	2.976274E+10	9.919337E-1	6.144911E+9	9.965391E-1	2.988108E+10	1.004158E+0	6.203604E+9	9.994605E-1	2.069698E+11	9.995149E-1	2.081954E+11	9.990908E-1	2.368509E+11	9.989989E-1	2.379581E+11	-3.472164E-3	7.619331E-3	-1.222475E-2	-1.109150E-2	-7.065178E-3	-2.361783E+10	-2.367747E+10	-5.869349E+7	5.964488E+7	-2.318132E+11
5.590100E+2	1.012644E+0	3.025508E+10	1.001269E+0	6.200062E+9	9.981117E-1	2.992611E+10	1.014571E+0	6.265057E+9	1.006251E+0	2.083119E+11	1.004225E+0	2.091319E+11	1.005221E+0	2.382380E+11	1.005282E+0	2.393869E+11	-1.137551E-2	1.645959E-2	-1.330264E-2	-2.783509E-2	-4.013408E-3	-2.405502E+10	-2.366105E+10	-6.499528E+7	-3.939711E+8	-2.331869E+11
5.595340E+2	1.021917E+0	3.051993E+10	1.022268E+0	6.324126E+9	1.025055E+0	3.069761E+10	1.009774E+0	6.236746E+9	1.019850E+0	2.109998E+11	1.021082E+0	2.124837E+11	1.020509E+0	2.416975E+11	1.021186E+0	2.430036E+11	3.507469E-4	-1.528083E-2	1.249370E-2	1.563158E-2	1.081347E-3	-2.419580E+10	-2.446087E+10	8.737994E+7	2.650647E+8	-2.366795E+11
5.600180E+2	1.014865E+0	3.031851E+10	1.007003E+0	6.233940E+9	1.009673E+0	3.025716E+10	1.023710E+0	6.318988E+9	1.016783E+0	2.103937E+11	1.015282E+0	2.113305E+11	1.015883E+0	2.406508E+11	1.015229E+0	2.416490E+11	-7.861843E-3	1.403634E-2	-1.670656E-2	-2.189819E-2	-8.226530E-3	-2.408457E+10	-2.393817E+10	-8.504743E+7	-1.463910E+8	-2.354151E+11
5.605150E+2	1.006106E+0	3.006834E+10	1.002013E+0	6.204461E+9	1.008609E+0	3.022669E+10	1.004413E+0	6.205104E+9	1.005781E+0	2.082192E+11	1.007192E+0	2.097219E+11	1.006139E+0	2.384459E+11	1.007055E+0	2.397902E+11	-4.092359E-3	-4.196196E-3	-2.399364E-3	1.038372E-4	-5.042078E-3	-2.386387E+10	-2.402158E+10	-6.430800E+5	1.577079E+8	-2.335857E+11
5.610010E+2	1.008687E+0	3.014205E+10	1.015066E+0	6.281575E+9	9.970277E-1	2.989507E+10	9.989528E-1	6.172882E+9	1.004847E+0	2.080346E+11	1.000087E+0	2.083091E+11	1.003858E+0	2.379296E+11	1.001167E+0	2.384511E+11	6.378995E-3	1.925134E-3	1.611285E-2	4.453861E-3	1.389878E-2	-2.386048E+10	-2.372218E+10	1.086930E+8	-1.382934E+8	-2.321696E+11
