Photon Energy (eV)	X ref norm	X ref	X pump norm	X pump	Y ref norm	Y ref	Y pump norm	Y pump	X all norm	X all	Y all norm	Y all	X all Y ref norm	X all Y ref	Y all X ref norm	Y all X ref	BC(X hist) norm	BC(Y hist) norm	StS norm	BCSC norm	BCLR norm	BC(X hist)	BC(Y hist)	StS	BCSC	BCLR	
1.550000E+3	-6.594387E-1	2.077489E+10	-7.256520E-2	1.391891E+9	-1.750572E+0	2.050597E+10	1.658960E+0	1.417175E+9	-8.428398E-1	2.132511E+11	-7.820344E-1	2.103091E+11	-9.152642E-1	2.337570E+11	-7.735879E-1	2.310840E+11	5.868735E-1	3.409533E+0	-1.731526E+0	-2.822659E+0	7.010227E-1	-1.938300E+10	-1.908880E+10	-2.528414E+7	-2.942060E+8	-2.296921E+11
1.850000E+3	7.600095E-1	2.102913E+10	1.111328E+0	1.413588E+9	2.637277E-2	2.085939E+10	3.790930E+0	1.472437E+9	-3.762397E-1	2.143214E+11	-1.541183E-1	2.118290E+11	-3.441169E-1	2.351808E+11	-9.113777E-2	2.328581E+11	3.513187E-1	3.764557E+0	-2.679601E+0	-3.413238E+0	1.202466E+0	-1.961554E+10	-1.938695E+10	-5.884877E+7	-2.285899E+8	-2.314446E+11
2.150000E+3	7.477923E-2	2.090640E+10	-3.017761E+0	1.337914E+9	-2.008527E-1	2.081419E+10	-3.211669E+0	1.290926E+9	-4.063651E-2	2.150912E+11	-3.471838E-1	2.113617E+11	-5.341953E-2	2.359054E+11	-3.181119E-1	2.322681E+11	-3.092540E+0	-3.010816E+0	1.939074E-1	-8.172453E-2	-2.699649E+0	-1.956848E+10	-1.952327E+10	4.698871E+7	-4.521495E+7	-2.309302E+11
2.250000E+3	1.145360E+0	2.109815E+10	1.554360E+0	1.421708E+9	1.701048E+0	2.119246E+10	-2.125317E+0	1.319084E+9	9.282318E-1	2.173137E+11	1.171680E+0	2.150382E+11	9.898918E-1	2.385062E+11	1.169867E+0	2.361363E+11	4.090003E-1	-3.826365E+0	3.679677E+0	4.235366E+0	3.844930E-1	-1.967644E+10	-1.987338E+10	1.026233E+8	1.969377E+8	-2.347146E+11
2.350000E+3	-1.320710E+0	2.065645E+10	4.246381E-1	1.401003E+9	2.240040E-1	2.089869E+10	-1.129045E-1	1.371247E+9	3.314842E-1	2.159448E+11	1.116562E-1	2.124723E+11	3.229088E-1	2.368435E+11	1.297060E-2	2.331288E+11	1.745348E+0	-3.369086E-1	5.375427E-1	2.082256E+0	4.116675E-1	-1.925545E+10	-1.952745E+10	2.975591E+7	2.719948E+8	-2.317278E+11
2.400000E+3	-1.356560E-1	2.086871E+10	-2.688163E+0	1.343955E+9	1.008246E+0	2.105467E+10	-4.955537E-1	1.361329E+9	8.088742E-1	2.170399E+11	4.506966E-1	2.132930E+11	8.247812E-1	2.380946E+11	4.102987E-1	2.341617E+11	-2.552507E+0	-1.503799E+0	-2.192610E+0	-1.048708E+0	-3.098462E+0	-1.952475E+10	-1.969334E+10	-1.737404E+7	1.685895E+8	-2.328178E+11
2.425000E+3	-7.691790E-2	2.087923E+10	4.864420E-1	1.402136E+9	9.611821E-2	2.087326E+10	-3.089653E+0	1.294088E+9	-2.925144E-1	2.145135E+11	-5.502837E-2	2.120689E+11	-2.615070E-1	2.353867E+11	-5.653649E-2	2.329481E+11	5.633599E-1	-3.185771E+0	3.576095E+0	3.749131E+0	5.429785E-1	-1.947709E+10	-1.957917E+10	1.080477E+8	1.020785E+8	-2.315460E+11
2.450000E+3	3.530023E+0	2.152526E+10	1.534066E+0	1.421336E+9	1.770805E+0	2.120634E+10	1.855334E-1	1.378983E+9	2.021242E+0	2.198210E+11	1.306670E+0	2.153649E+11	2.001261E+0	2.410273E+11	1.459852E+0	2.368902E+11	-1.995957E+0	-1.585271E+0	1.348533E+0	-4.106857E-1	7.421438E-2	-2.010392E+10	-1.982735E+10	4.235276E+7	-2.765712E+8	-2.354688E+11
2.475000E+3	1.583395E+0	2.117660E+10	2.312776E+0	1.435607E+9	3.091031E-1	2.091562E+10	-3.275532E+0	1.289270E+9	2.417811E-1	2.157391E+11	-5.501721E-2	2.120689E+11	2.471524E-1	2.366547E+11	5.786433E-2	2.332455E+11	7.293804E-1	-3.584635E+0	5.588308E+0	4.314016E+0	2.254911E+0	-1.974100E+10	-1.962635E+10	1.463371E+8	-1.146470E+8	-2.318099E+11
2.500000E+3	1.933291E+0	2.123927E+10	8.957838E-1	1.409638E+9	1.813882E+0	2.121490E+10	1.175176E+0	1.404635E+9	9.105717E-1	2.172732E+11	9.339139E-1	2.144626E+11	9.826433E-1	2.384881E+11	1.002768E+0	2.357019E+11	-1.037507E+0	-6.387066E-1	-2.793919E-1	-3.988002E-1	-1.069840E-1	-1.982963E+10	-1.981027E+10	5.002820E+6	-1.936599E+7	-2.342923E+11
2.525000E+3	1.158946E+0	2.110058E+10	3.021427E+0	1.448595E+9	6.605100E-1	2.098551E+10	-8.385571E-1	1.352438E+9	2.126485E-1	2.156722E+11	2.281451E-1	2.127543E+11	2.483816E-1	2.366578E+11	2.922744E-1	2.338549E+11	1.862481E+0	-1.499067E+0	3.859984E+0	3.361548E+0	2.729153E+0	-1.965199E+10	-1.963307E+10	9.615672E+7	-1.891417E+7	-2.324063E+11
2.550000E+3	2.272788E+0	2.130008E+10	1.610172E+0	1.422731E+9	2.981017E+0	2.144703E+10	-2.057703E+0	1.320837E+9	7.434967E-1	2.168900E+11	9.122767E-1	2.144103E+11	9.220196E-1	2.383370E+11	1.006012E+0	2.357104E+11	-6.626155E-1	-5.038720E+0	3.667875E+0	4.376104E+0	6.041606E-1	-1.987735E+10	-2.012620E+10	1.018936E+8	2.488485E+8	-2.342876E+11
2.575000E+3	1.052154E+0	2.108145E+10	1.587943E-1	1.396131E+9	2.322019E+0	2.131597E+10	-3.671630E-1	1.364657E+9	-9.663016E-2	2.149628E+11	4.017691E-1	2.131746E+11	9.634428E-2	2.362788E+11	4.465786E-1	2.342560E+11	-8.933599E-1	-2.689182E+0	5.259574E-1	1.795822E+0	-2.877843E-1	-1.968532E+10	-1.995131E+10	3.147431E+7	2.659869E+8	-2.328599E+11
2.600000E+3	3.086266E-1	2.094828E+10	-2.111113E+0	1.354530E+9	1.850843E+0	2.122225E+10	-1.001323E+0	1.348219E+9	3.639765E-1	2.160194E+11	6.359787E-1	2.137415E+11	4.826077E-1	2.372416E+11	6.134252E-1	2.346898E+11	-2.419740E+0	-2.852166E+0	-1.109790E+0	4.324264E-1	-2.724538E+0	-1.959375E+10	-1.987403E+10	6.311416E+6	2.802840E+8	-2.333352E+11
2.650000E+3	1.488232E+0	2.115956E+10	1.412846E+0	1.419114E+9	2.087907E-1	2.089567E+10	-1.232148E+0	1.342236E+9	2.272230E-1	2.157057E+11	1.265538E-1	2.125084E+11	2.257524E-1	2.366013E+11	2.203692E-1	2.336680E+11	-7.538580E-2	-1.440939E+0	2.644995E+0	1.365553E+0	1.192477E+0	-1.974044E+10	-1.955343E+10	7.687831E+7	-1.870124E+8	-2.322488E+11
2.750000E+3	1.411498E+0	2.114581E+10	-6.156810E+0	1.280385E+9	1.110264E+0	2.107496E+10	7.560684E-1	1.393772E+9	5.662006E-1	2.164833E+11	5.963025E-1	2.136454E+11	6.096092E-1	2.375582E+11	6.524670E-1	2.347913E+11	-7.568308E+0	-3.541953E-1	-6.912879E+0	-7.214113E+0	-6.809277E+0	-1.986543E+10	-1.968119E+10	-1.133869E+8	-1.842406E+8	-2.335109E+11
2.850000E+3	-1.088232E+0	2.069809E+10	1.531257E+0	1.421284E+9	-1.224878E-2	2.085171E+10	1.622001E+0	1.416217E+9	3.362082E-1	2.159557E+11	3.228844E-1	2.129836E+11	3.084062E-1	2.368074E+11	2.256628E-1	2.336817E+11	2.619490E+0	1.634250E+0	-9.074366E-2	9.852399E-1	1.305594E+0	-1.927681E+10	-1.943549E+10	5.067196E+6	1.586794E+8	-2.322604E+11
2.950000E+3	1.371123E+0	2.113858E+10	2.834483E-1	1.398416E+9	2.088876E+0	2.126960E+10	8.374198E-1	1.395880E+9	9.493710E-1	2.173622E+11	1.321943E+0	2.154019E+11	1.040288E+0	2.386318E+11	1.325331E+0	2.365405E+11	-1.087674E+0	-1.251457E+0	-5.539714E-1	1.637825E-1	-1.041883E+0	-1.974017E+10	-1.987372E+10	2.535355E+6	1.335487E+8	-2.351421E+11
3.250000E+3	9.270560E-1	2.105905E+10	3.189132E+0	1.451668E+9	-3.730290E-1	2.077995E+10	3.275190E-1	1.382663E+9	6.194012E-1	2.166053E+11	5.253145E-1	2.134736E+11	5.402191E-1	2.373852E+11	5.529932E-1	2.345327E+11	2.262076E+0	7.005480E-1	2.861613E+0	1.561528E+0	2.636139E+0	-1.960738E+10	-1.939729E+10	6.900487E+7	-2.100923E+8	-2.330810E+11
3.550000E+3	2.378556E+0	2.131902E+10	6.152973E+0	1.505987E+9	2.186138E+0	2.128894E+10	1.456992E+0	1.411940E+9	2.528819E+0	2.209853E+11	2.233556E+0	2.176085E+11	2.501478E+0	2.422742E+11	2.243546E+0	2.389275E+11	3.774417E+0	-7.291455E-1	4.695981E+0	4.503563E+0	3.909427E+0	-1.981304E+10	-1.987700E+10	9.404670E+7	6.396489E+7	-2.374215E+11
