Photon Energy (eV)	X ref norm	X ref	X pump norm	X pump	Y ref norm	Y ref	Y pump norm	Y pump	X all norm	X all	Y all norm	Y all	X all Y ref norm	X all Y ref	Y all X ref norm	Y all X ref	BC(X hist) norm	BC(Y hist) norm	StS norm	BCSC norm	BCLR norm	BC(X hist)	BC(Y hist)	StS	BCSC	BCLR	
1.550000E+3	-1.510257E+0	1.946191E+10	-3.961250E+0	1.167085E+9	-2.106314E+0	1.951916E+10	-5.933657E-2	1.142549E+9	-1.285438E+0	2.007948E+11	-1.480771E+0	1.973020E+11	-1.330842E+0	2.203140E+11	-1.483526E+0	2.167640E+11	-2.450994E+0	2.046977E+0	-3.901914E+0	-4.497971E+0	-2.477725E+0	-1.829482E+10	-1.837661E+10	2.453642E+7	8.178499E+7	-2.155969E+11
1.850000E+3	-9.591645E-1	1.955268E+10	2.163031E+0	1.231232E+9	-1.186576E+0	1.961735E+10	-6.026796E-1	1.106929E+9	-1.140863E+0	2.010584E+11	-7.674891E-1	1.984420E+11	-1.143391E+0	2.206758E+11	-7.853981E-1	2.179947E+11	3.122196E+0	5.838961E-1	2.765711E+0	2.538299E+0	2.948429E+0	-1.832145E+10	-1.851042E+10	1.243026E+8	1.889658E+8	-2.167635E+11
2.150000E+3	1.101787E-1	1.972883E+10	3.316376E+0	1.243312E+9	8.874060E-1	1.983876E+10	2.122440E-1	1.160353E+9	7.798645E-1	2.045606E+11	6.981935E-1	2.007845E+11	7.858128E-1	2.243994E+11	6.432532E-1	2.205134E+11	3.206198E+0	-6.751620E-1	3.104132E+0	3.881360E+0	2.673123E+0	-1.848551E+10	-1.867841E+10	8.295877E+7	1.928962E+8	-2.192701E+11
2.250000E+3	2.963674E-1	1.975950E+10	-3.862844E+0	1.168116E+9	-4.995667E-1	1.969069E+10	5.377868E-2	1.149964E+9	-2.946672E-2	2.030849E+11	-2.288362E-1	1.993029E+11	-5.546873E-2	2.227756E+11	-1.797645E-1	2.190624E+11	-4.159211E+0	5.533454E-1	-3.916623E+0	-4.712557E+0	-3.683079E+0	-1.859138E+10	-1.854073E+10	1.815162E+7	-5.065130E+7	-2.178943E+11
2.350000E+3	2.062875E+0	2.005047E+10	2.344687E+0	1.233134E+9	2.905051E+0	2.005416E+10	3.959935E-1	1.172399E+9	1.675903E+0	2.061944E+11	1.778903E+0	2.025118E+11	1.743889E+0	2.262486E+11	1.805435E+0	2.225622E+11	2.818119E-1	-2.509057E+0	1.948694E+0	2.790869E+0	5.392517E-1	-1.881734E+10	-1.888177E+10	6.073512E+7	6.442703E+7	-2.213291E+11
2.400000E+3	1.759709E+0	2.000054E+10	8.422759E+0	1.296796E+9	-2.145234E+0	1.951500E+10	2.693470E-1	1.164097E+9	4.329522E-1	2.039281E+11	4.135651E-2	1.997348E+11	2.903484E-1	2.234431E+11	2.019084E-1	2.197353E+11	6.663049E+0	2.414582E+0	8.153412E+0	4.248468E+0	8.220850E+0	-1.870374E+10	-1.835091E+10	1.326999E+8	-3.528331E+8	-2.184385E+11
2.425000E+3	1.412959E+0	1.994342E+10	-4.267405E-1	1.204106E+9	-3.608607E-1	1.970550E+10	6.003604E-1	1.185797E+9	1.079987E+0	2.051079E+11	1.115117E+0	2.014509E+11	1.000291E+0	2.248134E+11	1.142946E+0	2.213943E+11	-1.839700E+0	9.612211E-1	-1.027101E+0	-2.800921E+0	-1.569686E+0	-1.873931E+10	-1.851970E+10	1.830926E+7	-2.196097E+8	-2.201902E+11
2.450000E+3	1.866174E+0	2.001807E+10	-1.595383E+0	1.191866E+9	3.665951E+0	2.013540E+10	9.759724E-1	1.210421E+9	1.614399E+0	2.060823E+11	2.271390E+0	2.032989E+11	1.727874E+0	2.262177E+11	2.233530E+0	2.233170E+11	-3.461557E+0	-2.689978E+0	-2.571355E+0	-7.715787E-1	-3.828913E+0	-1.882621E+10	-1.892498E+10	-1.855526E+7	9.876988E+7	-2.221251E+11
2.475000E+3	5.406053E-1	1.979973E+10	-2.602040E+0	1.181322E+9	-1.577621E+0	1.957560E+10	-1.849999E-2	1.145226E+9	-4.506374E-1	2.023170E+11	1.673434E-1	1.999361E+11	-5.129727E-1	2.218926E+11	2.022186E-1	2.197358E+11	-3.142645E+0	1.559121E+0	-2.583540E+0	-4.701766E+0	-2.804258E+0	-1.861840E+10	-1.843037E+10	3.609576E+7	-1.880296E+8	-2.185545E+11
2.500000E+3	-1.746062E+0	1.942307E+10	1.407464E+0	1.223318E+9	-1.158396E+0	1.962036E+10	3.765235E-1	1.171123E+9	1.541016E-1	2.034196E+11	-8.147528E-2	1.995385E+11	8.150516E-2	2.230400E+11	-2.370036E-1	2.189615E+11	3.153525E+0	1.534919E+0	1.030940E+0	1.618606E+0	1.644467E+0	-1.819975E+10	-1.844923E+10	5.219497E+7	2.494837E+8	-2.177382E+11
2.525000E+3	-3.350155E-2	1.970516E+10	5.227158E+0	1.263325E+9	7.854483E-1	1.982788E+10	7.512086E-1	1.195686E+9	9.017951E-1	2.047829E+11	7.164018E-1	2.008136E+11	8.953597E-1	2.246108E+11	6.463356E-1	2.205188E+11	5.260660E+0	-3.423966E-2	4.475950E+0	5.294899E+0	4.580823E+0	-1.844183E+10	-1.863219E+10	6.763943E+7	1.903589E+8	-2.192555E+11
2.550000E+3	1.104451E+0	1.989260E+10	2.382736E+0	1.233533E+9	1.063774E+0	1.985759E+10	4.587867E-1	1.176516E+9	9.631433E-3	2.031562E+11	7.803317E-2	1.997934E+11	6.793783E-2	2.230138E+11	1.739351E-1	2.196860E+11	1.278285E+0	-6.049877E-1	1.923949E+0	1.883272E+0	2.208801E+0	-1.865907E+10	-1.868108E+10	5.701710E+7	2.200753E+7	-2.184525E+11
2.575000E+3	8.034404E-2	1.972391E+10	-2.644478E+0	1.180877E+9	1.985314E+0	1.995598E+10	1.408460E+0	1.238774E+9	5.858607E-1	2.042069E+11	6.487878E-1	2.007056E+11	6.632668E-1	2.241629E+11	5.956761E-1	2.204295E+11	-2.724822E+0	-5.768546E-1	-4.052938E+0	-2.147967E+0	-3.240154E+0	-1.854303E+10	-1.871720E+10	-5.789622E+7	1.741669E+8	-2.192486E+11
2.600000E+3	5.164045E-1	1.979574E+10	1.193703E+0	1.221079E+9	2.772993E-1	1.977363E+10	-3.213410E-1	1.125373E+9	3.069108E-1	2.036983E+11	1.295510E-1	1.998757E+11	3.052730E-1	2.234719E+11	1.656961E-1	2.196715E+11	6.772982E-1	-5.986402E-1	1.515044E+0	1.275938E+0	1.028007E+0	-1.857466E+10	-1.864826E+10	9.570606E+7	7.359603E+7	-2.184504E+11
2.650000E+3	6.111023E-1	1.981134E+10	-3.630981E+0	1.170545E+9	-8.518074E-1	1.965309E+10	1.040219E+0	1.214633E+9	-1.256519E-1	2.029095E+11	-3.385069E-1	1.991277E+11	-1.658167E-1	2.225626E+11	-2.497815E-1	2.189390E+11	-4.242083E+0	1.892027E+0	-4.671201E+0	-6.134110E+0	-3.381200E+0	-1.864079E+10	-1.843845E+10	-4.408812E+7	-2.023387E+8	-2.177684E+11
2.750000E+3	-3.730623E-1	1.964923E+10	-2.210146E+0	1.185427E+9	-2.233662E+0	1.950556E+10	7.455392E-1	1.195314E+9	-1.266087E+0	2.008301E+11	-1.824694E+0	1.967524E+11	-1.319605E+0	2.203357E+11	-1.689063E+0	2.164016E+11	-1.837084E+0	2.979202E+0	-2.955686E+0	-4.816286E+0	-5.210837E-1	-1.846380E+10	-1.831025E+10	-9.887786E+6	-1.535526E+8	-2.152162E+11
2.850000E+3	-8.357742E-2	1.969691E+10	4.301104E+0	1.253626E+9	3.076115E+0	2.007243E+10	1.898952E-1	1.158888E+9	1.042349E+0	2.050392E+11	1.026079E+0	2.013086E+11	1.154840E+0	2.251117E+11	9.223999E-1	2.210055E+11	4.384681E+0	-2.886219E+0	4.111208E+0	7.270900E+0	3.378704E+0	-1.844328E+10	-1.891354E+10	9.473799E+7	4.702546E+8	-2.197519E+11
2.950000E+3	9.751299E-1	1.987130E+10	-1.765963E+0	1.190079E+9	1.109502E+0	1.986247E+10	1.303836E+0	1.231915E+9	1.618275E+0	2.060894E+11	1.729474E+0	2.024328E+11	1.590134E+0	2.259518E+11	1.658993E+0	2.223041E+11	-2.741093E+0	1.943336E-1	-3.069799E+0	-2.935426E+0	-3.424955E+0	-1.868122E+10	-1.863056E+10	-4.183573E+7	-5.066172E+7	-2.211140E+11
3.250000E+3	2.603750E+0	2.013957E+10	2.157238E+0	1.231171E+9	7.703849E-1	1.982627E+10	1.427485E+0	1.240021E+9	1.572495E+0	2.060059E+11	2.080204E+0	2.029933E+11	1.528129E+0	2.258322E+11	2.129120E+0	2.231329E+11	-4.465124E-1	6.570996E-1	7.297531E-1	-1.103612E+0	2.811729E-2	-1.890839E+10	-1.858625E+10	-8.849898E+6	-3.221448E+8	-2.219017E+11
3.550000E+3	1.877760E+0	2.001998E+10	2.517768E+0	1.234947E+9	2.277661E+0	1.998719E+10	1.333245E+0	1.233843E+9	2.032968E+0	2.068455E+11	1.988938E+0	2.028475E+11	2.046503E+0	2.268327E+11	1.978550E+0	2.228674E+11	6.400083E-1	-9.444155E-1	1.184523E+0	1.584424E+0	5.392182E-1	-1.878503E+10	-1.875334E+10	1.104390E+6	-3.169098E+7	-2.216325E+11
