Photon Energy (eV)	X ref norm	X ref	X pump norm	X pump	Y ref norm	Y ref	Y pump norm	Y pump	X all norm	X all	Y all norm	Y all	X all Y ref norm	X all Y ref	Y all X ref norm	Y all X ref	BC(X hist) norm	BC(Y hist) norm	StS norm	BCSC norm	BCLR norm	BC(X hist)	BC(Y hist)	StS	BCSC	BCLR	
5.300220E+2	-6.563541E-3	1.089237E+9	-7.219351E-3	4.353048E+7	-5.852874E-3	1.129792E+9	-5.199011E-3	4.659597E+7	-6.546610E-3	7.770377E+9	-6.300064E-3	7.793694E+9	-6.459385E-3	8.900169E+9	-6.333140E-3	8.882931E+9	-6.558102E-4	6.538629E-4	-2.020340E-3	-1.309673E-3	-8.862106E-4	-1.045707E+9	-1.083196E+9	-3.065491E+6	3.748964E+7	-8.839401E+9
5.305080E+2	-2.481661E-3	1.200458E+9	1.985967E-3	5.392509E+7	-3.881243E-3	1.183270E+9	-8.603516E-4	5.144576E+7	-3.893146E-3	8.270824E+9	-3.892794E-3	8.250584E+9	-3.891650E-3	9.454094E+9	-3.715642E-3	9.451042E+9	4.467628E-3	3.020892E-3	2.846319E-3	1.446737E-3	5.701609E-3	-1.146533E+9	-1.131824E+9	2.479338E+6	-1.470850E+7	-9.397117E+9
5.310300E+2	-2.716935E-3	1.194047E+9	-7.931546E-3	4.272627E+7	-3.175874E-3	1.202402E+9	-7.536627E-3	4.398297E+7	-2.441605E-3	8.544587E+9	-2.514577E-3	8.512165E+9	-2.533927E-3	9.746989E+9	-2.539981E-3	9.706212E+9	-5.214612E-3	-4.360753E-3	-3.949189E-4	-8.538584E-4	-5.391566E-3	-1.151321E+9	-1.158419E+9	-1.256695E+6	7.098198E+6	-9.663486E+9
5.315340E+2	-1.750910E-4	1.263306E+9	2.802708E-3	5.484735E+7	1.362366E-3	1.325495E+9	6.130693E-3	5.926040E+7	-1.615576E-4	8.974608E+9	4.338256E-5	8.997655E+9	3.004858E-5	1.030010E+10	1.595562E-5	1.026096E+10	2.977799E-3	4.768327E-3	-3.327985E-3	-1.790528E-3	2.786753E-3	-1.208459E+9	-1.266235E+9	-4.413041E+6	5.777653E+7	-1.020611E+10
5.320120E+2	2.099348E-3	1.325278E+9	-7.747982E-4	5.080765E+7	3.736460E-3	1.389889E+9	-2.567517E-3	4.953747E+7	3.541199E-3	9.672953E+9	3.832416E-3	9.716799E+9	3.565750E-3	1.106284E+10	3.614849E-3	1.104208E+10	-2.874146E-3	-6.303977E-3	1.792718E-3	3.429831E-3	-4.389647E-3	-1.274471E+9	-1.340352E+9	1.270172E+6	6.588110E+7	-1.099127E+10
5.325070E+2	9.837880E-3	1.536133E+9	1.113702E-2	6.425843E+7	7.811165E-3	1.500410E+9	1.003281E-2	6.362221E+7	9.501720E-3	1.079712E+10	8.831635E-3	1.066563E+10	9.289163E-3	1.229753E+10	8.957958E-3	1.220176E+10	1.299140E-3	2.221649E-3	1.104207E-3	-9.225084E-4	2.179062E-3	-1.471875E+9	-1.436788E+9	6.362166E+5	-3.508722E+7	-1.213751E+10
5.329970E+2	2.048290E-2	1.826183E+9	2.602835E-2	8.107367E+7	1.994287E-2	1.829465E+9	8.645966E-3	6.207199E+7	1.962986E-2	1.270730E+10	2.026832E-2	1.283627E+10	1.966922E-2	1.453677E+10	2.029526E-2	1.466245E+10	5.545454E-3	-1.129691E-2	1.738239E-2	1.684236E-2	5.733090E-3	-1.745109E+9	-1.767393E+9	1.900168E+7	2.228443E+7	-1.458138E+10
5.331520E+2	2.639138E-2	1.987173E+9	2.239295E-2	7.696859E+7	2.518270E-2	1.971588E+9	2.595602E-2	8.142129E+7	2.706342E-2	1.410928E+10	2.561855E-2	1.385172E+10	2.682696E-2	1.608087E+10	2.571557E-2	1.583889E+10	-3.998427E-3	7.733204E-4	-3.563069E-3	-4.771747E-3	-3.322617E-3	-1.910205E+9	-1.890167E+9	-4.452700E+6	-2.003785E+7	-1.576193E+10
5.333080E+2	3.523911E-2	2.228251E+9	2.510512E-2	8.003116E+7	3.531439E-2	2.246396E+9	4.062272E-2	9.781583E+7	3.523495E-2	1.565044E+10	3.529431E-2	1.568814E+10	3.524494E-2	1.789684E+10	3.528738E-2	1.791639E+10	-1.013399E-2	5.308331E-3	-1.551760E-2	-1.544232E-2	-1.018226E-2	-2.148220E+9	-2.148580E+9	-1.778467E+7	3.601041E+5	-1.783636E+10
5.334630E+2	4.559313E-2	2.510371E+9	4.814649E-2	1.060494E+8	4.356044E-2	2.470058E+9	5.196524E-2	1.104946E+8	4.615270E-2	1.770955E+10	4.593178E-2	1.770709E+10	4.582677E-2	2.017961E+10	4.588926E-2	2.021746E+10	2.553362E-3	8.404799E-3	-3.818745E-3	-5.851437E-3	2.257227E-3	-2.404322E+9	-2.359564E+9	-4.445181E+6	-4.475825E+7	-2.011141E+10
5.336130E+2	5.891441E-2	2.873342E+9	6.335391E-2	1.232216E+8	5.913359E-2	2.892458E+9	5.937330E-2	1.187754E+8	6.158890E-2	2.062084E+10	5.996836E-2	2.037118E+10	6.128019E-2	2.351330E+10	5.983604E-2	2.324452E+10	4.439500E-3	2.397097E-4	3.980609E-3	4.199791E-3	3.517864E-3	-2.750120E+9	-2.773682E+9	4.446195E+6	2.356246E+7	-2.312130E+10
5.337580E+2	7.773564E-2	3.386171E+9	8.695663E-2	1.498737E+8	7.795134E-2	3.402863E+9	9.005923E-2	1.530763E+8	8.251084E-2	2.456675E+10	7.933091E-2	2.404612E+10	8.193757E-2	2.796961E+10	7.913064E-2	2.743229E+10	9.220988E-3	1.210789E-2	-3.102599E-3	-2.886901E-3	7.825983E-3	-3.236298E+9	-3.249786E+9	-3.202646E+6	1.348852E+7	-2.728241E+10
5.339290E+2	1.200381E-1	4.538804E+9	1.368329E-1	2.061938E+8	1.220812E-1	4.599822E+9	1.124504E-1	1.781053E+8	1.284433E-1	3.322969E+10	1.218302E-1	3.211230E+10	1.276434E-1	3.782951E+10	1.216052E-1	3.665111E+10	1.679476E-2	-9.630773E-3	2.438248E-2	2.642554E-2	1.522769E-2	-4.332610E+9	-4.421716E+9	2.808843E+7	8.910584E+7	-3.644491E+10
5.340690E+2	1.949731E-1	6.580590E+9	2.259317E-1	3.068038E+8	1.926268E-1	6.513271E+9	1.941420E-1	2.694208E+8	2.043979E-1	4.755484E+10	1.940939E-1	4.582767E+10	2.029179E-1	5.406811E+10	1.942043E-1	5.240826E+10	3.095853E-2	1.515228E-3	3.178969E-2	2.944330E-2	3.172743E-2	-6.273786E+9	-6.243850E+9	3.738304E+7	-2.993607E+7	-5.210146E+10
5.342150E+2	3.323973E-1	1.032504E+10	3.653562E-1	4.642415E+8	3.344040E-1	1.035878E+10	3.597776E-1	4.545695E+8	3.547554E-1	7.591250E+10	3.373816E-1	7.302311E+10	3.521966E-1	8.627128E+10	3.367559E-1	8.334815E+10	3.295883E-2	2.537367E-2	5.578525E-3	7.585157E-3	2.860032E-2	-9.860801E+9	-9.904207E+9	9.671961E+6	4.340529E+7	-8.288391E+10
5.343600E+2	5.932583E-1	1.743283E+10	6.082023E-1	7.384625E+8	6.028570E-1	1.764018E+10	6.177933E-1	7.429813E+8	6.277045E-1	1.273911E+11	5.986406E-1	1.226090E+11	6.245804E-1	1.450313E+11	5.979649E-1	1.400419E+11	1.494402E-2	1.493639E-2	-9.591017E-3	7.634343E-6	1.023743E-2	-1.669437E+10	-1.689720E+10	-4.518806E+6	2.028352E+8	-1.393034E+11
5.345050E+2	9.431130E-1	2.696546E+10	9.757816E-1	1.153532E+9	9.463956E-1	2.695818E+10	9.670009E-1	1.133328E+9	9.740891E-1	1.927198E+11	9.451863E-1	1.883820E+11	9.706071E-1	2.196780E+11	9.449260E-1	2.153475E+11	3.266867E-2	2.060530E-2	8.780729E-3	1.206336E-2	3.085565E-2	-2.581193E+10	-2.582485E+10	2.020374E+7	1.292287E+7	-2.141940E+11
5.346620E+2	1.331405E+0	3.754542E+10	1.352344E+0	1.578745E+9	1.337771E+0	3.757369E+10	1.325835E+0	1.534436E+9	1.346745E+0	2.630033E+11	1.323929E+0	2.602659E+11	1.345617E+0	3.005770E+11	1.324867E+0	2.978113E+11	2.093923E-2	-1.193583E-2	2.650906E-2	3.287506E-2	2.747692E-2	-3.596667E+10	-3.603925E+10	4.430940E+7	7.257889E+7	-2.962326E+11
5.348020E+2	1.671645E+0	4.681608E+10	1.732144E+0	2.007614E+9	1.689891E+0	4.712445E+10	1.653692E+0	1.900916E+9	1.675306E+0	3.249704E+11	1.664165E+0	3.248413E+11	1.677140E+0	3.720949E+11	1.665104E+0	3.716574E+11	6.049874E-2	-3.619968E-2	7.845236E-2	9.669842E-2	6.704047E-2	-4.480847E+10	-4.522353E+10	1.066977E+8	4.150654E+8	-3.696497E+11
5.349630E+2	1.952012E+0	5.445534E+10	1.886364E+0	2.181758E+9	1.954339E+0	5.429720E+10	1.966149E+0	2.250182E+9	1.920368E+0	3.711895E+11	1.922766E+0	3.739227E+11	1.924639E+0	4.254867E+11	1.926437E+0	4.283781E+11	-6.564774E-2	1.180999E-2	-7.978450E-2	-7.745772E-2	-4.007305E-2	-5.227358E+10	-5.204702E+10	-6.842417E+7	-2.265618E+8	-4.261963E+11
5.351350E+2	2.055482E+0	5.727464E+10	1.946398E+0	2.249549E+9	2.066145E+0	5.732978E+10	2.069775E+0	2.366017E+9	2.000556E+0	3.863131E+11	2.015407E+0	3.915057E+11	2.008803E+0	4.436429E+11	2.020438E+0	4.487804E+11	-1.090841E-1	3.630705E-3	-1.233771E-1	-1.127148E-1	-7.403990E-2	-5.502509E+10	-5.496376E+10	-1.164685E+8	-6.133005E+7	-4.465308E+11
5.352600E+2	1.960968E+0	5.469937E+10	1.892637E+0	2.188841E+9	1.971388E+0	5.475965E+10	1.998764E+0	2.286640E+9	1.920038E+0	3.711272E+11	1.929828E+0	3.752631E+11	1.926494E+0	4.258868E+11	1.933737E+0	4.299625E+11	-6.833103E-2	2.737564E-2	-1.061271E-1	-9.570667E-2	-4.110039E-2	-5.251053E+10	-5.247301E+10	-9.779871E+7	-3.751587E+7	-4.277737E+11
5.354060E+2	1.752149E+0	4.900961E+10	1.737015E+0	2.013114E+9	1.758387E+0	4.898230E+10	1.746916E+0	2.005122E+9	1.713794E+0	3.322293E+11	1.721754E+0	3.357715E+11	1.719401E+0	3.812116E+11	1.725570E+0	3.847811E+11	-1.513398E-2	-1.147169E-2	-9.900226E-3	-3.662294E-3	1.144588E-2	-4.699649E+10	-4.697718E+10	7.991982E+6	-1.931238E+7	-3.827680E+11
5.355630E+2	1.431425E+0	4.027070E+10	1.395377E+0	1.627338E+9	1.439726E+0	4.033906E+10	1.468882E+0	1.694334E+9	1.416719E+0	2.762005E+11	1.426167E+0	2.796703E+11	1.419612E+0	3.165396E+11	1.426827E+0	3.199410E+11	-3.604763E-2	2.915586E-2	-7.350421E-2	-6.520349E-2	-3.144976E-2	-3.864336E+10	-3.864473E+10	-6.699604E+7	1.364726E+6	-3.183137E+11
5.357190E+2	1.238580E+0	3.501616E+10	1.224399E+0	1.434270E+9	1.233953E+0	3.475777E+10	1.257751E+0	1.458330E+9	1.215312E+0	2.382148E+11	1.224053E+0	2.413099E+11	1.217656E+0	2.729725E+11	1.225877E+0	2.763261E+11	-1.418025E-2	2.379774E-2	-3.335138E-2	-3.797799E-2	-1.477525E-3	-3.358189E+10	-3.329944E+10	-2.406024E+7	-2.824554E+8	-2.748918E+11
5.358600E+2	1.055188E+0	3.001921E+10	1.019930E+0	1.203384E+9	1.044499E+0	2.961911E+10	1.079565E+0	1.259152E+9	1.044982E+0	2.060904E+11	1.046490E+0	2.076090E+11	1.044922E+0	2.357095E+11	1.047582E+0	2.376282E+11	-3.525760E-2	3.506515E-2	-5.963417E-2	-7.032275E-2	-2.765128E-2	-2.881583E+10	-2.835995E+10	-5.576809E+7	-4.558766E+8	-2.364249E+11
5.360070E+2	9.057896E-1	2.594850E+10	9.076345E-1	1.076580E+9	9.098213E-1	2.596615E+10	8.673537E-1	1.021942E+9	9.013807E-1	1.790069E+11	9.039153E-1	1.805490E+11	9.024419E-1	2.049730E+11	9.041506E-1	2.064975E+11	1.844896E-3	-4.246760E-2	4.028080E-2	4.431250E-2	3.483897E-3	-2.487192E+10	-2.494421E+10	5.463860E+7	7.229659E+7	-2.054209E+11
5.362630E+2	6.951183E-1	2.020825E+10	7.046550E-1	8.473765E+8	6.893351E-1	1.998578E+10	7.280191E-1	8.661925E+8	6.934395E-1	1.397888E+11	6.923248E-1	1.403899E+11	6.929235E-1	1.597746E+11	6.926755E-1	1.605982E+11	9.536758E-3	3.868404E-2	-2.336411E-2	-2.914728E-2	1.197954E-2	-1.936087E+10	-1.911959E+10	-1.881593E+7	-2.412851E+8	-1.597508E+11
5.365190E+2	5.483194E-1	1.620836E+10	5.275236E-1	6.473603E+8	5.522184E-1	1.626668E+10	5.650624E-1	6.840383E+8	5.528852E-1	1.132801E+11	5.537048E-1	1.140804E+11	5.528014E-1	1.295468E+11	5.530287E-1	1.302888E+11	-2.079588E-2	1.284396E-2	-3.753884E-2	-3.363984E-2	-2.550515E-2	-1.556100E+10	-1.558265E+10	-3.667797E+7	2.164587E+7	-1.296414E+11
5.367600E+2	4.871189E-1	1.454080E+10	5.011886E-1	6.176229E+8	4.812663E-1	1.434221E+10	4.698395E-1	5.775974E+8	4.897074E-1	1.013646E+11	4.841640E-1	1.008818E+11	4.886461E-1	1.157069E+11	4.845349E-1	1.154226E+11	1.406967E-2	-1.142678E-2	3.134910E-2	2.549645E-2	1.665364E-2	-1.392318E+10	-1.376461E+10	4.002554E+7	-1.585721E+8	-1.148050E+11
5.370120E+2	4.666386E-1	1.398277E+10	4.837747E-1	5.979593E+8	4.710910E-1	1.406622E+10	4.501979E-1	5.556419E+8	4.759060E-1	9.876169E+10	4.708914E-1	9.836275E+10	4.753006E-1	1.128279E+11	4.703575E-1	1.123455E+11	1.713616E-2	-2.089306E-2	3.357682E-2	3.802922E-2	1.341724E-2	-1.338481E+10	-1.351057E+10	4.231736E+7	1.257660E+8	-1.117476E+11
5.372690E+2	4.995703E-1	1.488007E+10	4.978213E-1	6.138206E+8	5.033497E-1	1.494119E+10	5.161683E-1	6.293841E+8	5.070005E-1	1.046261E+11	5.041876E-1	1.046822E+11	5.065415E-1	1.195673E+11	5.036079E-1	1.195623E+11	-1.749066E-3	1.281867E-2	-1.834708E-2	-1.456774E-2	-5.786655E-3	-1.426625E+10	-1.431180E+10	-1.556357E+7	4.555136E+7	-1.189485E+11
5.375110E+2	5.621503E-1	1.658522E+10	5.772264E-1	7.034846E+8	5.665780E-1	1.665617E+10	5.663359E-1	6.854618E+8	5.736517E-1	1.171967E+11	5.670330E-1	1.166100E+11	5.727623E-1	1.338528E+11	5.664201E-1	1.331953E+11	1.507610E-2	-2.420919E-4	1.089055E-2	1.531819E-2	1.080637E-2	-1.588173E+10	-1.597070E+10	1.802284E+7	8.897258E+7	-1.324918E+11
5.377630E+2	6.620975E-1	1.930852E+10	6.672818E-1	8.051749E+8	6.573652E-1	1.911864E+10	6.650950E-1	7.958555E+8	6.691954E-1	1.352164E+11	6.636005E-1	1.349382E+11	6.677079E-1	1.543350E+11	6.634118E-1	1.542467E+11	5.184303E-3	7.729873E-3	2.186813E-3	-2.545571E-3	3.870001E-3	-1.850334E+10	-1.832278E+10	9.319412E+6	-1.805598E+8	-1.534415E+11
5.380110E+2	7.969172E-1	2.298200E+10	8.088117E-1	9.649898E+8	7.992983E-1	2.296837E+10	7.900229E-1	9.355007E+8	8.088721E-1	1.615596E+11	8.012778E-1	1.610688E+11	8.076684E-1	1.845280E+11	8.007303E-1	1.840508E+11	1.189450E-2	-9.275432E-3	1.878877E-2	2.116993E-2	8.081326E-3	-2.201701E+10	-2.203287E+10	2.948913E+7	1.586021E+7	-1.830858E+11
5.382790E+2	9.703410E-1	2.770735E+10	1.027523E+0	1.211958E+9	9.783389E-1	2.782460E+10	9.786012E-1	1.146295E+9	9.851469E-1	1.948053E+11	9.752610E-1	1.940901E+11	9.842909E-1	2.226299E+11	9.746434E-1	2.217975E+11	5.718223E-2	2.622262E-4	4.892208E-2	5.692000E-2	5.287985E-2	-2.649540E+10	-2.667830E+10	6.566333E+7	1.829064E+8	-2.205855E+11
5.385170E+2	1.208623E+0	3.419992E+10	1.194192E+0	1.400160E+9	1.218092E+0	3.432757E+10	1.220376E+0	1.416553E+9	1.217603E+0	2.386469E+11	1.209917E+0	2.386269E+11	1.217664E+0	2.729744E+11	1.209754E+0	2.728268E+11	-1.443087E-2	2.283660E-3	-2.618393E-2	-1.671453E-2	-1.556240E-2	-3.279976E+10	-3.291102E+10	-1.639246E+7	1.112563E+8	-2.714266E+11
5.387650E+2	1.432204E+0	4.029193E+10	1.447398E+0	1.686079E+9	1.450166E+0	4.062224E+10	1.461497E+0	1.686079E+9	1.424682E+0	2.777023E+11	1.423672E+0	2.791967E+11	1.427886E+0	3.183245E+11	1.424743E+0	3.194886E+11	1.519347E-2	1.133064E-2	-1.409908E-2	3.862829E-3	2.265454E-2	-3.860585E+10	-3.893616E+10	-8.417852E+1	3.303102E+8	-3.178026E+11
5.390290E+2	1.666672E+0	4.668058E+10	1.630036E+0	1.892314E+9	1.661853E+0	4.636394E+10	1.629554E+0	1.873935E+9	1.647437E+0	3.197143E+11	1.639420E+0	3.201448E+11	1.649250E+0	3.660782E+11	1.642841E+0	3.668254E+11	-3.663577E-2	-3.229840E-2	4.822036E-4	-4.337372E-3	-1.280449E-2	-4.478826E+10	-4.449000E+10	1.837912E+7	-2.982599E+8	-3.649331E+11
5.392880E+2	1.861528E+0	5.198988E+10	1.781924E+0	2.063824E+9	1.860707E+0	5.175757E+10	1.834010E+0	2.102477E+9	1.830102E+0	3.541651E+11	1.828175E+0	3.559698E+11	1.833950E+0	4.059227E+11	1.832362E+0	4.079597E+11	-7.960389E-2	-2.669700E-2	-5.208611E-2	-5.290689E-2	-5.043852E-2	-4.992605E+10	-4.965510E+10	-3.865222E+7	-2.709584E+8	-4.058959E+11
5.395100E+2	1.991205E+0	5.552326E+10	1.940133E+0	2.242474E+9	1.992860E+0	5.534203E+10	1.912613E+0	2.190340E+9	1.957640E+0	3.782190E+11	1.960824E+0	3.811460E+11	1.962068E+0	4.335610E+11	1.964638E+0	4.366693E+11	-5.107229E-2	-8.024646E-2	2.751958E-2	2.917418E-2	-2.450503E-2	-5.328078E+10	-5.315169E+10	5.213349E+7	-1.290894E+8	-4.344268E+11
5.397810E+2	2.038567E+0	5.681375E+10	1.966478E+0	2.272223E+9	2.051388E+0	5.692953E+10	2.064753E+0	2.360403E+9	1.999753E+0	3.861615E+11	2.009136E+0	3.903154E+11	2.006245E+0	4.430910E+11	2.012830E+0	4.471292E+11	-7.208887E-2	1.336505E-2	-9.827472E-2	-8.545393E-2	-4.635208E-2	-5.454152E+10	-5.456912E+10	-8.818023E+7	2.759943E+7	-4.448569E+11
5.400350E+2	1.963882E+0	5.477877E+10	1.900478E+0	2.197696E+9	1.968549E+0	5.468265E+10	1.927244E+0	2.206695E+9	1.928718E+0	3.727643E+11	1.938645E+0	3.769367E+11	1.933726E+0	4.274469E+11	1.941814E+0	4.317154E+11	-6.340406E-2	-4.130551E-2	-2.676600E-2	-2.209855E-2	-4.133568E-2	-5.258108E+10	-5.247596E+10	-8.998974E+6	-1.051189E+8	-4.295177E+11
5.402950E+2	1.878429E+0	5.245041E+10	1.913730E+0	2.212660E+9	1.887911E+0	5.249544E+10	1.884763E+0	2.159210E+9	1.851414E+0	3.581846E+11	1.855023E+0	3.610654E+11	1.856003E+0	4.106800E+11	1.857961E+0	4.135158E+11	3.530086E-2	-3.147438E-3	2.896670E-2	3.844830E-2	5.576902E-2	-5.023775E+10	-5.033624E+10	5.345037E+7	9.848886E+7	-4.113031E+11
5.405080E+2	1.769522E+0	4.948298E+10	1.735988E+0	2.011954E+9	1.773670E+0	4.939681E+10	1.773775E+0	2.035146E+9	1.740847E+0	3.373315E+11	1.754911E+0	3.420645E+11	1.744974E+0	3.867283E+11	1.756745E+0	3.915475E+11	-3.353414E-2	1.055079E-4	-3.778674E-2	-3.363965E-2	-2.075656E-2	-4.747102E+10	-4.736167E+10	-2.319146E+7	-1.093583E+8	-3.895355E+11
5.407580E+2	1.749221E+0	4.892983E+10	1.704391E+0	1.976275E+9	1.748142E+0	4.870441E+10	1.762281E+0	2.022298E+9	1.718177E+0	3.330560E+11	1.718584E+0	3.351700E+11	1.721945E+0	3.817604E+11	1.722431E+0	3.840998E+11	-4.483067E-2	1.413898E-2	-5.789009E-2	-5.896965E-2	-1.803978E-2	-4.695355E+10	-4.668211E+10	-4.602300E+7	-2.714414E+8	-3.821235E+11
5.410240E+2	1.664522E+0	4.662200E+10	1.642476E+0	1.906361E+9	1.666597E+0	4.649262E+10	1.636430E+0	1.881620E+9	1.642278E+0	3.187412E+11	1.646302E+0	3.214510E+11	1.645335E+0	3.652338E+11	1.648589E+0	3.680730E+11	-2.204609E-2	-3.016707E-2	6.046529E-3	8.120982E-3	-6.112747E-3	-4.471564E+10	-4.461100E+10	2.474064E+7	-1.046415E+8	-3.661666E+11
5.412740E+2	1.586402E+0	4.449341E+10	1.538288E+0	1.788711E+9	1.586004E+0	4.430666E+10	1.536332E+0	1.769731E+9	1.566816E+0	3.045089E+11	1.565575E+0	3.061293E+11	1.569228E+0	3.488156E+11	1.568189E+0	3.506227E+11	-4.811423E-2	-4.967233E-2	1.955379E-3	1.558093E-3	-2.990175E-2	-4.270470E+10	-4.253693E+10	1.898089E+7	-1.677701E+8	-3.488340E+11
5.415350E+2	1.430977E+0	4.025849E+10	1.482824E+0	1.726082E+9	1.438838E+0	4.031497E+10	1.462747E+0	1.687476E+9	1.415835E+0	2.760337E+11	1.416867E+0	2.779052E+11	1.418727E+0	3.163487E+11	1.418639E+0	3.181637E+11	5.184670E-2	2.390917E-2	2.007681E-2	2.793753E-2	6.418492E-2	-3.853241E+10	-3.862749E+10	3.860545E+7	9.508710E+7	-3.164377E+11
5.417600E+2	1.238919E+0	3.502541E+10	1.255871E+0	1.469807E+9	1.235653E+0	3.480389E+10	1.231639E+0	1.429142E+9	1.232496E+0	2.414557E+11	1.226866E+0	2.418438E+11	1.232893E+0	2.762595E+11	1.228379E+0	2.768692E+11	1.695154E-2	-4.014394E-3	2.423146E-2	2.096594E-2	2.749113E-2	-3.355560E+10	-3.337475E+10	4.066470E+7	-1.808547E+8	-2.753994E+11
5.420210E+2	1.097080E+0	3.116068E+10	1.095297E+0	1.288488E+9	1.082552E+0	3.065122E+10	1.129345E+0	1.314797E+9	1.082827E+0	2.132279E+11	1.079612E+0	2.138955E+11	1.082792E+0	2.438791E+11	1.081805E+0	2.450562E+11	-1.783286E-3	4.679330E-2	-3.404793E-2	-4.857658E-2	1.349210E-2	-2.987219E+10	-2.933643E+10	-2.630923E+7	-5.357616E+8	-2.437677E+11
5.422620E+2	9.855271E-1	2.812114E+10	9.780030E-1	1.156040E+9	9.839121E-1	2.797576E+10	1.003942E+0	1.174621E+9	9.901898E-1	1.957564E+11	9.855419E-1	1.960414E+11	9.894005E-1	2.237322E+11	9.855400E-1	2.241625E+11	-7.524076E-3	2.003036E-2	-2.593941E-2	-2.755444E-2	-7.537000E-3	-2.696510E+10	-2.680114E+10	-1.858138E+7	-1.639565E+8	-2.230065E+11
5.425240E+2	9.375341E-1	2.681345E+10	9.792275E-1	1.157423E+9	9.472593E-1	2.698161E+10	9.163301E-1	1.076688E+9	9.508963E-1	1.883456E+11	9.461978E-1	1.885740E+11	9.504390E-1	2.153272E+11	9.451101E-1	2.153875E+11	4.169339E-2	-3.092915E-2	6.289733E-2	7.262254E-2	3.411732E-2	-2.565603E+10	-2.590492E+10	8.073492E+7	2.488905E+8	-2.142300E+11
5.427650E+2	9.808383E-1	2.799338E+10	1.027410E+0	1.211830E+9	9.884908E-1	2.809995E+10	1.016393E+0	1.188539E+9	9.943416E-1	1.965394E+11	9.848740E-1	1.959146E+11	9.936059E-1	2.246394E+11	9.843674E-1	2.239080E+11	4.657137E-2	2.790228E-2	1.101661E-2	1.866908E-2	4.304228E-2	-2.678155E+10	-2.691141E+10	2.329104E+7	1.298643E+8	-2.226962E+11
5.430120E+2	1.130612E+0	3.207432E+10	1.109590E+0	1.304627E+9	1.134844E+0	3.206957E+10	1.129175E+0	1.314607E+9	1.134610E+0	2.229943E+11	1.129238E+0	2.233144E+11	1.134639E+0	2.550638E+11	1.129411E+0	2.553887E+11	-2.102241E-2	-5.668763E-3	-1.958528E-2	-1.535364E-2	-1.982115E-2	-3.076970E+10	-3.075496E+10	-9.980001E+6	-1.473825E+7	-2.540841E+11
5.432800E+2	1.273201E+0	3.595950E+10	1.272020E+0	1.488043E+9	1.276795E+0	3.591978E+10	1.264553E+0	1.465934E+9	1.269728E+0	2.484777E+11	1.264296E+0	2.489478E+11	1.270616E+0	2.843975E+11	1.265414E+0	2.849073E+11	-1.180476E-3	-1.224141E-2	7.467056E-3	1.106094E-2	6.606456E-3	-3.447145E+10	-3.445385E+10	2.210927E+7	-1.760373E+7	-2.834192E+11
5.435110E+2	1.401256E+0	3.944866E+10	1.434120E+0	1.671086E+9	1.409843E+0	3.952854E+10	1.406208E+0	1.624277E+9	1.406865E+0	2.743421E+11	1.407789E+0	2.761822E+11	1.407240E+0	3.138706E+11	1.406969E+0	3.156309E+11	3.286437E-2	-3.635482E-3	2.791192E-2	3.649985E-2	2.715109E-2	-3.777757E+10	-3.790427E+10	4.680890E+7	1.266955E+8	-3.139598E+11
5.437640E+2	1.488809E+0	4.183425E+10	1.559924E+0	1.813144E+9	1.488668E+0	4.166655E+10	1.494220E+0	1.722657E+9	1.479673E+0	2.880736E+11	1.479793E+0	2.898483E+11	1.480804E+0	3.297402E+11	1.480925E+0	3.316826E+11	7.111578E-2	5.551826E-3	6.570442E-2	6.556395E-2	7.899944E-2	-4.002111E+10	-3.994390E+10	9.048645E+7	-7.721396E+7	-3.298694E+11
5.440170E+2	1.546792E+0	4.341414E+10	1.495408E+0	1.740292E+9	1.550458E+0	4.334252E+10	1.516991E+0	1.748111E+9	1.537151E+0	2.989141E+11	1.542481E+0	3.017462E+11	1.538824E+0	3.422566E+11	1.543022E+0	3.451604E+11	-5.138361E-2	-3.346737E-2	-2.158276E-2	-1.791624E-2	-4.761416E-2	-4.167385E+10	-4.159441E+10	-7.818586E+6	-7.943971E+7	-3.434201E+11
5.442810E+2	1.569885E+0	4.404336E+10	1.567313E+0	1.821487E+9	1.581880E+0	4.419480E+10	1.526920E+0	1.759209E+9	1.555563E+0	3.023866E+11	1.558273E+0	3.047435E+11	1.558872E+0	3.465814E+11	1.559731E+0	3.487868E+11	-2.571822E-3	-5.496058E-2	4.039326E-2	5.238876E-2	7.582161E-3	-4.222188E+10	-4.243559E+10	6.227760E+7	2.137088E+8	-3.469653E+11
5.445180E+2	1.552296E+0	4.356411E+10	1.662875E+0	1.929395E+9	1.549909E+0	4.332763E+10	1.549881E+0	1.784876E+9	1.565235E+0	3.042109E+11	1.570012E+0	3.069714E+11	1.563308E+0	3.475385E+11	1.567788E+0	3.505356E+11	1.105794E-1	-2.774403E-5	1.129937E-1	1.106071E-1	9.508749E-2	-4.163472E+10	-4.154275E+10	1.445193E+8	-9.196561E+7	-3.486062E+11
5.447720E+2	1.467931E+0	4.126539E+10	1.477035E+0	1.719545E+9	1.482412E+0	4.149687E+10	1.443462E+0	1.665920E+9	1.458387E+0	2.840591E+11	1.465379E+0	2.871126E+11	1.461408E+0	3.255560E+11	1.465699E+0	3.283780E+11	9.103647E-3	-3.895005E-2	3.357269E-2	4.805369E-2	1.133531E-2	-3.954585E+10	-3.983095E+10	5.362531E+7	2.850969E+8	-3.266584E+11
5.450090E+2	1.377481E+0	3.880087E+10	1.360876E+0	1.588379E+9	1.389191E+0	3.896838E+10	1.382678E+0	1.597975E+9	1.364004E+0	2.662584E+11	1.371105E+0	2.692197E+11	1.367171E+0	3.052268E+11	1.371905E+0	3.080205E+11	-1.660513E-2	-6.512754E-3	-2.180226E-2	-1.009238E-2	-1.102907E-2	-3.721249E+10	-3.737040E+10	-9.596168E+6	1.579129E+8	-3.064322E+11
5.452910E+2	1.300469E+0	3.670249E+10	1.305949E+0	1.526355E+9	1.306067E+0	3.671376E+10	1.284830E+0	1.488600E+9	1.291883E+0	2.526563E+11	1.295307E+0	2.548337E+11	1.293667E+0	2.893700E+11	1.295955E+0	2.915362E+11	5.479579E-3	-2.123731E-2	2.111850E-2	2.671689E-2	9.993071E-3	-3.517613E+10	-3.522517E+10	3.775537E+7	4.903513E+7	-2.900098E+11
5.455070E+2	1.257254E+0	3.552498E+10	1.248683E+0	1.461691E+9	1.270079E+0	3.573763E+10	1.262374E+0	1.463498E+9	1.255965E+0	2.458820E+11	1.258211E+0	2.477929E+11	1.257739E+0	2.816196E+11	1.258091E+0	2.833178E+11	-8.570751E-3	-7.705023E-3	-1.369082E-2	-8.657275E-4	-9.407698E-3	-3.406329E+10	-3.427413E+10	-1.806946E+6	2.108381E+8	-2.818561E+11
5.457720E+2	1.190973E+0	3.371902E+10	1.178509E+0	1.382451E+9	1.191039E+0	3.359379E+10	1.213601E+0	1.408980E+9	1.188653E+0	2.331868E+11	1.187376E+0	2.343487E+11	1.188953E+0	2.667806E+11	1.187828E+0	2.680677E+11	-1.246423E-2	2.256223E-2	-3.509208E-2	-3.502646E-2	-9.318491E-3	-3.233657E+10	-3.218481E+10	-2.652867E+7	-1.517586E+8	-2.666853E+11
5.460160E+2	1.167150E+0	3.306989E+10	1.128678E+0	1.326182E+9	1.171226E+0	3.305640E+10	1.154203E+0	1.342584E+9	1.167087E+0	2.291194E+11	1.165271E+0	2.301532E+11	1.167607E+0	2.621758E+11	1.165507E+0	2.632231E+11	-3.847195E-2	-1.702325E-2	-2.552507E-2	-2.144869E-2	-3.682871E-2	-3.174371E+10	-3.171381E+10	-1.640214E+7	-2.989598E+7	-2.618970E+11
5.467660E+2	1.246513E+0	3.523232E+10	1.241657E+0	1.453757E+9	1.247079E+0	3.511380E+10	1.265244E+0	1.466706E+9	1.250060E+0	2.447683E+11	1.247362E+0	2.457339E+11	1.249685E+0	2.798821E+11	1.247256E+0	2.809662E+11	-4.856084E-3	1.816458E-2	-2.358723E-2	-2.302066E-2	-5.598961E-3	-3.377856E+10	-3.364710E+10	-1.294925E+7	-1.314691E+8	-2.795124E+11
5.475180E+2	1.334547E+0	3.763102E+10	1.322833E+0	1.545420E+9	1.331864E+0	3.741346E+10	1.310697E+0	1.517514E+9	1.334239E+0	2.606447E+11	1.328977E+0	2.612239E+11	1.333941E+0	2.980581E+11	1.329676E+0	2.988550E+11	-1.171436E-2	-2.116706E-2	1.213552E-2	9.452697E-3	-6.843444E-3	-3.608560E+10	-3.589595E+10	2.790643E+7	-1.896496E+8	-2.973095E+11
5.482980E+2	1.421000E+0	3.998666E+10	1.416019E+0	1.650646E+9	1.417816E+0	3.974478E+10	1.428129E+0	1.648780E+9	1.401835E+0	2.733933E+11	1.404107E+0	2.754834E+11	1.403844E+0	3.131381E+11	1.406228E+0	3.154701E+11	-4.981677E-3	1.031322E-2	-1.211027E-2	-1.529490E-2	9.790809E-3	-3.833601E+10	-3.809600E+10	1.865647E+6	-2.400066E+8	-3.138194E+11
5.490210E+2	1.392618E+0	3.921331E+10	1.379930E+0	1.609895E+9	1.399577E+0	3.925009E+10	1.408929E+0	1.627319E+9	1.381789E+0	2.696127E+11	1.387915E+0	2.724101E+11	1.384026E+0	3.088628E+11	1.388505E+0	3.116234E+11	-1.268807E-2	9.352065E-3	-2.899920E-2	-2.204014E-2	-8.574967E-3	-3.760342E+10	-3.762277E+10	-1.742395E+7	1.935155E+7	-3.100135E+11
5.497630E+2	1.336297E+0	3.767870E+10	1.320687E+0	1.542998E+9	1.345733E+0	3.778963E+10	1.365697E+0	1.578993E+9	1.328676E+0	2.595954E+11	1.329144E+0	2.612557E+11	1.330820E+0	2.973850E+11	1.330042E+0	2.989344E+11	-1.560925E-2	1.996423E-2	-4.500950E-2	-3.557349E-2	-9.354309E-3	-3.613570E+10	-3.621064E+10	-3.599511E+7	7.493824E+7	-2.973914E+11
5.505110E+2	1.300521E+0	3.670391E+10	1.319371E+0	1.541512E+9	1.311339E+0	3.685676E+10	1.283270E+0	1.486856E+9	1.300947E+0	2.543657E+11	1.299313E+0	2.555940E+11	1.302254E+0	2.912224E+11	1.299465E+0	2.922979E+11	1.884973E-2	-2.806886E-2	3.610056E-2	4.691859E-2	1.990580E-2	-3.516240E+10	-3.536990E+10	5.465530E+7	2.075038E+8	-2.907564E+11
5.512620E+2	1.305134E+0	3.682960E+10	1.273191E+0	1.489365E+9	1.304207E+0	3.666329E+10	1.276522E+0	1.479313E+9	1.302246E+0	2.546106E+11	1.299416E+0	2.556134E+11	1.302492E+0	2.912739E+11	1.300134E+0	2.924430E+11	-3.194313E-2	-2.768438E-2	-3.331262E-3	-4.258743E-3	-2.694271E-2	-3.534023E+10	-3.518398E+10	1.005217E+7	-1.562507E+8	-2.909536E+11
5.520150E+2	1.304007E+0	3.679888E+10	1.274865E+0	1.491256E+9	1.303080E+0	3.663273E+10	1.300217E+0	1.505800E+9	1.302684E+0	2.546932E+11	1.300751E+0	2.558668E+11	1.302733E+0	2.913260E+11	1.301160E+0	2.926657E+11	-2.914164E-2	-2.862388E-3	-2.535245E-2	-2.627925E-2	-2.629478E-2	-3.530762E+10	-3.512693E+10	-1.454421E+7	-1.806889E+8	-2.911745E+11
5.527700E+2	1.230076E+0	3.478446E+10	1.187421E+0	1.392515E+9	1.238300E+0	3.487566E+10	1.251247E+0	1.451060E+9	1.225542E+0	2.401442E+11	1.224941E+0	2.414785E+11	1.227146E+0	2.750198E+11	1.225586E+0	2.762629E+11	-4.265468E-2	1.294707E-2	-6.382524E-2	-5.560175E-2	-3.816461E-2	-3.339195E+10	-3.342460E+10	-5.854529E+7	3.265311E+7	-2.748704E+11
5.534990E+2	1.176542E+0	3.332581E+10	1.149254E+0	1.349416E+9	1.176365E+0	3.319576E+10	1.172848E+0	1.363426E+9	1.168374E+0	2.293623E+11	1.168882E+0	2.308387E+11	1.169379E+0	2.625581E+11	1.169844E+0	2.641645E+11	-2.728867E-2	-3.516482E-3	-2.359446E-2	-2.377219E-2	-2.059042E-2	-3.197639E+10	-3.183234E+10	-1.400974E+7	-1.440532E+8	-2.628151E+11
5.542580E+2	1.105180E+0	3.138138E+10	1.082397E+0	1.273921E+9	1.113484E+0	3.149022E+10	1.126363E+0	1.311464E+9	1.093627E+0	2.152648E+11	1.094438E+0	2.167094E+11	1.096124E+0	2.467551E+11	1.095786E+0	2.480908E+11	-2.278382E-2	1.287843E-2	-4.396600E-2	-3.566225E-2	-1.338984E-2	-3.010746E+10	-3.017875E+10	-3.754265E+7	7.129838E+7	-2.468168E+11
5.550140E+2	1.010086E+0	2.879030E+10	1.037173E+0	1.222855E+9	1.016668E+0	2.886422E+10	9.907258E-1	1.159848E+9	1.007665E+0	1.990523E+11	1.008953E+0	2.004847E+11	1.008797E+0	2.279165E+11	1.009095E+0	2.292750E+11	2.708739E-2	-2.594211E-2	4.644764E-2	5.302950E-2	2.807827E-2	-2.756745E+10	-2.770437E+10	6.300730E+7	1.369200E+8	-2.280521E+11
5.557940E+2	9.638204E-1	2.752969E+10	9.640186E-1	1.140249E+9	9.600585E-1	2.732877E+10	9.963101E-1	1.166090E+9	9.558938E-1	1.892881E+11	9.549651E-1	1.902380E+11	9.564174E-1	2.166169E+11	9.560768E-1	2.177677E+11	1.981443E-4	3.625166E-2	-3.229155E-2	-3.605351E-2	7.941775E-3	-2.638944E+10	-2.616268E+10	-2.584111E+7	-2.267610E+8	-2.166275E+11
5.560130E+2	9.631993E-1	2.751276E+10	1.027901E+0	1.212384E+9	9.754606E-1	2.774653E+10	9.809116E-1	1.148878E+9	9.653688E-1	1.910751E+11	9.696452E-1	1.930243E+11	9.666377E-1	2.188217E+11	9.688360E-1	2.205370E+11	6.470139E-2	5.451042E-3	4.698901E-2	5.925034E-2	5.906465E-2	-2.630038E+10	-2.659765E+10	6.350684E+7	2.972732E+8	-2.193246E+11
5.565090E+2	9.532748E-1	2.724234E+10	9.800845E-1	1.158391E+9	9.580218E-1	2.727352E+10	1.001033E+0	1.171370E+9	9.584830E-1	1.897764E+11	9.594091E-1	1.910815E+11	9.584250E-1	2.170500E+11	9.586390E-1	2.183238E+11	2.680972E-2	4.301160E-2	-2.094886E-2	-1.620188E-2	2.144556E-2	-2.608395E+10	-2.610215E+10	-1.297920E+7	1.819988E+7	-2.171654E+11
5.570560E+2	9.753050E-1	2.784261E+10	9.645074E-1	1.140801E+9	9.640626E-1	2.743737E+10	1.004524E+0	1.175272E+9	9.681632E-1	1.916021E+11	9.671976E-1	1.925597E+11	9.676476E-1	2.190395E+11	9.682154E-1	2.204023E+11	-1.079756E-2	4.046175E-2	-4.001690E-2	-5.125932E-2	-3.707952E-3	-2.670181E+10	-2.626210E+10	-3.447100E+7	-4.397094E+8	-2.192615E+11
5.575360E+2	9.966420E-1	2.842399E+10	9.934495E-1	1.173482E+9	1.006018E+0	2.857534E+10	1.008201E+0	1.179382E+9	1.003275E+0	1.982243E+11	1.001765E+0	1.991204E+11	1.003620E+0	2.267996E+11	1.001122E+0	2.275444E+11	-3.192552E-3	2.183938E-3	-1.475198E-2	-5.376490E-3	-7.672075E-3	-2.725051E+10	-2.739596E+10	-5.900064E+6	1.454508E+8	-2.263709E+11
5.580170E+2	1.025231E+0	2.920298E+10	9.953095E-1	1.175583E+9	1.018425E+0	2.891189E+10	1.047175E+0	1.222948E+9	1.018824E+0	2.011568E+11	1.018816E+0	2.023568E+11	1.018774E+0	2.300687E+11	1.019622E+0	2.315597E+11	-2.992190E-2	2.874990E-2	-5.186580E-2	-5.867180E-2	-2.431227E-2	-2.802739E+10	-2.768894E+10	-4.736497E+7	-3.384544E+8	-2.303842E+11
5.585160E+2	1.004117E+0	2.862767E+10	1.037938E+0	1.223719E+9	1.007281E+0	2.860960E+10	9.518765E-1	1.116422E+9	1.002878E+0	1.981494E+11	1.003835E+0	1.995133E+11	1.003431E+0	2.267590E+11	1.003870E+0	2.281410E+11	3.382099E-2	-5.540430E-2	8.606184E-2	8.922529E-2	3.406794E-2	-2.740395E+10	-2.749318E+10	1.072970E+8	8.922939E+7	-2.269173E+11
5.590100E+2	1.000414E+0	2.852677E+10	9.848904E-1	1.163817E+9	1.007093E+0	2.860452E+10	1.025338E+0	1.198538E+9	1.007728E+0	1.990642E+11	1.011994E+0	2.010618E+11	1.007648E+0	2.276687E+11	1.010540E+0	2.295886E+11	-1.552377E-2	1.824500E-2	-4.044802E-2	-3.376877E-2	-2.564947E-2	-2.736295E+10	-2.740598E+10	-3.472076E+7	4.303134E+7	-2.284248E+11
5.595450E+2	1.009737E+0	2.878080E+10	9.854102E-1	1.164404E+9	1.005235E+0	2.855410E+10	9.492510E-1	1.113487E+9	1.010799E+0	1.996434E+11	1.006498E+0	2.000187E+11	1.010100E+0	2.281975E+11	1.006905E+0	2.287995E+11	-2.432709E-2	-5.598361E-2	3.615924E-2	3.165651E-2	-2.149434E-2	-2.761640E+10	-2.744062E+10	5.091731E+7	-1.757806E+8	-2.276351E+11
5.600070E+2	9.897665E-1	2.823665E+10	9.997753E-1	1.180625E+9	9.883312E-1	2.809562E+10	9.947366E-1	1.164331E+9	9.873462E-1	1.952201E+11	9.844309E-1	1.958305E+11	9.874701E-1	2.233157E+11	9.851007E-1	2.240672E+11	1.000879E-2	6.405353E-3	5.038667E-3	3.603435E-3	1.467456E-2	-2.705602E+10	-2.693129E+10	1.629411E+7	-1.247292E+8	-2.228865E+11
5.605210E+2	9.751907E-1	2.783950E+10	1.011336E+0	1.193679E+9	9.877023E-1	2.807857E+10	9.933796E-1	1.162814E+9	9.844809E-1	1.946797E+11	9.869194E-1	1.963028E+11	9.848859E-1	2.227583E+11	9.854470E-1	2.241423E+11	3.614506E-2	5.677278E-3	1.795615E-2	3.046778E-2	2.588873E-2	-2.664582E+10	-2.691575E+10	3.086504E+7	2.699353E+8	-2.229486E+11
5.610470E+2	1.023596E+0	2.915840E+10	1.027384E+0	1.211801E+9	1.015852E+0	2.884209E+10	1.025517E+0	1.198737E+9	1.016506E+0	2.007196E+11	1.018545E+0	2.023052E+11	1.016423E+0	2.295617E+11	1.019179E+0	2.314636E+11	3.788041E-3	9.664683E-3	1.866805E-3	-5.876643E-3	8.204867E-3	-2.794660E+10	-2.764335E+10	1.306302E+7	-3.032507E+8	-2.302518E+11
