Photon Energy (eV)	X ref norm	X ref	X pump norm	X pump	Y ref norm	Y ref	Y pump norm	Y pump	X all norm	X all	Y all norm	Y all	X all Y ref norm	X all Y ref	Y all X ref norm	Y all X ref	BC(X hist) norm	BC(Y hist) norm	StS norm	BCSC norm	BCLR norm	BC(X hist)	BC(Y hist)	StS	BCSC	BCLR	
5.300160E+2	-4.697761E-3	1.239748E+9	-1.324360E-2	3.842109E+7	-4.835080E-3	1.235968E+9	-1.011411E-2	4.846965E+7	-5.579289E-3	8.539075E+9	-5.453831E-3	8.655652E+9	-5.485528E-3	9.775043E+9	-5.358843E-3	9.895400E+9	-8.545834E-3	-5.279035E-3	-3.129481E-3	-3.266799E-3	-7.884752E-3	-1.201327E+9	-1.187498E+9	-1.004856E+7	-1.382881E+7	-9.856979E+9
5.305230E+2	-5.471576E-3	1.217902E+9	-3.809455E-3	4.953520E+7	-4.597977E-3	1.242650E+9	1.521634E-3	6.191904E+7	-5.024050E-3	8.647637E+9	-4.089320E-3	8.923751E+9	-4.970370E-3	9.890287E+9	-4.262978E-3	1.014165E+10	1.662120E-3	6.119612E-3	-5.331090E-3	-4.457491E-3	4.535227E-4	-1.168367E+9	-1.180731E+9	-1.238385E+7	1.236417E+7	-1.009212E+10
5.310050E+2	-2.815926E-3	1.292875E+9	-4.272834E-4	5.351964E+7	-3.085903E-3	1.285267E+9	1.378335E-3	6.175341E+7	-2.743579E-3	9.093518E+9	-2.655591E-3	9.205450E+9	-2.786707E-3	1.037878E+10	-2.675734E-3	1.049832E+10	2.388643E-3	4.464237E-3	-1.805618E-3	-2.075594E-3	2.248451E-3	-1.239355E+9	-1.223513E+9	-8.233768E+6	-1.584177E+7	-1.044480E+10
5.315130E+2	-5.083195E-4	1.358021E+9	-2.413276E-3	5.118000E+7	-1.461902E-3	1.331038E+9	-1.590893E-3	5.832137E+7	-5.566256E-4	9.521115E+9	-8.388851E-4	9.562396E+9	-6.706787E-4	1.085215E+10	-7.973550E-4	1.092042E+10	-1.904956E-3	-1.289903E-4	-8.223834E-4	-1.775966E-3	-1.615921E-3	-1.306841E+9	-1.272716E+9	-7.141378E+6	-3.412519E+7	-1.086924E+10
5.320070E+2	3.244669E-3	1.463973E+9	6.915315E-3	6.216976E+7	4.629665E-3	1.502722E+9	4.299735E-3	6.513016E+7	3.348481E-3	1.028465E+10	3.486748E-3	1.041230E+10	3.509893E-3	1.178737E+10	3.456335E-3	1.187627E+10	3.670646E-3	-3.299301E-4	2.615580E-3	4.000576E-3	3.458980E-3	-1.401803E+9	-1.437592E+9	-2.960405E+6	3.578896E+7	-1.181410E+10
5.325170E+2	1.024891E-2	1.661712E+9	1.297830E-2	6.931239E+7	9.351196E-3	1.635794E+9	4.505303E-3	6.536777E+7	1.055506E-2	1.169369E+10	9.550879E-3	1.160378E+10	1.040339E-2	1.332948E+10	9.638575E-3	1.326549E+10	2.729382E-3	-4.845893E-3	8.472992E-3	7.575275E-3	3.339720E-3	-1.592399E+9	-1.570426E+9	3.944618E+6	-2.197299E+7	-1.319618E+10
5.330280E+2	2.294693E-2	2.020193E+9	2.121471E-2	7.901549E+7	2.307835E-2	2.022680E+9	1.631257E-2	7.901542E+7	2.402306E-2	1.432697E+10	2.411039E-2	1.446443E+10	2.390404E-2	1.634965E+10	2.396422E-2	1.648462E+10	-1.732222E-3	-6.765777E-3	4.902133E-3	5.033556E-3	-2.749509E-3	-1.941177E+9	-1.943665E+9	6.572650E+1	2.487696E+6	-1.640561E+10
5.331630E+2	2.965218E-2	2.209490E+9	3.479387E-2	9.501273E+7	3.126010E-2	2.253275E+9	3.103179E-2	9.602889E+7	3.030985E-2	1.555618E+10	2.995746E-2	1.561326E+10	3.042957E-2	1.780945E+10	2.991910E-2	1.782275E+10	5.141689E-3	-2.283168E-4	3.762081E-3	5.370006E-3	4.874765E-3	-2.114478E+9	-2.157246E+9	-1.016161E+6	4.276840E+7	-1.772774E+10
5.333080E+2	3.703506E-2	2.417918E+9	4.323986E-2	1.049627E+8	3.629530E-2	2.395187E+9	3.074837E-2	9.570129E+7	3.769488E-2	1.700011E+10	3.722570E-2	1.704132E+10	3.751855E-2	1.939530E+10	3.720175E-2	1.945924E+10	6.204803E-3	-5.546930E-3	1.249149E-2	1.175173E-2	6.038110E-3	-2.312956E+9	-2.299486E+9	9.261431E+6	-1.347008E+7	-1.935428E+10
5.334580E+2	5.007598E-2	2.786080E+9	4.447889E-2	1.064224E+8	5.001084E-2	2.781746E+9	5.235869E-2	1.206800E+8	5.320866E-2	2.003339E+10	5.211585E-2	1.996694E+10	5.280578E-2	2.281514E+10	5.185958E-2	2.275302E+10	-5.597082E-3	2.347858E-3	-7.879799E-3	-7.944940E-3	-7.380683E-3	-2.679658E+9	-2.661066E+9	-1.425758E+7	-1.859185E+7	-2.264660E+10
5.336130E+2	6.741560E-2	3.275600E+9	7.190674E-2	1.387344E+8	6.677749E-2	3.254297E+9	6.089188E-2	1.305432E+8	6.917716E-2	2.315558E+10	6.790397E-2	2.306899E+10	6.887483E-2	2.640987E+10	6.784261E-2	2.634459E+10	4.491141E-3	-5.885613E-3	1.101486E-2	1.037675E-2	4.064130E-3	-3.136865E+9	-3.123754E+9	8.191189E+6	-1.311101E+7	-2.620585E+10
5.337580E+2	1.034852E-1	4.293889E+9	1.020641E-1	1.742620E+8	1.006510E-1	4.208989E+9	1.031888E-1	1.794328E+8	1.062810E-1	3.041019E+10	1.036767E-1	3.009761E+10	1.055717E-1	3.461918E+10	1.036526E-1	3.439150E+10	-1.421056E-3	2.537774E-3	-1.124653E-3	-3.958829E-3	-1.588490E-3	-4.119627E+9	-4.029556E+9	-5.170850E+6	-9.007139E+7	-3.421724E+10
5.339090E+2	1.569762E-1	5.804009E+9	1.717519E-1	2.563592E+8	1.626105E-1	5.955256E+9	1.378649E-1	2.195138E+8	1.688283E-1	4.263953E+10	1.660428E-1	4.235130E+10	1.680449E-1	4.859478E+10	1.649037E-1	4.815531E+10	1.477567E-2	-2.474563E-2	3.388700E-2	3.952130E-2	6.848157E-3	-5.547649E+9	-5.735742E+9	3.684541E+7	1.880928E+8	-4.789895E+10
5.340800E+2	2.800156E-1	9.277566E+9	3.134534E-1	4.232939E+8	2.819585E-1	9.318962E+9	2.782183E-1	3.817439E+8	2.916537E-1	6.665455E+10	2.840321E-1	6.553384E+10	2.904322E-1	7.597351E+10	2.835275E-1	7.481140E+10	3.343779E-2	-3.740176E-3	3.523503E-2	3.717797E-2	2.992587E-2	-8.854272E+9	-8.937218E+9	4.155003E+7	8.294607E+7	-7.438811E+10
5.342040E+2	4.412436E-1	1.382924E+10	4.242046E-1	5.537669E+8	4.422714E-1	1.383722E+10	4.274963E-1	5.542895E+8	4.535693E-1	9.831253E+10	4.420318E-1	9.657761E+10	4.521459E-1	1.121498E+11	4.419327E-1	1.104068E+11	-1.703905E-2	-1.477514E-2	-3.291692E-3	-2.263911E-3	-1.772819E-2	-1.327547E+10	-1.328293E+10	-5.225594E+5	7.462033E+6	-1.098531E+11
5.343600E+2	7.983598E-1	2.391108E+10	7.763898E-1	9.686668E+8	7.969117E-1	2.383241E+10	8.063906E-1	9.922414E+8	8.101069E-1	1.680234E+11	7.907234E-1	1.650885E+11	8.084445E-1	1.918558E+11	7.916828E-1	1.889996E+11	-2.197006E-2	9.478963E-3	-3.000088E-2	-3.144903E-2	-1.529303E-2	-2.294241E+10	-2.284017E+10	-2.357461E+7	-1.022466E+8	-1.880309E+11
5.345110E+2	1.149555E+0	3.382575E+10	1.132159E+0	1.387789E+9	1.153674E+0	3.388739E+10	1.124493E+0	1.359926E+9	1.158686E+0	2.361782E+11	1.147599E+0	2.352074E+11	1.158055E+0	2.700655E+11	1.147844E+0	2.690331E+11	-1.739579E-2	-2.918059E-2	7.665827E-3	1.178480E-2	-1.568563E-2	-3.243797E+10	-3.252746E+10	2.786295E+7	8.949958E+7	-2.676453E+11
5.346510E+2	1.604478E+0	4.666882E+10	1.576990E+0	1.911832E+9	1.606830E+0	4.665915E+10	1.564883E+0	1.868958E+9	1.594641E+0	3.214168E+11	1.591120E+0	3.223504E+11	1.596177E+0	3.680759E+11	1.592798E+0	3.690192E+11	-2.748808E-2	-4.194738E-2	1.210757E-2	1.445930E-2	-1.580784E-2	-4.475699E+10	-4.479020E+10	4.287446E+7	3.320614E+7	-3.671073E+11
5.348280E+2	1.900099E+0	5.501456E+10	1.854473E+0	2.238727E+9	1.882761E+0	5.443600E+10	1.894453E+0	2.249898E+9	1.867737E+0	3.748128E+11	1.860079E+0	3.751954E+11	1.869629E+0	4.292488E+11	1.865107E+0	4.302100E+11	-4.562596E-2	1.169194E-2	-3.998026E-2	-5.731790E-2	-1.063409E-2	-5.277583E+10	-5.218610E+10	-1.117072E+7	-5.897336E+8	-4.279713E+11
5.349630E+2	2.041350E+0	5.900227E+10	1.976018E+0	2.381916E+9	2.033523E+0	5.868508E+10	1.972815E+0	2.340474E+9	1.994249E+0	3.995487E+11	1.993140E+0	4.013392E+11	1.999197E+0	4.582338E+11	1.999197E+0	4.603415E+11	-6.533205E-2	-6.070836E-2	3.203416E-3	-4.623693E-3	-2.317854E-2	-5.662035E+10	-5.634460E+10	4.144281E+7	-2.757497E+8	-4.579596E+11
5.351140E+2	1.839447E+0	5.330229E+10	1.765452E+0	2.133854E+9	1.839160E+0	5.320716E+10	1.793596E+0	2.133320E+9	1.805903E+0	3.627229E+11	1.809072E+0	3.651737E+11	1.810093E+0	4.159301E+11	1.812888E+0	4.184760E+11	-7.399478E-2	-4.556462E-2	-2.814373E-2	-2.843016E-2	-4.743632E-2	-5.116843E+10	-5.107384E+10	5.340481E+5	-9.459120E+7	-4.163421E+11
5.352600E+2	1.746873E+0	5.068880E+10	1.670483E+0	2.021974E+9	1.751678E+0	5.074156E+10	1.732881E+0	2.063142E+9	1.718888E+0	3.457097E+11	1.727131E+0	3.490739E+11	1.723019E+0	3.964513E+11	1.729611E+0	3.997627E+11	-7.638931E-2	-1.879753E-2	-6.239738E-2	-5.759178E-2	-5.912786E-2	-4.866683E+10	-4.867842E+10	-4.116742E+7	1.159575E+7	-3.977407E+11
5.354110E+2	1.403327E+0	4.099007E+10	1.322934E+0	1.612536E+9	1.412228E+0	4.117449E+10	1.420234E+0	1.701764E+9	1.385280E+0	2.804821E+11	1.391047E+0	2.830400E+11	1.388675E+0	3.216566E+11	1.392590E+0	3.240301E+11	-8.039304E-2	8.006382E-3	-9.730061E-2	-8.839942E-2	-6.965563E-2	-3.937753E+10	-3.947273E+10	-8.922826E+7	9.519871E+7	-3.224176E+11
5.355630E+2	1.280569E+0	3.752447E+10	1.222077E+0	1.493719E+9	1.268560E+0	3.712535E+10	1.208965E+0	1.457565E+9	1.264860E+0	2.569374E+11	1.265276E+0	2.583287E+11	1.265326E+0	2.940628E+11	1.267198E+0	2.958531E+11	-5.849261E-2	-5.959446E-2	1.311137E-2	1.101847E-3	-4.512086E-2	-3.603075E+10	-3.566778E+10	3.615391E+7	-3.629663E+8	-2.943594E+11
5.357190E+2	1.006889E+0	2.979811E+10	1.017970E+0	1.253265E+9	1.007181E+0	2.975863E+10	9.954061E-1	1.210718E+9	1.008238E+0	2.067623E+11	1.011973E+0	2.085596E+11	1.008105E+0	2.365209E+11	1.011334E+0	2.383577E+11	1.108087E-2	-1.177437E-2	2.256340E-2	2.285524E-2	6.635570E-3	-2.854485E+10	-2.854791E+10	4.254702E+7	3.060964E+6	-2.371044E+11
5.358600E+2	8.983452E-1	2.673379E+10	8.613249E-1	1.068727E+9	9.030783E-1	2.682461E+10	8.725613E-1	1.068726E+9	9.005692E-1	1.857107E+11	9.031174E-1	1.871717E+11	9.008853E-1	2.125353E+11	9.025179E-1	2.139055E+11	-3.702021E-2	-3.051695E-2	-1.123637E-2	-6.503263E-3	-4.119294E-2	-2.566507E+10	-2.575588E+10	6.673745E+2	9.081641E+7	-2.128368E+11
5.360070E+2	7.115011E-1	2.145895E+10	7.344078E-1	9.192090E+8	7.130913E-1	2.147001E+10	7.286530E-1	9.023869E+8	7.147333E-1	1.493758E+11	7.166380E-1	1.505322E+11	7.145265E-1	1.708458E+11	7.159927E-1	1.719912E+11	2.290672E-2	1.556167E-2	5.754877E-3	7.345052E-3	1.841517E-2	-2.053974E+10	-2.056763E+10	1.682212E+7	2.788660E+7	-1.710720E+11
5.362840E+2	5.892553E-1	1.800780E+10	5.880778E-1	7.468216E+8	5.935094E-1	1.809972E+10	5.757392E-1	7.256387E+8	5.963236E-1	1.262241E+11	5.941805E-1	1.264718E+11	5.959690E-1	1.443238E+11	5.935618E-1	1.444796E+11	-1.177526E-3	-1.777026E-2	1.233863E-2	1.659273E-2	-5.483964E-3	-1.726097E+10	-1.737408E+10	2.118283E+7	1.131039E+8	-1.437328E+11
5.365090E+2	4.559067E-1	1.424320E+10	4.679305E-1	6.052793E+8	4.604590E-1	1.434982E+10	4.613337E-1	5.934012E+8	4.616715E-1	9.989670E+10	4.628930E-1	1.006764E+11	4.615187E-1	1.142465E+11	4.620153E-1	1.149196E+11	1.202380E-2	8.747200E-4	6.596769E-3	1.114908E-2	5.915177E-3	-1.363792E+10	-1.375642E+10	1.187813E+7	1.185053E+8	-1.143143E+11
5.367660E+2	4.740274E-1	1.475477E+10	4.415972E-1	5.742567E+8	4.721831E-1	1.468025E+10	4.662905E-1	5.991305E+8	4.765393E-1	1.028037E+11	4.755398E-1	1.031613E+11	4.759905E-1	1.174839E+11	4.753498E-1	1.179160E+11	-3.243026E-2	-5.892555E-3	-2.469335E-2	-2.653771E-2	-3.375267E-2	-1.418051E+10	-1.408112E+10	-2.487385E+7	-9.938665E+7	-1.173418E+11
5.370170E+2	4.918098E-1	1.525679E+10	4.710588E-1	6.089647E+8	4.901708E-1	1.518722E+10	4.946263E-1	6.318830E+8	4.921355E-1	1.058531E+11	4.925889E-1	1.065111E+11	4.918880E-1	1.210403E+11	4.924910E-1	1.217679E+11	-2.075096E-2	4.455507E-3	-2.356748E-2	-2.520647E-2	-2.143217E-2	-1.464782E+10	-1.455534E+10	-2.291830E+7	-9.248348E+7	-1.211589E+11
5.372640E+2	5.240218E-1	1.616617E+10	5.015663E-1	6.449047E+8	5.284351E-1	1.626566E+10	5.068370E-1	6.459969E+8	5.342992E-1	1.140970E+11	5.313876E-1	1.141342E+11	5.335604E-1	1.303626E+11	5.304622E-1	1.303004E+11	-2.245550E-2	-2.159812E-2	-5.270757E-3	-8.573799E-4	-2.889594E-2	-1.552126E+10	-1.561967E+10	-1.092287E+6	9.840042E+7	-1.296555E+11
5.375110E+2	6.517256E-1	1.977141E+10	6.365944E-1	8.039776E+8	6.561522E-1	1.986524E+10	6.511060E-1	8.127528E+8	6.613183E-1	1.389320E+11	6.603776E-1	1.394782E+11	6.606675E-1	1.587972E+11	6.592906E-1	1.592496E+11	-1.513123E-2	-5.046267E-3	-1.451161E-2	-1.008496E-2	-2.269629E-2	-1.896743E+10	-1.905249E+10	-8.775201E+6	8.505696E+7	-1.584456E+11
5.377740E+2	7.878524E-1	2.361444E+10	7.843762E-1	9.780754E+8	7.902880E-1	2.364573E+10	8.130757E-1	9.999684E+8	7.919767E-1	1.644785E+11	7.909166E-1	1.651265E+11	7.917639E-1	1.881242E+11	7.905316E-1	1.887409E+11	-3.476207E-3	2.278767E-2	-2.869945E-2	-2.626388E-2	-6.155423E-3	-2.263637E+10	-2.264576E+10	-2.189300E+7	9.390339E+6	-1.877629E+11
5.380110E+2	8.495638E-1	2.535663E+10	8.464285E-1	1.051178E+9	8.554172E-1	2.548133E+10	8.391430E-1	1.030099E+9	8.563306E-1	1.770611E+11	8.499812E-1	1.767315E+11	8.562155E-1	2.025424E+11	8.499288E-1	2.020881E+11	-3.135258E-3	-1.627420E-2	7.285478E-3	1.313894E-2	-3.500261E-3	-2.430546E+10	-2.445123E+10	2.107870E+7	1.457757E+8	-2.010370E+11
5.382690E+2	1.061670E+0	3.134466E+10	1.029223E+0	1.266523E+9	1.069669E+0	3.151981E+10	9.877271E-1	1.201842E+9	1.063118E+0	2.174925E+11	1.056424E+0	2.172934E+11	1.063944E+0	2.490123E+11	1.057083E+0	2.486381E+11	-3.244697E-2	-8.194218E-2	4.149594E-2	4.949521E-2	-2.786023E-2	-3.007814E+10	-3.031797E+10	6.468041E+7	2.398322E+8	-2.473715E+11
5.385110E+2	1.280535E+0	3.752350E+10	1.311448E+0	1.599004E+9	1.293024E+0	3.781486E+10	1.281623E+0	1.541547E+9	1.282397E+0	2.603664E+11	1.282150E+0	2.616440E+11	1.283736E+0	2.981812E+11	1.281947E+0	2.991675E+11	3.091241E-2	-1.140175E-2	2.982480E-2	4.231416E-2	2.950047E-2	-3.592450E+10	-3.627331E+10	5.745689E+7	3.488154E+8	-2.975685E+11
5.387650E+2	1.453253E+0	4.239955E+10	1.425050E+0	1.732835E+9	1.446663E+0	4.214501E+10	1.390665E+0	1.667586E+9	1.437932E+0	2.907767E+11	1.430831E+0	2.908569E+11	1.439032E+0	3.329217E+11	1.433648E+0	3.332564E+11	-2.820362E-2	-5.599805E-2	3.438439E-2	2.779442E-2	-8.598572E-3	-4.066671E+10	-4.047743E+10	6.524970E+7	-1.892856E+8	-3.315236E+11
5.390340E+2	1.710742E+0	4.966878E+10	1.691951E+0	2.047265E+9	1.718655E+0	4.981083E+10	1.728141E+0	2.057663E+9	1.692745E+0	3.405981E+11	1.697314E+0	3.432155E+11	1.696009E+0	3.904089E+11	1.699001E+0	3.928843E+11	-1.879060E-2	9.486358E-3	-3.618986E-2	-2.827696E-2	-7.050029E-3	-4.762151E+10	-4.775316E+10	-1.039830E+7	1.316483E+8	-3.908370E+11
5.392930E+2	1.903995E+0	5.512456E+10	1.814842E+0	2.192039E+9	1.899254E+0	5.490085E+10	1.854917E+0	2.204200E+9	1.864209E+0	3.741230E+11	1.863544E+0	3.758762E+11	1.868624E+0	4.290239E+11	1.868626E+0	4.310008E+11	-8.915308E-2	-4.433703E-2	-4.007535E-2	-4.481605E-2	-5.378392E-2	-5.293252E+10	-5.269665E+10	-1.216063E+7	-2.358753E+8	-4.288088E+11
5.395160E+2	1.939755E+0	5.613411E+10	1.885337E+0	2.275087E+9	1.956393E+0	5.651125E+10	1.910959E+0	2.268977E+9	1.908383E+0	3.827600E+11	1.912510E+0	3.854971E+11	1.914432E+0	4.392713E+11	1.915933E+0	4.416312E+11	-5.441816E-2	-4.543387E-2	-2.562249E-2	-8.984293E-3	-3.059609E-2	-5.385902E+10	-5.424227E+10	6.110297E+6	3.832491E+8	-4.393561E+11
5.397750E+2	2.018142E+0	5.834709E+10	1.960195E+0	2.363275E+9	2.024481E+0	5.843024E+10	1.970192E+0	2.337443E+9	1.976736E+0	3.961246E+11	1.978396E+0	3.984424E+11	1.982751E+0	4.545548E+11	1.983390E+0	4.567895E+11	-5.794785E-2	-5.428876E-2	-9.997892E-3	-3.659094E-3	-2.319505E-2	-5.598381E+10	-5.609280E+10	2.583249E+7	1.089887E+8	-4.544262E+11
5.400240E+2	1.957131E+0	5.662465E+10	1.844869E+0	2.227414E+9	1.967688E+0	5.682959E+10	1.941416E+0	2.304181E+9	1.917988E+0	3.846380E+11	1.924661E+0	3.878846E+11	1.924249E+0	4.414676E+11	1.928741E+0	4.445093E+11	-1.122614E-1	-2.627173E-2	-9.654693E-2	-8.598965E-2	-8.387125E-2	-5.439724E+10	-5.452540E+10	-7.676756E+7	1.281653E+8	-4.422819E+11
5.402900E+2	1.784762E+0	5.175846E+10	1.785442E+0	2.157404E+9	1.796451E+0	5.200343E+10	1.715381E+0	2.042915E+9	1.755004E+0	3.527711E+11	1.760840E+0	3.556971E+11	1.760226E+0	4.047746E+11	1.763846E+0	4.074556E+11	6.805815E-4	-8.106937E-2	7.006106E-2	8.174995E-2	2.159662E-2	-4.960105E+10	-4.996052E+10	1.144897E+8	3.594611E+8	-4.052981E+11
5.405080E+2	1.737383E+0	5.042089E+10	1.739853E+0	2.103697E+9	1.751105E+0	5.072541E+10	1.708803E+0	2.035312E+9	1.711648E+0	3.442941E+11	1.715516E+0	3.467918E+11	1.716619E+0	3.950195E+11	1.718263E+0	3.972126E+11	2.470475E-3	-4.230155E-2	3.104993E-2	4.477203E-2	2.159011E-2	-4.831719E+10	-4.869009E+10	6.838569E+7	3.728999E+8	-3.951089E+11
5.407680E+2	1.659133E+0	4.821181E+10	1.612439E+0	1.953593E+9	1.663056E+0	4.824382E+10	1.623071E+0	1.936216E+9	1.631482E+0	3.286200E+11	1.636014E+0	3.311712E+11	1.635460E+0	3.768638E+11	1.638919E+0	3.793830E+11	-4.669476E-2	-3.998493E-2	-1.063207E-2	-6.709835E-3	-2.647990E-2	-4.625822E+10	-4.630761E+10	1.737757E+7	4.938988E+7	-3.774294E+11
5.410340E+2	1.605163E+0	4.668817E+10	1.565781E+0	1.898627E+9	1.594887E+0	4.632256E+10	1.585653E+0	1.892966E+9	1.578202E+0	3.182025E+11	1.579450E+0	3.200576E+11	1.580304E+0	3.645250E+11	1.582681E+0	3.667458E+11	-3.938224E-2	-9.234324E-3	-1.987154E-2	-3.014792E-2	-1.689969E-2	-4.478954E+10	-4.442959E+10	5.661941E+6	-3.599496E+8	-3.648471E+11
5.412850E+2	1.510054E+0	4.400310E+10	1.482177E+0	1.800136E+9	1.513127E+0	4.401824E+10	1.435418E+0	1.719314E+9	1.490704E+0	3.010948E+11	1.494016E+0	3.032714E+11	1.493529E+0	3.451130E+11	1.496031E+0	3.472745E+11	-2.787658E-2	-7.770913E-2	4.675889E-2	4.983255E-2	-1.385385E-2	-4.220296E+10	-4.229893E+10	8.082150E+7	9.596196E+7	-3.454744E+11
5.415140E+2	1.330471E+0	3.893325E+10	1.309494E+0	1.596702E+9	1.323218E+0	3.866584E+10	1.308255E+0	1.572330E+9	1.318528E+0	2.674307E+11	1.319263E+0	2.689361E+11	1.319119E+0	3.060965E+11	1.320671E+0	3.078693E+11	-2.097686E-2	-1.496344E-2	1.239023E-3	-6.013423E-3	-1.117759E-2	-3.733654E+10	-3.709351E+10	2.437212E+7	-2.430325E+8	-3.062726E+11
5.417760E+2	1.135933E+0	3.344120E+10	1.122821E+0	1.376788E+9	1.148159E+0	3.373197E+10	1.134632E+0	1.371645E+9	1.139205E+0	2.323690E+11	1.142212E+0	2.341490E+11	1.140333E+0	2.661010E+11	1.141423E+0	2.675902E+11	-1.311245E-2	-1.352733E-2	-1.181100E-2	4.148802E-4	-1.860267E-2	-3.206441E+10	-3.236032E+10	5.142955E+6	2.959084E+8	-2.662134E+11
5.420270E+2	1.009091E+0	2.986030E+10	9.969286E-1	1.228478E+9	1.007461E+0	2.976652E+10	1.000888E+0	1.217055E+9	1.007667E+0	2.066506E+11	1.005471E+0	2.072822E+11	1.007641E+0	2.364171E+11	1.005926E+0	2.371425E+11	-1.216288E-2	-6.572219E-3	-3.959901E-3	-5.590657E-3	-8.997510E-3	-2.863182E+10	-2.854947E+10	1.142237E+7	-8.235412E+7	-2.359140E+11
5.422730E+2	9.245548E-1	2.747372E+10	9.304113E-1	1.150115E+9	9.318746E-1	2.763620E+10	9.345638E-1	1.140393E+9	9.280504E-1	1.910839E+11	9.276277E-1	1.919875E+11	9.285322E-1	2.187201E+11	9.272416E-1	2.194612E+11	5.856588E-3	2.689226E-3	-4.152447E-3	3.167362E-3	3.169697E-3	-2.632361E+10	-2.649581E+10	9.722801E+6	1.722038E+8	-2.183111E+11
5.425300E+2	9.166670E-1	2.725104E+10	9.114262E-1	1.127750E+9	9.210467E-1	2.733103E+10	9.038248E-1	1.104862E+9	9.217654E-1	1.898550E+11	9.183466E-1	1.901639E+11	9.216749E-1	2.171860E+11	9.181356E-1	2.174150E+11	-5.240867E-3	-1.722196E-2	7.601383E-3	1.198109E-2	-6.709418E-3	-2.612329E+10	-2.622617E+10	2.288711E+7	1.028770E+8	-2.162872E+11
5.427650E+2	9.758014E-1	2.892048E+10	9.962207E-1	1.227644E+9	9.900428E-1	2.927562E+10	9.914952E-1	1.206198E+9	9.820638E-1	2.016446E+11	9.829285E-1	2.028530E+11	9.830690E-1	2.309202E+11	9.820331E-1	2.317734E+11	2.041926E-2	1.452387E-3	4.725475E-3	1.896687E-2	1.418759E-2	-2.769284E+10	-2.806942E+10	2.144580E+7	3.765834E+8	-2.305458E+11
5.430070E+2	1.109361E+0	3.269103E+10	1.094719E+0	1.343682E+9	1.109089E+0	3.263082E+10	1.097002E+0	1.328150E+9	1.105048E+0	2.256907E+11	1.101454E+0	2.261408E+11	1.105557E+0	2.583216E+11	1.102447E+0	2.588319E+11	-1.464164E-2	-1.208703E-2	-2.282909E-3	-2.554617E-3	-7.728188E-3	-3.134735E+10	-3.130267E+10	1.553218E+7	-4.467896E+7	-2.574882E+11
5.433020E+2	1.276490E+0	3.740931E+10	1.244044E+0	1.519598E+9	1.282779E+0	3.752609E+10	1.331136E+0	1.598777E+9	1.272218E+0	2.583761E+11	1.272817E+0	2.598102E+11	1.273549E+0	2.959022E+11	1.273278E+0	2.972195E+11	-3.244602E-2	4.835709E-2	-8.709147E-2	-8.080311E-2	-2.923381E-2	-3.588971E+10	-3.592731E+10	-7.917958E+7	3.760090E+7	-2.956999E+11
5.435270E+2	1.411632E+0	4.122453E+10	1.364412E+0	1.661400E+9	1.409320E+0	4.109253E+10	1.419897E+0	1.701374E+9	1.401567E+0	2.836665E+11	1.400138E+0	2.848264E+11	1.402543E+0	3.247590E+11	1.401582E+0	3.260509E+11	-4.721980E-2	1.057673E-2	-5.548451E-2	-5.779653E-2	-3.717014E-2	-3.956313E+10	-3.939116E+10	-3.997333E+7	-1.719721E+8	-3.243895E+11
5.437690E+2	1.512782E+0	4.408011E+10	1.487988E+0	1.806981E+9	1.525612E+0	4.437012E+10	1.489258E+0	1.781546E+9	1.500617E+0	3.030330E+11	1.504438E+0	3.053192E+11	1.503766E+0	3.474031E+11	1.505486E+0	3.493993E+11	-2.479389E-2	-3.635414E-2	-1.270671E-3	1.156024E-2	-1.749875E-2	-4.227313E+10	-4.258858E+10	2.543469E+7	3.154449E+8	-3.475923E+11
5.440170E+2	1.574584E+0	4.582486E+10	1.522766E+0	1.847952E+9	1.576562E+0	4.580608E+10	1.529073E+0	1.827567E+9	1.558575E+0	3.143651E+11	1.554334E+0	3.151228E+11	1.560841E+0	3.601712E+11	1.556878E+0	3.609476E+11	-5.181759E-2	-4.748871E-2	-6.307216E-3	-4.328880E-3	-3.411229E-2	-4.397691E+10	-4.397851E+10	2.038536E+7	1.605996E+6	-3.590997E+11
5.442810E+2	1.561259E+0	4.544870E+10	1.543177E+0	1.871998E+9	1.565361E+0	4.549041E+10	1.555878E+0	1.858550E+9	1.545263E+0	3.117622E+11	1.547322E+0	3.137449E+11	1.547795E+0	3.572526E+11	1.549073E+0	3.591936E+11	-1.808222E-2	-9.483142E-3	-1.270111E-2	-8.599074E-3	-5.895528E-3	-4.357670E+10	-4.363186E+10	1.344809E+7	5.515275E+7	-3.573216E+11
5.445240E+2	1.506922E+0	4.391470E+10	1.491645E+0	1.811290E+9	1.510932E+0	4.395637E+10	1.471619E+0	1.761157E+9	1.497714E+0	3.024654E+11	1.497719E+0	3.039991E+11	1.499379E+0	3.464218E+11	1.498876E+0	3.479138E+11	-1.527708E-2	-3.931331E-2	2.002648E-2	2.403623E-2	-7.230303E-3	-4.210341E+10	-4.219521E+10	5.013260E+7	9.180401E+7	-3.461025E+11
5.447720E+2	1.434374E+0	4.186656E+10	1.417251E+0	1.723649E+9	1.436033E+0	4.184540E+10	1.463771E+0	1.752086E+9	1.418090E+0	2.868972E+11	1.417918E+0	2.883197E+11	1.420351E+0	3.287426E+11	1.419985E+0	3.301862E+11	-1.712224E-2	2.773808E-2	-4.651933E-2	-4.486032E-2	-2.733775E-3	-4.014291E+10	-4.009332E+10	-2.843748E+7	-4.959147E+7	-3.284626E+11
5.450150E+2	1.351966E+0	3.954008E+10	1.332382E+0	1.623667E+9	1.348047E+0	3.936562E+10	1.349071E+0	1.619509E+9	1.340356E+0	2.716986E+11	1.341009E+0	2.732086E+11	1.341325E+0	3.110642E+11	1.342385E+0	3.127487E+11	-1.958321E-2	1.024111E-3	-1.668900E-2	-2.060732E-2	-1.000295E-2	-3.791641E+10	-3.774612E+10	4.157934E+6	-1.702932E+8	-3.111250E+11
5.452800E+2	1.276221E+0	3.740171E+10	1.205447E+0	1.474128E+9	1.271053E+0	3.719562E+10	1.272763E+0	1.531306E+9	1.267605E+0	2.574740E+11	1.265282E+0	2.583299E+11	1.268039E+0	2.946697E+11	1.266657E+0	2.957316E+11	-7.077417E-2	1.709193E-3	-6.731547E-2	-7.248336E-2	-6.120973E-2	-3.592758E+10	-3.566432E+10	-5.717817E+7	-2.632682E+8	-2.942575E+11
5.455500E+2	1.226312E+0	3.599272E+10	1.234941E+0	1.508874E+9	1.226266E+0	3.593334E+10	1.243217E+0	1.497155E+9	1.222108E+0	2.485784E+11	1.220359E+0	2.495033E+11	1.222632E+0	2.845117E+11	1.221107E+0	2.854960E+11	8.628911E-3	1.695047E-2	-8.275649E-3	-8.321560E-3	1.383411E-2	-3.448384E+10	-3.443619E+10	1.171898E+7	-4.765470E+7	-2.839872E+11
5.457720E+2	1.190971E+0	3.499499E+10	1.213281E+0	1.483356E+9	1.181349E+0	3.466740E+10	1.145447E+0	1.384146E+9	1.182626E+0	2.408589E+11	1.177147E+0	2.410131E+11	1.182465E+0	2.755263E+11	1.178884E+0	2.760081E+11	2.230962E-2	-3.590238E-2	6.783363E-2	5.821201E-2	3.439647E-2	-3.351163E+10	-3.328326E+10	9.921029E+7	-2.283754E+8	-2.745247E+11
5.460160E+2	1.145027E+0	3.369795E+10	1.193837E+0	1.460450E+9	1.158946E+0	3.403600E+10	1.097579E+0	1.328816E+9	1.143827E+0	2.332728E+11	1.148864E+0	2.354559E+11	1.145732E+0	2.673088E+11	1.148382E+0	2.691539E+11	4.880940E-2	-6.136781E-2	9.625832E-2	1.101772E-1	4.545510E-2	-3.223750E+10	-3.270718E+10	1.316337E+8	4.696853E+8	-2.676934E+11
5.467710E+2	1.215564E+0	3.568930E+10	1.215235E+0	1.485658E+9	1.217727E+0	3.569267E+10	1.222857E+0	1.473622E+9	1.204739E+0	2.451825E+11	1.202861E+0	2.460653E+11	1.206376E+0	2.808752E+11	1.204457E+0	2.817546E+11	-3.299589E-4	5.130469E-3	-7.622988E-3	-5.460428E-3	1.077741E-2	-3.420364E+10	-3.421905E+10	1.203579E+7	1.541357E+7	-2.802690E+11
5.475230E+2	1.332274E+0	3.898414E+10	1.315237E+0	1.603468E+9	1.314812E+0	3.842892E+10	1.321857E+0	1.588052E+9	1.318230E+0	2.673724E+11	1.316875E+0	2.684668E+11	1.317800E+0	3.058014E+11	1.318810E+0	3.074509E+11	-1.703652E-2	7.044726E-3	-6.619534E-3	-2.408125E-2	-3.572464E-3	-3.738068E+10	-3.684086E+10	1.541620E+7	-5.398117E+8	-3.058475E+11
5.482600E+2	1.440091E+0	4.202797E+10	1.398787E+0	1.701896E+9	1.445324E+0	4.210728E+10	1.405054E+0	1.684217E+9	1.421281E+0	2.875211E+11	1.426165E+0	2.899401E+11	1.424310E+0	3.296284E+11	1.427915E+0	3.319680E+11	-4.130472E-2	-4.027060E-2	-6.267048E-3	-1.034116E-3	-2.912795E-2	-4.032608E+10	-4.042306E+10	1.767883E+7	9.698231E+7	-3.302661E+11
5.490490E+2	1.421833E+0	4.151251E+10	1.375193E+0	1.674101E+9	1.422831E+0	4.147332E+10	1.379137E+0	1.654261E+9	1.408824E+0	2.850855E+11	1.405433E+0	2.858666E+11	1.410589E+0	3.265588E+11	1.407493E+0	3.273791E+11	-4.663946E-2	-4.369323E-2	-3.944176E-3	-2.946232E-3	-3.230004E-2	-3.983841E+10	-3.981906E+10	1.983988E+7	-1.935280E+7	-3.257050E+11
5.497960E+2	1.375935E+0	4.021677E+10	1.290687E+0	1.574547E+9	1.369217E+0	3.996226E+10	1.338000E+0	1.606711E+9	1.354707E+0	2.745044E+11	1.356077E+0	2.761692E+11	1.356535E+0	3.144667E+11	1.358572E+0	3.163860E+11	-8.524806E-2	-3.121691E-2	-4.731245E-2	-5.403115E-2	-6.788486E-2	-3.864222E+10	-3.835555E+10	-3.216457E+7	-2.866746E+8	-3.148114E+11
5.505110E+2	1.298045E+0	3.801782E+10	1.237465E+0	1.511847E+9	1.293207E+0	3.781999E+10	1.292888E+0	1.554568E+9	1.290667E+0	2.619832E+11	1.292878E+0	2.637519E+11	1.290987E+0	2.998031E+11	1.293527E+0	3.017697E+11	-6.057942E-2	-3.183548E-4	-5.542297E-2	-6.026106E-2	-5.606215E-2	-3.650597E+10	-3.626542E+10	-4.272105E+7	-2.405473E+8	-3.002579E+11
5.512620E+2	1.282214E+0	3.757091E+10	1.253620E+0	1.530878E+9	1.300808E+0	3.803424E+10	1.314839E+0	1.579940E+9	1.281521E+0	2.601950E+11	1.284621E+0	2.621296E+11	1.283951E+0	2.982293E+11	1.284319E+0	2.997005E+11	-2.859480E-2	1.403032E-2	-6.121907E-2	-4.262511E-2	-3.069944E-2	-3.604003E+10	-3.645430E+10	-4.906188E+7	4.142692E+8	-2.981696E+11
5.520210E+2	1.274757E+0	3.736037E+10	1.255257E+0	1.532807E+9	1.270532E+0	3.718092E+10	1.271665E+0	1.530037E+9	1.261604E+0	2.563008E+11	1.264942E+0	2.582630E+11	1.262729E+0	2.934817E+11	1.266175E+0	2.956233E+11	-1.949972E-2	1.133024E-3	-1.640767E-2	-2.063274E-2	-1.091812E-2	-3.582756E+10	-3.565088E+10	2.770546E+6	-1.766778E+8	-2.940905E+11
5.527590E+2	1.261818E+0	3.699508E+10	1.220298E+0	1.491624E+9	1.254879E+0	3.673976E+10	1.232625E+0	1.484912E+9	1.251517E+0	2.543285E+11	1.248970E+0	2.551249E+11	1.251940E+0	2.910683E+11	1.250584E+0	2.921200E+11	-4.151937E-2	-2.225398E-2	-1.232631E-2	-1.926539E-2	-3.028612E-2	-3.550346E+10	-3.525484E+10	6.711813E+6	-2.486168E+8	-2.906283E+11
5.535440E+2	1.196834E+0	3.516052E+10	1.203147E+0	1.471418E+9	1.196268E+0	3.508788E+10	1.177886E+0	1.421641E+9	1.188818E+0	2.420695E+11	1.189902E+0	2.435192E+11	1.189757E+0	2.771574E+11	1.190773E+0	2.786797E+11	6.312835E-3	-1.838189E-2	2.526072E-2	2.469472E-2	1.237372E-2	-3.368910E+10	-3.366624E+10	4.977662E+7	-2.286226E+7	-2.772083E+11
5.542580E+2	1.107472E+0	3.263771E+10	1.087009E+0	1.334599E+9	1.111757E+0	3.270601E+10	1.053533E+0	1.277905E+9	1.099769E+0	2.246585E+11	1.101801E+0	2.262091E+11	1.101279E+0	2.573645E+11	1.102514E+0	2.588468E+11	-2.046293E-2	-5.822419E-2	3.347659E-2	3.776126E-2	-1.550448E-2	-3.130311E+10	-3.142810E+10	5.669424E+7	1.249894E+8	-2.575122E+11
5.550250E+2	1.014413E+0	3.001054E+10	9.968887E-1	1.228431E+9	1.010297E+0	2.984645E+10	9.984634E-1	1.214252E+9	1.005495E+0	2.062260E+11	1.006620E+0	2.075079E+11	1.006100E+0	2.360724E+11	1.007599E+0	2.375184E+11	-1.752439E-2	-1.183312E-2	-1.574780E-3	-5.691270E-3	-1.071042E-2	-2.878211E+10	-2.863220E+10	1.417837E+7	-1.499076E+8	-2.362900E+11
5.557550E+2	9.467751E-1	2.810103E+10	8.971372E-1	1.110916E+9	9.566850E-1	2.833546E+10	9.264014E-1	1.130958E+9	9.516093E-1	1.956901E+11	9.545409E-1	1.972754E+11	9.522488E-1	2.240256E+11	9.535653E-1	2.253764E+11	-4.963798E-2	-3.028354E-2	-2.926428E-2	-1.935444E-2	-5.642810E-2	-2.699012E+10	-2.720450E+10	-2.004201E+7	2.143865E+8	-2.242655E+11
5.560190E+2	9.497562E-1	2.818519E+10	9.601665E-1	1.185169E+9	9.586839E-1	2.839180E+10	9.476684E-1	1.155540E+9	9.539232E-1	1.961425E+11	9.553765E-1	1.974396E+11	9.545230E-1	2.245343E+11	9.546704E-1	2.256248E+11	1.041025E-2	-1.101552E-2	1.249808E-2	2.142577E-2	5.496037E-3	-2.700002E+10	-2.723626E+10	2.962932E+7	2.362359E+8	-2.244396E+11
5.565140E+2	9.769605E-1	2.895321E+10	9.849830E-1	1.214405E+9	9.639169E-1	2.853928E+10	9.405272E-1	1.147286E+9	9.753882E-1	2.003394E+11	9.727326E-1	2.008497E+11	9.739430E-1	2.288787E+11	9.732638E-1	2.298029E+11	8.022409E-3	-2.338967E-2	4.445577E-2	3.141208E-2	1.171914E-2	-2.773880E+10	-2.739200E+10	6.711924E+7	-3.468013E+8	-2.285885E+11
5.570440E+2	9.978546E-1	2.954307E+10	1.020131E+0	1.255812E+9	1.001982E+0	2.961212E+10	9.849889E-1	1.198677E+9	9.956807E-1	2.043070E+11	9.964817E-1	2.055159E+11	9.964746E-1	2.339191E+11	9.966542E-1	2.350590E+11	2.227683E-2	-1.699326E-2	3.514256E-2	3.927009E-2	2.347724E-2	-2.828726E+10	-2.841344E+10	5.713487E+7	1.261810E+8	-2.338032E+11
5.575640E+2	1.001392E+0	2.964293E+10	1.001962E+0	1.234407E+9	9.840463E-1	2.910661E+10	9.836759E-1	1.197160E+9	9.981310E-1	2.047861E+11	9.949369E-1	2.052124E+11	9.963565E-1	2.338927E+11	9.957478E-1	2.348553E+11	5.703124E-4	-3.704034E-4	1.828599E-2	9.407158E-4	6.214114E-3	-2.840852E+10	-2.790945E+10	3.724744E+7	-4.990633E+8	-2.336209E+11
5.580230E+2	9.974453E-1	2.953151E+10	1.013772E+0	1.248321E+9	9.951885E-1	2.942064E+10	1.018358E+0	1.237247E+9	1.000477E+0	2.052448E+11	9.975804E-1	2.057318E+11	9.998106E-1	2.346654E+11	9.975634E-1	2.352633E+11	1.632686E-2	2.316914E-2	-4.585501E-3	-6.842279E-3	1.620869E-2	-2.828319E+10	-2.818340E+10	1.107327E+7	-9.979673E+7	-2.340150E+11
5.585160E+2	9.996365E-1	2.959338E+10	1.012106E+0	1.246357E+9	1.007958E+0	2.978054E+10	1.028262E+0	1.248695E+9	1.005450E+0	2.062172E+11	1.005499E+0	2.072877E+11	1.005766E+0	2.359978E+11	1.004763E+0	2.368811E+11	1.246909E-2	2.030365E-2	-1.615605E-2	-7.834564E-3	7.342874E-3	-2.834702E+10	-2.853185E+10	-2.337768E+6	1.848266E+8	-2.356347E+11
5.590210E+2	1.017768E+0	3.010524E+10	9.940788E-1	1.225120E+9	1.017287E+0	3.004347E+10	1.032944E+0	1.254107E+9	1.015865E+0	2.082535E+11	1.018524E+0	2.098468E+11	1.016044E+0	2.382970E+11	1.018429E+0	2.399521E+11	-2.368899E-2	1.565655E-2	-3.886476E-2	-3.934554E-2	-2.435048E-2	-2.888012E+10	-2.878936E+10	-2.898632E+7	-9.076188E+7	-2.387270E+11
5.595110E+2	1.023466E+0	3.026612E+10	1.022089E+0	1.258119E+9	1.034105E+0	3.051747E+10	1.066722E+0	1.293150E+9	1.027729E+0	2.105731E+11	1.027815E+0	2.116723E+11	1.028532E+0	2.410906E+11	1.027269E+0	2.419384E+11	-1.377067E-3	3.261653E-2	-4.463225E-2	-3.399359E-2	-5.179469E-3	-2.900801E+10	-2.922432E+10	-3.503081E+7	2.163148E+8	-2.406803E+11
5.600520E+2	1.025569E+0	3.032549E+10	1.018357E+0	1.253721E+9	1.022836E+0	3.019986E+10	1.015501E+0	1.233945E+9	1.022205E+0	2.094931E+11	1.022351E+0	2.105987E+11	1.022284E+0	2.396930E+11	1.022755E+0	2.409242E+11	-7.212479E-3	-7.335061E-3	2.855811E-3	1.225818E-4	-4.398799E-3	-2.907176E+10	-2.896591E+10	1.977624E+7	-1.058510E+8	-2.396705E+11
5.605090E+2	1.006307E+0	2.978170E+10	9.543419E-1	1.178307E+9	1.006194E+0	2.973082E+10	1.003126E+0	1.219641E+9	1.005521E+0	2.062311E+11	1.005338E+0	2.072559E+11	1.005606E+0	2.359619E+11	1.005459E+0	2.370376E+11	-5.196551E-2	-3.067947E-3	-4.878386E-2	-4.889756E-2	-5.111757E-2	-2.860340E+10	-2.851117E+10	-4.133385E+7	-9.222210E+7	-2.358593E+11
5.610010E+2	1.003845E+0	2.971218E+10	1.018013E+0	1.253317E+9	1.007803E+0	2.977616E+10	9.782287E-1	1.190864E+9	9.996295E-1	2.050791E+11	1.003364E+0	2.068682E+11	1.000659E+0	2.348553E+11	1.003425E+0	2.365804E+11	1.416830E-2	-2.957400E-2	3.978421E-2	4.374230E-2	1.458821E-2	-2.845886E+10	-2.858530E+10	6.245297E+7	1.264404E+8	-2.353271E+11
