Photon Energy (eV)	X ref norm	X ref	X pump norm	X pump	Y ref norm	Y ref	Y pump norm	Y pump	X all norm	X all	Y all norm	Y all	X all Y ref norm	X all Y ref	Y all X ref norm	Y all X ref	BC(X hist) norm	BC(Y hist) norm	StS norm	BCSC norm	BCLR norm	BC(X hist)	BC(Y hist)	StS	BCSC	BCLR	
5.300160E+2	-4.697761E-3	1.239748E+9	-3.593549E-3	5.264890E+7	-4.835080E-3	1.235968E+9	-4.303209E-3	5.264889E+7	-5.579289E-3	8.539075E+9	-5.453831E-3	8.655652E+9	-5.485528E-3	9.775043E+9	-5.358843E-3	9.895400E+9	1.104212E-3	5.318706E-4	7.096597E-4	5.723414E-4	1.765294E-3	-1.187099E+9	-1.183319E+9	5.960251E+0	-3.780235E+6	-9.842751E+9
5.305230E+2	-5.471576E-3	1.217902E+9	-8.954876E-3	4.660543E+7	-4.597977E-3	1.242650E+9	1.305475E-3	5.900047E+7	-5.024050E-3	8.647637E+9	-4.089320E-3	8.923751E+9	-4.970370E-3	9.890287E+9	-4.262978E-3	1.014165E+10	-3.483301E-3	5.903452E-3	-1.026035E-2	-9.386753E-3	-4.691898E-3	-1.171297E+9	-1.183650E+9	-1.239504E+7	1.235298E+7	-1.009505E+10
5.310050E+2	-2.815926E-3	1.292875E+9	-1.574923E-3	5.492436E+7	-3.085903E-3	1.285267E+9	-7.100206E-3	4.948142E+7	-2.743579E-3	9.093518E+9	-2.655591E-3	9.205450E+9	-2.786707E-3	1.037878E+10	-2.675734E-3	1.049832E+10	1.241003E-3	-4.014303E-3	5.525283E-3	5.255306E-3	1.100811E-3	-1.237950E+9	-1.235785E+9	5.442940E+6	-2.165059E+6	-1.044340E+10
5.315130E+2	-5.083195E-4	1.358021E+9	5.254761E-3	6.262300E+7	-1.461902E-3	1.331038E+9	3.619532E-3	6.162104E+7	-5.566256E-4	9.521115E+9	-8.388851E-4	9.562396E+9	-6.706787E-4	1.085215E+10	-7.973550E-4	1.092042E+10	5.763081E-3	5.081435E-3	1.635229E-3	6.816461E-4	6.052116E-3	-1.295398E+9	-1.269417E+9	1.001969E+6	-2.598185E+7	-1.085779E+10
5.320070E+2	3.244669E-3	1.463973E+9	9.974411E-4	5.782401E+7	4.629665E-3	1.502722E+9	3.347806E-3	6.131332E+7	3.348481E-3	1.028465E+10	3.486748E-3	1.041230E+10	3.509893E-3	1.178737E+10	3.456335E-3	1.187627E+10	-2.247228E-3	-1.281859E-3	-2.350365E-3	-9.653695E-4	-2.458894E-3	-1.406149E+9	-1.441409E+9	-3.489306E+6	3.526006E+7	-1.181845E+10
5.325170E+2	1.024891E-2	1.661712E+9	7.871147E-3	6.557228E+7	9.351196E-3	1.635794E+9	3.130602E-3	6.106734E+7	1.055506E-2	1.169369E+10	9.550879E-3	1.160378E+10	1.040339E-2	1.332948E+10	9.638575E-3	1.326549E+10	-2.377767E-3	-6.220595E-3	4.740545E-3	3.842828E-3	-1.767428E-3	-1.596139E+9	-1.574727E+9	4.504937E+6	-2.141268E+7	-1.319992E+10
5.330280E+2	2.294693E-2	2.020193E+9	2.818931E-2	8.847558E+7	2.307835E-2	2.022680E+9	2.419004E-2	8.491621E+7	2.402306E-2	1.432697E+10	2.411039E-2	1.446443E+10	2.390404E-2	1.634965E+10	2.396422E-2	1.648462E+10	5.242376E-3	1.111691E-3	3.999263E-3	4.130685E-3	4.225089E-3	-1.931717E+9	-1.937764E+9	3.559375E+6	6.047005E+6	-1.639615E+10
5.331630E+2	2.965218E-2	2.209490E+9	3.503189E-2	9.618876E+7	3.126010E-2	2.253275E+9	3.236531E-2	9.417433E+7	3.030985E-2	1.555618E+10	2.995746E-2	1.561326E+10	3.042957E-2	1.780945E+10	2.991910E-2	1.782275E+10	5.379708E-3	1.105210E-3	2.666573E-3	4.274498E-3	5.112784E-3	-2.113302E+9	-2.159101E+9	2.014435E+6	4.579899E+7	-1.772656E+10
5.333080E+2	3.703506E-2	2.417918E+9	3.199087E-2	9.276083E+7	3.629530E-2	2.395187E+9	3.966831E-2	1.024446E+8	3.769488E-2	1.700011E+10	3.722570E-2	1.704132E+10	3.751855E-2	1.939530E+10	3.720175E-2	1.945924E+10	-5.044182E-3	3.373016E-3	-7.677437E-3	-8.417197E-3	-5.210875E-3	-2.325158E+9	-2.292742E+9	-9.683808E+6	-3.241531E+7	-1.936648E+10
5.334580E+2	5.007598E-2	2.786080E+9	5.667300E-2	1.205833E+8	5.001084E-2	2.781746E+9	5.390316E-2	1.185650E+8	5.320866E-2	2.003339E+10	5.211585E-2	1.996694E+10	5.280578E-2	2.281514E+10	5.185958E-2	2.275302E+10	6.597028E-3	3.892320E-3	2.769849E-3	2.704708E-3	4.813427E-3	-2.665497E+9	-2.663181E+9	2.018390E+6	-2.315875E+6	-2.263244E+10
5.336130E+2	6.741560E-2	3.275600E+9	7.934507E-2	1.461400E+8	6.677749E-2	3.254297E+9	6.481046E-2	1.309170E+8	6.917716E-2	2.315558E+10	6.790397E-2	2.306899E+10	6.887483E-2	2.640987E+10	6.784261E-2	2.634459E+10	1.192947E-2	-1.967034E-3	1.453461E-2	1.389650E-2	1.150246E-2	-3.129460E+9	-3.123380E+9	1.522306E+7	-6.079135E+6	-2.619845E+10
5.337580E+2	1.034852E-1	4.293889E+9	1.135083E-1	1.846500E+8	1.006510E-1	4.208989E+9	8.870641E-2	1.579781E+8	1.062810E-1	3.041019E+10	1.036767E-1	3.009761E+10	1.055717E-1	3.461918E+10	1.036526E-1	3.439150E+10	1.002312E-2	-1.194458E-2	2.480188E-2	2.196771E-2	9.855690E-3	-4.109239E+9	-4.051011E+9	2.667190E+7	-5.822865E+7	-3.420685E+10
5.339090E+2	1.569762E-1	5.804009E+9	1.829257E-1	2.628996E+8	1.626105E-1	5.955256E+9	1.731789E-1	2.536394E+8	1.688283E-1	4.263953E+10	1.660428E-1	4.235130E+10	1.680449E-1	4.859478E+10	1.649037E-1	4.815531E+10	2.594955E-2	1.056843E-2	9.746817E-3	1.538111E-2	1.802204E-2	-5.541109E+9	-5.701617E+9	9.260248E+6	1.605076E+8	-4.789241E+10
5.340800E+2	2.800156E-1	9.277566E+9	2.964456E-1	3.908630E+8	2.819585E-1	9.318962E+9	2.725536E-1	3.661766E+8	2.916537E-1	6.665455E+10	2.840321E-1	6.553384E+10	2.904322E-1	7.597351E+10	2.835275E-1	7.481140E+10	1.643005E-2	-9.404932E-3	2.389204E-2	2.583498E-2	1.291812E-2	-8.886703E+9	-8.952785E+9	2.468632E+7	6.608237E+7	-7.442054E+10
5.342040E+2	4.412436E-1	1.382924E+10	4.708713E-1	5.874813E+8	4.422714E-1	1.383722E+10	4.460156E-1	5.626145E+8	4.535693E-1	9.831253E+10	4.420318E-1	9.657761E+10	4.521459E-1	1.121498E+11	4.419327E-1	1.104068E+11	2.962766E-2	3.744161E-3	2.485572E-2	2.588350E-2	2.893853E-2	-1.324176E+10	-1.327461E+10	2.486686E+7	3.285145E+7	-1.098194E+11
5.343600E+2	7.983598E-1	2.391108E+10	7.843226E-1	9.408140E+8	7.969117E-1	2.383241E+10	7.726443E-1	9.325067E+8	8.101069E-1	1.680234E+11	7.907234E-1	1.650885E+11	8.084445E-1	1.918558E+11	7.916828E-1	1.889996E+11	-1.403723E-2	-2.426742E-2	1.167834E-2	1.023020E-2	-7.360191E-3	-2.297027E+10	-2.289990E+10	8.307359E+6	-7.036466E+7	-1.880588E+11
5.345110E+2	1.149555E+0	3.382575E+10	1.147253E+0	1.349921E+9	1.153674E+0	3.388739E+10	1.152282E+0	1.362430E+9	1.158686E+0	2.361782E+11	1.147599E+0	2.352074E+11	1.158055E+0	2.700655E+11	1.147844E+0	2.690331E+11	-2.301536E-3	-1.391084E-3	-5.029428E-3	-9.104520E-4	-5.913835E-4	-3.247583E+10	-3.252496E+10	-1.250851E+7	4.912811E+7	-2.676832E+11
5.346510E+2	1.604478E+0	4.666882E+10	1.584660E+0	1.842981E+9	1.606830E+0	4.665915E+10	1.559943E+0	1.824086E+9	1.594641E+0	3.214168E+11	1.591120E+0	3.223504E+11	1.596177E+0	3.680759E+11	1.592798E+0	3.690192E+11	-1.981782E-2	-4.688718E-2	2.471764E-2	2.706936E-2	-8.137571E-3	-4.482584E+10	-4.483507E+10	1.889472E+7	9.226404E+6	-3.671762E+11
5.348280E+2	1.900099E+0	5.501456E+10	1.835463E+0	2.125694E+9	1.882761E+0	5.443600E+10	1.831867E+0	2.132028E+9	1.867737E+0	3.748128E+11	1.860079E+0	3.751954E+11	1.869629E+0	4.292488E+11	1.865107E+0	4.302100E+11	-6.463573E-2	-5.089432E-2	3.596231E-3	-1.374141E-2	-2.964386E-2	-5.288887E+10	-5.230397E+10	-6.333902E+6	-5.848968E+8	-4.280843E+11
5.349630E+2	2.041350E+0	5.900227E+10	1.981595E+0	2.290419E+9	2.033523E+0	5.868508E+10	1.936847E+0	2.250913E+9	1.994249E+0	3.995487E+11	1.993140E+0	4.013392E+11	1.999197E+0	4.582338E+11	1.999197E+0	4.603415E+11	-5.975500E-2	-9.667629E-2	4.474839E-2	3.692129E-2	-1.760149E-2	-5.671185E+10	-5.643416E+10	3.950601E+7	-2.776865E+8	-4.580511E+11
5.351140E+2	1.839447E+0	5.330229E+10	1.757615E+0	2.037941E+9	1.839160E+0	5.320716E+10	1.753459E+0	2.043235E+9	1.805903E+0	3.627229E+11	1.809072E+0	3.651737E+11	1.810093E+0	4.159301E+11	1.812888E+0	4.184760E+11	-8.183235E-2	-8.570100E-2	4.155083E-3	3.868654E-3	-5.527389E-2	-5.126434E+10	-5.116393E+10	-5.294534E+6	-1.004198E+8	-4.164380E+11
5.352600E+2	1.746873E+0	5.068880E+10	1.743301E+0	2.021806E+9	1.751678E+0	5.074156E+10	1.645151E+0	1.920581E+9	1.718888E+0	3.457097E+11	1.727131E+0	3.490739E+11	1.723019E+0	3.964513E+11	1.729611E+0	3.997627E+11	-3.571710E-3	-1.065268E-1	9.814951E-2	1.029551E-1	1.368974E-2	-4.866699E+10	-4.882098E+10	1.012246E+8	1.539878E+8	-3.977409E+11
5.354110E+2	1.403327E+0	4.099007E+10	1.353530E+0	1.582443E+9	1.412228E+0	4.117449E+10	1.363522E+0	1.601648E+9	1.385280E+0	2.804821E+11	1.391047E+0	2.830400E+11	1.388675E+0	3.216566E+11	1.392590E+0	3.240301E+11	-4.979689E-2	-4.870654E-2	-9.991540E-3	-1.090350E-3	-3.905948E-2	-3.940762E+10	-3.957285E+10	-1.920497E+7	1.652220E+8	-3.224477E+11
5.355630E+2	1.280569E+0	3.752447E+10	1.314895E+0	1.538893E+9	1.268560E+0	3.712535E+10	1.254601E+0	1.478301E+9	1.264860E+0	2.569374E+11	1.265276E+0	2.583287E+11	1.265326E+0	2.940628E+11	1.267198E+0	2.958531E+11	3.432603E-2	-1.395912E-2	6.029467E-2	4.828515E-2	4.769778E-2	-3.598558E+10	-3.564705E+10	6.059271E+7	-3.385275E+8	-2.943143E+11
5.357190E+2	1.006889E+0	2.979811E+10	1.006505E+0	1.191265E+9	1.007181E+0	2.975863E+10	9.619145E-1	1.146847E+9	1.008238E+0	2.067623E+11	1.011973E+0	2.085596E+11	1.008105E+0	2.365209E+11	1.011334E+0	2.383577E+11	-3.838245E-4	-4.526599E-2	4.459033E-2	4.488217E-2	-4.829121E-3	-2.860685E+10	-2.861178E+10	4.441855E+7	4.932494E+6	-2.371664E+11
5.358600E+2	8.983452E-1	2.673379E+10	8.857302E-1	1.055124E+9	9.030783E-1	2.682461E+10	9.211213E-1	1.100650E+9	9.005692E-1	1.857107E+11	9.031174E-1	1.871717E+11	9.008853E-1	2.125353E+11	9.025179E-1	2.139055E+11	-1.261495E-2	1.804301E-2	-3.539106E-2	-3.065796E-2	-1.678768E-2	-2.567867E+10	-2.572396E+10	-4.552612E+7	4.528963E+7	-2.128504E+11
5.360070E+2	7.115011E-1	2.145895E+10	7.152295E-1	8.629300E+8	7.130913E-1	2.147001E+10	7.031094E-1	8.537615E+8	7.147333E-1	1.493758E+11	7.166380E-1	1.505322E+11	7.145265E-1	1.708458E+11	7.159927E-1	1.719912E+11	3.728418E-3	-9.981933E-3	1.212018E-2	1.371035E-2	-7.631314E-4	-2.059602E+10	-2.061625E+10	9.168490E+6	2.023298E+7	-1.711283E+11
5.362840E+2	5.892553E-1	1.800780E+10	6.004167E-1	7.335092E+8	5.935094E-1	1.809972E+10	5.850068E-1	7.200158E+8	5.963236E-1	1.262241E+11	5.941805E-1	1.264718E+11	5.959690E-1	1.443238E+11	5.935618E-1	1.444796E+11	1.116141E-2	-8.502595E-3	1.540990E-2	1.966400E-2	6.854968E-3	-1.727429E+10	-1.737970E+10	1.349346E+7	1.054145E+8	-1.437461E+11
5.365090E+2	4.559067E-1	1.424320E+10	4.596314E-1	5.748113E+8	4.604590E-1	1.434982E+10	4.274296E-1	5.415667E+8	4.616715E-1	9.989670E+10	4.628930E-1	1.006764E+11	4.615187E-1	1.142465E+11	4.620153E-1	1.149196E+11	3.724667E-3	-3.302939E-2	3.220174E-2	3.675406E-2	-2.383958E-3	-1.366838E+10	-1.380826E+10	3.324459E+7	1.398717E+8	-1.143448E+11
5.367660E+2	4.740274E-1	1.475477E+10	4.739857E-1	5.909920E+8	4.721831E-1	1.468025E+10	4.781649E-1	5.990222E+8	4.765393E-1	1.028037E+11	4.755398E-1	1.031613E+11	4.759905E-1	1.174839E+11	4.753498E-1	1.179160E+11	-4.173626E-5	5.981877E-3	-4.179261E-3	-6.023613E-3	-1.364145E-3	-1.416377E+10	-1.408123E+10	-8.030203E+6	-8.254300E+7	-1.173250E+11
5.370170E+2	4.918098E-1	1.525679E+10	4.958800E-1	6.156720E+8	4.901708E-1	1.518722E+10	4.805649E-1	6.017401E+8	4.921355E-1	1.058531E+11	4.925889E-1	1.065111E+11	4.918880E-1	1.210403E+11	4.924910E-1	1.217679E+11	4.070196E-3	-9.605901E-3	1.531509E-2	1.367610E-2	3.388989E-3	-1.464111E+10	-1.458548E+10	1.393194E+7	-5.563324E+7	-1.211522E+11
5.372640E+2	5.240218E-1	1.616617E+10	5.544336E-1	6.816755E+8	5.284351E-1	1.626566E+10	5.226901E-1	6.494449E+8	5.342992E-1	1.140970E+11	5.313876E-1	1.141342E+11	5.335604E-1	1.303626E+11	5.304622E-1	1.303004E+11	3.041182E-2	-5.745053E-3	3.174350E-2	3.615688E-2	2.397138E-2	-1.548449E+10	-1.561622E+10	3.223063E+7	1.317233E+8	-1.296187E+11
5.375110E+2	6.517256E-1	1.977141E+10	6.653856E-1	8.067443E+8	6.561522E-1	1.986524E+10	6.415506E-1	7.840490E+8	6.613183E-1	1.389320E+11	6.603776E-1	1.394782E+11	6.606675E-1	1.587972E+11	6.592906E-1	1.592496E+11	1.365998E-2	-1.460164E-2	2.383497E-2	2.826161E-2	6.094917E-3	-1.896467E+10	-1.908119E+10	2.269523E+7	1.165274E+8	-1.584429E+11
5.377740E+2	7.878524E-1	2.361444E+10	8.303629E-1	9.927122E+8	7.902880E-1	2.364573E+10	7.834534E-1	9.447475E+8	7.919767E-1	1.644785E+11	7.909166E-1	1.651265E+11	7.917639E-1	1.881242E+11	7.905316E-1	1.887409E+11	4.251052E-2	-6.834579E-3	4.690953E-2	4.934510E-2	3.983131E-2	-2.262173E+10	-2.270098E+10	4.796468E+7	7.924801E+7	-1.877482E+11
5.380110E+2	8.495638E-1	2.535663E+10	8.530152E-1	1.018247E+9	8.554172E-1	2.548133E+10	9.100666E-1	1.088131E+9	8.563306E-1	1.770611E+11	8.499812E-1	1.767315E+11	8.562155E-1	2.025424E+11	8.499288E-1	2.020881E+11	3.451447E-3	5.464937E-2	-5.705138E-2	-5.119792E-2	3.086444E-3	-2.433839E+10	-2.439320E+10	-6.988462E+7	5.481240E+7	-2.010699E+11
5.382690E+2	1.061670E+0	3.134466E+10	1.051414E+0	1.241888E+9	1.069669E+0	3.151981E+10	1.058407E+0	1.256120E+9	1.063118E+0	2.174925E+11	1.056424E+0	2.172934E+11	1.063944E+0	2.490123E+11	1.057083E+0	2.486381E+11	-1.025619E-2	-1.126252E-2	-6.992947E-3	1.006324E-3	-5.669448E-3	-3.010277E+10	-3.026369E+10	-1.423167E+7	1.609201E+8	-2.473962E+11
5.385110E+2	1.280535E+0	3.752350E+10	1.294758E+0	1.516193E+9	1.293024E+0	3.781486E+10	1.289971E+0	1.518355E+9	1.282397E+0	2.603664E+11	1.282150E+0	2.616440E+11	1.283736E+0	2.981812E+11	1.281947E+0	2.991675E+11	1.422240E-2	-3.053680E-3	4.786713E-3	1.727608E-2	1.281046E-2	-3.600731E+10	-3.629650E+10	-2.162387E+6	2.891962E+8	-2.976513E+11
5.387650E+2	1.453253E+0	4.239955E+10	1.395247E+0	1.629468E+9	1.446663E+0	4.214501E+10	1.380398E+0	1.620760E+9	1.437932E+0	2.907767E+11	1.430831E+0	2.908569E+11	1.439032E+0	3.329217E+11	1.433648E+0	3.332564E+11	-5.800643E-2	-6.626496E-2	1.484849E-2	8.258524E-3	-3.840138E-2	-4.077008E+10	-4.052425E+10	8.707409E+6	-2.458279E+8	-3.316270E+11
5.390340E+2	1.710742E+0	4.966878E+10	1.641102E+0	1.906604E+9	1.718655E+0	4.981083E+10	1.660401E+0	1.937851E+9	1.692745E+0	3.405981E+11	1.697314E+0	3.432155E+11	1.696009E+0	3.904089E+11	1.699001E+0	3.928843E+11	-6.963959E-2	-5.825395E-2	-1.929854E-2	-1.138564E-2	-5.789902E-2	-4.776218E+10	-4.787298E+10	-3.124632E+7	1.108003E+8	-3.909776E+11
5.392930E+2	1.903995E+0	5.512456E+10	1.904148E+0	2.203118E+9	1.899254E+0	5.490085E+10	1.841810E+0	2.143289E+9	1.864209E+0	3.741230E+11	1.863544E+0	3.758762E+11	1.868624E+0	4.290239E+11	1.868626E+0	4.310008E+11	1.529607E-4	-5.744392E-2	6.233758E-2	5.759688E-2	3.552212E-2	-5.292144E+10	-5.275756E+10	5.982936E+7	-1.638853E+8	-4.287977E+11
5.395160E+2	1.939755E+0	5.613411E+10	1.863594E+0	2.157404E+9	1.956393E+0	5.651125E+10	1.872441E+0	2.177977E+9	1.908383E+0	3.827600E+11	1.912510E+0	3.854971E+11	1.914432E+0	4.392713E+11	1.915933E+0	4.416312E+11	-7.616107E-2	-8.395170E-2	-8.847575E-3	7.790625E-3	-5.233900E-2	-5.397670E+10	-5.433327E+10	-2.057284E+7	3.565659E+8	-4.394738E+11
5.397750E+2	2.018142E+0	5.834709E+10	1.955036E+0	2.260480E+9	2.024481E+0	5.843024E+10	1.929416E+0	2.242498E+9	1.976736E+0	3.961246E+11	1.978396E+0	3.984424E+11	1.982751E+0	4.545548E+11	1.983390E+0	4.567895E+11	-6.310670E-2	-9.506510E-2	2.561960E-2	3.195840E-2	-2.835390E-2	-5.608661E+10	-5.618774E+10	1.798220E+7	1.011384E+8	-4.545290E+11
5.400240E+2	1.957131E+0	5.662465E+10	1.912279E+0	2.212284E+9	1.967688E+0	5.682959E+10	1.899787E+0	2.208944E+9	1.917988E+0	3.846380E+11	1.924661E+0	3.878846E+11	1.924249E+0	4.414676E+11	1.928741E+0	4.445093E+11	-4.485166E-2	-6.790132E-2	1.249239E-2	2.304967E-2	-1.646153E-2	-5.441237E+10	-5.462064E+10	3.339491E+6	2.082724E+8	-4.422970E+11
5.402900E+2	1.784762E+0	5.175846E+10	1.686277E+0	1.957527E+9	1.796451E+0	5.200343E+10	1.797190E+0	2.092758E+9	1.755004E+0	3.527711E+11	1.760840E+0	3.556971E+11	1.760226E+0	4.047746E+11	1.763846E+0	4.074556E+11	-9.848481E-2	7.391650E-4	-1.109129E-1	-9.922398E-2	-7.756877E-2	-4.980093E+10	-4.991067E+10	-1.352313E+8	1.097402E+8	-4.054980E+11
5.405080E+2	1.737383E+0	5.042089E+10	1.698959E+0	1.971823E+9	1.751105E+0	5.072541E+10	1.662212E+0	1.939902E+9	1.711648E+0	3.442941E+11	1.715516E+0	3.467918E+11	1.716619E+0	3.950195E+11	1.718263E+0	3.972126E+11	-3.842342E-2	-8.889300E-2	3.674748E-2	5.046958E-2	-1.930379E-2	-4.844907E+10	-4.878550E+10	3.192115E+7	3.364353E+8	-3.952408E+11
5.407680E+2	1.659133E+0	4.821181E+10	1.589168E+0	1.848063E+9	1.663056E+0	4.824382E+10	1.626583E+0	1.899554E+9	1.631482E+0	3.286200E+11	1.636014E+0	3.311712E+11	1.635460E+0	3.768638E+11	1.638919E+0	3.793830E+11	-6.996505E-2	-3.647260E-2	-3.741468E-2	-3.349244E-2	-4.975018E-2	-4.636375E+10	-4.634427E+10	-5.149085E+7	-1.947854E+7	-3.775349E+11
5.410340E+2	1.605163E+0	4.668817E+10	1.556420E+0	1.811148E+9	1.594887E+0	4.632256E+10	1.558533E+0	1.822490E+9	1.578202E+0	3.182025E+11	1.579450E+0	3.200576E+11	1.580304E+0	3.645250E+11	1.582681E+0	3.667458E+11	-4.874359E-2	-3.635438E-2	-2.112831E-3	-1.238921E-2	-2.626104E-2	-4.487702E+10	-4.450007E+10	-1.134210E+7	-3.769536E+8	-3.649346E+11
5.412850E+2	1.510054E+0	4.400310E+10	1.425114E+0	1.663135E+9	1.513127E+0	4.401824E+10	1.461309E+0	1.712388E+9	1.490704E+0	3.010948E+11	1.494016E+0	3.032714E+11	1.493529E+0	3.451130E+11	1.496031E+0	3.472745E+11	-8.494007E-2	-5.181856E-2	-3.619516E-2	-3.312151E-2	-7.091734E-2	-4.233996E+10	-4.230585E+10	-4.925317E+7	-3.411272E+7	-3.456114E+11
5.415140E+2	1.330471E+0	3.893325E+10	1.322304E+0	1.547245E+9	1.323218E+0	3.866584E+10	1.357110E+0	1.594387E+9	1.318528E+0	2.674307E+11	1.319263E+0	2.689361E+11	1.319119E+0	3.060965E+11	1.320671E+0	3.078693E+11	-8.166584E-3	3.389127E-2	-3.480540E-2	-4.205785E-2	1.632683E-3	-3.738600E+10	-3.707145E+10	-4.714250E+7	-3.145471E+8	-3.063221E+11
5.417760E+2	1.135933E+0	3.344120E+10	1.161889E+0	1.366420E+9	1.148159E+0	3.373197E+10	1.164388E+0	1.376139E+9	1.139205E+0	2.323690E+11	1.142212E+0	2.341490E+11	1.140333E+0	2.661010E+11	1.141423E+0	2.675902E+11	2.595605E-2	1.622917E-2	-2.499008E-3	9.726873E-3	2.046583E-2	-3.207478E+10	-3.235583E+10	-9.719351E+6	2.810461E+8	-2.662238E+11
5.420270E+2	1.009091E+0	2.986030E+10	1.018199E+0	1.204448E+9	1.007461E+0	2.976652E+10	9.588949E-1	1.143427E+9	1.007667E+0	2.066506E+11	1.005471E+0	2.072822E+11	1.007641E+0	2.364171E+11	1.005926E+0	2.371425E+11	9.108057E-3	-4.856573E-2	5.930454E-2	5.767378E-2	1.227342E-2	-2.865585E+10	-2.862310E+10	6.102066E+7	-3.275583E+7	-2.359380E+11
5.422730E+2	9.245548E-1	2.747372E+10	9.431290E-1	1.119826E+9	9.318746E-1	2.763620E+10	9.415861E-1	1.123826E+9	9.280504E-1	1.910839E+11	9.276277E-1	1.919875E+11	9.285322E-1	2.187201E+11	9.272416E-1	2.194612E+11	1.857426E-2	9.711570E-3	1.542885E-3	8.862694E-3	1.588737E-2	-2.635390E+10	-2.651238E+10	-3.999812E+6	1.584812E+8	-2.183414E+11
5.425300E+2	9.166670E-1	2.725104E+10	9.169233E-1	1.090286E+9	9.210467E-1	2.733103E+10	9.550630E-1	1.139088E+9	9.217654E-1	1.898550E+11	9.183466E-1	1.901639E+11	9.216749E-1	2.171860E+11	9.181356E-1	2.174150E+11	2.562771E-4	3.401630E-2	-3.813974E-2	-3.376003E-2	-1.212274E-3	-2.616076E+10	-2.619195E+10	-4.880174E+7	3.118817E+7	-2.163247E+11
5.427650E+2	9.758014E-1	2.892048E+10	9.893333E-1	1.171909E+9	9.900428E-1	2.927562E+10	9.742818E-1	1.160852E+9	9.820638E-1	2.016446E+11	9.829285E-1	2.028530E+11	9.830690E-1	2.309202E+11	9.820331E-1	2.317734E+11	1.353190E-2	-1.576095E-2	1.505145E-2	2.929285E-2	7.300232E-3	-2.774857E+10	-2.811477E+10	1.105677E+7	3.661944E+8	-2.306015E+11
5.430070E+2	1.109361E+0	3.269103E+10	1.116100E+0	1.314804E+9	1.109089E+0	3.263082E+10	1.122976E+0	1.329241E+9	1.105048E+0	2.256907E+11	1.101454E+0	2.261408E+11	1.105557E+0	2.583216E+11	1.102447E+0	2.588319E+11	6.739072E-3	1.388678E-2	-6.876004E-3	-7.147711E-3	1.365253E-2	-3.137622E+10	-3.130158E+10	-1.443701E+7	-7.464814E+7	-2.575171E+11
5.433020E+2	1.276490E+0	3.740931E+10	1.227197E+0	1.440037E+9	1.282779E+0	3.752609E+10	1.243538E+0	1.465773E+9	1.272218E+0	2.583761E+11	1.272817E+0	2.598102E+11	1.273549E+0	2.959022E+11	1.273278E+0	2.972195E+11	-4.929333E-2	-3.924059E-2	-1.634110E-2	-1.005274E-2	-4.608112E-2	-3.596927E+10	-3.606032E+10	-2.573590E+7	9.104457E+7	-2.957794E+11
5.435270E+2	1.411632E+0	4.122453E+10	1.393507E+0	1.627507E+9	1.409320E+0	4.109253E+10	1.339082E+0	1.573972E+9	1.401567E+0	2.836665E+11	1.400138E+0	2.848264E+11	1.402543E+0	3.247590E+11	1.401582E+0	3.260509E+11	-1.812461E-2	-7.023774E-2	5.442515E-2	5.211313E-2	-8.074954E-3	-3.959703E+10	-3.951856E+10	5.353526E+7	-7.846354E+7	-3.244234E+11
5.437690E+2	1.512782E+0	4.408011E+10	1.494158E+0	1.740964E+9	1.525612E+0	4.437012E+10	1.497300E+0	1.753146E+9	1.500617E+0	3.030330E+11	1.504438E+0	3.053192E+11	1.503766E+0	3.474031E+11	1.505486E+0	3.493993E+11	-1.862394E-2	-2.831247E-2	-3.142383E-3	9.688532E-3	-1.132880E-2	-4.233915E+10	-4.261698E+10	-1.218292E+7	2.778273E+8	-3.476583E+11
5.440170E+2	1.574584E+0	4.582486E+10	1.549855E+0	1.803747E+9	1.576562E+0	4.580608E+10	1.514736E+0	1.772892E+9	1.558575E+0	3.143651E+11	1.554334E+0	3.151228E+11	1.560841E+0	3.601712E+11	1.556878E+0	3.609476E+11	-2.472870E-2	-6.182553E-2	3.511849E-2	3.709683E-2	-7.023398E-3	-4.402111E+10	-4.403319E+10	3.085496E+7	1.207560E+7	-3.591439E+11
5.442810E+2	1.561259E+0	4.544870E+10	1.519066E+0	1.769041E+9	1.565361E+0	4.549041E+10	1.577493E+0	1.843962E+9	1.545263E+0	3.117622E+11	1.547322E+0	3.137449E+11	1.547795E+0	3.572526E+11	1.549073E+0	3.591936E+11	-4.219359E-2	1.213195E-2	-5.842758E-2	-5.432554E-2	-3.000690E-2	-4.367966E+10	-4.364644E+10	-7.492095E+7	-3.321629E+7	-3.574246E+11
5.445240E+2	1.506922E+0	4.391470E+10	1.511369E+0	1.760365E+9	1.510932E+0	4.395637E+10	1.448643E+0	1.698045E+9	1.497714E+0	3.024654E+11	1.497719E+0	3.039991E+11	1.499379E+0	3.464218E+11	1.498876E+0	3.479138E+11	4.446647E-3	-6.228918E-2	6.272607E-2	6.673582E-2	1.249342E-2	-4.215434E+10	-4.225833E+10	6.232025E+7	1.039917E+8	-3.461534E+11
5.447720E+2	1.434374E+0	4.186656E+10	1.447745E+0	1.688646E+9	1.436033E+0	4.184540E+10	1.377675E+0	1.617676E+9	1.418090E+0	2.868972E+11	1.417918E+0	2.883197E+11	1.420351E+0	3.287426E+11	1.419985E+0	3.301862E+11	1.337144E-2	-5.835793E-2	7.007037E-2	7.172937E-2	2.775991E-2	-4.017791E+10	-4.022773E+10	7.096955E+7	4.981556E+7	-3.284976E+11
5.450150E+2	1.351966E+0	3.954008E+10	1.350645E+0	1.579191E+9	1.348047E+0	3.936562E+10	1.301674E+0	1.531609E+9	1.340356E+0	2.716986E+11	1.341009E+0	2.732086E+11	1.341325E+0	3.110642E+11	1.342385E+0	3.127487E+11	-1.320570E-3	-4.637337E-2	4.897112E-2	4.505280E-2	8.259688E-3	-3.796088E+10	-3.783402E+10	4.758262E+7	-1.268685E+8	-3.111695E+11
5.452800E+2	1.276221E+0	3.740171E+10	1.230732E+0	1.444021E+9	1.271053E+0	3.719562E+10	1.234525E+0	1.455566E+9	1.267605E+0	2.574740E+11	1.265282E+0	2.583299E+11	1.268039E+0	2.946697E+11	1.266657E+0	2.957316E+11	-4.548919E-2	-3.652818E-2	-3.793125E-3	-8.961017E-3	-3.592475E-2	-3.595769E+10	-3.574006E+10	-1.154435E+7	-2.176344E+8	-2.942876E+11
5.455500E+2	1.226312E+0	3.599272E+10	1.214597E+0	1.425834E+9	1.226266E+0	3.593334E+10	1.185495E+0	1.400041E+9	1.222108E+0	2.485784E+11	1.220359E+0	2.495033E+11	1.222632E+0	2.845117E+11	1.221107E+0	2.854960E+11	-1.171505E-2	-4.077142E-2	2.910228E-2	2.905637E-2	-6.509848E-3	-3.456688E+10	-3.453330E+10	2.579246E+7	-3.358122E+7	-2.840702E+11
5.457720E+2	1.190971E+0	3.499499E+10	1.157565E+0	1.361546E+9	1.181349E+0	3.466740E+10	1.192639E+0	1.408132E+9	1.182626E+0	2.408589E+11	1.177147E+0	2.410131E+11	1.182465E+0	2.755263E+11	1.178884E+0	2.760081E+11	-3.340543E-2	1.128984E-2	-3.507365E-2	-4.469527E-2	-2.131858E-2	-3.363344E+10	-3.325927E+10	-4.658608E+7	-3.741717E+8	-2.746465E+11
5.460160E+2	1.145027E+0	3.369795E+10	1.149167E+0	1.352079E+9	1.158946E+0	3.403600E+10	1.135663E+0	1.343608E+9	1.143827E+0	2.332728E+11	1.148864E+0	2.354559E+11	1.145732E+0	2.673088E+11	1.148382E+0	2.691539E+11	4.139759E-3	-2.328385E-2	1.350471E-2	2.742361E-2	7.854643E-4	-3.234587E+10	-3.269239E+10	8.470565E+6	3.465221E+8	-2.678018E+11
5.467710E+2	1.215564E+0	3.568930E+10	1.183992E+0	1.391334E+9	1.217727E+0	3.569267E+10	1.233031E+0	1.453873E+9	1.204739E+0	2.451825E+11	1.202861E+0	2.460653E+11	1.206376E+0	2.808752E+11	1.204457E+0	2.817546E+11	-3.157270E-2	1.530357E-2	-4.903883E-2	-4.687627E-2	-2.046533E-2	-3.429796E+10	-3.423880E+10	-6.253900E+7	-5.916122E+7	-2.803633E+11
5.475230E+2	1.332274E+0	3.898414E+10	1.319034E+0	1.543559E+9	1.314812E+0	3.842892E+10	1.336936E+0	1.571541E+9	1.318230E+0	2.673724E+11	1.316875E+0	2.684668E+11	1.317800E+0	3.058014E+11	1.318810E+0	3.074509E+11	-1.323923E-2	2.212359E-2	-1.790110E-2	-3.536282E-2	2.248309E-4	-3.744059E+10	-3.685738E+10	-2.798207E+7	-5.832100E+8	-3.059074E+11
5.482600E+2	1.440091E+0	4.202797E+10	1.456544E+0	1.698564E+9	1.445324E+0	4.210728E+10	1.371363E+0	1.610528E+9	1.421281E+0	2.875211E+11	1.426165E+0	2.899401E+11	1.424310E+0	3.296284E+11	1.427915E+0	3.319680E+11	1.645255E-2	-7.396169E-2	8.518131E-2	9.041424E-2	2.862932E-2	-4.032941E+10	-4.049675E+10	8.803606E+7	1.673395E+8	-3.302695E+11
5.490490E+2	1.421833E+0	4.151251E+10	1.356873E+0	1.586212E+9	1.422831E+0	4.147332E+10	1.393154E+0	1.635206E+9	1.408824E+0	2.850855E+11	1.405433E+0	2.858666E+11	1.410589E+0	3.265588E+11	1.407493E+0	3.273791E+11	-6.495933E-2	-2.967635E-2	-3.628093E-2	-3.528298E-2	-5.061991E-2	-3.992630E+10	-3.983811E+10	-4.899397E+7	-8.818665E+7	-3.257929E+11
5.497960E+2	1.375935E+0	4.021677E+10	1.332799E+0	1.559075E+9	1.369217E+0	3.996226E+10	1.342654E+0	1.578017E+9	1.354707E+0	2.745044E+11	1.356077E+0	2.761692E+11	1.356535E+0	3.144667E+11	1.358572E+0	3.163860E+11	-4.313644E-2	-2.656237E-2	-9.855372E-3	-1.657408E-2	-2.577324E-2	-3.865769E+10	-3.838424E+10	-1.894252E+7	-2.734526E+8	-3.148269E+11
5.505110E+2	1.298045E+0	3.801782E+10	1.258591E+0	1.475425E+9	1.293207E+0	3.781999E+10	1.328617E+0	1.562121E+9	1.290667E+0	2.619832E+11	1.292878E+0	2.637519E+11	1.290987E+0	2.998031E+11	1.293527E+0	3.017697E+11	-3.945332E-2	3.541074E-2	-7.002597E-2	-7.486406E-2	-3.493606E-2	-3.654239E+10	-3.625787E+10	-8.669551E+7	-2.845218E+8	-3.002943E+11
5.512620E+2	1.282214E+0	3.757091E+10	1.250116E+0	1.465872E+9	1.300808E+0	3.803424E+10	1.254098E+0	1.477732E+9	1.281521E+0	2.601950E+11	1.284621E+0	2.621296E+11	1.283951E+0	2.982293E+11	1.284319E+0	2.997005E+11	-3.209781E-2	-4.670982E-2	-3.981948E-3	1.461201E-2	-3.420245E-2	-3.610503E+10	-3.655650E+10	-1.185940E+7	4.514717E+8	-2.982346E+11
5.520210E+2	1.274757E+0	3.736037E+10	1.270017E+0	1.488305E+9	1.270532E+0	3.718092E+10	1.226135E+0	1.446064E+9	1.261604E+0	2.563008E+11	1.264942E+0	2.582630E+11	1.262729E+0	2.934817E+11	1.266175E+0	2.956233E+11	-4.739351E-3	-4.439681E-2	4.388253E-2	3.965746E-2	3.842251E-3	-3.587206E+10	-3.573485E+10	4.224104E+7	-1.372073E+8	-2.941350E+11
5.527590E+2	1.261818E+0	3.699508E+10	1.223122E+0	1.435444E+9	1.254879E+0	3.673976E+10	1.261768E+0	1.486417E+9	1.251517E+0	2.543285E+11	1.248970E+0	2.551249E+11	1.251940E+0	2.910683E+11	1.250584E+0	2.921200E+11	-3.869546E-2	6.889089E-3	-3.864547E-2	-4.558455E-2	-2.746222E-2	-3.555964E+10	-3.525334E+10	-5.097331E+7	-3.063019E+8	-2.906845E+11
5.535440E+2	1.196834E+0	3.516052E+10	1.172641E+0	1.378539E+9	1.196268E+0	3.508788E+10	1.162159E+0	1.373614E+9	1.188818E+0	2.420695E+11	1.189902E+0	2.435192E+11	1.189757E+0	2.771574E+11	1.190773E+0	2.786797E+11	-2.419365E-2	-3.410947E-2	1.048182E-2	9.915822E-3	-1.813277E-2	-3.378198E+10	-3.371426E+10	4.924710E+6	-6.771417E+7	-2.773012E+11
5.542580E+2	1.107472E+0	3.263771E+10	1.074219E+0	1.267594E+9	1.111757E+0	3.270601E+10	1.049933E+0	1.246524E+9	1.099769E+0	2.246585E+11	1.101801E+0	2.262091E+11	1.101279E+0	2.573645E+11	1.102514E+0	2.588468E+11	-3.325334E-2	-6.182377E-2	2.428576E-2	2.857043E-2	-2.829490E-2	-3.137012E+10	-3.145948E+10	2.107096E+7	8.936609E+7	-2.575792E+11
5.550250E+2	1.014413E+0	3.001054E+10	9.998874E-1	1.183806E+9	1.010297E+0	2.984645E+10	1.007752E+0	1.198756E+9	1.005495E+0	2.062260E+11	1.006620E+0	2.075079E+11	1.006100E+0	2.360724E+11	1.007599E+0	2.375184E+11	-1.452569E-2	-2.544378E-3	-7.864821E-3	-1.198131E-2	-7.711718E-3	-2.882673E+10	-2.864770E+10	-1.494998E+7	-1.790359E+8	-2.363346E+11
5.557550E+2	9.467751E-1	2.810103E+10	9.370963E-1	1.113026E+9	9.566850E-1	2.833546E+10	9.646621E-1	1.149958E+9	9.516093E-1	1.956901E+11	9.545409E-1	1.972754E+11	9.522488E-1	2.240256E+11	9.535653E-1	2.253764E+11	-9.678873E-3	7.977167E-3	-2.756588E-2	-1.765604E-2	-1.646900E-2	-2.698801E+10	-2.718550E+10	-3.693267E+7	1.974959E+8	-2.242634E+11
5.560190E+2	9.497562E-1	2.818519E+10	9.847226E-1	1.166712E+9	9.586839E-1	2.839180E+10	9.636512E-1	1.148813E+9	9.539232E-1	1.961425E+11	9.553765E-1	1.974396E+11	9.545230E-1	2.245343E+11	9.546704E-1	2.256248E+11	3.496642E-2	4.967336E-3	2.107140E-2	2.999908E-2	3.005221E-2	-2.701848E+10	-2.724299E+10	1.789816E+7	2.245048E+8	-2.244580E+11
5.565140E+2	9.769605E-1	2.895321E+10	9.861765E-1	1.168350E+9	9.639169E-1	2.853928E+10	9.636420E-1	1.148803E+9	9.753882E-1	2.003394E+11	9.727326E-1	2.008497E+11	9.739430E-1	2.288787E+11	9.732638E-1	2.298029E+11	9.215916E-3	-2.748827E-4	2.253449E-2	9.490799E-3	1.291265E-2	-2.778485E+10	-2.739048E+10	1.954745E+7	-3.943731E+8	-2.286345E+11
5.570440E+2	9.978546E-1	2.954307E+10	9.745179E-1	1.155208E+9	1.001982E+0	2.961212E+10	1.053848E+0	1.250957E+9	9.956807E-1	2.043070E+11	9.964817E-1	2.055159E+11	9.964746E-1	2.339191E+11	9.966542E-1	2.350590E+11	-2.333675E-2	5.186544E-2	-7.932972E-2	-7.520218E-2	-2.213633E-2	-2.838786E+10	-2.836116E+10	-9.574827E+7	-2.670211E+7	-2.339038E+11
5.575640E+2	1.001392E+0	2.964293E+10	9.947915E-1	1.178062E+9	9.840463E-1	2.910661E+10	9.460923E-1	1.128929E+9	9.981310E-1	2.047861E+11	9.949369E-1	2.052124E+11	9.963565E-1	2.338927E+11	9.957478E-1	2.348553E+11	-6.600077E-3	-3.795401E-2	4.869921E-2	3.135393E-2	-9.562754E-4	-2.846486E+10	-2.797769E+10	4.913282E+7	-4.871779E+8	-2.336772E+11
5.580230E+2	9.974453E-1	2.953151E+10	9.867631E-1	1.169012E+9	9.951885E-1	2.942064E+10	1.039623E+0	1.234848E+9	1.000477E+0	2.052448E+11	9.975804E-1	2.057318E+11	9.998106E-1	2.346654E+11	9.975634E-1	2.352633E+11	-1.068217E-2	4.443418E-2	-5.285957E-2	-5.511635E-2	-1.080035E-2	-2.836250E+10	-2.818580E+10	-6.583597E+7	-1.767060E+8	-2.340943E+11
5.585160E+2	9.996365E-1	2.959338E+10	1.049611E+0	1.239856E+9	1.007958E+0	2.978054E+10	1.023274E+0	1.216333E+9	1.005450E+0	2.062172E+11	1.005499E+0	2.072877E+11	1.005766E+0	2.359978E+11	1.004763E+0	2.368811E+11	4.997485E-2	1.531584E-2	2.633752E-2	3.465901E-2	4.484863E-2	-2.835352E+10	-2.856421E+10	2.352298E+7	2.106874E+8	-2.356412E+11
5.590210E+2	1.017768E+0	3.010524E+10	1.010032E+0	1.195241E+9	1.017287E+0	3.004347E+10	1.014891E+0	1.206840E+9	1.015865E+0	2.082535E+11	1.018524E+0	2.098468E+11	1.016044E+0	2.382970E+11	1.018429E+0	2.399521E+11	-7.736068E-3	-2.396065E-3	-4.859222E-3	-5.340003E-3	-8.397553E-3	-2.891000E+10	-2.883663E+10	-1.159925E+7	-7.337481E+7	-2.387568E+11
5.595110E+2	1.023466E+0	3.026612E+10	1.049495E+0	1.239725E+9	1.034105E+0	3.051747E+10	9.999773E-1	1.189951E+9	1.027729E+0	2.105731E+11	1.027815E+0	2.116723E+11	1.028532E+0	2.410906E+11	1.027269E+0	2.419384E+11	2.602863E-2	-3.412771E-2	4.951768E-2	6.015633E-2	2.222622E-2	-2.902640E+10	-2.932752E+10	4.977406E+7	3.011196E+8	-2.406987E+11
5.600520E+2	1.025569E+0	3.032549E+10	1.009938E+0	1.195136E+9	1.022836E+0	3.019986E+10	9.983624E-1	1.188122E+9	1.022205E+0	2.094931E+11	1.022351E+0	2.105987E+11	1.022284E+0	2.396930E+11	1.022755E+0	2.409242E+11	-1.563074E-2	-2.447340E-2	1.157588E-2	8.842653E-3	-1.281706E-2	-2.913035E+10	-2.901174E+10	7.013250E+6	-1.186140E+8	-2.397291E+11
5.605090E+2	1.006307E+0	2.978170E+10	9.970579E-1	1.180616E+9	1.006194E+0	2.973082E+10	1.007210E+0	1.198141E+9	1.005521E+0	2.062311E+11	1.005338E+0	2.072559E+11	1.005606E+0	2.359619E+11	1.005459E+0	2.370376E+11	-9.249491E-3	1.016014E-3	-1.015180E-2	-1.026551E-2	-8.401548E-3	-2.860109E+10	-2.853267E+10	-1.752511E+7	-6.841337E+7	-2.358570E+11
5.610010E+2	1.003845E+0	2.971218E+10	9.568941E-1	1.135342E+9	1.007803E+0	2.977616E+10	9.894300E-1	1.178007E+9	9.996295E-1	2.050791E+11	1.003364E+0	2.068682E+11	1.000659E+0	2.348553E+11	1.003425E+0	2.365804E+11	-4.695051E-2	-1.837274E-2	-3.253585E-2	-2.857777E-2	-4.653059E-2	-2.857684E+10	-2.859816E+10	-4.266431E+7	2.132314E+7	-2.354451E+11
