Photon Energy (eV)	X ref norm	X ref	X pump norm	X pump	Y ref norm	Y ref	Y pump norm	Y pump	X all norm	X all	Y all norm	Y all	X all Y ref norm	X all Y ref	Y all X ref norm	Y all X ref	BC(X hist) norm	BC(Y hist) norm	StS norm	BCSC norm	BCLR norm	BC(X hist)	BC(Y hist)	StS	BCSC	BCLR	
5.300320E+2	-7.143276E-3	8.414980E+8	-7.641469E-3	5.119287E+7	-7.069362E-3	8.310056E+8	-1.194523E-2	4.719343E+7	-7.498196E-3	8.390202E+9	-7.562161E-3	8.437809E+9	-7.459423E-3	9.221208E+9	-7.524491E-3	9.279307E+9	-4.981933E-4	-4.875871E-3	4.303763E-3	4.377678E-3	-1.169782E-4	-7.903051E+8	-7.838122E+8	3.999432E+6	-6.492937E+6	-9.228114E+9
5.305030E+2	-7.552642E-3	8.339498E+8	-1.024999E-2	4.812085E+7	-7.189379E-3	8.287936E+8	-1.669471E-2	4.159600E+7	-6.903297E-3	8.500505E+9	-7.474836E-3	8.454103E+9	-6.929164E-3	9.329299E+9	-7.481833E-3	9.288053E+9	-2.697343E-3	-9.505330E-3	6.444724E-3	6.807987E-3	-2.768152E-3	-7.858290E+8	-7.871976E+8	6.524847E+6	1.368592E+6	-9.239932E+9
5.310100E+2	-6.496170E-3	8.534297E+8	-2.503165E-3	5.724418E+7	-3.977398E-3	8.879931E+8	-9.662103E-3	4.988419E+7	-5.821794E-3	8.701033E+9	-5.781062E-3	8.770160E+9	-5.655032E-3	9.589026E+9	-5.845370E-3	9.623590E+9	3.993005E-3	-5.684705E-3	7.158938E-3	9.677711E-3	3.342205E-3	-7.961855E+8	-8.381090E+8	7.359995E+6	4.192345E+7	-9.566345E+9
5.315130E+2	-3.594219E-3	9.069376E+8	-1.710903E-3	5.817722E+7	-1.221823E-3	9.387808E+8	-1.930109E-3	5.899662E+7	-3.064661E-3	9.212249E+9	-3.208250E-3	9.250244E+9	-2.898040E-3	1.015103E+10	-3.242960E-3	1.015718E+10	1.883316E-3	-7.082860E-4	2.192056E-4	2.591602E-3	1.532056E-3	-8.487604E+8	-8.797841E+8	-8.194038E+5	3.102375E+7	-1.009900E+10
5.320170E+2	3.147540E-4	9.790136E+8	-2.418250E-3	5.734418E+7	-2.021836E-3	9.240358E+8	1.404527E-2	7.782418E+7	3.117609E-4	9.838290E+9	1.318164E-3	1.009487E+10	1.007679E-4	1.076233E+10	1.227930E-3	1.107388E+10	-2.733004E-3	1.606710E-2	-1.646352E-2	-1.880011E-2	-3.646179E-3	-9.216694E+8	-8.462116E+8	-2.048000E+7	-7.545774E+7	-1.101654E+10
5.325120E+2	1.001269E-2	1.157830E+9	1.134565E-2	7.355375E+7	8.583082E-3	1.119494E+9	1.533052E-2	7.933889E+7	7.715709E-3	1.121110E+10	7.817618E-3	1.130766E+10	7.794133E-3	1.233059E+10	8.015017E-3	1.246549E+10	1.332955E-3	6.747434E-3	-3.984867E-3	-5.414479E-3	3.330632E-3	-1.084276E+9	-1.040155E+9	-5.785145E+6	-4.412154E+7	-1.239194E+10
5.330230E+2	1.445886E-2	1.239811E+9	1.317813E-2	7.571183E+7	1.289672E-2	1.198998E+9	1.085637E-2	7.406595E+7	1.526048E-2	1.261002E+10	1.489053E-2	1.262746E+10	1.504676E-2	1.380901E+10	1.485171E-2	1.386727E+10	-1.280735E-3	-2.040345E-3	2.321754E-3	7.596093E-4	-1.673583E-3	-1.164099E+9	-1.124932E+9	1.645881E+6	-3.916762E+7	-1.379156E+10
5.331580E+2	1.547066E-2	1.258467E+9	1.567685E-2	7.865455E+7	1.656549E-2	1.266616E+9	6.319663E-3	6.871928E+7	1.920539E-2	1.334146E+10	1.811078E-2	1.322835E+10	1.896670E-2	1.460808E+10	1.787336E-2	1.448682E+10	2.061882E-4	-1.024583E-2	9.357187E-3	1.045201E-2	-2.196509E-3	-1.179813E+9	-1.197897E+9	9.935272E+6	1.808418E+7	-1.440817E+10
5.333130E+2	2.198946E-2	1.378665E+9	3.419549E-2	1.004637E+8	2.451812E-2	1.413190E+9	1.212016E-2	7.555537E+7	2.450782E-2	1.432462E+10	2.399607E-2	1.432654E+10	2.450875E-2	1.573781E+10	2.381562E-2	1.570521E+10	1.220603E-2	-1.239796E-2	2.207533E-2	2.460400E-2	1.037987E-2	-1.278201E+9	-1.337635E+9	2.490834E+7	5.943370E+7	-1.560474E+10
5.334580E+2	2.832280E-2	1.495443E+9	2.964057E-2	9.509944E+7	2.850724E-2	1.486713E+9	2.098507E-2	8.600299E+7	3.048745E-2	1.543333E+10	3.059234E-2	1.555740E+10	3.030841E-2	1.692005E+10	3.038825E-2	1.705284E+10	1.317776E-3	-7.522172E-3	8.655505E-3	8.839948E-3	-7.476730E-4	-1.400343E+9	-1.400710E+9	9.096455E+6	3.667598E+5	-1.695774E+10
5.336080E+2	3.593032E-2	1.635715E+9	2.873151E-2	9.402885E+7	3.765974E-2	1.655401E+9	2.567692E-2	9.153251E+7	3.861886E-2	1.694103E+10	3.821499E-2	1.697978E+10	3.853214E-2	1.859643E+10	3.800954E-2	1.861549E+10	-7.198810E-3	-1.198282E-2	3.054583E-3	4.784007E-3	-9.278029E-3	-1.541686E+9	-1.563869E+9	2.496337E+6	2.218310E+7	-1.852146E+10
5.337630E+2	4.907004E-2	1.877993E+9	5.545692E-2	1.255030E+8	5.032012E-2	1.888743E+9	5.097506E-2	1.213473E+8	4.954761E-2	1.896739E+10	4.835117E-2	1.887118E+10	4.961745E-2	2.085613E+10	4.841582E-2	2.074917E+10	6.386879E-3	6.549424E-4	4.481864E-3	5.731936E-3	7.041103E-3	-1.752490E+9	-1.767396E+9	4.155742E+6	1.490596E+7	-2.062367E+10
5.339090E+2	6.168270E-2	2.110552E+9	5.425649E-2	1.240893E+8	5.835465E-2	2.036826E+9	6.460805E-2	1.374143E+8	6.656778E-2	2.212319E+10	6.298339E-2	2.160154E+10	6.582519E-2	2.416002E+10	6.286642E-2	2.371209E+10	-7.426214E-3	6.253401E-3	-1.035156E-2	-1.367961E-2	-8.609933E-3	-1.986463E+9	-1.899412E+9	-1.332497E+7	-8.705111E+7	-2.358800E+10
5.340640E+2	9.395288E-2	2.705569E+9	9.529380E-2	1.724184E+8	9.987220E-2	2.802030E+9	1.077380E-1	1.882444E+8	1.039857E-1	2.906106E+10	1.007603E-1	2.865067E+10	1.036138E-1	3.186309E+10	1.001482E-1	3.135624E+10	1.340922E-3	7.865768E-3	-1.244417E-2	-6.524847E-3	-4.854348E-3	-2.533151E+9	-2.613786E+9	-1.582603E+7	8.063513E+7	-3.118383E+10
5.342090E+2	1.378244E-1	3.514498E+9	1.250744E-1	2.074906E+8	1.329002E-1	3.410764E+9	1.162910E-1	1.983244E+8	1.459430E-1	3.684061E+10	1.376249E-1	3.552956E+10	1.447638E-1	4.025137E+10	1.376428E-1	3.904406E+10	-1.275000E-2	-1.660919E-2	8.783393E-3	3.859186E-3	-1.256847E-2	-3.307007E+9	-3.212439E+9	9.166126E+6	-9.456775E+7	-3.883657E+10
5.343600E+2	2.319791E-1	5.250579E+9	2.668586E-1	3.744681E+8	2.342887E-1	5.279442E+9	2.465583E-1	3.518493E+8	2.547325E-1	5.701188E+10	2.409387E-1	5.480781E+10	2.528841E-1	6.229132E+10	2.401330E-1	6.005839E+10	3.487950E-2	1.226963E-2	2.030030E-2	2.260987E-2	2.672565E-2	-4.876111E+9	-4.927592E+9	2.261880E+7	5.148106E+7	-5.968392E+10
5.345160E+2	4.079322E-1	8.494907E+9	4.116100E-1	5.449398E+8	4.064346E-1	8.452238E+9	4.204183E-1	5.567495E+8	4.387790E-1	9.113699E+10	4.140711E-1	8.711414E+10	4.358546E-1	9.958923E+10	4.135190E-1	9.560904E+10	3.677796E-3	1.398369E-2	-8.808319E-3	-1.030589E-2	-1.909033E-3	-7.949967E+9	-7.895489E+9	-1.180969E+7	-5.447800E+7	-9.506410E+10
5.346620E+2	6.731446E-1	1.338505E+10	6.630131E-1	8.410140E+8	6.725916E-1	1.335774E+10	6.871565E-1	8.711102E+8	7.066608E-1	1.408065E+11	6.731849E-1	1.354645E+11	7.035804E-1	1.541642E+11	6.731813E-1	1.488496E+11	-1.013152E-2	1.456486E-2	-2.414339E-2	-2.469638E-2	-1.016819E-2	-1.254404E+10	-1.248663E+10	-3.009614E+7	-5.740736E+7	-1.480086E+11
5.348070E+2	1.028470E+0	1.993675E+10	1.040485E+0	1.285558E+9	1.017602E+0	1.971657E+10	1.023730E+0	1.267774E+9	1.058683E+0	2.060769E+11	1.022675E+0	2.006789E+11	1.054969E+0	2.257935E+11	1.023196E+0	2.206157E+11	1.201529E-2	6.128141E-3	1.675551E-2	5.887150E-3	1.728972E-2	-1.865120E+10	-1.844880E+10	1.778412E+7	-2.023979E+8	-2.193301E+11
5.349630E+2	1.433204E+0	2.739947E+10	1.436688E+0	1.752161E+9	1.439505E+0	2.749261E+10	1.398001E+0	1.708866E+9	1.447635E+0	2.781946E+11	1.420659E+0	2.749424E+11	1.446900E+0	3.056872E+11	1.421787E+0	3.023419E+11	3.484711E-3	-4.150408E-2	3.868737E-2	4.498879E-2	1.490138E-2	-2.564731E+10	-2.578375E+10	4.329513E+7	1.364349E+8	-3.005897E+11
5.351090E+2	1.690528E+0	3.214417E+10	1.723535E+0	2.089977E+9	1.690575E+0	3.212005E+10	1.695530E+0	2.059515E+9	1.692324E+0	3.235639E+11	1.681503E+0	3.236157E+11	1.692166E+0	3.556840E+11	1.682315E+0	3.557598E+11	3.300712E-2	4.955230E-3	2.800484E-2	2.805189E-2	4.122054E-2	-3.005420E+10	-3.006053E+10	3.046177E+7	6.336782E+6	-3.536699E+11
5.352550E+2	1.961646E+0	3.714320E+10	1.932971E+0	2.336627E+9	1.947440E+0	3.685429E+10	1.928495E+0	2.334073E+9	1.916915E+0	3.652066E+11	1.918177E+0	3.677788E+11	1.919675E+0	4.020609E+11	1.922086E+0	4.049220E+11	-2.867418E-2	-1.894521E-2	4.476354E-3	-9.728973E-3	1.088524E-2	-3.480657E+10	-3.452022E+10	2.554727E+6	-2.863519E+8	-4.025854E+11
5.354110E+2	2.085938E+0	3.943498E+10	2.071432E+0	2.499690E+9	2.073666E+0	3.918074E+10	2.080540E+0	2.513263E+9	2.023316E+0	3.849349E+11	2.035063E+0	3.895896E+11	2.027868E+0	4.241156E+11	2.039638E+0	4.290246E+11	-1.450650E-2	6.874046E-3	-9.108088E-3	-2.138055E-2	3.179352E-2	-3.693529E+10	-3.666748E+10	-1.357262E+7	-2.678167E+8	-4.265249E+11
5.355630E+2	1.781909E+0	3.382911E+10	1.744722E+0	2.114928E+9	1.785665E+0	3.387263E+10	1.760601E+0	2.136204E+9	1.742969E+0	3.329543E+11	1.759142E+0	3.381030E+11	1.746830E+0	3.668269E+11	1.761189E+0	3.719321E+11	-3.718758E-2	-2.506358E-2	-1.587969E-2	-1.212400E-2	-1.646782E-2	-3.171418E+10	-3.173643E+10	-2.127573E+7	2.224537E+7	-3.698172E+11
5.357250E+2	1.613097E+0	3.071646E+10	1.591545E+0	1.934534E+9	1.628866E+0	3.098269E+10	1.624390E+0	1.975674E+9	1.590605E+0	3.047035E+11	1.604601E+0	3.092658E+11	1.594064E+0	3.356862E+11	1.605365E+0	3.399823E+11	-2.155218E-2	-4.475721E-3	-3.284465E-2	-1.707646E-2	-1.381999E-2	-2.878193E+10	-2.900702E+10	-4.113947E+7	2.250887E+8	-3.380478E+11
5.358550E+2	1.519087E+0	2.898304E+10	1.561914E+0	1.899638E+9	1.525515E+0	2.907785E+10	1.526342E+0	1.860120E+9	1.508653E+0	2.895083E+11	1.515022E+0	2.925505E+11	1.510177E+0	3.185862E+11	1.515388E+0	3.215336E+11	4.282738E-2	8.264989E-4	3.557243E-2	4.200088E-2	4.652620E-2	-2.708340E+10	-2.721773E+10	3.951771E+7	1.343340E+8	-3.196339E+11
5.360120E+2	1.233422E+0	2.371577E+10	1.259509E+0	1.543499E+9	1.226303E+0	2.356311E+10	1.230927E+0	1.511963E+9	1.221202E+0	2.362104E+11	1.229994E+0	2.393645E+11	1.221663E+0	2.597735E+11	1.230302E+0	2.630802E+11	2.608730E-2	4.624029E-3	2.858223E-2	2.146328E-2	2.920702E-2	-2.217227E+10	-2.205115E+10	3.153633E+7	-1.211269E+8	-2.615367E+11
5.362680E+2	9.258827E-1	1.804519E+10	9.859025E-1	1.221277E+9	9.138494E-1	1.780433E+10	9.144157E-1	1.138943E+9	9.257889E-1	1.814362E+11	9.237752E-1	1.822244E+11	9.247094E-1	1.992406E+11	9.239647E-1	2.002696E+11	6.001971E-2	5.663752E-4	7.148673E-2	5.945333E-2	6.193775E-2	-1.682391E+10	-1.666538E+10	8.233320E+7	-1.585275E+8	-1.990483E+11
5.365250E+2	7.287499E-1	1.441034E+10	7.457506E-1	9.384529E+8	7.209919E-1	1.424980E+10	6.978411E-1	8.837024E+8	7.348047E-1	1.460248E+11	7.331698E-1	1.466576E+11	7.335558E-1	1.602746E+11	7.327724E-1	1.610680E+11	1.700069E-2	-2.315079E-2	4.790952E-2	4.015148E-2	1.297828E-2	-1.347188E+10	-1.336610E+10	5.475056E+7	-1.057863E+8	-1.601295E+11
5.367810E+2	5.811741E-1	1.168924E+10	5.834045E-1	7.472600E+8	5.831920E-1	1.171003E+10	6.017456E-1	7.704503E+8	5.867961E-1	1.185817E+11	5.867274E-1	1.193316E+11	5.864702E-1	1.302917E+11	5.862280E-1	1.310209E+11	2.230343E-3	1.855353E-2	-1.834106E-2	-1.632319E-2	-2.823553E-3	-1.094198E+10	-1.093958E+10	-2.319028E+7	-2.406448E+6	-1.302736E+11
5.370120E+2	5.319326E-1	1.078130E+10	5.480674E-1	7.056440E+8	5.297813E-1	1.072562E+10	5.562960E-1	7.168863E+8	5.442378E-1	1.106907E+11	5.361424E-1	1.098925E+11	5.429307E-1	1.214163E+11	5.357638E-1	1.206738E+11	1.613477E-2	2.651470E-2	-8.228589E-3	-1.037993E-2	1.230362E-2	-1.007566E+10	-1.000874E+10	-1.124235E+7	-6.691973E+7	-1.199682E+11
5.372740E+2	4.944204E-1	1.008963E+10	4.762698E-1	6.210888E+8	5.000705E-1	1.017803E+10	5.029411E-1	6.540056E+8	5.147279E-1	1.052191E+11	5.070142E-1	1.044572E+11	5.134026E-1	1.153971E+11	5.058817E-1	1.145469E+11	-1.815068E-2	2.870567E-3	-2.667133E-2	-2.102124E-2	-2.961193E-2	-9.468539E+9	-9.524023E+9	-3.291681E+7	5.548312E+7	-1.139258E+11
5.375110E+2	5.582655E-1	1.126684E+10	5.720989E-1	7.339456E+8	5.607131E-1	1.129572E+10	5.612800E-1	7.227602E+8	5.710226E-1	1.156570E+11	5.663918E-1	1.155370E+11	5.700905E-1	1.269527E+11	5.656610E-1	1.268039E+11	1.383340E-2	5.669211E-4	1.081892E-2	1.326648E-2	6.437927E-3	-1.053290E+10	-1.057296E+10	1.118542E+7	4.006591E+7	-1.260699E+11
5.377840E+2	6.590240E-1	1.312469E+10	6.578508E-1	8.349345E+8	6.525629E-1	1.298859E+10	6.697037E-1	8.505414E+8	6.639441E-1	1.328861E+11	6.600862E-1	1.330203E+11	6.629151E-1	1.458747E+11	6.599907E-1	1.461450E+11	-1.173124E-3	1.714077E-2	-1.185287E-2	-1.831389E-2	-2.139871E-3	-1.228975E+10	-1.213805E+10	-1.560693E+7	-1.516990E+8	-1.453101E+11
5.380160E+2	7.269529E-1	1.437720E+10	7.365667E-1	9.276372E+8	7.293877E-1	1.440454E+10	6.733866E-1	8.548819E+8	7.352993E-1	1.461165E+11	7.351026E-1	1.470183E+11	7.347648E-1	1.605210E+11	7.343698E-1	1.613955E+11	9.613774E-3	-5.600108E-2	6.318008E-2	6.561485E-2	2.196957E-3	-1.344956E+10	-1.354966E+10	7.275526E+7	1.000947E+8	-1.604679E+11
5.382850E+2	8.612858E-1	1.685411E+10	8.217618E-1	1.027970E+9	8.624926E-1	1.685778E+10	8.535170E-1	1.067172E+9	8.699004E-1	1.710736E+11	8.607521E-1	1.704644E+11	8.692306E-1	1.879314E+11	8.608001E-1	1.873185E+11	-3.952403E-2	-8.975623E-3	-3.175520E-2	-3.054840E-2	-3.903829E-2	-1.582614E+10	-1.579061E+10	-3.920175E+7	-3.553452E+7	-1.862905E+11
5.385170E+2	1.042757E+0	2.020018E+10	1.106829E+0	1.363690E+9	1.036176E+0	2.005890E+10	1.042054E+0	1.289370E+9	1.046012E+0	2.037274E+11	1.035611E+0	2.030928E+11	1.045122E+0	2.237863E+11	1.036253E+0	2.232930E+11	6.407207E-2	5.878371E-3	6.477473E-2	5.819370E-2	7.057528E-2	-1.883649E+10	-1.876953E+10	7.432016E+7	-6.695315E+7	-2.219293E+11
5.387600E+2	1.244713E+0	2.392396E+10	1.242362E+0	1.523305E+9	1.249044E+0	2.398225E+10	1.255164E+0	1.540528E+9	1.254493E+0	2.423831E+11	1.247792E+0	2.426856E+11	1.254000E+0	2.663653E+11	1.247515E+0	2.666095E+11	-2.350834E-3	6.120254E-3	-1.280232E-2	-8.471088E-3	-5.153090E-3	-2.240066E+10	-2.244172E+10	-1.722230E+7	4.106370E+7	-2.650862E+11
5.390340E+2	1.430240E+0	2.734482E+10	1.434696E+0	1.749815E+9	1.422656E+0	2.718207E+10	1.431285E+0	1.748092E+9	1.421869E+0	2.734173E+11	1.414255E+0	2.737474E+11	1.421940E+0	3.005994E+11	1.415692E+0	3.010922E+11	4.456235E-3	8.628745E-3	3.411237E-3	-4.172509E-3	1.900383E-2	-2.559501E+10	-2.543398E+10	1.722619E+6	-1.610303E+8	-2.993424E+11
5.392670E+2	1.617577E+0	3.079905E+10	1.658373E+0	2.013237E+9	1.619198E+0	3.080451E+10	1.647425E+0	2.002821E+9	1.608079E+0	3.079434E+11	1.601850E+0	3.087525E+11	1.609084E+0	3.387479E+11	1.603265E+0	3.395516E+11	4.079672E-2	2.822703E-2	1.094826E-2	1.256968E-2	5.510873E-2	-2.878581E+10	-2.880168E+10	1.041532E+7	1.587175E+7	-3.375383E+11
5.395320E+2	1.800988E+0	3.418089E+10	1.871526E+0	2.264263E+9	1.801459E+0	3.416373E+10	1.806308E+0	2.190070E+9	1.775850E+0	3.390508E+11	1.770503E+0	3.402230E+11	1.778165E+0	3.732145E+11	1.773244E+0	3.744038E+11	7.053789E-2	4.848434E-3	6.521796E-2	6.568946E-2	9.828101E-2	-3.191663E+10	-3.197366E+10	7.419309E+7	5.703617E+7	-3.721396E+11
5.397750E+2	1.968305E+0	3.726598E+10	1.963537E+0	2.372624E+9	1.947096E+0	3.684794E+10	1.985689E+0	2.401477E+9	1.927596E+0	3.671870E+11	1.927914E+0	3.695956E+11	1.929359E+0	4.040349E+11	1.931546E+0	4.068616E+11	-4.767620E-3	3.859285E-2	-2.215160E-2	-4.336047E-2	3.199103E-2	-3.489336E+10	-3.444647E+10	-2.885324E+7	-4.468927E+8	-4.044890E+11
5.400190E+2	2.049539E+0	3.876383E+10	2.089366E+0	2.520812E+9	2.075039E+0	3.920604E+10	1.958756E+0	2.369737E+9	2.022517E+0	3.847867E+11	2.032150E+0	3.890461E+11	2.027265E+0	4.239928E+11	2.033714E+0	4.278099E+11	3.982724E-2	-1.162823E-1	1.306102E-1	1.561095E-1	5.565230E-2	-3.624302E+10	-3.683630E+10	1.510752E+8	5.932794E+8	-4.252891E+11
5.402530E+2	2.038887E+0	3.856743E+10	2.114443E+0	2.550344E+9	2.036066E+0	3.848774E+10	2.064878E+0	2.494805E+9	1.986152E+0	3.780441E+11	1.990558E+0	3.812851E+11	1.990665E+0	4.165318E+11	1.994905E+0	4.198525E+11	7.555553E-2	2.881248E-2	4.956467E-2	4.674305E-2	1.195383E-1	-3.601708E+10	-3.599293E+10	5.553882E+7	-2.415412E+7	-4.173021E+11
5.405080E+2	1.984707E+0	3.756841E+10	1.940631E+0	2.345648E+9	1.955709E+0	3.700669E+10	2.039218E+0	2.464563E+9	1.936136E+0	3.687703E+11	1.941146E+0	3.720648E+11	1.937905E+0	4.057770E+11	1.945064E+0	4.096332E+11	-4.407554E-2	8.350883E-2	-9.858672E-2	-1.275844E-1	-4.432703E-3	-3.522276E+10	-3.454213E+10	-1.189153E+8	-6.806357E+8	-4.072876E+11
5.407630E+2	1.778971E+0	3.377494E+10	1.745426E+0	2.115758E+9	1.791831E+0	3.398628E+10	1.835506E+0	2.224481E+9	1.754220E+0	3.350403E+11	1.754106E+0	3.371632E+11	1.757621E+0	3.690266E+11	1.756342E+0	3.709382E+11	-3.354481E-2	4.367449E-2	-9.007951E-2	-7.721930E-2	-1.091563E-2	-3.165918E+10	-3.176180E+10	-1.087235E+8	1.026245E+8	-3.688224E+11
5.410190E+2	1.720522E+0	3.269721E+10	1.694008E+0	2.055203E+9	1.712479E+0	3.252376E+10	1.723456E+0	2.092427E+9	1.682083E+0	3.216650E+11	1.687500E+0	3.247347E+11	1.684831E+0	3.541888E+11	1.690470E+0	3.574319E+11	-2.651367E-2	1.097692E-2	-2.944803E-2	-3.749059E-2	3.538335E-3	-3.064201E+10	-3.043133E+10	-3.722344E+7	-2.106791E+8	-3.553767E+11
5.412690E+2	1.751873E+0	3.327528E+10	1.738769E+0	2.107917E+9	1.742339E+0	3.307411E+10	1.723778E+0	2.092806E+9	1.711395E+0	3.270998E+11	1.719728E+0	3.307484E+11	1.714192E+0	3.601739E+11	1.722619E+0	3.640237E+11	-1.310419E-2	-1.856185E-2	1.499088E-2	5.457661E-3	1.614966E-2	-3.116736E+10	-3.098130E+10	1.511141E+7	-1.860610E+8	-3.619158E+11
5.415090E+2	1.674202E+0	3.184314E+10	1.703360E+0	2.066217E+9	1.665107E+0	3.165064E+10	1.674857E+0	2.035151E+9	1.653474E+0	3.163605E+11	1.657985E+0	3.192272E+11	1.654526E+0	3.480112E+11	1.659444E+0	3.510704E+11	2.915781E-2	9.750669E-3	2.850245E-2	1.940714E-2	4.391621E-2	-2.977693E+10	-2.961549E+10	3.106535E+7	-1.614348E+8	-3.490042E+11
5.417650E+2	1.506788E+0	2.875626E+10	1.463648E+0	1.783911E+9	1.495041E+0	2.851618E+10	1.512591E+0	1.843915E+9	1.484574E+0	2.850438E+11	1.489929E+0	2.878681E+11	1.485520E+0	3.135599E+11	1.491445E+0	3.166243E+11	-4.313955E-2	1.755041E-2	-4.894307E-2	-6.068996E-2	-2.779690E-2	-2.697234E+10	-2.667227E+10	-6.000342E+7	-3.000790E+8	-3.148404E+11
5.420160E+2	1.268893E+0	2.436982E+10	1.259520E+0	1.543512E+9	1.280335E+0	2.455898E+10	1.314972E+0	1.611014E+9	1.268493E+0	2.449789E+11	1.269792E+0	2.467908E+11	1.269563E+0	2.695379E+11	1.269711E+0	2.711606E+11	-9.373405E-3	3.463674E-2	-5.545249E-2	-4.401014E-2	-1.019158E-2	-2.282630E+10	-2.294796E+10	-6.750165E+7	1.216613E+8	-2.696171E+11
5.422780E+2	1.139200E+0	2.197845E+10	1.156855E+0	1.422606E+9	1.124395E+0	2.168486E+10	1.089195E+0	1.344927E+9	1.142477E+0	2.216136E+11	1.140166E+0	2.226027E+11	1.140842E+0	2.432984E+11	1.140079E+0	2.445811E+11	1.765579E-2	-3.520039E-2	6.766081E-2	5.285618E-2	1.677650E-2	-2.055585E+10	-2.033994E+10	7.767903E+7	-2.159086E+8	-2.431585E+11
5.425080E+2	1.002297E+0	1.945415E+10	1.059675E+0	1.308157E+9	9.906177E-1	1.921923E+10	9.834329E-1	1.220283E+9	1.004378E+0	1.960079E+11	9.953114E-1	1.955730E+11	1.003134E+0	2.152271E+11	9.959396E-1	2.150271E+11	5.737792E-2	-7.184781E-3	7.624177E-2	6.456271E-2	6.373507E-2	-1.814600E+10	-1.799895E+10	8.787453E+7	-1.470469E+8	-2.137190E+11
5.427710E+2	9.694596E-1	1.884868E+10	9.398680E-1	1.167062E+9	9.738835E-1	1.891081E+10	9.805936E-1	1.216936E+9	9.831684E-1	1.920753E+11	9.777478E-1	1.922956E+11	9.823289E-1	2.109861E+11	9.770025E-1	2.111443E+11	-2.959159E-2	6.710109E-3	-4.072563E-2	-3.630170E-2	-3.713447E-2	-1.768162E+10	-1.769387E+10	-4.987404E+7	1.225061E+7	-2.099773E+11
5.430170E+2	9.906663E-1	1.923970E+10	9.907956E-1	1.227039E+9	9.726829E-1	1.888868E+10	9.791684E-1	1.215257E+9	9.932775E-1	1.939497E+11	9.856946E-1	1.937785E+11	9.914154E-1	2.128384E+11	9.861417E-1	2.130182E+11	1.293442E-4	6.485518E-3	1.162721E-2	-6.356174E-3	4.653926E-3	-1.801267E+10	-1.767342E+10	1.178244E+7	-3.392431E+8	-2.117912E+11
5.432860E+2	1.122607E+0	2.167251E+10	1.075851E+0	1.327208E+9	1.111807E+0	2.145285E+10	1.105655E+0	1.364326E+9	1.127293E+0	2.187983E+11	1.113077E+0	2.175478E+11	1.125893E+0	2.402512E+11	1.113934E+0	2.392204E+11	-4.675656E-2	-6.151654E-3	-2.980437E-2	-4.060491E-2	-3.808286E-2	-2.034530E+10	-2.008853E+10	-3.711842E+7	-2.567788E+8	-2.378931E+11
5.435330E+2	1.282589E+0	2.462236E+10	1.327391E+0	1.623443E+9	1.277000E+0	2.449751E+10	1.270633E+0	1.558759E+9	1.273222E+0	2.458558E+11	1.269714E+0	2.467762E+11	1.273564E+0	2.703533E+11	1.270872E+0	2.713986E+11	4.480117E-2	-6.366992E-3	5.675731E-2	5.116816E-2	5.651870E-2	-2.299892E+10	-2.293875E+10	6.468403E+7	-6.016400E+7	-2.697752E+11
5.437640E+2	1.433474E+0	2.740445E+10	1.414968E+0	1.726581E+9	1.427089E+0	2.726378E+10	1.366816E+0	1.672114E+9	1.425986E+0	2.741806E+11	1.418565E+0	2.745516E+11	1.426086E+0	3.014444E+11	1.419905E+0	3.019561E+11	-1.850572E-2	-6.027313E-2	4.815186E-2	4.176740E-2	-4.937402E-3	-2.567787E+10	-2.559166E+10	5.446782E+7	-8.620615E+7	-3.002295E+11
5.440220E+2	1.537260E+0	2.931813E+10	1.534161E+0	1.866953E+9	1.564214E+0	2.979111E+10	1.579277E+0	1.922506E+9	1.528444E+0	2.931779E+11	1.535335E+0	2.963408E+11	1.531678E+0	3.229690E+11	1.535508E+0	3.256589E+11	-3.099947E-3	1.506286E-2	-4.511642E-2	-1.816281E-2	-1.347278E-3	-2.745118E+10	-2.786860E+10	-5.555345E+7	4.174184E+8	-3.237919E+11
5.442750E+2	1.563800E+0	2.980748E+10	1.626899E+0	1.976170E+9	1.559380E+0	2.970202E+10	1.612418E+0	1.961564E+9	1.539441E+0	2.952169E+11	1.543899E+0	2.979389E+11	1.541244E+0	3.249189E+11	1.545689E+0	3.277464E+11	6.309944E-2	5.303762E-2	1.448112E-2	1.006182E-2	8.121031E-2	-2.783131E+10	-2.774045E+10	1.460564E+7	-9.085739E+7	-3.257702E+11
5.445130E+2	1.534044E+0	2.925882E+10	1.592647E+0	1.935832E+9	1.536591E+0	2.928198E+10	1.539474E+0	1.875597E+9	1.510933E+0	2.899311E+11	1.516713E+0	2.928659E+11	1.513253E+0	3.192130E+11	1.518271E+0	3.221247E+11	5.860353E-2	2.883290E-3	5.317342E-2	5.572024E-2	7.437631E-2	-2.732299E+10	-2.740639E+10	6.023501E+7	8.339388E+7	-3.201889E+11
5.447660E+2	1.539274E+0	2.935527E+10	1.643264E+0	1.995443E+9	1.538746E+0	2.932171E+10	1.485677E+0	1.812196E+9	1.508484E+0	2.894771E+11	1.518214E+0	2.931461E+11	1.511220E+0	3.187988E+11	1.520108E+0	3.225014E+11	1.039896E-1	-5.306857E-2	1.575868E-1	1.570582E-1	1.231561E-1	-2.735983E+10	-2.750951E+10	1.832470E+8	1.496827E+8	-3.205059E+11
5.450090E+2	1.538254E+0	2.933645E+10	1.586884E+0	1.929044E+9	1.533519E+0	2.922536E+10	1.555485E+0	1.894467E+9	1.508668E+0	2.895111E+11	1.511013E+0	2.918023E+11	1.510914E+0	3.187364E+11	1.513463E+0	3.211388E+11	4.862960E-2	2.196627E-2	3.139873E-2	2.666332E-2	7.342104E-2	-2.740741E+10	-2.733090E+10	3.457764E+7	-7.651372E+7	-3.192098E+11
5.452580E+2	1.379883E+0	2.641632E+10	1.425951E+0	1.739516E+9	1.398732E+0	2.674112E+10	1.371684E+0	1.677851E+9	1.376973E+0	2.650928E+11	1.381634E+0	2.676604E+11	1.378940E+0	2.918339E+11	1.381477E+0	2.940767E+11	4.606724E-2	-2.704764E-2	5.426661E-2	7.311487E-2	4.447394E-2	-2.467681E+10	-2.506327E+10	6.166494E+7	3.864664E+8	-2.923372E+11
5.455130E+2	1.405616E+0	2.689080E+10	1.381027E+0	1.686610E+9	1.416313E+0	2.706516E+10	1.464995E+0	1.787821E+9	1.394596E+0	2.683604E+11	1.396580E+0	2.704493E+11	1.396560E+0	2.954256E+11	1.397393E+0	2.973401E+11	-2.458927E-2	4.868223E-2	-8.396798E-2	-7.327150E-2	-1.636580E-2	-2.520419E+10	-2.527734E+10	-1.012114E+8	7.314653E+7	-2.956535E+11
5.457670E+2	1.333347E+0	2.555825E+10	1.366261E+0	1.669220E+9	1.330524E+0	2.548401E+10	1.393323E+0	1.703354E+9	1.318371E+0	2.542271E+11	1.316207E+0	2.554517E+11	1.319470E+0	2.797111E+11	1.317748E+0	2.810100E+11	3.291453E-2	6.279901E-2	-2.706238E-2	-2.988448E-2	4.851295E-2	-2.388903E+10	-2.378065E+10	-3.413353E+7	-1.083753E+8	-2.793408E+11
5.460060E+2	1.266594E+0	2.432742E+10	1.263047E+0	1.547666E+9	1.251709E+0	2.403136E+10	1.291680E+0	1.583563E+9	1.255040E+0	2.424845E+11	1.252126E+0	2.434944E+11	1.254739E+0	2.665159E+11	1.253427E+0	2.678218E+11	-3.546938E-3	3.997102E-2	-2.863260E-2	-4.351796E-2	9.619490E-3	-2.277976E+10	-2.244780E+10	-3.589643E+7	-3.319578E+8	-2.662742E+11
5.467600E+2	1.245074E+0	2.393063E+10	1.231185E+0	1.510143E+9	1.236434E+0	2.374985E+10	1.212277E+0	1.489984E+9	1.227476E+0	2.373737E+11	1.228408E+0	2.390686E+11	1.228286E+0	2.611236E+11	1.229907E+0	2.629992E+11	-1.388884E-2	-2.415750E-2	1.890828E-2	1.026866E-2	1.278435E-3	-2.242048E+10	-2.225986E+10	2.015928E+7	-1.606213E+8	-2.614891E+11
5.475280E+2	1.293111E+0	2.481635E+10	1.287069E+0	1.575956E+9	1.291555E+0	2.476577E+10	1.273833E+0	1.562529E+9	1.281910E+0	2.474666E+11	1.283638E+0	2.493745E+11	1.282782E+0	2.722324E+11	1.284490E+0	2.741908E+11	-6.041609E-3	-1.772278E-2	1.323640E-2	1.168117E-2	2.578967E-3	-2.324040E+10	-2.320324E+10	1.342731E+7	-3.715372E+7	-2.726149E+11
5.482600E+2	1.388713E+0	2.657912E+10	1.396005E+0	1.704250E+9	1.381270E+0	2.641929E+10	1.389817E+0	1.699221E+9	1.375935E+0	2.649003E+11	1.370499E+0	2.655826E+11	1.376417E+0	2.913196E+11	1.372137E+0	2.921617E+11	7.292728E-3	8.547337E-3	6.188213E-3	-1.254609E-3	2.386864E-2	-2.487487E+10	-2.472007E+10	5.028245E+6	-1.548059E+8	-2.904575E+11
5.490100E+2	1.334992E+0	2.558859E+10	1.323258E+0	1.618576E+9	1.349876E+0	2.584067E+10	1.328578E+0	1.627048E+9	1.325311E+0	2.555139E+11	1.330417E+0	2.581034E+11	1.327532E+0	2.813545E+11	1.330828E+0	2.836919E+11	-1.173373E-2	-2.129828E-2	-5.319440E-3	9.564552E-3	-7.570280E-3	-2.397001E+10	-2.421362E+10	-8.472159E+6	2.436117E+8	-2.820734E+11
5.497520E+2	1.270012E+0	2.439045E+10	1.279925E+0	1.567543E+9	1.265949E+0	2.429383E+10	1.229890E+0	1.510741E+9	1.259186E+0	2.432533E+11	1.256295E+0	2.442723E+11	1.259798E+0	2.675471E+11	1.257529E+0	2.686628E+11	9.912243E-3	-3.605924E-2	5.003466E-2	4.597148E-2	2.239569E-2	-2.282291E+10	-2.278309E+10	5.680146E+7	-3.982453E+7	-2.670952E+11
5.505110E+2	1.284231E+0	2.465263E+10	1.259003E+0	1.542904E+9	1.279578E+0	2.454501E+10	1.318321E+0	1.614960E+9	1.275352E+0	2.462506E+11	1.274243E+0	2.476214E+11	1.275734E+0	2.707956E+11	1.275142E+0	2.722740E+11	-2.522757E-2	3.874286E-2	-5.931702E-2	-6.397043E-2	-1.613804E-2	-2.310972E+10	-2.293005E+10	-7.205569E+7	-1.796701E+8	-2.707311E+11
5.512570E+2	1.294874E+0	2.484887E+10	1.323337E+0	1.618669E+9	1.289349E+0	2.472510E+10	1.313520E+0	1.609302E+9	1.287511E+0	2.485052E+11	1.284976E+0	2.496241E+11	1.287677E+0	2.732303E+11	1.285866E+0	2.744730E+11	2.846300E-2	2.417126E-2	9.817351E-3	4.291741E-3	3.747138E-2	-2.323021E+10	-2.311580E+10	9.367031E+6	-1.144051E+8	-2.728543E+11
5.520150E+2	1.226774E+0	2.359319E+10	1.256797E+0	1.540306E+9	1.232038E+0	2.366882E+10	1.243353E+0	1.526608E+9	1.229682E+0	2.377828E+11	1.228750E+0	2.391324E+11	1.229895E+0	2.614516E+11	1.228572E+0	2.627256E+11	3.002357E-2	1.131488E-2	1.344409E-2	1.870869E-2	2.822491E-2	-2.205289E+10	-2.214221E+10	1.369778E+7	8.932542E+7	-2.611853E+11
5.527700E+2	1.287933E+0	2.472088E+10	1.296124E+0	1.586621E+9	1.303504E+0	2.498600E+10	1.321838E+0	1.619106E+9	1.294002E+0	2.497087E+11	1.296183E+0	2.517153E+11	1.294861E+0	2.746947E+11	1.295441E+0	2.764362E+11	8.191596E-3	1.833430E-2	-2.571411E-2	-1.014271E-2	6.831426E-4	-2.313426E+10	-2.336689E+10	-3.248498E+7	2.326327E+8	-2.748496E+11
5.535330E+2	1.251674E+0	2.405233E+10	1.240098E+0	1.520639E+9	1.239652E+0	2.380914E+10	1.171139E+0	1.441501E+9	1.232994E+0	2.383968E+11	1.233283E+0	2.399783E+11	1.233596E+0	2.622059E+11	1.234937E+0	2.640306E+11	-1.157680E-2	-6.851278E-2	6.895886E-2	5.693598E-2	5.160352E-3	-2.253169E+10	-2.236764E+10	7.913813E+7	-1.640499E+8	-2.625100E+11
5.542700E+2	1.183893E+0	2.280253E+10	1.167386E+0	1.435008E+9	1.189952E+0	2.289313E+10	1.218315E+0	1.497100E+9	1.183088E+0	2.291435E+11	1.185145E+0	2.309957E+11	1.183709E+0	2.520367E+11	1.185032E+0	2.537983E+11	-1.650676E-2	2.836308E-2	-5.092874E-2	-4.486984E-2	-1.764619E-2	-2.136752E+10	-2.139603E+10	-6.209199E+7	2.850711E+7	-2.523632E+11
5.550310E+2	1.080776E+0	2.090120E+10	1.066323E+0	1.315987E+9	1.064072E+0	2.057305E+10	1.041970E+0	1.289271E+9	1.071659E+0	2.084829E+11	1.068207E+0	2.091753E+11	1.070973E+0	2.290560E+11	1.069338E+0	2.300765E+11	-1.445242E-2	-2.210188E-2	2.435346E-2	7.649462E-3	-3.014316E-3	-1.958521E+10	-1.928378E+10	2.671663E+7	-3.014259E+8	-2.287605E+11
5.557600E+2	1.001728E+0	1.944367E+10	1.011949E+0	1.251951E+9	1.005062E+0	1.948545E+10	1.035299E+0	1.281408E+9	1.011830E+0	1.973895E+11	1.006734E+0	1.977043E+11	1.011218E+0	2.168750E+11	1.006283E+0	2.171480E+11	1.022090E-2	3.023655E-2	-2.334972E-2	-2.001565E-2	5.665448E-3	-1.819172E+10	-1.820405E+10	-2.945711E+7	1.233085E+7	-2.158961E+11
5.560130E+2	9.604646E-1	1.868283E+10	9.411332E-1	1.168552E+9	9.643099E-1	1.873436E+10	9.424856E-1	1.172025E+9	9.623742E-1	1.882197E+11	9.586655E-1	1.887349E+11	9.625492E-1	2.069541E+11	9.588273E-1	2.074177E+11	-1.933137E-2	-2.182434E-2	-1.352380E-3	2.492973E-3	-1.769410E-2	-1.751428E+10	-1.756233E+10	-3.472306E+6	4.805827E+7	-2.062492E+11
5.565030E+2	9.316344E-1	1.815124E+10	9.445947E-1	1.172629E+9	9.277119E-1	1.805983E+10	9.244767E-1	1.150801E+9	9.361934E-1	1.833654E+11	9.399356E-1	1.852399E+11	9.354265E-1	2.014252E+11	9.391891E-1	2.033912E+11	1.296031E-2	-3.235160E-3	2.011798E-2	1.619547E-2	5.405659E-3	-1.697861E+10	-1.690902E+10	2.182835E+7	-6.958621E+7	-2.022185E+11
5.570100E+2	9.583472E-1	1.864379E+10	9.606244E-1	1.191507E+9	9.585853E-1	1.862885E+10	9.895622E-1	1.227506E+9	9.618445E-1	1.881215E+11	9.589461E-1	1.887873E+11	9.615498E-1	2.067504E+11	9.588923E-1	2.074310E+11	2.277222E-3	3.097681E-2	-2.893770E-2	-2.869959E-2	1.732197E-3	-1.745228E+10	-1.740134E+10	-3.599916E+7	-5.093675E+7	-2.062395E+11
5.575080E+2	1.000352E+0	1.941830E+10	1.066879E+0	1.316642E+9	9.940544E-1	1.928257E+10	9.770155E-1	1.212720E+9	9.977142E-1	1.947723E+11	9.944316E-1	1.954088E+11	9.973833E-1	2.140549E+11	9.949640E-1	2.148271E+11	6.652674E-2	-1.703887E-2	8.986341E-2	8.356561E-2	7.191493E-2	-1.810166E+10	-1.806985E+10	1.039220E+8	-3.180307E+7	-2.135105E+11
5.580400E+2	1.024327E+0	1.986036E+10	1.032931E+0	1.276662E+9	1.031162E+0	1.996650E+10	1.020812E+0	1.264335E+9	1.021019E+0	1.990933E+11	1.021016E+0	2.003695E+11	1.021936E+0	2.190598E+11	1.021314E+0	2.202298E+11	8.604252E-3	-1.034980E-2	1.211891E-2	1.895405E-2	1.161723E-2	-1.858370E+10	-1.870216E+10	1.232613E+7	1.184669E+8	-2.189532E+11
5.585390E+2	1.048050E+0	2.029778E+10	1.026791E+0	1.269430E+9	1.054733E+0	2.040094E+10	1.066505E+0	1.318186E+9	1.043118E+0	2.031909E+11	1.044706E+0	2.047900E+11	1.044168E+0	2.235919E+11	1.045007E+0	2.250878E+11	-2.125941E-2	1.177156E-2	-3.971385E-2	-3.303097E-2	-1.821597E-2	-1.902835E+10	-1.908275E+10	-4.875543E+7	5.439530E+7	-2.238183E+11
5.590160E+2	1.019724E+0	1.977549E+10	9.842496E-1	1.219330E+9	1.016488E+0	1.969605E+10	1.054264E+0	1.303760E+9	1.023082E+0	1.994758E+11	1.021837E+0	2.005226E+11	1.022485E+0	2.191719E+11	1.021647E+0	2.202980E+11	-3.547443E-2	3.777615E-2	-7.001463E-2	-7.325057E-2	-3.739704E-2	-1.855616E+10	-1.839229E+10	-8.442988E+7	-1.638722E+8	-2.190787E+11
5.595000E+2	1.037202E+0	2.009776E+10	1.049450E+0	1.296115E+9	1.046381E+0	2.024700E+10	1.047021E+0	1.295223E+9	1.048912E+0	2.042652E+11	1.046101E+0	2.050503E+11	1.048683E+0	2.245122E+11	1.045301E+0	2.251480E+11	1.224733E-2	6.394020E-4	2.428833E-3	1.160792E-2	4.148814E-3	-1.880165E+10	-1.895178E+10	8.919998E+5	1.501341E+8	-2.238519E+11
5.600470E+2	9.755627E-1	1.896122E+10	9.691613E-1	1.201561E+9	9.684495E-1	1.881065E+10	9.037313E-1	1.126351E+9	9.710350E-1	1.898256E+11	9.720464E-1	1.912318E+11	9.708012E-1	2.086362E+11	9.723626E-1	2.101930E+11	-6.401381E-3	-6.471827E-2	6.543003E-2	5.831689E-2	-3.201335E-3	-1.775965E+10	-1.768430E+10	7.520938E+7	-7.535124E+7	-2.089914E+11
5.605040E+2	1.023998E+0	1.985430E+10	1.019676E+0	1.261051E+9	1.025436E+0	1.986096E+10	1.051751E+0	1.300797E+9	1.014739E+0	1.979290E+11	1.017639E+0	1.997392E+11	1.015706E+0	2.177900E+11	1.018211E+0	2.195935E+11	-4.322751E-3	2.631469E-2	-3.207489E-2	-3.063744E-2	1.465051E-3	-1.859325E+10	-1.856016E+10	-3.974661E+7	-3.308732E+7	-2.183325E+11
5.610180E+2	9.808017E-1	1.905782E+10	9.456439E-1	1.173865E+9	9.769984E-1	1.896822E+10	9.648619E-1	1.198396E+9	9.823432E-1	1.919223E+11	9.833418E-1	1.933395E+11	9.818599E-1	2.108905E+11	9.831134E-1	2.123973E+11	-3.515788E-2	-1.213650E-2	-1.921808E-2	-2.302138E-2	-3.746954E-2	-1.788395E+10	-1.776982E+10	-2.453151E+7	-1.141296E+8	-2.112234E+11
