Photon Energy (eV)	X ref norm	X ref	X pump norm	X pump	Y ref norm	Y ref	Y pump norm	Y pump	X all norm	X all	Y all norm	Y all	X all Y ref norm	X all Y ref	Y all X ref norm	Y all X ref	BC(X hist) norm	BC(Y hist) norm	StS norm	BCSC norm	BCLR norm	BC(X hist)	BC(Y hist)	StS	BCSC	BCLR	
5.300320E+2	-7.143276E-3	8.414980E+8	-7.759908E-3	5.804245E+7	-7.069362E-3	8.310056E+8	-1.402576E-2	4.081111E+7	-7.498196E-3	8.390202E+9	-7.562161E-3	8.437809E+9	-7.459423E-3	9.221208E+9	-7.524491E-3	9.279307E+9	-6.166322E-4	-6.956402E-3	6.265855E-3	6.339770E-3	-2.354172E-4	-7.834555E+8	-7.901945E+8	1.723134E+7	6.738974E+6	-9.221264E+9
5.305030E+2	-7.552642E-3	8.339498E+8	-8.423760E-3	5.732478E+7	-7.189379E-3	8.287936E+8	-4.333868E-3	5.177724E+7	-6.903297E-3	8.500505E+9	-7.474836E-3	8.454103E+9	-6.929164E-3	9.329299E+9	-7.481833E-3	9.288053E+9	-8.711181E-4	2.855511E-3	-4.089892E-3	-3.726629E-3	-9.419272E-4	-7.766251E+8	-7.770163E+8	5.547542E+6	3.912866E+5	-9.230728E+9
5.310100E+2	-6.496170E-3	8.534297E+8	-1.448063E-3	6.486601E+7	-3.977398E-3	8.879931E+8	-5.050727E-3	5.096613E+7	-5.821794E-3	8.701033E+9	-5.781062E-3	8.770160E+9	-5.655032E-3	9.589026E+9	-5.845370E-3	9.623590E+9	5.048108E-3	-1.073329E-3	3.602665E-3	6.121437E-3	4.397307E-3	-7.885637E+8	-8.370270E+8	1.389988E+7	4.846333E+7	-9.558724E+9
5.315130E+2	-3.594219E-3	9.069376E+8	-1.853601E-2	4.639271E+7	-1.221823E-3	9.387808E+8	-1.237289E-2	4.268130E+7	-3.064661E-3	9.212249E+9	-3.208250E-3	9.250244E+9	-2.898040E-3	1.015103E+10	-3.242960E-3	1.015718E+10	-1.494180E-2	-1.115107E-2	-6.163126E-3	-3.790730E-3	-1.529306E-2	-8.605449E+8	-8.960995E+8	3.711415E+6	3.555457E+7	-1.011079E+10
5.320170E+2	3.147540E-4	9.790136E+8	1.489869E-2	8.253802E+7	-2.021836E-3	9.240358E+8	6.459943E-3	6.399016E+7	3.117609E-4	9.838290E+9	1.318164E-3	1.009487E+10	1.007679E-4	1.076233E+10	1.227930E-3	1.107388E+10	1.458394E-2	8.481779E-3	8.438748E-3	6.102158E-3	1.367076E-2	-8.964756E+8	-8.600457E+8	1.854787E+7	-3.642988E+7	-1.099134E+10
5.325120E+2	1.001269E-2	1.157830E+9	1.036623E-2	7.763811E+7	8.583082E-3	1.119494E+9	1.769531E-2	7.670269E+7	7.715709E-3	1.121110E+10	7.817618E-3	1.130766E+10	7.794133E-3	1.233059E+10	8.015017E-3	1.246549E+10	3.535416E-4	9.112232E-3	-7.329080E-3	-8.758691E-3	2.351218E-3	-1.080192E+9	-1.042791E+9	9.354230E+5	-3.740097E+7	-1.238785E+10
5.330230E+2	1.445886E-2	1.239811E+9	1.090282E-2	7.821820E+7	1.289672E-2	1.198998E+9	1.162799E-2	6.983767E+7	1.526048E-2	1.261002E+10	1.489053E-2	1.262746E+10	1.504676E-2	1.380901E+10	1.485171E-2	1.386727E+10	-3.556041E-3	-1.268725E-3	-7.251709E-4	-2.287315E-3	-3.948888E-3	-1.161593E+9	-1.129160E+9	8.380530E+6	-3.243297E+7	-1.378905E+10
5.331580E+2	1.547066E-2	1.258467E+9	1.136854E-2	7.872168E+7	1.656549E-2	1.266616E+9	3.770156E-2	9.933924E+7	1.920539E-2	1.334146E+10	1.811078E-2	1.322835E+10	1.896670E-2	1.460808E+10	1.787336E-2	1.448682E+10	-4.102118E-3	2.113607E-2	-2.633301E-2	-2.523819E-2	-6.504816E-3	-1.179746E+9	-1.167277E+9	-2.061756E+7	-1.246865E+7	-1.440810E+10
5.333130E+2	2.198946E-2	1.378665E+9	1.903972E-2	8.701477E+7	2.451812E-2	1.413190E+9	4.101968E-2	1.030936E+8	2.450782E-2	1.432462E+10	2.399607E-2	1.432654E+10	2.450875E-2	1.573781E+10	2.381562E-2	1.570521E+10	-2.949735E-3	1.650156E-2	-2.197996E-2	-1.945130E-2	-4.775898E-3	-1.291650E+9	-1.310096E+9	-1.607884E+7	1.844653E+7	-1.561819E+10
5.334580E+2	2.832280E-2	1.495443E+9	2.221891E-2	9.045171E+7	2.850724E-2	1.486713E+9	3.826157E-2	9.997287E+7	3.048745E-2	1.543333E+10	3.059234E-2	1.555740E+10	3.030841E-2	1.692005E+10	3.038825E-2	1.705284E+10	-6.103883E-3	9.754327E-3	-1.604265E-2	-1.585821E-2	-8.169332E-3	-1.404991E+9	-1.386740E+9	-9.521164E+6	-1.825086E+7	-1.696239E+10
5.336080E+2	3.593032E-2	1.635715E+9	3.851487E-2	1.080688E+8	3.765974E-2	1.655401E+9	5.048812E-2	1.138069E+8	3.861886E-2	1.694103E+10	3.821499E-2	1.697978E+10	3.853214E-2	1.859643E+10	3.800954E-2	1.861549E+10	2.584557E-3	1.282838E-2	-1.197325E-2	-1.024382E-2	5.053384E-4	-1.527646E+9	-1.541594E+9	-5.738095E+6	1.394867E+7	-1.850742E+10
5.337630E+2	4.907004E-2	1.877993E+9	4.540321E-2	1.155156E+8	5.032012E-2	1.888743E+9	4.777955E-2	1.107422E+8	4.954761E-2	1.896739E+10	4.835117E-2	1.887118E+10	4.961745E-2	2.085613E+10	4.841582E-2	2.074917E+10	-3.666838E-3	-2.540563E-3	-2.376347E-3	-1.126275E-3	-3.012614E-3	-1.762477E+9	-1.778001E+9	4.773361E+6	1.552358E+7	-2.063366E+10
5.339090E+2	6.168270E-2	2.110552E+9	6.686128E-2	1.387133E+8	5.835465E-2	2.036826E+9	5.643628E-2	1.205371E+8	6.656778E-2	2.212319E+10	6.298339E-2	2.160154E+10	6.582519E-2	2.416002E+10	6.286642E-2	2.371209E+10	5.178579E-3	-1.918373E-3	1.042500E-2	7.096952E-3	3.994860E-3	-1.971839E+9	-1.916289E+9	1.817622E+7	-5.554993E+7	-2.357337E+10
5.340640E+2	9.395288E-2	2.705569E+9	9.873663E-2	1.731728E+8	9.987220E-2	2.802030E+9	1.046470E-1	1.750863E+8	1.039857E-1	2.906106E+10	1.007603E-1	2.865067E+10	1.036138E-1	3.186309E+10	1.001482E-1	3.135624E+10	4.783742E-3	4.774821E-3	-5.910401E-3	8.920805E-6	-1.411527E-3	-2.532396E+9	-2.626944E+9	-1.913468E+6	9.454770E+7	-3.118307E+10
5.342090E+2	1.378244E-1	3.514498E+9	1.602198E-1	2.396405E+8	1.329002E-1	3.410764E+9	1.430621E-1	2.185520E+8	1.459430E-1	3.684061E+10	1.376249E-1	3.552956E+10	1.447638E-1	4.025137E+10	1.376428E-1	3.904406E+10	2.239544E-2	1.016195E-2	1.715769E-2	1.223348E-2	2.257696E-2	-3.274857E+9	-3.192212E+9	2.108858E+7	-8.264530E+7	-3.880442E+10
5.343600E+2	2.319791E-1	5.250579E+9	2.142928E-1	2.980974E+8	2.342887E-1	5.279442E+9	2.303619E-1	3.173294E+8	2.547325E-1	5.701188E+10	2.409387E-1	5.480781E+10	2.528841E-1	6.229132E+10	2.401330E-1	6.005839E+10	-1.768632E-2	-3.926845E-3	-1.606905E-2	-1.375948E-2	-2.584016E-2	-4.952482E+9	-4.962112E+9	-1.923204E+7	9.630222E+6	-5.976029E+10
5.345160E+2	4.079322E-1	8.494907E+9	4.373553E-1	5.392439E+8	4.064346E-1	8.452238E+9	3.914089E-1	4.995499E+8	4.387790E-1	9.113699E+10	4.140711E-1	8.711414E+10	4.358546E-1	9.958923E+10	4.135190E-1	9.560904E+10	2.942315E-2	-1.502575E-2	4.594647E-2	4.444889E-2	2.383632E-2	-7.955663E+9	-7.952688E+9	3.969401E+7	-2.974297E+6	-9.506980E+10
5.346620E+2	6.731446E-1	1.338505E+10	6.653086E-1	7.856777E+8	6.725916E-1	1.335774E+10	6.408982E-1	7.818406E+8	7.066608E-1	1.408065E+11	6.731849E-1	1.354645E+11	7.035804E-1	1.541642E+11	6.731813E-1	1.488496E+11	-7.836066E-3	-3.169348E-2	2.441040E-2	2.385741E-2	-7.872740E-3	-1.259937E+10	-1.257590E+10	3.837098E+6	-2.347413E+7	-1.480639E+11
5.348070E+2	1.028470E+0	1.993675E+10	1.091617E+0	1.246547E+9	1.017602E+0	1.971657E+10	1.000944E+0	1.189223E+9	1.058683E+0	2.060769E+11	1.022675E+0	2.006789E+11	1.054969E+0	2.257935E+11	1.023196E+0	2.206157E+11	6.314670E-2	-1.665808E-2	9.067314E-2	7.980477E-2	6.842112E-2	-1.869021E+10	-1.852735E+10	5.732466E+7	-1.628574E+8	-2.193691E+11
5.349630E+2	1.433204E+0	2.739947E+10	1.523988E+0	1.713972E+9	1.439505E+0	2.749261E+10	1.417355E+0	1.660381E+9	1.447635E+0	2.781946E+11	1.420659E+0	2.749424E+11	1.446900E+0	3.056872E+11	1.421787E+0	3.023419E+11	9.078458E-2	-2.215063E-2	1.066338E-1	1.129352E-1	1.022012E-1	-2.568550E+10	-2.583223E+10	5.359112E+7	1.467309E+8	-3.006279E+11
5.351090E+2	1.690528E+0	3.214417E+10	1.739802E+0	1.947282E+9	1.690575E+0	3.212005E+10	1.678654E+0	1.956034E+9	1.692324E+0	3.235639E+11	1.681503E+0	3.236157E+11	1.692166E+0	3.556840E+11	1.682315E+0	3.557598E+11	4.927397E-2	-1.192143E-2	6.114834E-2	6.119539E-2	5.748738E-2	-3.019689E+10	-3.016402E+10	-8.752036E+6	-3.287702E+7	-3.538126E+11
5.352550E+2	1.961646E+0	3.714320E+10	2.065288E+0	2.299156E+9	1.947440E+0	3.685429E+10	1.998334E+0	2.317744E+9	1.916915E+0	3.652066E+11	1.918177E+0	3.677788E+11	1.919675E+0	4.020609E+11	1.922086E+0	4.049220E+11	1.036423E-1	5.089349E-2	6.695412E-2	5.274879E-2	1.432017E-1	-3.484404E+10	-3.453655E+10	-1.858824E+7	-3.074949E+8	-4.026228E+11
5.354110E+2	2.085938E+0	3.943498E+10	2.215341E+0	2.461374E+9	2.073666E+0	3.918074E+10	2.091618E+0	2.423292E+9	2.023316E+0	3.849349E+11	2.035063E+0	3.895896E+11	2.027868E+0	4.241156E+11	2.039638E+0	4.290246E+11	1.294027E-1	1.795168E-2	1.237235E-1	1.114510E-1	1.757027E-1	-3.697361E+10	-3.675745E+10	3.808174E+7	-2.161624E+8	-4.265632E+11
5.355630E+2	1.781909E+0	3.382911E+10	1.859429E+0	2.076608E+9	1.785665E+0	3.387263E+10	1.868250E+0	2.170558E+9	1.742969E+0	3.329543E+11	1.759142E+0	3.381030E+11	1.746830E+0	3.668269E+11	1.761189E+0	3.719321E+11	7.752020E-2	8.258569E-2	-8.821178E-3	-5.065493E-3	9.823996E-2	-3.175250E+10	-3.170207E+10	-9.395024E+7	-5.042914E+7	-3.698555E+11
5.357250E+2	1.613097E+0	3.071646E+10	1.702521E+0	1.906979E+9	1.628866E+0	3.098269E+10	1.734644E+0	2.019386E+9	1.590605E+0	3.047035E+11	1.604601E+0	3.092658E+11	1.594064E+0	3.356862E+11	1.605365E+0	3.399823E+11	8.942382E-2	1.057788E-1	-3.212318E-2	-1.635499E-2	9.715601E-2	-2.880948E+10	-2.896330E+10	-1.124073E+8	1.538209E+8	-3.380753E+11
5.358550E+2	1.519087E+0	2.898304E+10	1.586341E+0	1.781380E+9	1.525515E+0	2.907785E+10	1.473705E+0	1.724140E+9	1.508653E+0	2.895083E+11	1.515022E+0	2.925505E+11	1.510177E+0	3.185862E+11	1.515388E+0	3.215336E+11	6.725446E-2	-5.181062E-2	1.126366E-1	1.190651E-1	7.095328E-2	-2.720166E+10	-2.735371E+10	5.724045E+7	1.520567E+8	-3.197522E+11
5.360120E+2	1.233422E+0	2.371577E+10	1.269558E+0	1.438915E+9	1.226303E+0	2.356311E+10	1.259713E+0	1.482013E+9	1.221202E+0	2.362104E+11	1.229994E+0	2.393645E+11	1.221663E+0	2.597735E+11	1.230302E+0	2.630802E+11	3.613639E-2	3.340988E-2	9.845455E-3	2.726505E-3	3.925611E-2	-2.227686E+10	-2.208110E+10	-4.309845E+7	-1.957617E+8	-2.616413E+11
5.362680E+2	9.258827E-1	1.804519E+10	1.001487E+0	1.149110E+9	9.138494E-1	1.780433E+10	9.446062E-1	1.125478E+9	9.257889E-1	1.814362E+11	9.237752E-1	1.822244E+11	9.247094E-1	1.992406E+11	9.239647E-1	2.002696E+11	7.560389E-2	3.075687E-2	5.688041E-2	4.484702E-2	7.752194E-2	-1.689608E+10	-1.667885E+10	2.363186E+7	-2.172289E+8	-1.991205E+11
5.365250E+2	7.287499E-1	1.441034E+10	7.572746E-1	8.850996E+8	7.209919E-1	1.424980E+10	7.486541E-1	9.037636E+8	7.348047E-1	1.460248E+11	7.331698E-1	1.466576E+11	7.335558E-1	1.602746E+11	7.327724E-1	1.610680E+11	2.852465E-2	2.766220E-2	8.620496E-3	8.624518E-4	2.450223E-2	-1.352524E+10	-1.334603E+10	-1.866409E+7	-1.792009E+8	-1.601829E+11
5.367810E+2	5.811741E-1	1.168924E+10	5.727078E-1	6.855697E+8	5.831920E-1	1.171003E+10	5.471075E-1	6.757189E+8	5.867961E-1	1.185817E+11	5.867274E-1	1.193316E+11	5.864702E-1	1.302917E+11	5.862280E-1	1.310209E+11	-8.466319E-3	-3.608448E-2	2.560028E-2	2.761816E-2	-1.352021E-2	-1.100368E+10	-1.103431E+10	9.850723E+6	3.063455E+7	-1.303353E+11
5.370120E+2	5.319326E-1	1.078130E+10	5.335639E-1	6.432523E+8	5.297813E-1	1.072562E+10	5.280640E-1	6.541717E+8	5.442378E-1	1.106907E+11	5.361424E-1	1.098925E+11	5.429307E-1	1.214163E+11	5.357638E-1	1.206738E+11	1.631253E-3	-1.717243E-3	5.499835E-3	3.348495E-3	-2.199902E-3	-1.013805E+10	-1.007145E+10	-1.091946E+7	-6.659684E+7	-1.200306E+11
5.372740E+2	4.944204E-1	1.008963E+10	5.089468E-1	6.166395E+8	5.000705E-1	1.017803E+10	5.016728E-1	6.243107E+8	5.147279E-1	1.052191E+11	5.070142E-1	1.044572E+11	5.134026E-1	1.153971E+11	5.058817E-1	1.145469E+11	1.452641E-2	1.602291E-3	7.274031E-3	1.292412E-2	3.065154E-3	-9.472989E+9	-9.553718E+9	-7.671243E+6	8.072869E+7	-1.139302E+11
5.375110E+2	5.582655E-1	1.126684E+10	5.383109E-1	6.483841E+8	5.607131E-1	1.129572E+10	5.398235E-1	6.674773E+8	5.710226E-1	1.156570E+11	5.663918E-1	1.155370E+11	5.700905E-1	1.269527E+11	5.656610E-1	1.268039E+11	-1.995466E-2	-2.088956E-2	-1.512653E-3	9.349066E-4	-2.735013E-2	-1.061846E+10	-1.062825E+10	-1.909317E+7	9.787324E+6	-1.261555E+11
5.377840E+2	6.590240E-1	1.312469E+10	6.980394E-1	8.210620E+8	6.525629E-1	1.298859E+10	6.372954E-1	7.777642E+8	6.639441E-1	1.328861E+11	6.600862E-1	1.330203E+11	6.629151E-1	1.458747E+11	6.599907E-1	1.461450E+11	3.901541E-2	-1.526755E-2	6.074399E-2	5.428296E-2	3.804867E-2	-1.230362E+10	-1.221083E+10	4.329789E+7	-9.279415E+7	-1.453239E+11
5.380160E+2	7.269529E-1	1.437720E+10	7.266406E-1	8.519820E+8	7.293877E-1	1.440454E+10	7.453908E-1	9.000713E+8	7.352993E-1	1.461165E+11	7.351026E-1	1.470183E+11	7.347648E-1	1.605210E+11	7.343698E-1	1.613955E+11	-3.123435E-4	1.600304E-2	-1.875016E-2	-1.631538E-2	-7.729161E-3	-1.352522E+10	-1.350447E+10	-4.808925E+7	-2.074978E+7	-1.605435E+11
5.382850E+2	8.612858E-1	1.685411E+10	8.447125E-1	9.796263E+8	8.624926E-1	1.685778E+10	8.206854E-1	9.852652E+8	8.699004E-1	1.710736E+11	8.607521E-1	1.704644E+11	8.692306E-1	1.879314E+11	8.608001E-1	1.873185E+11	-1.657327E-2	-4.180723E-2	2.402716E-2	2.523395E-2	-1.608754E-2	-1.587448E+10	-1.587251E+10	-5.638945E+6	-1.971713E+6	-1.863388E+11
5.385170E+2	1.042757E+0	2.020018E+10	1.039633E+0	1.190349E+9	1.036176E+0	2.005890E+10	1.026343E+0	1.217961E+9	1.046012E+0	2.037274E+11	1.035611E+0	2.030928E+11	1.045122E+0	2.237863E+11	1.036253E+0	2.232930E+11	-3.123629E-3	-9.833060E-3	1.329045E-2	6.709431E-3	3.379575E-3	-1.900983E+10	-1.884094E+10	-2.761172E+7	-1.688850E+8	-2.221026E+11
5.387600E+2	1.244713E+0	2.392396E+10	1.313322E+0	1.486227E+9	1.249044E+0	2.398225E+10	1.223143E+0	1.440636E+9	1.254493E+0	2.423831E+11	1.247792E+0	2.426856E+11	1.254000E+0	2.663653E+11	1.247515E+0	2.666095E+11	6.860927E-2	-2.590071E-2	9.017874E-2	9.450997E-2	6.580701E-2	-2.243774E+10	-2.254161E+10	4.559078E+7	1.038768E+8	-2.651233E+11
5.390340E+2	1.430240E+0	2.734482E+10	1.475118E+0	1.661139E+9	1.422656E+0	2.718207E+10	1.380380E+0	1.618545E+9	1.421869E+0	2.734173E+11	1.414255E+0	2.737474E+11	1.421940E+0	3.005994E+11	1.415692E+0	3.010922E+11	4.487785E-2	-4.227641E-2	9.473801E-2	8.715426E-2	5.942545E-2	-2.568368E+10	-2.556353E+10	4.259456E+7	-1.201584E+8	-2.994311E+11
5.392670E+2	1.617577E+0	3.079905E+10	1.702047E+0	1.906466E+9	1.619198E+0	3.080451E+10	1.582844E+0	1.847628E+9	1.608079E+0	3.079434E+11	1.601850E+0	3.087525E+11	1.609084E+0	3.387479E+11	1.603265E+0	3.395516E+11	8.447030E-2	-3.635435E-2	1.192032E-1	1.208246E-1	9.878232E-2	-2.889258E+10	-2.895688E+10	5.883853E+7	6.429497E+7	-3.376451E+11
5.395320E+2	1.800988E+0	3.418089E+10	1.849239E+0	2.065591E+9	1.801459E+0	3.416373E+10	1.765290E+0	2.054061E+9	1.775850E+0	3.390508E+11	1.770503E+0	3.402230E+11	1.778165E+0	3.732145E+11	1.773244E+0	3.744038E+11	4.825124E-2	-3.616918E-2	8.394892E-2	8.442042E-2	7.599436E-2	-3.211530E+10	-3.210967E+10	1.153035E+7	-5.626576E+6	-3.723383E+11
5.397750E+2	1.968305E+0	3.726598E+10	2.094100E+0	2.330303E+9	1.947096E+0	3.684794E+10	1.937968E+0	2.249441E+9	1.927596E+0	3.671870E+11	1.927914E+0	3.695956E+11	1.929359E+0	4.040349E+11	1.931546E+0	4.068616E+11	1.257949E-1	-9.128197E-3	1.561320E-1	1.349231E-1	1.625536E-1	-3.493568E+10	-3.459850E+10	8.086202E+7	-3.371775E+8	-4.045313E+11
5.400190E+2	2.049539E+0	3.876383E+10	2.081529E+0	2.316713E+9	2.075039E+0	3.920604E+10	2.110302E+0	2.444433E+9	2.022517E+0	3.847867E+11	2.032150E+0	3.890461E+11	2.027265E+0	4.239928E+11	2.033714E+0	4.278099E+11	3.198963E-2	3.526343E-2	-2.877314E-2	-3.273801E-3	4.781468E-2	-3.644712E+10	-3.676161E+10	-1.277197E+8	3.144845E+8	-4.254932E+11
5.402530E+2	2.038887E+0	3.856743E+10	2.061614E+0	2.295184E+9	2.036066E+0	3.848774E+10	1.990764E+0	2.309179E+9	1.986152E+0	3.780441E+11	1.990558E+0	3.812851E+11	1.990665E+0	4.165318E+11	1.994905E+0	4.198525E+11	2.272698E-2	-4.530155E-2	7.085015E-2	6.802853E-2	6.670977E-2	-3.627224E+10	-3.617856E+10	-1.399482E+7	-9.368777E+7	-4.175573E+11
5.405080E+2	1.984707E+0	3.756841E+10	2.056390E+0	2.289536E+9	1.955709E+0	3.700669E+10	1.906206E+0	2.213504E+9	1.936136E+0	3.687703E+11	1.941146E+0	3.720648E+11	1.937905E+0	4.057770E+11	1.945064E+0	4.096332E+11	7.168349E-2	-4.950262E-2	1.501838E-1	1.211861E-1	1.113263E-1	-3.527887E+10	-3.479319E+10	7.603242E+7	-4.856879E+8	-4.073437E+11
5.407630E+2	1.778971E+0	3.377494E+10	1.847734E+0	2.063964E+9	1.791831E+0	3.398628E+10	1.851299E+0	2.151377E+9	1.754220E+0	3.350403E+11	1.754106E+0	3.371632E+11	1.757621E+0	3.690266E+11	1.756342E+0	3.709382E+11	6.876284E-2	5.946734E-2	-3.564710E-3	9.295500E-3	9.139202E-2	-3.171097E+10	-3.183491E+10	-8.741321E+7	1.239348E+8	-3.688742E+11
5.410190E+2	1.720522E+0	3.269721E+10	1.755698E+0	1.964467E+9	1.712479E+0	3.252376E+10	1.657768E+0	1.932403E+9	1.682083E+0	3.216650E+11	1.687500E+0	3.247347E+11	1.684831E+0	3.541888E+11	1.690470E+0	3.574319E+11	3.517625E-2	-5.471072E-2	9.792953E-2	8.988697E-2	6.522826E-2	-3.073275E+10	-3.059135E+10	3.206375E+7	-1.413919E+8	-3.554674E+11
5.412690E+2	1.751873E+0	3.327528E+10	1.839801E+0	2.055389E+9	1.742339E+0	3.307411E+10	1.679168E+0	1.956616E+9	1.711395E+0	3.270998E+11	1.719728E+0	3.307484E+11	1.714192E+0	3.601739E+11	1.722619E+0	3.640237E+11	8.792869E-2	-6.317158E-2	1.606335E-1	1.511003E-1	1.171825E-1	-3.121989E+10	-3.111749E+10	9.877263E+7	-1.023998E+8	-3.619683E+11
5.415090E+2	1.674202E+0	3.184314E+10	1.686204E+0	1.889339E+9	1.665107E+0	3.165064E+10	1.670264E+0	1.946542E+9	1.653474E+0	3.163605E+11	1.657985E+0	3.192272E+11	1.654526E+0	3.480112E+11	1.659444E+0	3.510704E+11	1.200195E-2	5.157449E-3	1.593981E-2	6.844502E-3	2.676035E-2	-2.995380E+10	-2.970410E+10	-5.720284E+7	-2.497030E+8	-3.491811E+11
5.417650E+2	1.506788E+0	2.875626E+10	1.497039E+0	1.684838E+9	1.495041E+0	2.851618E+10	1.471798E+0	1.721982E+9	1.484574E+0	2.850438E+11	1.489929E+0	2.878681E+11	1.485520E+0	3.135599E+11	1.491445E+0	3.166243E+11	-9.748246E-3	-2.324271E-2	2.524135E-2	1.349446E-2	5.594403E-3	-2.707142E+10	-2.679420E+10	-3.714401E+7	-2.772196E+8	-3.149395E+11
5.420160E+2	1.268893E+0	2.436982E+10	1.311065E+0	1.483786E+9	1.280335E+0	2.455898E+10	1.231139E+0	1.449683E+9	1.268493E+0	2.449789E+11	1.269792E+0	2.467908E+11	1.269563E+0	2.695379E+11	1.269711E+0	2.711606E+11	4.217169E-2	-4.919598E-2	7.992532E-2	9.136767E-2	4.135351E-2	-2.288603E+10	-2.310930E+10	3.410306E+7	2.232660E+8	-2.696768E+11
5.422780E+2	1.139200E+0	2.197845E+10	1.137533E+0	1.296186E+9	1.124395E+0	2.168486E+10	1.087771E+0	1.287466E+9	1.142477E+0	2.216136E+11	1.140166E+0	2.226027E+11	1.140842E+0	2.432984E+11	1.140079E+0	2.445811E+11	-1.666995E-3	-3.662376E-2	4.976139E-2	3.495676E-2	-2.546285E-3	-2.068227E+10	-2.039740E+10	8.719807E+6	-2.848678E+8	-2.432849E+11
5.425080E+2	1.002297E+0	1.945415E+10	1.049252E+0	1.200748E+9	9.906177E-1	1.921923E+10	9.936183E-1	1.180934E+9	1.004378E+0	1.960079E+11	9.953114E-1	1.955730E+11	1.003134E+0	2.152271E+11	9.959396E-1	2.150271E+11	4.695530E-2	3.000580E-3	5.563378E-2	4.395472E-2	5.331245E-2	-1.825341E+10	-1.803830E+10	1.981383E+7	-2.151076E+8	-2.138264E+11
5.427710E+2	9.694596E-1	1.884868E+10	1.004229E+0	1.152075E+9	9.738835E-1	1.891081E+10	9.470895E-1	1.128288E+9	9.831684E-1	1.920753E+11	9.777478E-1	1.922956E+11	9.823289E-1	2.109861E+11	9.770025E-1	2.111443E+11	3.476931E-2	-2.679401E-2	5.713939E-2	6.156332E-2	2.722644E-2	-1.769661E+10	-1.778252E+10	2.378667E+7	8.591132E+7	-2.099922E+11
5.430170E+2	9.906663E-1	1.923970E+10	9.856918E-1	1.132035E+9	9.726829E-1	1.888868E+10	9.440998E-1	1.124905E+9	9.932775E-1	1.939497E+11	9.856946E-1	1.937785E+11	9.914154E-1	2.128384E+11	9.861417E-1	2.130182E+11	-4.974509E-3	-2.858310E-2	4.159198E-2	2.360859E-2	-4.499269E-4	-1.810767E+10	-1.776377E+10	7.129489E+6	-3.438961E+8	-2.118862E+11
5.432860E+2	1.122607E+0	2.167251E+10	1.179683E+0	1.341753E+9	1.111807E+0	2.145285E+10	1.096526E+0	1.297372E+9	1.127293E+0	2.187983E+11	1.113077E+0	2.175478E+11	1.125893E+0	2.402512E+11	1.113934E+0	2.392204E+11	5.707582E-2	-1.528071E-2	8.315707E-2	7.235653E-2	6.574952E-2	-2.033076E+10	-2.015548E+10	4.438166E+7	-1.752787E+8	-2.378786E+11
5.435330E+2	1.282589E+0	2.462236E+10	1.294059E+0	1.465402E+9	1.277000E+0	2.449751E+10	1.261926E+0	1.484517E+9	1.273222E+0	2.458558E+11	1.269714E+0	2.467762E+11	1.273564E+0	2.703533E+11	1.270872E+0	2.713986E+11	1.146942E-2	-1.507447E-2	3.213303E-2	2.654389E-2	2.318695E-2	-2.315696E+10	-2.301299E+10	-1.911553E+7	-1.439636E+8	-2.699332E+11
5.437640E+2	1.433474E+0	2.740445E+10	1.519260E+0	1.708860E+9	1.427089E+0	2.726378E+10	1.402679E+0	1.643776E+9	1.425986E+0	2.741806E+11	1.418565E+0	2.745516E+11	1.426086E+0	3.014444E+11	1.419905E+0	3.019561E+11	8.578610E-2	-2.441032E-2	1.165809E-1	1.101964E-1	9.935442E-2	-2.569559E+10	-2.562000E+10	6.508433E+7	-7.558963E+7	-3.002472E+11
5.440220E+2	1.537260E+0	2.931813E+10	1.656972E+0	1.857737E+9	1.564214E+0	2.979111E+10	1.558658E+0	1.820263E+9	1.528444E+0	2.931779E+11	1.535335E+0	2.963408E+11	1.531678E+0	3.229690E+11	1.535508E+0	3.256589E+11	1.197117E-1	-5.555638E-3	9.831376E-2	1.252674E-1	1.214644E-1	-2.746040E+10	-2.797084E+10	3.747451E+7	5.104464E+8	-3.238012E+11
5.442750E+2	1.563800E+0	2.980748E+10	1.603635E+0	1.800076E+9	1.559380E+0	2.970202E+10	1.536587E+0	1.795289E+9	1.539441E+0	2.952169E+11	1.543899E+0	2.979389E+11	1.541244E+0	3.249189E+11	1.545689E+0	3.277464E+11	3.983545E-2	-2.279353E-2	6.704829E-2	6.262899E-2	5.794633E-2	-2.800740E+10	-2.790673E+10	4.786761E+6	-1.006763E+8	-3.259463E+11
5.445130E+2	1.534044E+0	2.925882E+10	1.559227E+0	1.752068E+9	1.536591E+0	2.928198E+10	1.536431E+0	1.795113E+9	1.510933E+0	2.899311E+11	1.516713E+0	2.928659E+11	1.513253E+0	3.192130E+11	1.518271E+0	3.221247E+11	2.518341E-2	-1.596277E-4	2.279622E-2	2.534304E-2	4.095619E-2	-2.750676E+10	-2.748687E+10	-4.304505E+7	-1.988617E+7	-3.203727E+11
5.447660E+2	1.539274E+0	2.935527E+10	1.643643E+0	1.843327E+9	1.538746E+0	2.932171E+10	1.492250E+0	1.745123E+9	1.508484E+0	2.894771E+11	1.518214E+0	2.931461E+11	1.511220E+0	3.187988E+11	1.520108E+0	3.225014E+11	1.043681E-1	-4.649562E-2	1.513923E-1	1.508637E-1	1.235346E-1	-2.751194E+10	-2.757658E+10	9.820335E+7	6.463903E+7	-3.206580E+11
5.450090E+2	1.538254E+0	2.933645E+10	1.649717E+0	1.849894E+9	1.533519E+0	2.922536E+10	1.479276E+0	1.730444E+9	1.508668E+0	2.895111E+11	1.511013E+0	2.918023E+11	1.510914E+0	3.187364E+11	1.513463E+0	3.211388E+11	1.114632E-1	-5.424248E-2	1.704410E-1	1.657056E-1	1.362546E-1	-2.748656E+10	-2.749492E+10	1.194503E+8	8.358966E+6	-3.192889E+11
5.452580E+2	1.379883E+0	2.641632E+10	1.407849E+0	1.588418E+9	1.398732E+0	2.674112E+10	1.363007E+0	1.598888E+9	1.376973E+0	2.650928E+11	1.381634E+0	2.676604E+11	1.378940E+0	2.918339E+11	1.381477E+0	2.940767E+11	2.796602E-2	-3.572465E-2	4.484240E-2	6.369067E-2	2.637273E-2	-2.482790E+10	-2.514223E+10	-1.047054E+7	3.143309E+8	-2.924883E+11
5.455130E+2	1.405616E+0	2.689080E+10	1.464772E+0	1.649955E+9	1.416313E+0	2.706516E+10	1.408142E+0	1.649957E+9	1.394596E+0	2.683604E+11	1.396580E+0	2.704493E+11	1.396560E+0	2.954256E+11	1.397393E+0	2.973401E+11	5.915582E-2	-8.171283E-3	5.663062E-2	6.732710E-2	6.737929E-2	-2.524085E+10	-2.541520E+10	-1.521661E+3	1.743564E+8	-2.956902E+11
5.457670E+2	1.333347E+0	2.555825E+10	1.379530E+0	1.557803E+9	1.330524E+0	2.548401E+10	1.329555E+0	1.561038E+9	1.318371E+0	2.542271E+11	1.316207E+0	2.554517E+11	1.319470E+0	2.797111E+11	1.317748E+0	2.810100E+11	4.618372E-2	-9.696690E-4	4.997549E-2	4.715339E-2	6.178214E-2	-2.400044E+10	-2.392297E+10	-3.235225E+6	-7.747703E+7	-2.794522E+11
5.460060E+2	1.266594E+0	2.432742E+10	1.330657E+0	1.504967E+9	1.251709E+0	2.403136E+10	1.237003E+0	1.456317E+9	1.255040E+0	2.424845E+11	1.252126E+0	2.434944E+11	1.254739E+0	2.665159E+11	1.253427E+0	2.678218E+11	6.406331E-2	-1.470604E-2	9.365470E-2	7.876935E-2	7.722974E-2	-2.282246E+10	-2.257504E+10	4.865000E+7	-2.474114E+8	-2.663169E+11
5.467600E+2	1.245074E+0	2.393063E+10	1.240272E+0	1.407255E+9	1.236434E+0	2.374985E+10	1.274439E+0	1.498675E+9	1.227476E+0	2.373737E+11	1.228408E+0	2.390686E+11	1.228286E+0	2.611236E+11	1.229907E+0	2.629992E+11	-4.801659E-3	3.800423E-2	-3.416628E-2	-4.280589E-2	1.036562E-2	-2.252337E+10	-2.225117E+10	-9.142051E+7	-2.722011E+8	-2.615920E+11
5.475280E+2	1.293111E+0	2.481635E+10	1.306981E+0	1.479372E+9	1.291555E+0	2.476577E+10	1.266023E+0	1.489154E+9	1.281910E+0	2.474666E+11	1.283638E+0	2.493745E+11	1.282782E+0	2.722324E+11	1.284490E+0	2.741908E+11	1.387064E-2	-2.553183E-2	4.095770E-2	3.940247E-2	2.249121E-2	-2.333698E+10	-2.327662E+10	-9.781969E+6	-6.036300E+7	-2.727114E+11
5.482600E+2	1.388713E+0	2.657912E+10	1.438972E+0	1.622064E+9	1.381270E+0	2.641929E+10	1.379169E+0	1.617175E+9	1.375935E+0	2.649003E+11	1.370499E+0	2.655826E+11	1.376417E+0	2.913196E+11	1.372137E+0	2.921617E+11	5.025948E-2	-2.101052E-3	5.980335E-2	5.236053E-2	6.683538E-2	-2.495706E+10	-2.480211E+10	4.888723E+6	-1.549455E+8	-2.905396E+11
5.490100E+2	1.334992E+0	2.558859E+10	1.419411E+0	1.600917E+9	1.349876E+0	2.584067E+10	1.324833E+0	1.555695E+9	1.325311E+0	2.555139E+11	1.330417E+0	2.581034E+11	1.327532E+0	2.813545E+11	1.330828E+0	2.836919E+11	8.441916E-2	-2.504314E-2	9.457831E-2	1.094623E-1	8.858261E-2	-2.398767E+10	-2.428498E+10	4.522161E+7	2.973054E+8	-2.820910E+11
5.497520E+2	1.270012E+0	2.439045E+10	1.321554E+0	1.495126E+9	1.265949E+0	2.429383E+10	1.206542E+0	1.421852E+9	1.259186E+0	2.432533E+11	1.256295E+0	2.442723E+11	1.259798E+0	2.675471E+11	1.257529E+0	2.686628E+11	5.154153E-2	-5.940740E-2	1.150121E-1	1.109489E-1	6.402497E-2	-2.289533E+10	-2.287198E+10	7.327418E+7	-2.335181E+7	-2.671677E+11
5.505110E+2	1.284231E+0	2.465263E+10	1.371570E+0	1.549197E+9	1.279578E+0	2.454501E+10	1.237610E+0	1.457004E+9	1.275352E+0	2.462506E+11	1.274243E+0	2.476214E+11	1.275734E+0	2.707956E+11	1.275142E+0	2.722740E+11	8.733941E-2	-4.196805E-2	1.339609E-1	1.293075E-1	9.642894E-2	-2.310343E+10	-2.308801E+10	9.219326E+7	-1.542115E+7	-2.707248E+11
5.512570E+2	1.294874E+0	2.484887E+10	1.279367E+0	1.449519E+9	1.289349E+0	2.472510E+10	1.309965E+0	1.538872E+9	1.287511E+0	2.485052E+11	1.284976E+0	2.496241E+11	1.287677E+0	2.732303E+11	1.285866E+0	2.744730E+11	-1.550763E-2	2.061608E-2	-3.059810E-2	-3.612371E-2	-6.499253E-3	-2.339936E+10	-2.318623E+10	-8.935366E+7	-2.131258E+8	-2.730234E+11
5.520150E+2	1.226774E+0	2.359319E+10	1.297734E+0	1.469375E+9	1.232038E+0	2.366882E+10	1.227965E+0	1.446091E+9	1.229682E+0	2.377828E+11	1.228750E+0	2.391324E+11	1.229895E+0	2.614516E+11	1.228572E+0	2.627256E+11	7.096026E-2	-4.073635E-3	6.976930E-2	7.503390E-2	6.916160E-2	-2.212382E+10	-2.222273E+10	2.328369E+7	9.891134E+7	-2.612562E+11
5.527700E+2	1.287933E+0	2.472088E+10	1.283751E+0	1.454258E+9	1.303504E+0	2.498600E+10	1.275554E+0	1.499937E+9	1.294002E+0	2.497087E+11	1.296183E+0	2.517153E+11	1.294861E+0	2.746947E+11	1.295441E+0	2.764362E+11	-4.181564E-3	-2.795050E-2	8.197523E-3	2.376893E-2	-1.169002E-2	-2.326662E+10	-2.348606E+10	-4.567841E+7	2.194393E+8	-2.749820E+11
5.535330E+2	1.251674E+0	2.405233E+10	1.274442E+0	1.444195E+9	1.239652E+0	2.380914E+10	1.232866E+0	1.451637E+9	1.232994E+0	2.383968E+11	1.233283E+0	2.399783E+11	1.233596E+0	2.622059E+11	1.234937E+0	2.640306E+11	2.276788E-2	-6.785792E-3	4.157655E-2	2.955368E-2	3.950503E-2	-2.260813E+10	-2.235750E+10	-7.441712E+6	-2.506297E+8	-2.625864E+11
5.542700E+2	1.183893E+0	2.280253E+10	1.285643E+0	1.456304E+9	1.189952E+0	2.289313E+10	1.156317E+0	1.365024E+9	1.183088E+0	2.291435E+11	1.185145E+0	2.309957E+11	1.183709E+0	2.520367E+11	1.185032E+0	2.537983E+11	1.017505E-1	-3.363457E-2	1.293262E-1	1.353851E-1	1.006111E-1	-2.134623E+10	-2.152811E+10	9.128015E+7	1.818793E+8	-2.523420E+11
5.550310E+2	1.080776E+0	2.090120E+10	1.141670E+0	1.300659E+9	1.064072E+0	2.057305E+10	1.084646E+0	1.283930E+9	1.071659E+0	2.084829E+11	1.068207E+0	2.091753E+11	1.070973E+0	2.290560E+11	1.069338E+0	2.300765E+11	6.089444E-2	2.057450E-2	5.702394E-2	4.031994E-2	7.233255E-2	-1.960054E+10	-1.928912E+10	1.672866E+7	-3.114139E+8	-2.287758E+11
5.557600E+2	1.001728E+0	1.944367E+10	1.042908E+0	1.193889E+9	1.005062E+0	1.948545E+10	9.515672E-1	1.133355E+9	1.011830E+0	1.973895E+11	1.006734E+0	1.977043E+11	1.011218E+0	2.168750E+11	1.006283E+0	2.171480E+11	4.117974E-2	-5.349488E-2	9.134055E-2	9.467463E-2	3.662429E-2	-1.824978E+10	-1.835210E+10	6.053489E+7	1.023229E+8	-2.159541E+11
5.560130E+2	9.604646E-1	1.868283E+10	9.560487E-1	1.099989E+9	9.643099E-1	1.873436E+10	9.637646E-1	1.147156E+9	9.623742E-1	1.882197E+11	9.586655E-1	1.887349E+11	9.625492E-1	2.069541E+11	9.588273E-1	2.074177E+11	-4.415916E-3	-5.453001E-4	-7.715969E-3	-3.870616E-3	-2.778651E-3	-1.758284E+10	-1.758720E+10	-4.716709E+7	4.363485E+6	-2.063177E+11
5.565030E+2	9.316344E-1	1.815124E+10	9.552029E-1	1.099074E+9	9.277119E-1	1.805983E+10	9.564427E-1	1.138871E+9	9.361934E-1	1.833654E+11	9.399356E-1	1.852399E+11	9.354265E-1	2.014252E+11	9.391891E-1	2.033912E+11	2.356846E-2	2.873075E-2	-1.239790E-3	-5.162292E-3	1.601380E-2	-1.705217E+10	-1.692095E+10	-3.979683E+7	-1.312114E+8	-2.022921E+11
5.570100E+2	9.583472E-1	1.864379E+10	9.500429E-1	1.093496E+9	9.585853E-1	1.862885E+10	9.953700E-1	1.182916E+9	9.618445E-1	1.881215E+11	9.589461E-1	1.887873E+11	9.615498E-1	2.067504E+11	9.588923E-1	2.074310E+11	-8.304315E-3	3.678465E-2	-4.532708E-2	-4.508897E-2	-8.849341E-3	-1.755029E+10	-1.744593E+10	-8.942038E+7	-1.043580E+8	-2.063376E+11
5.575080E+2	1.000352E+0	1.941830E+10	9.784495E-1	1.124206E+9	9.940544E-1	1.928257E+10	9.616010E-1	1.144708E+9	9.977142E-1	1.947723E+11	9.944316E-1	1.954088E+11	9.973833E-1	2.140549E+11	9.949640E-1	2.148271E+11	-2.190267E-2	-3.245336E-2	1.684849E-2	1.055069E-2	-1.651448E-2	-1.829409E+10	-1.813787E+10	-2.050210E+7	-1.562272E+8	-2.137029E+11
5.580400E+2	1.024327E+0	1.986036E+10	9.878583E-1	1.134377E+9	1.031162E+0	1.996650E+10	1.024946E+0	1.216381E+9	1.021019E+0	1.990933E+11	1.021016E+0	2.003695E+11	1.021936E+0	2.190598E+11	1.021314E+0	2.202298E+11	-3.646858E-2	-6.215855E-3	-3.708787E-2	-3.025272E-2	-3.345560E-2	-1.872598E+10	-1.875012E+10	-8.200392E+7	2.413687E+7	-2.190954E+11
5.585390E+2	1.048050E+0	2.029778E+10	1.055506E+0	1.207509E+9	1.054733E+0	2.040094E+10	1.068033E+0	1.265132E+9	1.043118E+0	2.031909E+11	1.044706E+0	2.047900E+11	1.044168E+0	2.235919E+11	1.045007E+0	2.250878E+11	7.455522E-3	1.329949E-2	-1.252684E-2	-5.843967E-3	1.049896E-2	-1.909028E+10	-1.913580E+10	-5.762335E+7	4.552738E+7	-2.238803E+11
5.590160E+2	1.019724E+0	1.977549E+10	1.007081E+0	1.155158E+9	1.016488E+0	1.969605E+10	9.860975E-1	1.172425E+9	1.023082E+0	1.994758E+11	1.021837E+0	2.005226E+11	1.022485E+0	2.191719E+11	1.021647E+0	2.202980E+11	-1.264325E-2	-3.039056E-2	2.098325E-2	1.774731E-2	-1.456586E-2	-1.862033E+10	-1.852362E+10	-1.726681E+7	-9.670908E+7	-2.191429E+11
5.595000E+2	1.037202E+0	2.009776E+10	1.070161E+0	1.223352E+9	1.046381E+0	2.024700E+10	1.012703E+0	1.202529E+9	1.048912E+0	2.042652E+11	1.046101E+0	2.050503E+11	1.048683E+0	2.245122E+11	1.045301E+0	2.251480E+11	3.295880E-2	-3.367797E-2	5.745767E-2	6.663677E-2	2.486029E-2	-1.887441E+10	-1.904448E+10	2.082365E+7	1.700658E+8	-2.239247E+11
5.600470E+2	9.755627E-1	1.896122E+10	1.024290E+0	1.173762E+9	9.684495E-1	1.881065E+10	9.688241E-1	1.152880E+9	9.710350E-1	1.898256E+11	9.720464E-1	1.912318E+11	9.708012E-1	2.086362E+11	9.723626E-1	2.101930E+11	4.872727E-2	3.745967E-4	5.546580E-2	4.835267E-2	5.192731E-2	-1.778745E+10	-1.765777E+10	2.088192E+7	-1.296787E+8	-2.090192E+11
5.605040E+2	1.023998E+0	1.985430E+10	1.008756E+0	1.156969E+9	1.025436E+0	1.986096E+10	1.053899E+0	1.249140E+9	1.014739E+0	1.979290E+11	1.017639E+0	1.997392E+11	1.015706E+0	2.177900E+11	1.018211E+0	2.195935E+11	-1.524212E-2	2.846281E-2	-4.514238E-2	-4.370493E-2	-9.454317E-3	-1.869733E+10	-1.861182E+10	-9.217070E+7	-8.551142E+7	-2.184366E+11
5.610180E+2	9.808017E-1	1.905782E+10	9.626526E-1	1.107128E+9	9.769984E-1	1.896822E+10	9.720839E-1	1.156569E+9	9.823432E-1	1.919223E+11	9.833418E-1	1.933395E+11	9.818599E-1	2.108905E+11	9.831134E-1	2.123973E+11	-1.814912E-2	-4.914553E-3	-9.431261E-3	-1.323456E-2	-2.046077E-2	-1.795069E+10	-1.781165E+10	-4.944075E+7	-1.390389E+8	-2.112902E+11
