Photon Energy (eV)	X ref norm	X ref	X pump norm	X pump	Y ref norm	Y ref	Y pump norm	Y pump	X all norm	X all	Y all norm	Y all	X all Y ref norm	X all Y ref	Y all X ref norm	Y all X ref	BC(X hist) norm	BC(Y hist) norm	StS norm	BCSC norm	BCLR norm	BC(X hist)	BC(Y hist)	StS	BCSC	BCLR	
5.300320E+2	-7.143276E-3	8.414980E+8	-1.294188E-2	4.399419E+7	-7.069362E-3	8.310056E+8	-1.624835E-3	6.102422E+7	-7.498196E-3	8.390202E+9	-7.562161E-3	8.437809E+9	-7.459423E-3	9.221208E+9	-7.524491E-3	9.279307E+9	-5.798606E-3	5.444526E-3	-1.131705E-2	-1.124313E-2	-5.417390E-3	-7.975038E+8	-7.699814E+8	-1.703003E+7	-2.752240E+7	-9.235313E+9
5.305030E+2	-7.552642E-3	8.339498E+8	-7.680999E-3	4.997237E+7	-7.189379E-3	8.287936E+8	-1.130211E-2	4.997238E+7	-6.903297E-3	8.500505E+9	-7.474836E-3	8.454103E+9	-6.929164E-3	9.329299E+9	-7.481833E-3	9.288053E+9	-1.283564E-4	-4.112729E-3	3.621110E-3	3.984373E-3	-1.991655E-4	-7.839775E+8	-7.788212E+8	-9.994478E+0	-5.156266E+6	-9.238081E+9
5.310100E+2	-6.496170E-3	8.534297E+8	-1.855965E-3	5.659163E+7	-3.977398E-3	8.879931E+8	-5.506161E-3	5.659159E+7	-5.821794E-3	8.701033E+9	-5.781062E-3	8.770160E+9	-5.655032E-3	9.589026E+9	-5.845370E-3	9.623590E+9	4.640205E-3	-1.528763E-3	3.650196E-3	6.168969E-3	3.989405E-3	-7.968381E+8	-8.314016E+8	3.671199E+1	3.456349E+7	-9.566998E+9
5.315130E+2	-3.594219E-3	9.069376E+8	-1.782783E-3	5.667479E+7	-1.221823E-3	9.387808E+8	6.018768E-3	6.975353E+7	-3.064661E-3	9.212249E+9	-3.208250E-3	9.250244E+9	-2.898040E-3	1.015103E+10	-3.242960E-3	1.015718E+10	1.811436E-3	7.240591E-3	-7.801551E-3	-5.429155E-3	1.460177E-3	-8.502628E+8	-8.690272E+8	-1.307874E+7	1.876441E+7	-1.010051E+10
5.320170E+2	3.147540E-4	9.790136E+8	-4.352694E-3	5.375448E+7	-2.021836E-3	9.240358E+8	4.730838E-3	6.828266E+7	3.117609E-4	9.838290E+9	1.318164E-3	1.009487E+10	1.007679E-4	1.076233E+10	1.227930E-3	1.107388E+10	-4.667448E-3	6.752674E-3	-9.083532E-3	-1.142012E-2	-5.580624E-3	-9.252591E+8	-8.557532E+8	-1.452818E+7	-6.950593E+7	-1.102013E+10
5.325120E+2	1.001269E-2	1.157830E+9	1.540913E-2	7.621075E+7	8.583082E-3	1.119494E+9	-5.185088E-4	6.228769E+7	7.715709E-3	1.121110E+10	7.817618E-3	1.130766E+10	7.794133E-3	1.233059E+10	8.015017E-3	1.246549E+10	5.396434E-3	-9.101591E-3	1.592764E-2	1.449802E-2	7.394111E-3	-1.081619E+9	-1.057206E+9	1.392305E+7	-2.441334E+7	-1.238928E+10
5.330230E+2	1.445886E-2	1.239811E+9	1.320520E-2	7.370632E+7	1.289672E-2	1.198998E+9	8.202008E-3	7.224688E+7	1.526048E-2	1.261002E+10	1.489053E-2	1.262746E+10	1.504676E-2	1.380901E+10	1.485171E-2	1.386727E+10	-1.253665E-3	-4.694708E-3	5.003187E-3	3.441043E-3	-1.646512E-3	-1.166105E+9	-1.126751E+9	1.459439E+6	-3.935407E+7	-1.379356E+10
5.331580E+2	1.547066E-2	1.258467E+9	1.805144E-2	7.921333E+7	1.656549E-2	1.266616E+9	1.558642E-2	8.068018E+7	1.920539E-2	1.334146E+10	1.811078E-2	1.322835E+10	1.896670E-2	1.460808E+10	1.787336E-2	1.448682E+10	2.580781E-3	-9.790662E-4	2.465021E-3	3.559847E-3	1.780832E-4	-1.179254E+9	-1.185936E+9	-1.466847E+6	6.682060E+6	-1.440761E+10
5.333130E+2	2.198946E-2	1.378665E+9	2.903140E-2	9.169036E+7	2.451812E-2	1.413190E+9	1.551511E-2	8.059874E+7	2.450782E-2	1.432462E+10	2.399607E-2	1.432654E+10	2.450875E-2	1.573781E+10	2.381562E-2	1.570521E+10	7.041942E-3	-9.003008E-3	1.351628E-2	1.604495E-2	5.215779E-3	-1.286974E+9	-1.332591E+9	1.109162E+7	4.561698E+7	-1.561352E+10
5.334580E+2	2.832280E-2	1.495443E+9	1.977059E-2	8.116688E+7	2.850724E-2	1.486713E+9	3.410360E-2	1.018276E+8	3.048745E-2	1.543333E+10	3.059234E-2	1.555740E+10	3.030841E-2	1.692005E+10	3.038825E-2	1.705284E+10	-8.552206E-3	5.596362E-3	-1.433301E-2	-1.414857E-2	-1.061765E-2	-1.414276E+9	-1.384885E+9	-2.066067E+7	-2.939037E+7	-1.697168E+10
5.336080E+2	3.593032E-2	1.635715E+9	4.659438E-2	1.116480E+8	3.765974E-2	1.655401E+9	4.400623E-2	1.131368E+8	3.861886E-2	1.694103E+10	3.821499E-2	1.697978E+10	3.853214E-2	1.859643E+10	3.800954E-2	1.861549E+10	1.066406E-2	6.346485E-3	2.588150E-3	4.317574E-3	8.584840E-3	-1.524067E+9	-1.542265E+9	-1.488771E+6	1.819799E+7	-1.850384E+10
5.337630E+2	4.907004E-2	1.877993E+9	5.050058E-2	1.160868E+8	5.032012E-2	1.888743E+9	4.528611E-2	1.145984E+8	4.954761E-2	1.896739E+10	4.835117E-2	1.887118E+10	4.961745E-2	2.085613E+10	4.841582E-2	2.074917E+10	1.430531E-3	-5.034007E-3	5.214465E-3	6.464537E-3	2.084755E-3	-1.761906E+9	-1.774144E+9	1.488344E+6	1.223857E+7	-2.063309E+10
5.339090E+2	6.168270E-2	2.110552E+9	6.253806E-2	1.297655E+8	5.835465E-2	2.036826E+9	4.942473E-2	1.193249E+8	6.656778E-2	2.212319E+10	6.298339E-2	2.160154E+10	6.582519E-2	2.416002E+10	6.286642E-2	2.371209E+10	8.553602E-4	-8.929917E-3	1.311333E-2	9.785277E-3	-3.283584E-4	-1.980787E+9	-1.917501E+9	1.044062E+7	-6.328552E+7	-2.358232E+10
5.340640E+2	9.395288E-2	2.705569E+9	1.130795E-1	1.871980E+8	9.987220E-2	2.802030E+9	1.003664E-1	1.775023E+8	1.039857E-1	2.906106E+10	1.007603E-1	2.865067E+10	1.036138E-1	3.186309E+10	1.001482E-1	3.135624E+10	1.912658E-2	4.941830E-4	1.271308E-2	1.863240E-2	1.293131E-2	-2.518371E+9	-2.624528E+9	9.695700E+6	1.061569E+8	-3.116905E+10
5.342090E+2	1.378244E-1	3.514498E+9	1.223799E-1	1.977666E+8	1.329002E-1	3.410764E+9	1.311798E-1	2.126926E+8	1.459430E-1	3.684061E+10	1.376249E-1	3.552956E+10	1.447638E-1	4.025137E+10	1.376428E-1	3.904406E+10	-1.544442E-2	-1.720303E-3	-8.799907E-3	-1.372411E-2	-1.526289E-2	-3.316731E+9	-3.198071E+9	-1.492597E+7	-1.186598E+8	-3.884630E+10
5.343600E+2	2.319791E-1	5.250579E+9	2.429033E-1	3.347229E+8	2.342887E-1	5.279442E+9	2.439474E-1	3.414777E+8	2.547325E-1	5.701188E+10	2.409387E-1	5.480781E+10	2.528841E-1	6.229132E+10	2.401330E-1	6.005839E+10	1.092417E-2	9.658649E-3	-1.044049E-3	1.265524E-3	2.770333E-3	-4.915856E+9	-4.937964E+9	-6.754796E+6	2.210746E+7	-5.972367E+10
5.345160E+2	4.079322E-1	8.494907E+9	4.747338E-1	5.981625E+8	4.064346E-1	8.452238E+9	4.223563E-1	5.452279E+8	4.387790E-1	9.113699E+10	4.140711E-1	8.711414E+10	4.358546E-1	9.958923E+10	4.135190E-1	9.560904E+10	6.680160E-2	1.592163E-2	5.237754E-2	5.087997E-2	6.121477E-2	-7.896744E+9	-7.907010E+9	5.293464E+7	1.026633E+7	-9.501088E+10
5.346620E+2	6.731446E-1	1.338505E+10	7.066145E-1	8.616592E+8	6.725916E-1	1.335774E+10	6.423029E-1	7.964159E+8	7.066608E-1	1.408065E+11	6.731849E-1	1.354645E+11	7.035804E-1	1.541642E+11	6.731813E-1	1.488496E+11	3.346985E-2	-3.028871E-2	6.431156E-2	6.375856E-2	3.343318E-2	-1.252339E+10	-1.256132E+10	6.524330E+7	3.793207E+7	-1.479879E+11
5.348070E+2	1.028470E+0	1.993675E+10	1.071516E+0	1.276314E+9	1.017602E+0	1.971657E+10	1.007966E+0	1.214018E+9	1.058683E+0	2.060769E+11	1.022675E+0	2.006789E+11	1.054969E+0	2.257935E+11	1.023196E+0	2.206157E+11	4.304601E-2	-9.635860E-3	6.355024E-2	5.268187E-2	4.832044E-2	-1.866044E+10	-1.850255E+10	6.229586E+7	-1.578862E+8	-2.193394E+11
5.349630E+2	1.433204E+0	2.739947E+10	1.501912E+0	1.765392E+9	1.439505E+0	2.749261E+10	1.453449E+0	1.722777E+9	1.447635E+0	2.781946E+11	1.420659E+0	2.749424E+11	1.446900E+0	3.056872E+11	1.421787E+0	3.023419E+11	6.870826E-2	1.394340E-2	4.846343E-2	5.476485E-2	8.012492E-2	-2.563408E+10	-2.576984E+10	4.261517E+7	1.357549E+8	-3.005765E+11
5.351090E+2	1.690528E+0	3.214417E+10	1.670988E+0	1.957521E+9	1.690575E+0	3.212005E+10	1.654343E+0	1.952207E+9	1.692324E+0	3.235639E+11	1.681503E+0	3.236157E+11	1.692166E+0	3.556840E+11	1.682315E+0	3.557598E+11	-1.954010E-2	-3.623178E-2	1.664463E-2	1.669168E-2	-1.132668E-2	-3.018665E+10	-3.016784E+10	5.313974E+6	-1.881101E+7	-3.538023E+11
5.352550E+2	1.961646E+0	3.714320E+10	1.963885E+0	2.290354E+9	1.947440E+0	3.685429E+10	1.915785E+0	2.250785E+9	1.916915E+0	3.652066E+11	1.918177E+0	3.677788E+11	1.919675E+0	4.020609E+11	1.922086E+0	4.049220E+11	2.239665E-3	-3.165500E-2	4.809999E-2	3.389466E-2	4.179909E-2	-3.485285E+10	-3.460351E+10	3.956933E+7	-2.493373E+8	-4.026316E+11
5.354110E+2	2.085938E+0	3.943498E+10	1.992890E+0	2.323313E+9	2.073666E+0	3.918074E+10	2.074458E+0	2.431996E+9	2.023316E+0	3.849349E+11	2.035063E+0	3.895896E+11	2.027868E+0	4.241156E+11	2.039638E+0	4.290246E+11	-9.304826E-2	7.926154E-4	-8.156842E-2	-9.384088E-2	-4.674824E-2	-3.711167E+10	-3.674874E+10	-1.086824E+8	-3.629265E+8	-4.267013E+11
5.355630E+2	1.781909E+0	3.382911E+10	1.739185E+0	2.035017E+9	1.785665E+0	3.387263E+10	1.755573E+0	2.067815E+9	1.742969E+0	3.329543E+11	1.759142E+0	3.381030E+11	1.746830E+0	3.668269E+11	1.761189E+0	3.719321E+11	-4.272410E-2	-3.009195E-2	-1.638784E-2	-1.263215E-2	-2.200434E-2	-3.179409E+10	-3.180482E+10	-3.279880E+7	1.072230E+7	-3.698971E+11
5.357250E+2	1.613097E+0	3.071646E+10	1.606356E+0	1.884077E+9	1.628866E+0	3.098269E+10	1.548266E+0	1.831062E+9	1.590605E+0	3.047035E+11	1.604601E+0	3.092658E+11	1.594064E+0	3.356862E+11	1.605365E+0	3.399823E+11	-6.741333E-3	-8.059992E-2	5.809039E-2	7.385858E-2	9.908600E-4	-2.883238E+10	-2.915163E+10	5.301478E+7	3.192430E+8	-3.380982E+11
5.358550E+2	1.519087E+0	2.898304E+10	1.533767E+0	1.801591E+9	1.525515E+0	2.907785E+10	1.530565E+0	1.810848E+9	1.508653E+0	2.895083E+11	1.515022E+0	2.925505E+11	1.510177E+0	3.185862E+11	1.515388E+0	3.215336E+11	1.468067E-2	5.050307E-3	3.201912E-3	9.630358E-3	1.837949E-2	-2.718144E+10	-2.726700E+10	-9.256733E+6	8.555952E+7	-3.197320E+11
5.360120E+2	1.233422E+0	2.371577E+10	1.208986E+0	1.432527E+9	1.226303E+0	2.356311E+10	1.229450E+0	1.466961E+9	1.221202E+0	2.362104E+11	1.229994E+0	2.393645E+11	1.221663E+0	2.597735E+11	1.230302E+0	2.630802E+11	-2.443533E-2	3.147065E-3	-2.046345E-2	-2.758240E-2	-2.131561E-2	-2.228324E+10	-2.209615E+10	-3.443403E+7	-1.870973E+8	-2.616477E+11
5.362680E+2	9.258827E-1	1.804519E+10	9.538657E-1	1.142622E+9	9.138494E-1	1.780433E+10	8.949529E-1	1.084952E+9	9.257889E-1	1.814362E+11	9.237752E-1	1.822244E+11	9.247094E-1	1.992406E+11	9.239647E-1	2.002696E+11	2.798299E-2	-1.889644E-2	5.891282E-2	4.687943E-2	2.990104E-2	-1.690257E+10	-1.671937E+10	5.766972E+7	-1.831910E+8	-1.991270E+11
5.365250E+2	7.287499E-1	1.441034E+10	7.355720E-1	8.945650E+8	7.209919E-1	1.424980E+10	7.403573E-1	9.083980E+8	7.348047E-1	1.460248E+11	7.331698E-1	1.466576E+11	7.335558E-1	1.602746E+11	7.327724E-1	1.610680E+11	6.822049E-3	1.936536E-2	-4.785271E-3	-1.254331E-2	2.799633E-3	-1.351577E+10	-1.334140E+10	-1.383299E+7	-1.743698E+8	-1.601734E+11
5.367810E+2	5.811741E-1	1.168924E+10	5.944763E-1	7.342315E+8	5.831920E-1	1.171003E+10	5.641918E-1	7.072098E+8	5.867961E-1	1.185817E+11	5.867274E-1	1.193316E+11	5.864702E-1	1.302917E+11	5.862280E-1	1.310209E+11	1.330218E-2	-1.900026E-2	3.028456E-2	3.230244E-2	8.248284E-3	-1.095501E+10	-1.100282E+10	2.702167E+7	4.780550E+7	-1.302867E+11
5.370120E+2	5.319326E-1	1.078130E+10	5.875065E-1	7.263114E+8	5.297813E-1	1.072562E+10	5.250821E-1	6.625450E+8	5.442378E-1	1.106907E+11	5.361424E-1	1.098925E+11	5.429307E-1	1.214163E+11	5.357638E-1	1.206738E+11	5.557390E-2	-4.699189E-3	6.242443E-2	6.027309E-2	5.174274E-2	-1.005499E+10	-1.006308E+10	6.376639E+7	8.089014E+6	-1.199475E+11
5.372740E+2	4.944204E-1	1.008963E+10	5.139988E-1	6.427811E+8	5.000705E-1	1.017803E+10	4.927675E-1	6.256404E+8	5.147279E-1	1.052191E+11	5.070142E-1	1.044572E+11	5.134026E-1	1.153971E+11	5.058817E-1	1.145469E+11	1.957832E-2	-7.303012E-3	2.123124E-2	2.688133E-2	8.117059E-3	-9.446847E+9	-9.552388E+9	1.714070E+7	1.055406E+8	-1.139041E+11
5.375110E+2	5.582655E-1	1.126684E+10	5.770431E-1	7.144213E+8	5.607131E-1	1.129572E+10	5.617045E-1	7.043693E+8	5.710226E-1	1.156570E+11	5.663918E-1	1.155370E+11	5.700905E-1	1.269527E+11	5.656610E-1	1.268039E+11	1.877754E-2	9.914435E-4	1.533853E-2	1.778609E-2	1.138207E-2	-1.055242E+10	-1.059135E+10	1.005198E+7	3.893247E+7	-1.260894E+11
5.377840E+2	6.590240E-1	1.312469E+10	7.004830E-1	8.546918E+8	6.525629E-1	1.298859E+10	6.278379E-1	7.798963E+8	6.639441E-1	1.328861E+11	6.600862E-1	1.330203E+11	6.629151E-1	1.458747E+11	6.599907E-1	1.461450E+11	4.145907E-2	-2.472501E-2	7.264511E-2	6.618408E-2	4.049233E-2	-1.226999E+10	-1.220870E+10	7.479547E+7	-6.129657E+7	-1.452903E+11
5.380160E+2	7.269529E-1	1.437720E+10	7.287787E-1	8.868454E+8	7.293877E-1	1.440454E+10	7.269295E-1	8.930629E+8	7.352993E-1	1.461165E+11	7.351026E-1	1.470183E+11	7.347648E-1	1.605210E+11	7.343698E-1	1.613955E+11	1.825704E-3	-2.458249E-3	1.849177E-3	4.283953E-3	-5.591113E-3	-1.349036E+10	-1.351148E+10	-6.217496E+6	2.112197E+7	-1.605087E+11
5.382850E+2	8.612858E-1	1.685411E+10	8.947207E-1	1.075413E+9	8.624926E-1	1.685778E+10	8.324972E-1	1.013626E+9	8.699004E-1	1.710736E+11	8.607521E-1	1.704644E+11	8.692306E-1	1.879314E+11	8.608001E-1	1.873185E+11	3.343489E-2	-2.999537E-2	6.222347E-2	6.343026E-2	3.392062E-2	-1.577870E+10	-1.584415E+10	6.178742E+7	6.545465E+7	-1.862431E+11
5.385170E+2	1.042757E+0	2.020018E+10	1.085823E+0	1.292572E+9	1.036176E+0	2.005890E+10	1.012249E+0	1.218910E+9	1.046012E+0	2.037274E+11	1.035611E+0	2.030928E+11	1.045122E+0	2.237863E+11	1.036253E+0	2.232930E+11	4.306670E-2	-2.392615E-2	7.357388E-2	6.699286E-2	4.956991E-2	-1.890761E+10	-1.883999E+10	7.366180E+7	-6.761152E+7	-2.220004E+11
5.387600E+2	1.244713E+0	2.392396E+10	1.301769E+0	1.537961E+9	1.249044E+0	2.398225E+10	1.238156E+0	1.476905E+9	1.254493E+0	2.423831E+11	1.247792E+0	2.426856E+11	1.254000E+0	2.663653E+11	1.247515E+0	2.666095E+11	5.705654E-2	-1.088768E-2	6.361299E-2	6.794422E-2	5.425428E-2	-2.238600E+10	-2.250534E+10	6.105632E+7	1.193423E+8	-2.650716E+11
5.390340E+2	1.430240E+0	2.734482E+10	1.479747E+0	1.740205E+9	1.422656E+0	2.718207E+10	1.488393E+0	1.762685E+9	1.421869E+0	2.734173E+11	1.414255E+0	2.737474E+11	1.421940E+0	3.005994E+11	1.415692E+0	3.010922E+11	4.950667E-2	6.573686E-2	-8.646441E-3	-1.623019E-2	6.405426E-2	-2.560462E+10	-2.541939E+10	-2.248041E+7	-1.852333E+8	-2.993520E+11
5.392670E+2	1.617577E+0	3.079905E+10	1.707249E+0	1.998726E+9	1.619198E+0	3.080451E+10	1.551069E+0	1.834264E+9	1.608079E+0	3.079434E+11	1.601850E+0	3.087525E+11	1.609084E+0	3.387479E+11	1.603265E+0	3.395516E+11	8.967234E-2	-6.812895E-2	1.561799E-1	1.578013E-1	1.039844E-1	-2.880032E+10	-2.897024E+10	1.644624E+8	1.699188E+8	-3.375528E+11
5.395320E+2	1.800988E+0	3.418089E+10	1.794724E+0	2.098129E+9	1.801459E+0	3.416373E+10	1.812621E+0	2.132967E+9	1.775850E+0	3.390508E+11	1.770503E+0	3.402230E+11	1.778165E+0	3.732145E+11	1.773244E+0	3.744038E+11	-6.263294E-3	1.116177E-2	-1.789656E-2	-1.742506E-2	2.147983E-2	-3.208276E+10	-3.203077E+10	-3.483810E+7	-5.199502E+7	-3.723057E+11
5.397750E+2	1.968305E+0	3.726598E+10	1.944606E+0	2.268446E+9	1.947096E+0	3.684794E+10	1.979186E+0	2.323191E+9	1.927596E+0	3.671870E+11	1.927914E+0	3.695956E+11	1.929359E+0	4.040349E+11	1.931546E+0	4.068616E+11	-2.369844E-2	3.209061E-2	-3.458018E-2	-5.578905E-2	1.306022E-2	-3.499754E+10	-3.452475E+10	-5.474499E+7	-4.727845E+8	-4.045932E+11
5.400190E+2	2.049539E+0	3.876383E+10	2.026028E+0	2.360970E+9	2.075039E+0	3.920604E+10	1.993415E+0	2.339441E+9	2.022517E+0	3.847867E+11	2.032150E+0	3.890461E+11	2.027265E+0	4.239928E+11	2.033714E+0	4.278099E+11	-2.351110E-2	-8.162390E-2	3.261345E-2	5.811279E-2	-7.686046E-3	-3.640286E+10	-3.686660E+10	2.152920E+7	4.637334E+8	-4.254490E+11
5.402530E+2	2.038887E+0	3.856743E+10	2.057263E+0	2.396464E+9	2.036066E+0	3.848774E+10	2.013222E+0	2.362061E+9	1.986152E+0	3.780441E+11	1.990558E+0	3.812851E+11	1.990665E+0	4.165318E+11	1.994905E+0	4.198525E+11	1.837600E-2	-2.284366E-2	4.404128E-2	4.121966E-2	6.235880E-2	-3.617096E+10	-3.612567E+10	3.440237E+7	-4.529057E+7	-4.174560E+11
5.405080E+2	1.984707E+0	3.756841E+10	1.974998E+0	2.302981E+9	1.955709E+0	3.700669E+10	1.894274E+0	2.226217E+9	1.936136E+0	3.687703E+11	1.941146E+0	3.720648E+11	1.937905E+0	4.057770E+11	1.945064E+0	4.096332E+11	-9.708838E-3	-6.143534E-2	8.072415E-2	5.172650E-2	2.993400E-2	-3.526543E+10	-3.478047E+10	7.676417E+7	-4.849561E+8	-4.073303E+11
5.407630E+2	1.778971E+0	3.377494E+10	1.798482E+0	2.102399E+9	1.791831E+0	3.398628E+10	1.826363E+0	2.148660E+9	1.754220E+0	3.350403E+11	1.754106E+0	3.371632E+11	1.757621E+0	3.690266E+11	1.756342E+0	3.709382E+11	1.951093E-2	3.453158E-2	-2.788087E-2	-1.502066E-2	4.214011E-2	-3.167254E+10	-3.183762E+10	-4.626198E+7	1.650860E+8	-3.688358E+11
5.410190E+2	1.720522E+0	3.269721E+10	1.767017E+0	2.066643E+9	1.712479E+0	3.252376E+10	1.730586E+0	2.039279E+9	1.682083E+0	3.216650E+11	1.687500E+0	3.247347E+11	1.684831E+0	3.541888E+11	1.690470E+0	3.574319E+11	4.649497E-2	1.810646E-2	3.643107E-2	2.838851E-2	7.654698E-2	-3.063057E+10	-3.048448E+10	2.736405E+7	-1.460916E+8	-3.553652E+11
5.412690E+2	1.751873E+0	3.327528E+10	1.740815E+0	2.036869E+9	1.742339E+0	3.307411E+10	1.715036E+0	2.021521E+9	1.711395E+0	3.270998E+11	1.719728E+0	3.307484E+11	1.714192E+0	3.601739E+11	1.722619E+0	3.640237E+11	-1.105745E-2	-2.730362E-2	2.577939E-2	1.624616E-2	1.819639E-2	-3.123841E+10	-3.105259E+10	1.534860E+7	-1.858238E+8	-3.619868E+11
5.415090E+2	1.674202E+0	3.184314E+10	1.704549E+0	1.995659E+9	1.665107E+0	3.165064E+10	1.669748E+0	1.969800E+9	1.653474E+0	3.163605E+11	1.657985E+0	3.192272E+11	1.654526E+0	3.480112E+11	1.659444E+0	3.510704E+11	3.034747E-2	4.641644E-3	3.480113E-2	2.570583E-2	4.510587E-2	-2.984748E+10	-2.968084E+10	2.585832E+7	-1.666418E+8	-3.490747E+11
5.417650E+2	1.506788E+0	2.875626E+10	1.545861E+0	1.815334E+9	1.495041E+0	2.851618E+10	1.518812E+0	1.797425E+9	1.484574E+0	2.850438E+11	1.489929E+0	2.878681E+11	1.485520E+0	3.135599E+11	1.491445E+0	3.166243E+11	3.907358E-2	2.377102E-2	2.704945E-2	1.530256E-2	5.441623E-2	-2.694092E+10	-2.671876E+10	1.790926E+7	-2.221663E+8	-3.148090E+11
5.420160E+2	1.268893E+0	2.436982E+10	1.300508E+0	1.536528E+9	1.280335E+0	2.455898E+10	1.231057E+0	1.468798E+9	1.268493E+0	2.449789E+11	1.269792E+0	2.467908E+11	1.269563E+0	2.695379E+11	1.269711E+0	2.711606E+11	3.161488E-2	-4.927796E-2	6.945049E-2	8.089284E-2	3.079670E-2	-2.283329E+10	-2.309018E+10	6.773017E+7	2.568931E+8	-2.696241E+11
5.422780E+2	1.139200E+0	2.197845E+10	1.178370E+0	1.397737E+9	1.124395E+0	2.168486E+10	1.146686E+0	1.372442E+9	1.142477E+0	2.216136E+11	1.140166E+0	2.226027E+11	1.140842E+0	2.432984E+11	1.140079E+0	2.445811E+11	3.917018E-2	2.229127E-2	3.168353E-2	1.687891E-2	3.829089E-2	-2.058071E+10	-2.031242E+10	2.529430E+7	-2.682933E+8	-2.431834E+11
5.425080E+2	1.002297E+0	1.945415E+10	1.021177E+0	1.219111E+9	9.906177E-1	1.921923E+10	1.028882E+0	1.237905E+9	1.004378E+0	1.960079E+11	9.953114E-1	1.955730E+11	1.003134E+0	2.152271E+11	9.959396E-1	2.150271E+11	1.888010E-2	3.826406E-2	-7.704898E-3	-1.938396E-2	2.523725E-2	-1.823504E+10	-1.798133E+10	-1.879374E+7	-2.537151E+8	-2.138080E+11
5.427710E+2	9.694596E-1	1.884868E+10	9.898318E-1	1.183492E+9	9.738835E-1	1.891081E+10	9.497258E-1	1.147505E+9	9.831684E-1	1.920753E+11	9.777478E-1	1.922956E+11	9.823289E-1	2.109861E+11	9.770025E-1	2.111443E+11	2.037224E-2	-2.415776E-2	4.010607E-2	4.453000E-2	1.282936E-2	-1.766519E+10	-1.776330E+10	3.598683E+7	9.811148E+7	-2.099608E+11
5.430170E+2	9.906663E-1	1.923970E+10	9.781320E-1	1.170197E+9	9.726829E-1	1.888868E+10	9.714152E-1	1.172276E+9	9.932775E-1	1.939497E+11	9.856946E-1	1.937785E+11	9.914154E-1	2.128384E+11	9.861417E-1	2.130182E+11	-1.253434E-2	-1.267708E-3	6.716755E-3	-1.126663E-2	-8.009761E-3	-1.806951E+10	-1.771640E+10	-2.078500E+6	-3.531041E+8	-2.118480E+11
5.432860E+2	1.122607E+0	2.167251E+10	1.081229E+0	1.287351E+9	1.111807E+0	2.145285E+10	1.142181E+0	1.367297E+9	1.127293E+0	2.187983E+11	1.113077E+0	2.175478E+11	1.125893E+0	2.402512E+11	1.113934E+0	2.392204E+11	-4.137842E-2	3.037460E-2	-6.095249E-2	-7.175302E-2	-3.270472E-2	-2.038516E+10	-2.008555E+10	-7.994663E+7	-2.996070E+8	-2.379330E+11
5.435330E+2	1.282589E+0	2.462236E+10	1.273442E+0	1.505771E+9	1.277000E+0	2.449751E+10	1.204484E+0	1.438449E+9	1.273222E+0	2.458558E+11	1.269714E+0	2.467762E+11	1.273564E+0	2.703533E+11	1.270872E+0	2.713986E+11	-9.147775E-3	-7.251648E-2	6.895785E-2	6.336871E-2	2.569753E-3	-2.311659E+10	-2.305906E+10	6.732168E+7	-5.752635E+7	-2.698928E+11
5.437640E+2	1.433474E+0	2.740445E+10	1.391687E+0	1.640139E+9	1.427089E+0	2.726378E+10	1.363097E+0	1.619592E+9	1.425986E+0	2.741806E+11	1.418565E+0	2.745516E+11	1.426086E+0	3.014444E+11	1.419905E+0	3.019561E+11	-4.178665E-2	-6.399225E-2	2.859006E-2	2.220560E-2	-2.821833E-2	-2.576431E+10	-2.564419E+10	2.054666E+7	-1.201273E+8	-3.003159E+11
5.440220E+2	1.537260E+0	2.931813E+10	1.471646E+0	1.731000E+9	1.564214E+0	2.979111E+10	1.484723E+0	1.758494E+9	1.528444E+0	2.931779E+11	1.535335E+0	2.963408E+11	1.531678E+0	3.229690E+11	1.535508E+0	3.256589E+11	-6.561468E-2	-7.949116E-2	-1.307713E-2	1.387648E-2	-6.386201E-2	-2.758713E+10	-2.803261E+10	-2.749430E+7	4.454776E+8	-3.239279E+11
5.442750E+2	1.563800E+0	2.980748E+10	1.504122E+0	1.767904E+9	1.559380E+0	2.970202E+10	1.517668E+0	1.796118E+9	1.539441E+0	2.952169E+11	1.543899E+0	2.979389E+11	1.541244E+0	3.249189E+11	1.545689E+0	3.277464E+11	-5.967762E-2	-4.171269E-2	-1.354563E-2	-1.796493E-2	-4.156674E-2	-2.803958E+10	-2.790590E+10	-2.821429E+7	-1.336773E+8	-3.259785E+11
5.445130E+2	1.534044E+0	2.925882E+10	1.493236E+0	1.755533E+9	1.536591E+0	2.928198E+10	1.469470E+0	1.741074E+9	1.510933E+0	2.899311E+11	1.516713E+0	2.928659E+11	1.513253E+0	3.192130E+11	1.518271E+0	3.221247E+11	-4.080804E-2	-6.712063E-2	2.376577E-2	2.631260E-2	-2.503526E-2	-2.750329E+10	-2.754091E+10	1.445885E+7	3.761772E+7	-3.203692E+11
5.447660E+2	1.539274E+0	2.935527E+10	1.557218E+0	1.828239E+9	1.538746E+0	2.932171E+10	1.487358E+0	1.761503E+9	1.508484E+0	2.894771E+11	1.518214E+0	2.931461E+11	1.511220E+0	3.187988E+11	1.520108E+0	3.225014E+11	1.794313E-2	-5.138790E-2	6.985964E-2	6.933103E-2	3.710964E-2	-2.752703E+10	-2.756020E+10	6.673556E+7	3.317124E+7	-3.206731E+11
5.450090E+2	1.538254E+0	2.933645E+10	1.502109E+0	1.765617E+9	1.533519E+0	2.922536E+10	1.469321E+0	1.740904E+9	1.508668E+0	2.895111E+11	1.511013E+0	2.918023E+11	1.510914E+0	3.187364E+11	1.513463E+0	3.211388E+11	-3.614477E-2	-6.419809E-2	3.278872E-2	2.805332E-2	-1.135332E-2	-2.757084E+10	-2.748446E+10	2.471289E+7	-8.637847E+7	-3.193732E+11
5.452580E+2	1.379883E+0	2.641632E+10	1.391054E+0	1.639420E+9	1.398732E+0	2.674112E+10	1.367078E+0	1.624138E+9	1.376973E+0	2.650928E+11	1.381634E+0	2.676604E+11	1.378940E+0	2.918339E+11	1.381477E+0	2.940767E+11	1.117087E-2	-3.165389E-2	2.397649E-2	4.282476E-2	9.577571E-3	-2.477690E+10	-2.511698E+10	1.528138E+7	3.400828E+8	-2.924373E+11
5.455130E+2	1.405616E+0	2.689080E+10	1.379158E+0	1.625902E+9	1.416313E+0	2.706516E+10	1.397803E+0	1.659227E+9	1.394596E+0	2.683604E+11	1.396580E+0	2.704493E+11	1.396560E+0	2.954256E+11	1.397393E+0	2.973401E+11	-2.645812E-2	-1.851006E-2	-1.864454E-2	-7.948057E-3	-1.823465E-2	-2.526490E+10	-2.540593E+10	-3.332583E+7	1.410321E+8	-2.957142E+11
5.457670E+2	1.333347E+0	2.555825E+10	1.272060E+0	1.504201E+9	1.330524E+0	2.548401E+10	1.296912E+0	1.544006E+9	1.318371E+0	2.542271E+11	1.316207E+0	2.554517E+11	1.319470E+0	2.797111E+11	1.317748E+0	2.810100E+11	-6.128632E-2	-3.361211E-2	-2.485212E-2	-2.767422E-2	-4.568791E-2	-2.405405E+10	-2.394000E+10	-3.980525E+7	-1.140471E+8	-2.795058E+11
5.460060E+2	1.266594E+0	2.432742E+10	1.262320E+0	1.493133E+9	1.251709E+0	2.403136E+10	1.248687E+0	1.488931E+9	1.255040E+0	2.424845E+11	1.252126E+0	2.434944E+11	1.254739E+0	2.665159E+11	1.253427E+0	2.678218E+11	-4.273978E-3	-3.021333E-3	1.363271E-2	-1.252646E-3	8.892449E-3	-2.283429E+10	-2.254243E+10	4.201453E+6	-2.918599E+8	-2.663287E+11
5.467600E+2	1.245074E+0	2.393063E+10	1.220687E+0	1.445824E+9	1.236434E+0	2.374985E+10	1.244386E+0	1.484019E+9	1.227476E+0	2.373737E+11	1.228408E+0	2.390686E+11	1.228286E+0	2.611236E+11	1.229907E+0	2.629992E+11	-2.438659E-2	7.951684E-3	-2.369866E-2	-3.233827E-2	-9.219314E-3	-2.248480E+10	-2.226583E+10	-3.819541E+7	-2.189760E+8	-2.615534E+11
5.475280E+2	1.293111E+0	2.481635E+10	1.312412E+0	1.550055E+9	1.291555E+0	2.476577E+10	1.270038E+0	1.513315E+9	1.281910E+0	2.474666E+11	1.283638E+0	2.493745E+11	1.282782E+0	2.722324E+11	1.284490E+0	2.741908E+11	1.930179E-2	-2.151718E-2	4.237420E-2	4.081897E-2	2.792237E-2	-2.326630E+10	-2.325246E+10	3.674015E+7	-1.384088E+7	-2.726408E+11
5.482600E+2	1.388713E+0	2.657912E+10	1.376498E+0	1.622879E+9	1.381270E+0	2.641929E+10	1.351756E+0	1.606640E+9	1.375935E+0	2.649003E+11	1.370499E+0	2.655826E+11	1.376417E+0	2.913196E+11	1.372137E+0	2.921617E+11	-1.221471E-2	-2.951367E-2	2.474178E-2	1.729896E-2	4.361195E-3	-2.495624E+10	-2.481265E+10	1.623827E+7	-1.435959E+8	-2.905388E+11
5.490100E+2	1.334992E+0	2.558859E+10	1.344718E+0	1.586766E+9	1.349876E+0	2.584067E+10	1.324373E+0	1.575368E+9	1.325311E+0	2.555139E+11	1.330417E+0	2.581034E+11	1.327532E+0	2.813545E+11	1.330828E+0	2.836919E+11	9.726115E-3	-2.550297E-2	2.034509E-2	3.522908E-2	1.388956E-2	-2.400182E+10	-2.426530E+10	1.139804E+7	2.634819E+8	-2.821052E+11
5.497520E+2	1.270012E+0	2.439045E+10	1.256904E+0	1.486978E+9	1.265949E+0	2.429383E+10	1.281966E+0	1.526937E+9	1.259186E+0	2.432533E+11	1.256295E+0	2.442723E+11	1.259798E+0	2.675471E+11	1.257529E+0	2.686628E+11	-1.310865E-2	1.601647E-2	-2.506193E-2	-2.912512E-2	-6.251972E-4	-2.290348E+10	-2.276689E+10	-3.995856E+7	-1.365846E+8	-2.671758E+11
5.505110E+2	1.284231E+0	2.465263E+10	1.315662E+0	1.553748E+9	1.279578E+0	2.454501E+10	1.270478E+0	1.513817E+9	1.275352E+0	2.462506E+11	1.274243E+0	2.476214E+11	1.275734E+0	2.707956E+11	1.275142E+0	2.722740E+11	3.143133E-2	-9.099868E-3	4.518460E-2	4.053119E-2	4.052086E-2	-2.309888E+10	-2.303120E+10	3.993124E+7	-6.768317E+7	-2.707203E+11
5.512570E+2	1.294874E+0	2.484887E+10	1.269037E+0	1.500765E+9	1.289349E+0	2.472510E+10	1.257169E+0	1.498618E+9	1.287511E+0	2.485052E+11	1.284976E+0	2.496241E+11	1.287677E+0	2.732303E+11	1.285866E+0	2.744730E+11	-2.583782E-2	-3.217948E-2	1.186727E-2	6.341658E-3	-1.682945E-2	-2.334811E+10	-2.322648E+10	2.147001E+6	-1.216252E+8	-2.729722E+11
5.520150E+2	1.226774E+0	2.359319E+10	1.242628E+0	1.470756E+9	1.232038E+0	2.366882E+10	1.145694E+0	1.371309E+9	1.229682E+0	2.377828E+11	1.228750E+0	2.391324E+11	1.229895E+0	2.614516E+11	1.228572E+0	2.627256E+11	1.585388E-2	-8.634409E-2	9.693336E-2	1.021980E-1	1.405522E-2	-2.212244E+10	-2.229751E+10	9.944633E+7	1.750740E+8	-2.612549E+11
5.527700E+2	1.287933E+0	2.472088E+10	1.278796E+0	1.511855E+9	1.303504E+0	2.498600E+10	1.282619E+0	1.527683E+9	1.294002E+0	2.497087E+11	1.296183E+0	2.517153E+11	1.294861E+0	2.746947E+11	1.295441E+0	2.764362E+11	-9.136637E-3	-2.088487E-2	-3.823176E-3	1.174823E-2	-1.664509E-2	-2.320902E+10	-2.345831E+10	-1.582770E+7	2.492900E+8	-2.749244E+11
5.535330E+2	1.251674E+0	2.405233E+10	1.248626E+0	1.477572E+9	1.239652E+0	2.380914E+10	1.273248E+0	1.516981E+9	1.232994E+0	2.383968E+11	1.233283E+0	2.399783E+11	1.233596E+0	2.622059E+11	1.234937E+0	2.640306E+11	-3.047976E-3	3.359644E-2	-2.462154E-2	-3.664442E-2	1.368917E-2	-2.257476E+10	-2.229216E+10	-3.940848E+7	-2.825965E+8	-2.625531E+11
5.542700E+2	1.183893E+0	2.280253E+10	1.195819E+0	1.417565E+9	1.189952E+0	2.289313E+10	1.216084E+0	1.451697E+9	1.183088E+0	2.291435E+11	1.185145E+0	2.309957E+11	1.183709E+0	2.520367E+11	1.185032E+0	2.537983E+11	1.192622E-2	2.613187E-2	-2.026455E-2	-1.420565E-2	1.078679E-2	-2.138497E+10	-2.144143E+10	-3.413189E+7	5.646721E+7	-2.523807E+11
5.550310E+2	1.080776E+0	2.090120E+10	1.039561E+0	1.240001E+9	1.064072E+0	2.057305E+10	1.018647E+0	1.226216E+9	1.071659E+0	2.084829E+11	1.068207E+0	2.091753E+11	1.070973E+0	2.290560E+11	1.069338E+0	2.300765E+11	-4.121486E-2	-4.542508E-2	2.091421E-2	4.210219E-3	-2.977676E-2	-1.966119E+10	-1.934684E+10	1.378576E+7	-3.143568E+8	-2.288365E+11
5.557600E+2	1.001728E+0	1.944367E+10	9.839450E-1	1.176803E+9	1.005062E+0	1.948545E+10	9.651581E-1	1.165130E+9	1.011830E+0	1.973895E+11	1.006734E+0	1.977043E+11	1.011218E+0	2.168750E+11	1.006283E+0	2.171480E+11	-1.778298E-2	-3.990398E-2	1.878692E-2	2.212100E-2	-2.233843E-2	-1.826686E+10	-1.832032E+10	1.167302E+7	5.346098E+7	-2.159712E+11
5.560130E+2	9.604646E-1	1.868283E+10	9.359025E-1	1.122210E+9	9.643099E-1	1.873436E+10	9.909929E-1	1.194634E+9	9.623742E-1	1.882197E+11	9.586655E-1	1.887349E+11	9.625492E-1	2.069541E+11	9.588273E-1	2.074177E+11	-2.456211E-2	2.668301E-2	-5.509047E-2	-5.124512E-2	-2.292484E-2	-1.756062E+10	-1.753972E+10	-7.242438E+7	-2.089381E+7	-2.062955E+11
5.565030E+2	9.316344E-1	1.815124E+10	9.037623E-1	1.085687E+9	9.277119E-1	1.805983E+10	9.310446E-1	1.126171E+9	9.361934E-1	1.833654E+11	9.399356E-1	1.852399E+11	9.354265E-1	2.014252E+11	9.391891E-1	2.033912E+11	-2.787211E-2	3.332680E-3	-2.728229E-2	-3.120479E-2	-3.542677E-2	-1.706555E+10	-1.693365E+10	-4.048328E+7	-1.318978E+8	-2.023055E+11
5.570100E+2	9.583472E-1	1.864379E+10	9.926496E-1	1.186694E+9	9.585853E-1	1.862885E+10	9.555192E-1	1.154122E+9	9.618445E-1	1.881215E+11	9.589461E-1	1.887873E+11	9.615498E-1	2.067504E+11	9.588923E-1	2.074310E+11	3.430234E-2	-3.066158E-3	3.713038E-2	3.736850E-2	3.375731E-2	-1.745709E+10	-1.747473E+10	3.257243E+7	1.763484E+7	-2.062444E+11
5.575080E+2	1.000352E+0	1.941830E+10	9.764449E-1	1.168280E+9	9.940544E-1	1.928257E+10	9.568602E-1	1.155653E+9	9.977142E-1	1.947723E+11	9.944316E-1	1.954088E+11	9.973833E-1	2.140549E+11	9.949640E-1	2.148271E+11	-2.390730E-2	-3.719421E-2	1.958471E-2	1.328691E-2	-1.851911E-2	-1.825002E+10	-1.812692E+10	1.262683E+7	-1.230982E+8	-2.136588E+11
5.580400E+2	1.024327E+0	1.986036E+10	1.024125E+0	1.222461E+9	1.031162E+0	1.996650E+10	1.019910E+0	1.227659E+9	1.021019E+0	1.990933E+11	1.021016E+0	2.003695E+11	1.021936E+0	2.190598E+11	1.021314E+0	2.202298E+11	-2.023180E-4	-1.125198E-2	4.214521E-3	1.104967E-2	2.810663E-3	-1.863790E+10	-1.873884E+10	-5.198064E+6	1.009427E+8	-2.190074E+11
5.585390E+2	1.048050E+0	2.029778E+10	9.922932E-1	1.186289E+9	1.054733E+0	2.040094E+10	1.051800E+0	1.264078E+9	1.043118E+0	2.031909E+11	1.044706E+0	2.047900E+11	1.044168E+0	2.235919E+11	1.045007E+0	2.250878E+11	-5.575706E-2	-2.933617E-3	-5.950632E-2	-5.282344E-2	-5.271361E-2	-1.911150E+10	-1.913686E+10	-7.778858E+7	2.536215E+7	-2.239015E+11
5.590160E+2	1.019724E+0	1.977549E+10	1.042806E+0	1.243689E+9	1.016488E+0	1.969605E+10	9.741764E-1	1.175429E+9	1.023082E+0	1.994758E+11	1.021837E+0	2.005226E+11	1.022485E+0	2.191719E+11	1.021647E+0	2.202980E+11	2.308231E-2	-4.231164E-2	6.862988E-2	6.539395E-2	2.115970E-2	-1.853180E+10	-1.852062E+10	6.826051E+7	-1.118176E+7	-2.190544E+11
5.595000E+2	1.037202E+0	2.009776E+10	1.051837E+0	1.253951E+9	1.046381E+0	2.024700E+10	1.065368E+0	1.279573E+9	1.048912E+0	2.042652E+11	1.046101E+0	2.050503E+11	1.048683E+0	2.245122E+11	1.045301E+0	2.251480E+11	1.463457E-2	1.898662E-2	-1.353114E-2	-4.352045E-3	6.536060E-3	-1.884381E+10	-1.896743E+10	-2.562214E+7	1.236200E+8	-2.238941E+11
5.600470E+2	9.755627E-1	1.896122E+10	9.582084E-1	1.147557E+9	9.684495E-1	1.881065E+10	9.868395E-1	1.189891E+9	9.710350E-1	1.898256E+11	9.720464E-1	1.912318E+11	9.708012E-1	2.086362E+11	9.723626E-1	2.101930E+11	-1.735430E-2	1.839001E-2	-2.863117E-2	-3.574431E-2	-1.415426E-2	-1.781366E+10	-1.762076E+10	-4.233382E+7	-1.928944E+8	-2.090454E+11
5.605040E+2	1.023998E+0	1.985430E+10	1.052598E+0	1.254817E+9	1.025436E+0	1.986096E+10	1.036343E+0	1.246426E+9	1.014739E+0	1.979290E+11	1.017639E+0	1.997392E+11	1.015706E+0	2.177900E+11	1.018211E+0	2.195935E+11	2.860002E-2	1.090714E-2	1.625542E-2	1.769287E-2	3.438782E-2	-1.859949E+10	-1.861454E+10	8.390985E+6	1.505027E+7	-2.183387E+11
5.610180E+2	9.808017E-1	1.905782E+10	1.005276E+0	1.201042E+9	9.769984E-1	1.896822E+10	1.022140E+0	1.230205E+9	9.823432E-1	1.919223E+11	9.833418E-1	1.933395E+11	9.818599E-1	2.108905E+11	9.831134E-1	2.123973E+11	2.447385E-2	4.514115E-2	-1.686400E-2	-2.066730E-2	2.216220E-2	-1.785677E+10	-1.773801E+10	-2.916325E+7	-1.187614E+8	-2.111962E+11
