# Delay[ns]	Avg Transient	0137 Delay[ns]	0137 Transient	0138 Delay[ns]	0138 Transient	0139 Delay[ns]	0139 Transient
-3.385000e+01	8.146131e-04	-3.385000e+01	-1.371709e-03	-3.385000e+01	1.931857e-02	-3.185000e+01	-7.554388e-03
-2.985000e+01	7.820614e-03	-3.185000e+01	2.534614e-02	-2.985000e+01	1.117646e-02	-2.985000e+01	-2.669325e-03
-2.785000e+01	2.300529e-02	-2.985000e+01	1.495470e-02	-2.785000e+01	4.872557e-02	-2.785000e+01	2.423585e-02
-2.585000e+01	1.092447e-02	-2.585000e+01	2.081929e-03	-2.585000e+01	6.293606e-05	-2.585000e+01	3.062856e-02
-2.385000e+01	-6.399520e-03	-2.385000e+01	-2.792527e-02	-2.385000e+01	3.486743e-03	-2.385000e+01	5.239965e-03
-1.985000e+01	-1.131061e-02	-1.985000e+01	-1.934892e-02	-2.185000e+01	-1.558789e-02	-2.185000e+01	-9.104965e-03
-1.585000e+01	1.064538e-02	-1.585000e+01	-9.385020e-03	-1.785000e+01	1.908927e-02	-1.985000e+01	9.658409e-03
-1.185000e+01	3.528151e-03	-1.185000e+01	-6.856876e-03	-1.385000e+01	-7.842423e-03	-1.785000e+01	-3.399448e-03
-9.850000e+00	-1.425079e-02	-9.850000e+00	1.856818e-02	-1.185000e+01	2.464944e-02	-1.585000e+01	1.095944e-02
-7.850000e+00	4.837931e-04	-5.850000e+00	1.661206e-03	-9.850000e+00	-5.491205e-02	-1.385000e+01	6.185643e-03
-3.850000e+00	1.224454e-02	-1.850000e+00	-1.945947e-02	-7.850000e+00	-1.217419e-02	-1.185000e+01	-7.208113e-03
-1.850000e+00	-9.968697e-04	2.150000e+00	9.895411e-03	-5.850000e+00	-4.505841e-02	-9.850000e+00	-6.408511e-03
2.150000e+00	5.698132e-03	4.150000e+00	1.811075e-02	-1.850000e+00	2.122860e-02	-7.850000e+00	-6.472640e-03
6.150000e+00	6.162380e-03	6.150000e+00	-1.125575e-02	2.150000e+00	-1.671207e-02	-5.850000e+00	-2.240513e-02
1.015000e+01	2.190671e-02	8.150000e+00	-8.484693e-03	6.150000e+00	1.291882e-02	-1.850000e+00	-4.759739e-03
1.215000e+01	1.046843e-02	1.015000e+01	3.858010e-02	8.150000e+00	1.420793e-02	1.500000e-01	-6.961355e-03
1.615000e+01	8.892110e-03	1.415000e+01	1.553585e-02	1.015000e+01	4.103041e-02	2.150000e+00	2.391105e-02
1.815000e+01	1.397814e-02	1.615000e+01	4.573717e-04	1.215000e+01	1.585140e-02	4.150000e+00	2.560821e-02
2.015000e+01	3.102765e-02	1.815000e+01	4.511905e-02	1.615000e+01	1.627258e-02	6.150000e+00	1.682407e-02
2.215000e+01	-2.888876e-03	2.015000e+01	5.766743e-02	1.815000e+01	-1.214179e-02	8.150000e+00	-6.261230e-03
2.415000e+01	2.354965e-02	2.415000e+01	2.459285e-02	2.015000e+01	3.129348e-03	1.015000e+01	-1.389037e-02
2.815000e+01	1.565784e-02	2.815000e+01	-5.093123e-04	2.215000e+01	-1.804167e-02	1.215000e+01	-1.806177e-02
3.015000e+01	2.508946e-02	3.015000e+01	3.370936e-02	2.415000e+01	4.376067e-02	1.615000e+01	9.946381e-03
3.215000e+01	3.231670e-02	3.215000e+01	5.134249e-02	2.615000e+01	-1.607003e-02	2.015000e+01	3.228617e-02
3.415000e+01	1.801649e-02	3.415000e+01	-3.048283e-03	2.815000e+01	4.654497e-02	2.215000e+01	-3.806755e-03
3.615000e+01	3.271487e-02	3.615000e+01	1.751974e-02	3.015000e+01	2.990410e-02	2.415000e+01	2.295428e-03
3.815000e+01	1.161548e-02	3.815000e+01	3.703978e-02	3.415000e+01	4.087288e-02	2.615000e+01	2.043323e-02
4.015000e+01	3.724128e-02	4.015000e+01	2.966751e-02	3.615000e+01	6.893139e-02	2.815000e+01	9.378498e-04
4.415000e+01	2.535355e-02	4.215000e+01	5.077194e-02	4.015000e+01	3.924991e-02	3.015000e+01	1.165493e-02
4.615000e+01	1.254492e-02	4.415000e+01	2.766100e-02	4.215000e+01	8.813571e-03	3.215000e+01	2.093559e-02
4.815000e+01	1.932178e-02	4.615000e+01	1.664988e-02	4.615000e+01	-4.075395e-04	3.415000e+01	1.622486e-02
5.015000e+01	3.829394e-02	4.815000e+01	2.042922e-02	4.815000e+01	2.502892e-02	3.615000e+01	1.169348e-02
5.215000e+01	4.324732e-02	5.015000e+01	2.801307e-02	5.015000e+01	5.577903e-02	3.815000e+01	1.348657e-02
5.415000e+01	4.578179e-02	5.215000e+01	6.570936e-02	5.215000e+01	3.041311e-02	4.015000e+01	4.280643e-02
5.615000e+01	-9.907477e-04	5.415000e+01	5.237010e-02	5.415000e+01	5.436300e-02	4.215000e+01	2.186445e-02
5.815000e+01	3.297130e-02	5.615000e+01	1.621956e-02	5.815000e+01	1.956109e-02	4.415000e+01	2.177849e-02
6.015000e+01	3.074781e-02	5.815000e+01	2.922753e-02	6.215000e+01	4.439760e-02	4.615000e+01	2.139242e-02
6.215000e+01	2.842609e-02	6.015000e+01	4.313492e-02	6.415000e+01	2.189033e-02	5.015000e+01	3.108972e-02
6.415000e+01	1.396013e-02	6.215000e+01	4.214384e-02	6.615000e+01	-1.024459e-02	5.215000e+01	3.361948e-02
6.615000e+01	7.424419e-03	6.415000e+01	-2.909256e-03	6.815000e+01	-1.218543e-02	5.415000e+01	3.061226e-02
6.815000e+01	1.683811e-02	6.615000e+01	-2.402554e-05	7.015000e+01	9.551445e-03	5.615000e+01	-6.554722e-03
7.015000e+01	1.616159e-02	6.815000e+01	4.410378e-02	7.215000e+01	2.179381e-02	5.815000e+01	5.012528e-02
7.215000e+01	1.162370e-02	7.015000e+01	4.966119e-02	7.615000e+01	9.627655e-03	6.015000e+01	2.315599e-02
7.615000e+01	1.476994e-02	7.415000e+01	4.252401e-02	7.815000e+01	-2.241946e-03	6.215000e+01	-1.263182e-03
8.015000e+01	1.007244e-02	7.615000e+01	2.911353e-02	8.215000e+01	2.643265e-02	6.415000e+01	2.289931e-02
8.415000e+01	1.861714e-02	7.815000e+01	3.692344e-03	8.615000e+01	4.300665e-02	6.615000e+01	3.254187e-02
8.615000e+01	3.786870e-02	8.015000e+01	3.480830e-03	8.815000e+01	-9.419077e-06	7.015000e+01	-1.072786e-02
8.815000e+01	1.123288e-02	8.215000e+01	3.327272e-02	9.015000e+01	3.115489e-02	7.215000e+01	1.238084e-02
9.015000e+01	3.263429e-02	8.415000e+01	5.205408e-02	9.215000e+01	2.321761e-03	7.415000e+01	3.257764e-02
9.215000e+01	4.956727e-03	8.615000e+01	3.243078e-02	9.415000e+01	1.242145e-02	7.615000e+01	5.568639e-03
9.415000e+01	1.607826e-02	8.815000e+01	1.404870e-02	9.815000e+01	3.081773e-02	7.815000e+01	5.294494e-02
9.615000e+01	5.977304e-03	9.015000e+01	3.875828e-02	1.021500e+02	3.728758e-02	8.015000e+01	4.506338e-04
9.815000e+01	3.599687e-02	9.215000e+01	1.262052e-02	1.041500e+02	4.160217e-02	8.415000e+01	1.254501e-02
1.001500e+02	3.299450e-02	9.415000e+01	1.481465e-02	1.061500e+02	2.054139e-02	8.615000e+01	3.816868e-02
1.041500e+02	3.681900e-02	9.615000e+01	-9.404692e-03	1.101500e+02	-2.390264e-02	8.815000e+01	1.965936e-02
1.061500e+02	1.220999e-02	9.815000e+01	5.838734e-02	1.121500e+02	9.191009e-04	9.015000e+01	2.798971e-02
1.081500e+02	2.167802e-02	1.001500e+02	4.107838e-02	1.141500e+02	5.150337e-02	9.415000e+01	2.099869e-02
1.101500e+02	1.436304e-02	1.021500e+02	3.265518e-02	1.161500e+02	1.700097e-02	9.615000e+01	-1.623406e-03
1.121500e+02	2.132088e-02	1.041500e+02	5.795130e-02	1.181500e+02	3.470998e-02	9.815000e+01	1.878554e-02
1.141500e+02	4.383182e-02	1.061500e+02	-1.383791e-03	1.201500e+02	2.539677e-02	1.001500e+02	7.867352e-03
1.161500e+02	1.605680e-02	1.081500e+02	3.511586e-02	1.221500e+02	5.158408e-02	1.021500e+02	-1.537574e-02
1.181500e+02	3.619042e-02	1.101500e+02	5.379654e-02	1.241500e+02	2.948455e-02	1.041500e+02	1.090352e-02
1.201500e+02	2.100282e-02	1.121500e+02	3.284215e-02	1.261500e+02	1.764818e-02	1.061500e+02	1.747239e-02
1.221500e+02	2.634960e-02	1.141500e+02	5.265222e-02	1.281500e+02	-2.688025e-02	1.081500e+02	3.532674e-02
1.241500e+02	3.084842e-02	1.161500e+02	-4.261798e-03	1.301500e+02	4.104758e-02	1.101500e+02	1.319524e-02
1.261500e+02	8.256359e-03	1.201500e+02	1.345534e-02	1.321500e+02	3.956610e-02	1.121500e+02	3.020138e-02
1.281500e+02	3.444083e-03	1.221500e+02	1.170399e-02	1.341500e+02	4.635056e-02	1.141500e+02	2.733986e-02
1.301500e+02	3.207885e-02	1.241500e+02	3.153874e-02	1.361500e+02	2.725874e-02	1.161500e+02	3.543123e-02
1.321500e+02	3.212304e-02	1.261500e+02	5.610121e-03	1.381500e+02	2.993814e-02	1.201500e+02	2.415636e-02
1.341500e+02	2.763318e-02	1.281500e+02	2.228722e-02	1.401500e+02	2.833000e-02	1.221500e+02	1.576071e-02
1.361500e+02	1.562278e-02	1.301500e+02	5.607177e-02	1.421500e+02	-6.544213e-03	1.241500e+02	3.152198e-02
1.381500e+02	3.726557e-02	1.321500e+02	3.647816e-02	1.441500e+02	2.104784e-02	1.261500e+02	1.510773e-03
1.401500e+02	2.463883e-02	1.341500e+02	3.424639e-02	1.481500e+02	1.244931e-02	1.281500e+02	1.492529e-02
1.421500e+02	2.870969e-02	1.361500e+02	1.268806e-02	1.501500e+02	3.935372e-02	1.301500e+02	-8.828196e-04
1.461500e+02	2.338922e-02	1.381500e+02	3.995831e-02	1.521500e+02	2.492675e-02	1.321500e+02	2.032485e-02
1.481500e+02	1.568285e-02	1.421500e+02	4.899876e-02	1.541500e+02	3.092858e-02	1.341500e+02	2.302603e-03
1.501500e+02	2.741585e-02	1.461500e+02	2.321670e-02	1.561500e+02	2.454935e-02	1.361500e+02	6.921531e-03
1.521500e+02	3.099581e-02	1.481500e+02	3.074486e-02	1.581500e+02	4.183126e-02	1.381500e+02	4.190024e-02
1.541500e+02	3.520858e-02	1.501500e+02	1.910606e-02	1.601500e+02	4.369709e-02	1.401500e+02	5.412931e-03
1.561500e+02	2.559275e-02	1.521500e+02	4.494486e-02	1.621500e+02	3.699602e-03	1.421500e+02	4.367452e-02
1.581500e+02	2.944602e-02	1.541500e+02	6.810459e-02	1.641500e+02	2.848022e-02	1.441500e+02	1.055377e-02
1.601500e+02	3.727856e-02	1.561500e+02	2.114649e-02	1.681500e+02	3.205810e-02	1.461500e+02	1.845798e-02
1.621500e+02	1.236139e-02	1.581500e+02	4.993169e-02	1.701500e+02	6.863582e-03	1.481500e+02	3.854375e-03
1.641500e+02	2.908600e-02	1.601500e+02	5.612143e-02	1.721500e+02	7.040483e-02	1.501500e+02	2.378778e-02
1.661500e+02	1.538465e-02	1.621500e+02	3.207129e-02	1.741500e+02	1.507352e-02	1.521500e+02	2.311581e-02
1.681500e+02	2.372891e-02	1.641500e+02	6.632298e-02	1.761500e+02	2.853104e-02	1.541500e+02	6.592578e-03
1.701500e+02	2.761120e-02	1.661500e+02	3.328861e-02	1.781500e+02	-3.661147e-02	1.581500e+02	-3.424889e-03
1.721500e+02	4.169051e-02	1.681500e+02	2.065915e-02	1.801500e+02	3.336700e-02	1.601500e+02	1.201715e-02
1.741500e+02	3.273634e-02	1.701500e+02	5.649110e-02	1.821500e+02	-3.677698e-03	1.641500e+02	-7.545182e-03
1.761500e+02	2.604921e-02	1.721500e+02	5.566243e-02	1.841500e+02	4.620465e-02	1.661500e+02	6.425477e-03
1.781500e+02	-1.825963e-03	1.741500e+02	5.194155e-02	1.861500e+02	2.909175e-02	1.681500e+02	1.846948e-02
1.801500e+02	2.792773e-02	1.761500e+02	5.565091e-02	1.881500e+02	-5.237768e-03	1.701500e+02	1.947891e-02
1.821500e+02	1.718303e-02	1.781500e+02	2.949808e-02	1.901500e+02	4.309732e-02	1.721500e+02	-9.957238e-04
1.841500e+02	2.587233e-02	1.801500e+02	2.394284e-02	1.921500e+02	1.093055e-02	1.741500e+02	3.119395e-02
1.861500e+02	2.718402e-02	1.841500e+02	8.921888e-03	1.941500e+02	8.596724e-03	1.761500e+02	-6.034320e-03
1.881500e+02	1.656252e-02	1.861500e+02	2.650340e-02	1.961500e+02	1.796664e-02	1.781500e+02	1.635506e-03
1.901500e+02	3.343477e-02	1.881500e+02	2.493340e-02	1.981500e+02	-1.211034e-02	1.801500e+02	2.647334e-02
1.921500e+02	2.991360e-02	1.901500e+02	7.224774e-02	2.001500e+02	1.695861e-02	1.821500e+02	6.285691e-04
1.941500e+02	1.220237e-02	1.921500e+02	5.913659e-02	2.021500e+02	2.486572e-02	1.841500e+02	2.249046e-02
1.961500e+02	1.290683e-02	1.961500e+02	2.554268e-03	2.041500e+02	6.047327e-03	1.861500e+02	2.595691e-02
1.981500e+02	5.285800e-03	1.981500e+02	1.262708e-02	2.061500e+02	4.468207e-02	1.881500e+02	2.999194e-02
2.001500e+02	1.051018e-02	2.001500e+02	2.250815e-02	2.081500e+02	3.148535e-02	1.901500e+02	-1.504076e-02
2.021500e+02	4.333846e-03	2.021500e+02	8.201014e-03	2.101500e+02	-1.184966e-03	1.921500e+02	1.967365e-02
2.061500e+02	3.375782e-02	2.041500e+02	1.718147e-02	2.141500e+02	3.197426e-02	1.941500e+02	1.969728e-02
2.081500e+02	3.089921e-02	2.061500e+02	3.376969e-02	2.161500e+02	2.901443e-02	1.961500e+02	1.819959e-02
2.101500e+02	4.225962e-03	2.081500e+02	6.438614e-02	2.181500e+02	3.355481e-02	1.981500e+02	1.534067e-02
2.141500e+02	2.554045e-02	2.101500e+02	3.132077e-02	2.221500e+02	-1.842514e-02	2.001500e+02	-7.936217e-03
2.161500e+02	1.331473e-02	2.121500e+02	1.320464e-02	2.241500e+02	4.900891e-02	2.021500e+02	-2.006519e-02
2.181500e+02	3.264644e-02	2.141500e+02	3.078716e-02	2.261500e+02	3.500171e-03	2.041500e+02	3.442532e-02
2.201500e+02	2.002049e-02	2.161500e+02	2.851835e-02	2.281500e+02	3.516354e-02	2.061500e+02	2.282172e-02
2.221500e+02	5.586733e-03	2.181500e+02	1.803656e-02	2.301500e+02	5.640169e-02	2.081500e+02	-3.173858e-03
2.241500e+02	4.939197e-02	2.201500e+02	3.672371e-02	2.321500e+02	2.751758e-02	2.101500e+02	-1.745792e-02
2.261500e+02	1.351557e-02	2.241500e+02	5.455204e-02	2.341500e+02	6.003849e-03	2.141500e+02	1.385992e-02
2.281500e+02	3.034302e-02	2.261500e+02	1.597988e-02	2.361500e+02	9.335510e-03	2.161500e+02	-1.758860e-02
2.301500e+02	3.015730e-02	2.281500e+02	5.479681e-02	2.381500e+02	-9.775744e-03	2.181500e+02	4.634796e-02
2.321500e+02	2.152156e-02	2.301500e+02	3.215041e-02	2.401500e+02	-8.263750e-03	2.201500e+02	2.765093e-02
2.341500e+02	3.812127e-03	2.321500e+02	4.738012e-02	2.441500e+02	1.807287e-02	2.221500e+02	-1.548620e-03
2.361500e+02	1.547145e-02	2.341500e+02	-5.589060e-03	2.461500e+02	2.018316e-02	2.241500e+02	4.461497e-02
2.381500e+02	1.936739e-04	2.361500e+02	3.700385e-02	2.481500e+02	-2.102498e-02	2.281500e+02	1.068721e-03
2.401500e+02	2.213030e-02	2.381500e+02	-4.522886e-03	2.501500e+02	-2.669542e-03	2.301500e+02	1.919800e-03
2.421500e+02	3.745810e-02	2.401500e+02	5.934807e-02	2.521500e+02	3.245460e-02	2.321500e+02	-1.033304e-02
2.441500e+02	3.449276e-02	2.441500e+02	7.648080e-02	2.541500e+02	2.238636e-02	2.341500e+02	1.102159e-02
2.461500e+02	2.242196e-02	2.461500e+02	-3.242290e-03	2.561500e+02	2.901634e-02	2.381500e+02	1.487965e-02
2.481500e+02	1.003844e-02	2.481500e+02	5.674344e-02	2.581500e+02	2.984785e-02	2.401500e+02	1.530660e-02
2.501500e+02	1.182359e-02	2.501500e+02	1.357540e-02	2.601500e+02	4.811887e-02	2.421500e+02	1.135194e-03
2.521500e+02	4.337649e-02	2.521500e+02	4.456182e-02	2.621500e+02	1.847022e-02	2.461500e+02	5.032501e-02
2.541500e+02	1.948315e-02	2.541500e+02	2.937021e-02	2.641500e+02	4.197886e-02	2.501500e+02	2.456492e-02
2.561500e+02	3.424491e-02	2.561500e+02	2.974842e-02	2.661500e+02	2.552758e-02	2.521500e+02	5.311306e-02
2.581500e+02	2.885535e-02	2.581500e+02	4.235739e-02	2.701500e+02	4.205461e-02	2.541500e+02	6.692877e-03
2.621500e+02	2.940544e-02	2.601500e+02	3.460265e-02	2.721500e+02	-1.735418e-02	2.581500e+02	1.436081e-02
2.641500e+02	5.207759e-02	2.621500e+02	5.449044e-02	2.741500e+02	2.790590e-02	2.601500e+02	2.188079e-02
2.661500e+02	2.730224e-02	2.641500e+02	8.867673e-02	2.761500e+02	5.968869e-02	2.621500e+02	1.525567e-02
2.681500e+02	1.923907e-02	2.661500e+02	3.777667e-02	2.801500e+02	-1.863067e-02	2.641500e+02	2.557718e-02
2.701500e+02	1.102183e-02	2.681500e+02	-5.056312e-03	2.821500e+02	3.044619e-02	2.661500e+02	1.860246e-02
2.721500e+02	6.793613e-03	2.721500e+02	1.851629e-02	2.841500e+02	1.908223e-02	2.681500e+02	3.444366e-02
2.741500e+02	3.631294e-02	2.741500e+02	5.992919e-02	   nan	   nan	2.701500e+02	-1.176587e-02
2.781500e+02	1.944968e-02	2.781500e+02	3.729687e-02	   nan	   nan	2.721500e+02	1.921873e-02
2.801500e+02	-8.810485e-03	2.801500e+02	-7.618912e-03	   nan	   nan	2.741500e+02	2.110374e-02
2.821500e+02	3.286327e-02	2.821500e+02	4.278390e-02	   nan	   nan	2.761500e+02	1.814982e-02
2.841500e+02	2.486535e-02	   nan	   nan	   nan	   nan	2.781500e+02	6.010576e-03
   nan	   nan	   nan	   nan	   nan	   nan	2.821500e+02	2.535971e-02
   nan	   nan	   nan	   nan	   nan	   nan	2.841500e+02	1.552634e-02
