Photon Energy (eV)	X ref norm	X ref	X pump norm	X pump	Y ref norm	Y ref	Y pump norm	Y pump	X all norm	X all	Y all norm	Y all	X all Y ref norm	X all Y ref	Y all X ref norm	Y all X ref	BC(X hist) norm	BC(Y hist) norm	StS norm	BCSC norm	BCLR norm	BC(X hist)	BC(Y hist)	StS	BCSC	BCLR	
5.293120E+2	2.102209E-3	3.743088E+9	-9.260143E-3	2.291871E+8	-4.749297E-3	3.600711E+9	-1.187010E-2	2.174867E+8	-4.659242E-3	3.758351E+10	-2.753656E-3	3.804644E+10	-4.667352E-3	4.118422E+10	-2.319407E-3	4.178953E+10	-1.136235E-2	-7.120805E-3	2.609959E-3	-4.241546E-3	-6.940735E-3	-3.513901E+9	-3.383225E+9	1.170038E+7	-1.306763E+8	-4.156034E+10
5.298120E+2	-5.721899E-3	3.645721E+9	-1.796332E-2	2.226435E+8	-2.908510E-4	3.656283E+9	1.771560E-2	2.394993E+8	-6.412338E-5	3.816220E+10	5.015243E-5	3.840172E+10	-8.454252E-5	4.181849E+10	-4.660281E-4	4.204744E+10	-1.224142E-2	1.800645E-2	-3.567892E-2	-3.024787E-2	-1.749729E-2	-3.423077E+9	-3.416784E+9	-1.685582E+7	-6.293648E+6	-4.182480E+10
5.303080E+2	-3.560258E-3	3.672621E+9	1.212037E-3	2.370606E+8	-1.408631E-2	3.484332E+9	-2.159607E-2	2.102503E+8	-1.108662E-2	3.677408E+10	-1.253297E-2	3.680727E+10	-1.135677E-2	4.025841E+10	-1.173056E-2	4.047989E+10	4.772295E-3	-7.509765E-3	2.280811E-2	1.228206E-2	1.294260E-2	-3.435561E+9	-3.274081E+9	2.681039E+7	-1.614793E+8	-4.024283E+10
5.308050E+2	-2.051376E-2	3.461643E+9	-1.685973E-3	2.348817E+8	-1.162829E-2	3.514969E+9	-2.282560E-2	2.093355E+8	-1.451228E-2	3.634266E+10	-1.567721E-2	3.640886E+10	-1.425255E-2	3.985763E+10	-1.610973E-2	3.987050E+10	1.882779E-2	-1.119731E-2	2.113962E-2	3.002510E-2	1.442376E-2	-3.226761E+9	-3.305634E+9	2.554630E+7	7.887244E+7	-3.963562E+10
5.313130E+2	2.273847E-3	3.745224E+9	2.429830E-2	2.544182E+8	-2.851530E-4	3.656354E+9	4.336318E-3	2.295447E+8	4.814543E-3	3.877660E+10	5.353215E-3	3.907369E+10	4.355263E-3	4.243295E+10	5.077835E-3	4.281891E+10	2.202445E-2	4.621471E-3	1.996198E-2	1.740298E-2	1.922047E-2	-3.490806E+9	-3.426809E+9	2.487349E+7	-6.399654E+7	-4.256449E+10
5.318060E+2	1.495146E-2	3.902991E+9	4.017155E-2	2.663526E+8	1.235276E-2	3.813877E+9	9.659511E-3	2.335053E+8	1.053219E-2	3.949666E+10	9.998770E-3	3.966234E+10	1.069615E-2	4.331053E+10	1.044168E-2	4.356533E+10	2.522009E-2	-2.693247E-3	3.051204E-2	2.791333E-2	2.972987E-2	-3.636638E+9	-3.580372E+9	3.284730E+7	-5.626638E+7	-4.329898E+10
5.323010E+2	5.666740E-3	3.787447E+9	-4.115698E-2	2.052052E+8	1.464501E-2	3.842449E+9	1.206739E-3	2.272162E+8	7.693206E-3	3.913913E+10	7.683533E-3	3.936897E+10	8.319288E-3	4.298158E+10	7.503176E-3	4.315641E+10	-4.682372E-2	-1.343827E-2	-4.236372E-2	-3.338544E-2	-4.866016E-2	-3.582242E+9	-3.615232E+9	-2.201106E+7	3.299063E+7	-4.295121E+10
5.328010E+2	4.801659E-3	3.776681E+9	4.384529E-3	2.394459E+8	4.042127E-3	3.710291E+9	2.337361E-2	2.437090E+8	7.282332E-3	3.908738E+10	7.878166E-3	3.939363E+10	6.990518E-3	4.279767E+10	7.603042E-3	4.317031E+10	-4.171298E-4	1.933148E-2	-1.898908E-2	-1.974861E-2	-3.218512E-3	-3.537235E+9	-3.466581E+9	-4.263144E+6	-7.065390E+7	-4.293087E+10
5.333130E+2	1.690030E-2	3.927243E+9	4.183946E-2	2.676067E+8	2.765288E-2	4.004583E+9	4.309033E-2	2.583789E+8	1.937841E-2	4.061071E+10	2.028037E-2	4.096515E+10	2.012361E-2	4.461529E+10	1.997810E-2	4.489239E+10	2.493916E-2	1.543744E-2	-1.250867E-3	9.501714E-3	2.186136E-2	-3.659636E+9	-3.746204E+9	9.227796E+6	8.656767E+7	-4.462479E+10
5.335100E+2	2.747097E-2	4.058790E+9	2.072519E-2	2.517318E+8	3.216224E-2	4.060789E+9	4.765073E-2	2.617720E+8	3.172956E-2	4.216616E+10	3.109126E-2	4.233503E+10	3.176853E-2	4.622695E+10	3.076751E-2	4.639382E+10	-6.745783E-3	1.548849E-2	-2.692554E-2	-2.223427E-2	-1.004232E-2	-3.807058E+9	-3.799017E+9	-1.004021E+7	-8.041090E+6	-4.614209E+10
5.337270E+2	3.710762E-2	4.178714E+9	1.284760E-2	2.458089E+8	3.752358E-2	4.127615E+9	8.976679E-2	2.931076E+8	3.935546E-2	4.312653E+10	3.795241E-2	4.320443E+10	3.919048E-2	4.725415E+10	3.787686E-2	4.738314E+10	-2.426003E-2	5.224321E-2	-7.691919E-2	-7.650324E-2	-2.502926E-2	-3.932905E+9	-3.834507E+9	-4.729865E+7	-9.839754E+7	-4.713733E+10
5.339090E+2	4.956643E-2	4.333757E+9	1.360284E-2	2.463768E+8	5.533713E-2	4.349649E+9	5.310155E-2	2.658275E+8	4.606444E-2	4.397143E+10	4.741658E-2	4.440366E+10	4.689954E-2	4.832108E+10	4.760884E-2	4.873742E+10	-3.596359E-2	-2.235579E-3	-3.949870E-2	-3.372801E-2	-3.400600E-2	-4.087381E+9	-4.083821E+9	-1.945077E+7	-3.559409E+6	-4.849104E+10
5.341110E+2	6.400912E-2	4.513490E+9	5.249305E-2	2.756167E+8	6.359771E-2	4.452611E+9	6.047050E-2	2.713103E+8	6.291626E-2	4.609368E+10	6.832430E-2	4.705294E+10	6.297763E-2	5.054629E+10	6.793841E-2	5.156643E+10	-1.151606E-2	-3.127210E-3	-7.977448E-3	-8.388853E-3	-1.544535E-2	-4.237873E+9	-4.181301E+9	4.306408E+6	-5.657184E+7	-5.129082E+10
5.343030E+2	1.091452E-1	5.075187E+9	9.285686E-2	3.059645E+8	1.126115E-1	5.063536E+9	1.099701E-1	3.081394E+8	1.133011E-1	5.243893E+10	1.135069E-1	5.277817E+10	1.132390E-1	5.750246E+10	1.131169E-1	5.785336E+10	-1.628839E-2	-2.641459E-3	-1.711321E-2	-1.364693E-2	-2.026003E-2	-4.769223E+9	-4.755397E+9	-2.174926E+6	-1.382589E+7	-5.754739E+10
5.345110E+2	1.816278E-1	5.977197E+9	1.940536E-1	3.820500E+8	1.858612E-1	5.976545E+9	1.694353E-1	3.523833E+8	1.942303E-1	6.263081E+10	1.873049E-1	6.212933E+10	1.934766E-1	6.860735E+10	1.867972E-1	6.810653E+10	1.242579E-2	-1.642590E-2	2.461826E-2	2.885169E-2	7.256351E-3	-5.595147E+9	-5.624162E+9	2.966666E+7	2.901413E+7	-6.772448E+10
5.347400E+2	3.669664E-1	8.283648E+9	3.427080E-1	4.938170E+8	3.693179E-1	8.263211E+9	4.167766E-1	5.364127E+8	3.691142E-1	8.465492E+10	3.604931E-1	8.407453E+10	3.691325E-1	9.291813E+10	3.610720E-1	9.235818E+10	-2.425845E-2	4.745875E-2	-7.406866E-2	-7.171720E-2	-1.836402E-2	-7.789831E+9	-7.726798E+9	-4.259578E+7	-6.303297E+7	-9.186437E+10
5.349010E+2	6.160887E-1	1.138386E+10	6.175951E-1	7.004929E+8	6.089110E-1	1.124958E+10	6.295000E-1	6.946853E+8	6.284572E-1	1.173155E+11	6.165672E-1	1.165225E+11	6.266968E-1	1.285650E+11	6.165244E-1	1.279063E+11	1.506367E-3	2.058903E-2	-1.190498E-2	-1.908266E-2	1.070629E-3	-1.068336E+10	-1.055490E+10	5.807554E+6	-1.284671E+8	-1.272058E+11
5.351200E+2	1.078193E+0	1.713453E+10	1.097092E+0	1.061006E+9	1.093945E+0	1.729520E+10	1.114986E+0	1.055902E+9	1.101276E+0	1.768603E+11	1.085565E+0	1.759506E+11	1.100616E+0	1.941555E+11	1.084906E+0	1.930851E+11	1.889823E-2	2.104182E-2	-1.789484E-2	-2.143588E-3	1.218597E-2	-1.607352E+10	-1.623930E+10	5.104184E+6	1.657812E+8	-1.920241E+11
5.353120E+2	1.643175E+0	2.416545E+10	1.694276E+0	1.510003E+9	1.660975E+0	2.436286E+10	1.731224E+0	1.514401E+9	1.659626E+0	2.471765E+11	1.661734E+0	2.489587E+11	1.659748E+0	2.715393E+11	1.660074E+0	2.731241E+11	5.110129E-2	7.024948E-2	-3.694861E-2	-1.914818E-2	3.420173E-2	-2.265544E+10	-2.284846E+10	-4.397926E+6	1.930171E+8	-2.716141E+11
5.355100E+2	2.222908E+0	3.137995E+10	2.172335E+0	1.869436E+9	2.219610E+0	3.132587E+10	2.248001E+0	1.898899E+9	2.181138E+0	3.128534E+11	2.191820E+0	3.161275E+11	2.184603E+0	3.441793E+11	2.194600E+0	3.475074E+11	-5.057231E-2	2.839143E-2	-7.566566E-2	-7.896374E-2	-2.226471E-2	-2.951051E+10	-2.942697E+10	-2.946255E+7	-8.353773E+7	-3.456380E+11
5.357140E+2	2.609255E+0	3.618785E+10	2.504587E+0	2.119242E+9	2.611275E+0	3.620772E+10	2.627486E+0	2.181247E+9	2.534768E+0	3.573880E+11	2.542095E+0	3.605119E+11	2.541659E+0	3.935958E+11	2.548101E+0	3.966998E+11	-1.046677E-1	1.621180E-2	-1.228991E-1	-1.208795E-1	-4.351416E-2	-3.406861E+10	-3.402647E+10	-6.200497E+7	-4.214168E+7	-3.945805E+11
5.359070E+2	2.695976E+0	3.726706E+10	2.652002E+0	2.230077E+9	2.707969E+0	3.741295E+10	2.681203E+0	2.221214E+9	2.637365E+0	3.703086E+11	2.644545E+0	3.734937E+11	2.643723E+0	4.077215E+11	2.649145E+0	4.107607E+11	-4.397386E-2	-2.676532E-2	-2.920119E-2	-1.720853E-2	2.857529E-3	-3.503698E+10	-3.519173E+10	8.863014E+6	1.547516E+8	-4.085307E+11
5.361160E+2	2.609156E+0	3.618662E+10	2.527823E+0	2.136712E+9	2.612290E+0	3.622037E+10	2.688191E+0	2.226414E+9	2.558243E+0	3.603443E+11	2.572772E+0	3.643990E+11	2.563110E+0	3.965647E+11	2.576025E+0	4.005856E+11	-8.133285E-2	7.590165E-2	-1.603685E-1	-1.572345E-1	-4.820236E-2	-3.404991E+10	-3.399396E+10	-8.970144E+7	-5.595048E+7	-3.984489E+11
5.363100E+2	2.430446E+0	3.396266E+10	2.436565E+0	2.068099E+9	2.429902E+0	3.394703E+10	2.414299E+0	2.022630E+9	2.377636E+0	3.375995E+11	2.381170E+0	3.401206E+11	2.382343E+0	3.715465E+11	2.385576E+0	3.740832E+11	6.119296E-3	-1.560294E-2	2.226565E-2	2.172224E-2	5.098873E-2	-3.189456E+10	-3.192440E+10	4.546955E+7	2.984236E+7	-3.720151E+11
5.365090E+2	2.198936E+0	3.108163E+10	2.261074E+0	1.936155E+9	2.160747E+0	3.059218E+10	2.155772E+0	1.830278E+9	2.148497E+0	3.087427E+11	2.144256E+0	3.101005E+11	2.149600E+0	3.393349E+11	2.149146E+0	3.411821E+11	6.213829E-2	-4.974268E-3	1.053020E-1	6.711255E-2	1.119287E-1	-2.914548E+10	-2.876191E+10	1.058775E+8	-3.835711E+8	-3.392459E+11
5.367080E+2	1.901675E+0	2.738236E+10	1.866673E+0	1.639621E+9	1.877706E+0	2.706427E+10	1.865393E+0	1.614227E+9	1.883246E+0	2.753382E+11	1.877993E+0	2.763615E+11	1.882747E+0	3.024025E+11	1.880110E+0	3.037438E+11	-3.500180E-2	-1.231308E-2	1.280058E-3	-2.268872E-2	-1.343765E-2	-2.574274E+10	-2.545004E+10	2.539480E+7	-2.926929E+8	-3.021042E+11
5.369180E+2	1.689575E+0	2.474288E+10	1.685390E+0	1.503323E+9	1.713275E+0	2.501474E+10	1.749245E+0	1.527809E+9	1.695409E+0	2.516828E+11	1.689087E+0	2.524247E+11	1.697018E+0	2.766975E+11	1.689131E+0	2.771676E+11	-4.185064E-3	3.597009E-2	-6.385440E-2	-4.015515E-2	-3.740557E-3	-2.323956E+10	-2.348693E+10	-2.448619E+7	2.473733E+8	-2.756643E+11
5.371120E+2	1.547356E+0	2.297303E+10	1.547034E+0	1.399299E+9	1.544274E+0	2.290826E+10	1.579499E+0	1.401513E+9	1.542254E+0	2.323951E+11	1.537021E+0	2.331559E+11	1.542436E+0	2.553034E+11	1.537945E+0	2.561289E+11	-3.216467E-4	3.522507E-2	-3.246527E-2	-3.554671E-2	9.089108E-3	-2.157373E+10	-2.150675E+10	-2.214717E+6	-6.697735E+7	-2.547296E+11
5.373060E+2	1.432037E+0	2.153794E+10	1.453875E+0	1.329256E+9	1.460925E+0	2.186937E+10	1.477360E+0	1.325519E+9	1.449054E+0	2.206579E+11	1.447700E+0	2.218378E+11	1.450123E+0	2.425273E+11	1.446299E+0	2.433757E+11	2.183777E-2	1.643534E-2	-2.348507E-2	5.402426E-3	7.575548E-3	-2.020869E+10	-2.054385E+10	3.737614E+6	3.351614E+8	-2.420465E+11
5.375110E+2	1.415937E+0	2.133759E+10	1.419392E+0	1.303330E+9	1.422441E+0	2.138969E+10	1.434502E+0	1.293631E+9	1.410735E+0	2.158321E+11	1.403507E+0	2.162380E+11	1.411789E+0	2.372218E+11	1.404619E+0	2.375756E+11	3.454365E-3	1.206081E-2	-1.511009E-2	-8.606449E-3	1.477297E-2	-2.003426E+10	-2.009606E+10	9.698935E+6	6.180368E+7	-2.362722E+11
5.377160E+2	1.508189E+0	2.248562E+10	1.602362E+0	1.440897E+9	1.514634E+0	2.253882E+10	1.476682E+0	1.325014E+9	1.505587E+0	2.277774E+11	1.502647E+0	2.288003E+11	1.506402E+0	2.503162E+11	1.503143E+0	2.512859E+11	9.417297E-2	-3.795264E-2	1.256805E-1	1.321256E-1	9.921941E-2	-2.104472E+10	-2.121381E+10	1.158836E+8	1.690869E+8	-2.498450E+11
5.379110E+2	1.698190E+0	2.485009E+10	1.629157E+0	1.461043E+9	1.682402E+0	2.462994E+10	1.724994E+0	1.509766E+9	1.683625E+0	2.501987E+11	1.675027E+0	2.506431E+11	1.683515E+0	2.748287E+11	1.677098E+0	2.754931E+11	-6.903294E-2	4.259133E-2	-9.583669E-2	-1.116243E-1	-4.794113E-2	-2.338904E+10	-2.312018E+10	-4.872214E+7	-2.688692E+8	-2.740321E+11
5.381110E+2	1.915230E+0	2.755105E+10	1.819300E+0	1.604004E+9	1.937694E+0	2.781198E+10	1.879392E+0	1.624643E+9	1.898488E+0	2.772576E+11	1.899095E+0	2.790354E+11	1.902018E+0	3.050696E+11	1.900537E+0	3.065864E+11	-9.593013E-2	-5.830165E-2	-6.009222E-2	-3.762848E-2	-8.123765E-2	-2.594704E+10	-2.618733E+10	-2.063884E+7	2.402927E+8	-3.049824E+11
5.383060E+2	2.155392E+0	3.053975E+10	2.085442E+0	1.804105E+9	2.145303E+0	3.039969E+10	2.111916E+0	1.797648E+9	2.116305E+0	3.046885E+11	2.116934E+0	3.066385E+11	2.118916E+0	3.350882E+11	2.120373E+0	3.371782E+11	-6.995005E-2	-3.338634E-2	-2.647414E-2	-3.656371E-2	-3.493110E-2	-2.873565E+10	-2.860204E+10	6.457259E+6	-1.336073E+8	-3.353741E+11
5.385110E+2	2.297056E+0	3.230269E+10	2.158704E+0	1.859187E+9	2.312652E+0	3.248558E+10	2.304767E+0	1.941134E+9	2.250430E+0	3.215798E+11	2.252792E+0	3.238535E+11	2.256034E+0	3.540653E+11	2.256751E+0	3.561562E+11	-1.383524E-1	-7.885015E-3	-1.460625E-1	-1.304674E-1	-9.804673E-2	-3.044351E+10	-3.054444E+10	-8.194659E+7	1.009383E+8	-3.542970E+11
5.387120E+2	2.274283E+0	3.201928E+10	2.171769E+0	1.869010E+9	2.297872E+0	3.230136E+10	2.246207E+0	1.897564E+9	2.221747E+0	3.179675E+11	2.245877E+0	3.229772E+11	2.228603E+0	3.502688E+11	2.248417E+0	3.549965E+11	-1.025136E-1	-5.166536E-2	-7.443788E-2	-5.084821E-2	-7.664840E-2	-3.015027E+10	-3.040380E+10	-2.855348E+7	2.535275E+8	-3.531275E+11
5.389180E+2	2.239780E+0	3.158992E+10	2.146413E+0	1.849946E+9	2.238178E+0	3.155732E+10	2.247219E+0	1.898317E+9	2.197832E+0	3.149557E+11	2.209474E+0	3.183644E+11	2.201466E+0	3.465131E+11	2.212184E+0	3.499543E+11	-9.336706E-2	9.041049E-3	-1.008063E-1	-1.024081E-1	-6.577097E-2	-2.973997E+10	-2.965900E+10	-4.837086E+7	-8.096865E+7	-3.481044E+11
5.391450E+2	2.044902E+0	2.916475E+10	1.989029E+0	1.731616E+9	2.057378E+0	2.930376E+10	2.025789E+0	1.733566E+9	2.008965E+0	2.911706E+11	2.016900E+0	2.939629E+11	2.013325E+0	3.204744E+11	2.019404E+0	3.231276E+11	-5.587286E-2	-3.158891E-2	-3.675989E-2	-2.428395E-2	-3.037568E-2	-2.743313E+10	-2.757019E+10	-1.950328E+6	1.370597E+8	-3.213960E+11
5.393090E+2	1.863308E+0	2.690490E+10	1.864388E+0	1.637904E+9	1.857841E+0	2.681666E+10	1.815784E+0	1.577316E+9	1.833397E+0	2.690604E+11	1.826600E+0	2.698494E+11	1.835598E+0	2.958770E+11	1.829883E+0	2.967543E+11	1.079801E-3	-4.205667E-2	4.860381E-2	4.313647E-2	3.450499E-2	-2.526700E+10	-2.523935E+10	6.058720E+7	-2.765259E+7	-2.951164E+11
5.395160E+2	1.633007E+0	2.403892E+10	1.590860E+0	1.432250E+9	1.623979E+0	2.390173E+10	1.703888E+0	1.494063E+9	1.609306E+0	2.408393E+11	1.613233E+0	2.428130E+11	1.610627E+0	2.647410E+11	1.615001E+0	2.668519E+11	-4.214701E-2	7.990987E-2	-1.130281E-1	-1.220569E-1	-2.414113E-2	-2.260667E+10	-2.240766E+10	-6.181285E+7	-1.990075E+8	-2.654197E+11
5.397120E+2	1.438080E+0	2.161315E+10	1.426739E+0	1.308854E+9	1.436338E+0	2.156292E+10	1.380088E+0	1.253145E+9	1.428975E+0	2.181292E+11	1.418957E+0	2.181957E+11	1.429638E+0	2.396922E+11	1.420667E+0	2.398088E+11	-1.134155E-2	-5.625047E-2	4.665092E-2	4.490892E-2	6.071854E-3	-2.030430E+10	-2.030977E+10	5.570849E+7	5.475752E+6	-2.385000E+11
5.399500E+2	1.226438E+0	1.897936E+10	1.173310E+0	1.118312E+9	1.224702E+0	1.892501E+10	1.207740E+0	1.124914E+9	1.212003E+0	1.908047E+11	1.214199E+0	1.922502E+11	1.213147E+0	2.097297E+11	1.215294E+0	2.112295E+11	-5.312811E-2	-1.696165E-2	-3.443021E-2	-3.616646E-2	-4.198326E-2	-1.786105E+10	-1.780010E+10	-6.602028E+6	-6.095733E+7	-2.101112E+11
5.401090E+2	1.047012E+0	1.674648E+10	1.042125E+0	1.019679E+9	1.056209E+0	1.682485E+10	1.065420E+0	1.019023E+9	1.058739E+0	1.715033E+11	1.054157E+0	1.719707E+11	1.058511E+0	1.883281E+11	1.053518E+0	1.887172E+11	-4.886754E-3	9.211494E-3	-2.329569E-2	-1.409825E-2	-1.139287E-2	-1.572680E+10	-1.580583E+10	6.555395E+5	7.902561E+7	-1.876975E+11
5.403170E+2	8.973692E-1	1.488426E+10	8.609955E-1	8.834953E+8	8.848350E-1	1.468879E+10	9.318964E-1	9.196773E+8	9.007929E-1	1.516122E+11	8.984286E-1	1.522380E+11	8.993558E-1	1.663010E+11	8.983338E-1	1.671222E+11	-3.637368E-2	4.706134E-2	-7.090090E-2	-8.343502E-2	-3.733838E-2	-1.400076E+10	-1.376911E+10	-3.618197E+7	-2.316469E+8	-1.662387E+11
5.405180E+2	7.398648E-1	1.292419E+10	7.675681E-1	8.132513E+8	7.702331E-1	1.326035E+10	7.933075E-1	8.165630E+8	7.550145E-1	1.332535E+11	7.584068E-1	1.344954E+11	7.563851E-1	1.465139E+11	7.567486E-1	1.474196E+11	2.770331E-2	2.307445E-2	-2.573939E-2	4.628859E-3	1.081954E-2	-1.211094E+10	-1.244379E+10	-3.311746E+6	3.328516E+8	-1.466063E+11
5.407100E+2	6.229732E-1	1.146953E+10	6.379523E-1	7.157986E+8	6.239392E-1	1.143690E+10	6.155113E-1	6.842773E+8	6.357705E-1	1.182365E+11	6.370870E-1	1.191226E+11	6.347050E-1	1.296734E+11	6.358248E-1	1.305921E+11	1.497912E-2	-8.427918E-3	2.244104E-2	2.340703E-2	2.127492E-3	-1.075373E+10	-1.075262E+10	3.152137E+7	-1.111283E+6	-1.298763E+11
5.409170E+2	5.613996E-1	1.070328E+10	5.622967E-1	6.589164E+8	5.514015E-1	1.053276E+10	5.921058E-1	6.668629E+8	5.645926E-1	1.092726E+11	5.652818E-1	1.100239E+11	5.634046E-1	1.198054E+11	5.649347E-1	1.207272E+11	8.971699E-4	4.070433E-2	-2.980906E-2	-3.980716E-2	-2.637922E-3	-1.004436E+10	-9.865899E+9	-7.946467E+6	-1.784597E+8	-1.200683E+11
5.411140E+2	5.168354E-1	1.014870E+10	5.026715E-1	6.140867E+8	5.302483E-1	1.026910E+10	5.399718E-1	6.280737E+8	5.281251E-1	1.046801E+11	5.271791E-1	1.051958E+11	5.283163E-1	1.149492E+11	5.262541E-1	1.153445E+11	-1.416392E-2	9.723586E-3	-3.730036E-2	-2.388750E-2	-2.358260E-2	-9.534609E+9	-9.641028E+9	-1.398694E+7	1.064189E+8	-1.147304E+11
5.413170E+2	4.979917E-1	9.914195E+9	4.773998E-1	5.950860E+8	5.102990E-1	1.002045E+10	4.849354E-1	5.871249E+8	5.042767E-1	1.016767E+11	5.041696E-1	1.022802E+11	5.048190E-1	1.116971E+11	5.036171E-1	1.121944E+11	-2.059195E-2	-2.536361E-2	-7.535597E-3	4.771658E-3	-2.621735E-2	-9.319109E+9	-9.433322E+9	7.961124E+6	1.142129E+8	-1.115993E+11
5.418180E+2	5.767557E-1	1.089438E+10	5.810706E-1	6.730317E+8	5.855952E-1	1.095896E+10	6.201195E-1	6.877059E+8	5.866999E-1	1.120567E+11	5.831538E-1	1.122885E+11	5.866004E-1	1.230157E+11	5.825816E-1	1.231829E+11	4.314863E-3	3.452425E-2	-3.904891E-2	-3.020938E-2	-1.511030E-3	-1.022134E+10	-1.027126E+10	-1.467424E+7	4.991552E+7	-1.225099E+11
5.423100E+2	7.702850E-1	1.330275E+10	7.900851E-1	8.301808E+8	7.728224E-1	1.329263E+10	7.726972E-1	8.012283E+8	7.734905E-1	1.355803E+11	7.727021E-1	1.363068E+11	7.734304E-1	1.488730E+11	7.724859E-1	1.496095E+11	1.980005E-2	-1.252352E-4	1.738788E-2	1.992528E-2	1.759915E-2	-1.247257E+10	-1.249140E+10	2.895249E+7	1.882563E+7	-1.487793E+11
5.428080E+2	9.827021E-1	1.594618E+10	9.457542E-1	9.472218E+8	9.711772E-1	1.576499E+10	1.009375E+0	9.773240E+8	9.743270E-1	1.608728E+11	9.767579E-1	1.621633E+11	9.740434E-1	1.766378E+11	9.772894E-1	1.781095E+11	-3.694786E-2	3.819823E-2	-6.362118E-2	-7.514610E-2	-3.153522E-2	-1.499896E+10	-1.478766E+10	-3.010218E+7	-2.112971E+8	-1.771623E+11
5.433290E+2	1.155007E+0	1.809044E+10	1.128715E+0	1.084782E+9	1.175170E+0	1.830763E+10	1.187982E+0	1.110212E+9	1.161249E+0	1.844130E+11	1.158559E+0	1.851999E+11	1.162503E+0	2.027206E+11	1.158241E+0	2.032903E+11	-2.629187E-2	1.281111E-2	-5.926647E-2	-3.910298E-2	-2.952610E-2	-1.700565E+10	-1.719742E+10	-2.543002E+7	1.917648E+8	-2.022055E+11
5.438340E+2	1.298365E+0	1.987446E+10	1.269991E+0	1.191002E+9	1.318194E+0	2.009033E+10	1.295667E+0	1.190334E+9	1.295348E+0	2.013008E+11	1.295264E+0	2.025222E+11	1.297405E+0	2.213911E+11	1.295541E+0	2.223966E+11	-2.837365E-2	-2.252698E-2	-2.567602E-2	-5.846670E-3	-2.554995E-2	-1.868346E+10	-1.889999E+10	6.681259E+5	2.165392E+8	-2.212056E+11
5.443290E+2	1.351738E+0	2.053866E+10	1.351006E+0	1.251914E+9	1.375136E+0	2.080007E+10	1.361133E+0	1.239042E+9	1.360432E+0	2.094971E+11	1.364860E+0	2.113408E+11	1.361756E+0	2.302972E+11	1.363686E+0	2.318795E+11	-7.316717E-4	-1.400324E-2	-1.012640E-2	1.327157E-2	-1.267998E-2	-1.928674E+10	-1.956102E+10	1.287166E+7	2.742807E+8	-2.306276E+11
5.448150E+2	1.316027E+0	2.009425E+10	1.328230E+0	1.234789E+9	1.332339E+0	2.026663E+10	1.250619E+0	1.156816E+9	1.311170E+0	2.032934E+11	1.316742E+0	2.052437E+11	1.313076E+0	2.235600E+11	1.316678E+0	2.253379E+11	1.220337E-2	-8.172004E-2	7.761166E-2	9.392341E-2	1.155234E-2	-1.885946E+10	-1.910981E+10	7.797313E+7	2.503496E+8	-2.241031E+11
5.453180E+2	1.214291E+0	1.882820E+10	1.190518E+0	1.131249E+9	1.205945E+0	1.869122E+10	1.288914E+0	1.185309E+9	1.201502E+0	1.894822E+11	1.208987E+0	1.915897E+11	1.201902E+0	2.081734E+11	1.209461E+0	2.104179E+11	-2.377372E-2	8.296877E-2	-9.839626E-2	-1.067425E-1	-1.894365E-2	-1.769695E+10	-1.750591E+10	-5.406000E+7	-1.910450E+8	-2.092867E+11
5.458100E+2	1.145246E+0	1.796896E+10	1.154604E+0	1.104247E+9	1.154749E+0	1.805309E+10	1.117407E+0	1.057703E+9	1.142636E+0	1.820689E+11	1.145183E+0	1.835049E+11	1.143727E+0	2.001220E+11	1.145188E+0	2.014739E+11	9.358196E-3	-3.734221E-2	3.719672E-2	4.670040E-2	9.415617E-3	-1.686471E+10	-1.699539E+10	4.654414E+7	1.306782E+8	-2.003696E+11
5.463150E+2	1.112661E+0	1.756346E+10	1.108989E+0	1.069951E+9	1.121835E+0	1.764284E+10	1.165444E+0	1.093444E+9	1.118550E+0	1.790357E+11	1.115541E+0	1.797489E+11	1.118846E+0	1.966785E+11	1.115283E+0	1.973124E+11	-3.672011E-3	4.360834E-2	-5.645440E-2	-4.728035E-2	-6.293965E-3	-1.649351E+10	-1.654940E+10	-2.349215E+7	5.588732E+7	-1.962424E+11
5.468090E+2	1.112185E+0	1.755754E+10	1.084907E+0	1.051845E+9	1.119217E+0	1.761020E+10	1.159376E+0	1.088929E+9	1.108954E+0	1.778271E+11	1.111926E+0	1.792909E+11	1.109878E+0	1.954373E+11	1.111949E+0	1.968484E+11	-2.727783E-2	4.015965E-2	-7.446901E-2	-6.743748E-2	-2.704212E-2	-1.650569E+10	-1.652127E+10	-3.708407E+7	1.558099E+7	-1.957966E+11
5.473160E+2	1.107072E+0	1.749391E+10	1.132145E+0	1.087361E+9	1.121129E+0	1.763404E+10	1.177389E+0	1.102331E+9	1.124097E+0	1.797342E+11	1.122046E+0	1.805732E+11	1.123829E+0	1.973682E+11	1.120707E+0	1.980671E+11	2.507317E-2	5.625977E-2	-4.524407E-2	-3.118660E-2	1.143812E-2	-1.640654E+10	-1.653171E+10	-1.497009E+7	1.251673E+8	-1.969797E+11
5.478120E+2	1.300749E+0	1.990413E+10	1.238462E+0	1.167296E+9	1.289881E+0	1.973742E+10	1.258271E+0	1.162510E+9	1.287199E+0	2.002746E+11	1.284811E+0	2.011976E+11	1.287441E+0	2.200120E+11	1.286236E+0	2.211018E+11	-6.228725E-2	-3.161027E-2	-1.980906E-2	-3.067698E-2	-4.777447E-2	-1.873683E+10	-1.857491E+10	4.786528E+6	-1.619164E+8	-2.199345E+11
5.483090E+2	1.393872E+0	2.106299E+10	1.308690E+0	1.220098E+9	1.406303E+0	2.118854E+10	1.421452E+0	1.283921E+9	1.392065E+0	2.134809E+11	1.389681E+0	2.144861E+11	1.393347E+0	2.346695E+11	1.390056E+0	2.355491E+11	-8.518112E-2	1.514854E-2	-1.127611E-1	-1.003297E-1	-8.136564E-2	-1.984289E+10	-1.990462E+10	-6.382289E+7	6.173105E+7	-2.343290E+11
5.488020E+2	1.450961E+0	2.177344E+10	1.538189E+0	1.392649E+9	1.485367E+0	2.217402E+10	1.571299E+0	1.395412E+9	1.468653E+0	2.231261E+11	1.464160E+0	2.239235E+11	1.470158E+0	2.453001E+11	1.462980E+0	2.456970E+11	8.722884E-2	8.593223E-2	-3.310951E-2	1.296612E-3	7.520956E-2	-2.038079E+10	-2.077861E+10	-2.763289E+6	3.978216E+8	-2.443043E+11
5.493010E+2	1.437151E+0	2.160159E+10	1.335695E+0	1.240401E+9	1.437586E+0	2.157846E+10	1.423635E+0	1.285546E+9	1.420337E+0	2.170414E+11	1.428147E+0	2.193601E+11	1.421890E+0	2.386198E+11	1.428952E+0	2.409617E+11	-1.014568E-1	-1.395049E-2	-8.794061E-2	-8.750628E-2	-9.325728E-2	-2.036119E+10	-2.029292E+10	-4.514431E+7	-6.826898E+7	-2.397213E+11
5.498180E+2	1.732211E+0	2.527346E+10	1.645461E+0	1.473302E+9	1.701419E+0	2.486697E+10	1.709599E+0	1.498311E+9	1.705452E+0	2.529476E+11	1.708486E+0	2.548828E+11	1.705089E+0	2.778145E+11	1.710608E+0	2.801563E+11	-8.674953E-2	8.179533E-3	-6.413728E-2	-9.492907E-2	-6.514650E-2	-2.380016E+10	-2.336866E+10	-2.500921E+7	-4.314995E+8	-2.786830E+11
5.503190E+2	1.795075E+0	2.605577E+10	1.641823E+0	1.470567E+9	1.761329E+0	2.561371E+10	1.798747E+0	1.564640E+9	1.755428E+0	2.592413E+11	1.765806E+0	2.621459E+11	1.755959E+0	2.848550E+11	1.768423E+0	2.882017E+11	-1.532515E-1	3.741783E-2	-1.569238E-1	-1.906693E-1	-1.265996E-1	-2.458521E+10	-2.404907E+10	-9.407366E+7	-5.361343E+8	-2.867311E+11
5.508370E+2	1.688125E+0	2.472483E+10	1.705269E+0	1.518268E+9	1.696196E+0	2.480186E+10	1.656872E+0	1.459081E+9	1.664403E+0	2.477780E+11	1.670735E+0	2.500993E+11	1.667266E+0	2.725799E+11	1.672291E+0	2.748241E+11	1.714364E-2	-3.932406E-2	4.839697E-2	5.646770E-2	3.297800E-2	-2.320656E+10	-2.334278E+10	5.918780E+7	1.362194E+8	-2.733059E+11
5.513180E+2	1.362528E+0	2.067293E+10	1.322855E+0	1.230748E+9	1.348647E+0	2.046991E+10	1.335214E+0	1.219757E+9	1.338921E+0	2.067882E+11	1.349353E+0	2.093760E+11	1.339797E+0	2.272581E+11	1.350531E+0	2.300489E+11	-3.967334E-2	-1.343378E-2	-1.235896E-2	-2.623956E-2	-2.767674E-2	-1.944219E+10	-1.925015E+10	1.099021E+7	-1.920396E+8	-2.288182E+11
5.518600E+2	1.365072E+0	2.070459E+10	1.336564E+0	1.241055E+9	1.370755E+0	2.074546E+10	1.413905E+0	1.278306E+9	1.368303E+0	2.104884E+11	1.370187E+0	2.120158E+11	1.368524E+0	2.312339E+11	1.369729E+0	2.327204E+11	-2.850732E-2	4.315052E-2	-7.734119E-2	-7.165784E-2	-3.316491E-2	-1.946353E+10	-1.946715E+10	-3.725121E+7	3.621224E+6	-2.314794E+11
5.523090E+2	1.317152E+0	2.010825E+10	1.364634E+0	1.262160E+9	1.341681E+0	2.038307E+10	1.371663E+0	1.246877E+9	1.318953E+0	2.042735E+11	1.321472E+0	2.058431E+11	1.321000E+0	2.246566E+11	1.321086E+0	2.259513E+11	4.748241E-2	2.998234E-2	-7.029015E-3	1.750007E-2	4.354830E-2	-1.884609E+10	-1.913619E+10	1.528288E+7	2.901052E+8	-2.246892E+11
5.528200E+2	1.179863E+0	1.839975E+10	1.144705E+0	1.096805E+9	1.190551E+0	1.849934E+10	1.183015E+0	1.106517E+9	1.180249E+0	1.868058E+11	1.184947E+0	1.885436E+11	1.181177E+0	2.053051E+11	1.184493E+0	2.069434E+11	-3.515724E-2	-7.535871E-3	-3.830999E-2	-2.762137E-2	-3.978709E-2	-1.730295E+10	-1.739282E+10	-9.712600E+6	8.987676E+7	-2.058465E+11
5.533100E+2	9.748487E-1	1.584845E+10	9.039452E-1	9.157874E+8	9.500646E-1	1.550183E+10	9.294854E-1	9.178835E+8	9.653845E-1	1.597466E+11	9.639200E-1	1.605366E+11	9.640048E-1	1.752485E+11	9.648973E-1	1.763850E+11	-7.090348E-2	-2.057914E-2	-2.554018E-2	-5.032434E-2	-6.095205E-2	-1.493266E+10	-1.458395E+10	-2.096038E+6	-3.487141E+8	-1.754692E+11
5.538120E+2	9.266308E-1	1.524840E+10	9.569700E-1	9.556545E+8	9.308066E-1	1.526180E+10	8.992679E-1	8.954007E+8	9.260607E-1	1.547944E+11	9.278443E-1	1.559653E+11	9.264881E-1	1.700562E+11	9.277357E-1	1.712137E+11	3.033914E-2	-3.153871E-2	5.770207E-2	6.187785E-2	2.923424E-2	-1.429275E+10	-1.436640E+10	6.025375E+7	7.364656E+7	-1.702581E+11
5.543090E+2	9.911005E-1	1.605070E+10	9.453718E-1	9.469343E+8	9.947463E-1	1.605876E+10	1.037781E+0	9.984588E+8	9.909564E-1	1.629670E+11	9.934529E-1	1.642788E+11	9.912977E-1	1.790258E+11	9.932425E-1	1.803295E+11	-4.572868E-2	4.303496E-2	-9.240938E-2	-8.876364E-2	-4.787070E-2	-1.510376E+10	-1.506030E+10	-5.152446E+7	-4.346055E+7	-1.793825E+11
5.553330E+2	1.042855E+0	1.669476E+10	1.014674E+0	9.990394E+8	1.041338E+0	1.663950E+10	9.980146E-1	9.688712E+8	1.042995E+0	1.695206E+11	1.045481E+0	1.708715E+11	1.042846E+0	1.861601E+11	1.045247E+0	1.875662E+11	-2.818152E-2	-4.332369E-2	1.665909E-2	1.514217E-2	-3.057290E-2	-1.569572E+10	-1.567063E+10	3.016822E+7	-2.509142E+7	-1.865672E+11
5.563170E+2	1.019788E+0	1.640770E+10	1.079274E+0	1.047610E+9	1.049072E+0	1.673589E+10	1.088712E+0	1.036353E+9	1.028168E+0	1.676533E+11	1.036336E+0	1.697126E+11	1.030051E+0	1.843892E+11	1.034856E+0	1.861203E+11	5.948595E-2	3.964047E-2	-9.438340E-3	1.984548E-2	4.441786E-2	-1.536009E+10	-1.569954E+10	1.125661E+7	3.394506E+8	-1.850727E+11
5.573490E+2	1.104181E+0	1.745793E+10	1.051992E+0	1.027098E+9	1.099076E+0	1.735916E+10	1.147186E+0	1.079859E+9	1.093249E+0	1.758493E+11	1.094412E+0	1.770716E+11	1.093773E+0	1.932084E+11	1.095286E+0	1.945295E+11	-5.218893E-2	4.811011E-2	-9.519376E-2	-1.002990E-1	-4.329325E-2	-1.643084E+10	-1.627930E+10	-5.276155E+7	-1.515324E+8	-1.935024E+11
5.583170E+2	1.170637E+0	1.828494E+10	1.141063E+0	1.094066E+9	1.172612E+0	1.827574E+10	1.276158E+0	1.175819E+9	1.165977E+0	1.850083E+11	1.166673E+0	1.862280E+11	1.166574E+0	2.032841E+11	1.167027E+0	2.045130E+11	-2.957382E-2	1.035468E-1	-1.350955E-1	-1.331207E-1	-2.596445E-2	-1.719087E+10	-1.709992E+10	-8.175245E+7	-9.095719E+7	-2.034189E+11
5.593230E+2	1.140519E+0	1.791014E+10	1.094063E+0	1.058729E+9	1.145759E+0	1.794104E+10	1.159359E+0	1.088916E+9	1.141135E+0	1.818798E+11	1.146558E+0	1.836791E+11	1.141551E+0	1.998209E+11	1.146018E+0	2.015893E+11	-4.645630E-2	1.360003E-2	-6.529607E-2	-6.005634E-2	-5.195464E-2	-1.685141E+10	-1.685212E+10	-3.018747E+7	7.055787E+5	-2.005305E+11
5.603150E+2	1.033153E+0	1.657402E+10	1.038243E+0	1.016760E+9	1.041785E+0	1.664507E+10	1.085722E+0	1.034128E+9	1.037525E+0	1.688317E+11	1.040675E+0	1.702624E+11	1.037909E+0	1.854768E+11	1.040002E+0	1.868364E+11	5.089918E-3	4.393628E-2	-4.747882E-2	-3.884636E-2	-1.759523E-3	-1.555726E+10	-1.561094E+10	-1.736783E+7	5.368555E+7	-1.858197E+11
5.613680E+2	9.439845E-1	1.546436E+10	9.306594E-1	9.358727E+8	9.369632E-1	1.533853E+10	9.859920E-1	9.599260E+8	9.322838E-1	1.555781E+11	9.377294E-1	1.572179E+11	9.327052E-1	1.709166E+11	9.382888E-1	1.726822E+11	-1.332513E-2	4.902879E-2	-5.533260E-2	-6.235391E-2	-7.629379E-3	-1.452849E+10	-1.437861E+10	-2.405338E+7	-1.498811E+8	-1.717464E+11
5.623380E+2	9.824212E-1	1.594269E+10	9.826949E-1	9.749960E+8	9.767737E-1	1.583475E+10	1.006247E+0	9.749963E+8	9.823106E-1	1.618782E+11	9.781832E-1	1.623439E+11	9.818120E-1	1.777130E+11	9.785622E-1	1.782866E+11	2.736899E-4	2.947326E-2	-2.355202E-2	-2.919957E-2	4.132757E-3	-1.496769E+10	-1.485975E+10	-3.700705E+2	-1.079432E+8	-1.773116E+11
5.633240E+2	9.623367E-1	1.569275E+10	1.012719E+0	9.975702E+8	9.684959E-1	1.573157E+10	8.974708E-1	8.940636E+8	9.630993E-1	1.594588E+11	9.654288E-1	1.607278E+11	9.635853E-1	1.751904E+11	9.651523E-1	1.764205E+11	5.038278E-2	-7.102516E-2	1.152487E-1	1.214079E-1	4.756717E-2	-1.469518E+10	-1.483751E+10	1.035065E+8	1.423296E+8	-1.754229E+11
5.643240E+2	9.666737E-1	1.574672E+10	9.689410E-1	9.646550E+8	9.605008E-1	1.563191E+10	9.895271E-1	9.625563E+8	9.722328E-1	1.606091E+11	9.715168E-1	1.614992E+11	9.711762E-1	1.762410E+11	9.710837E-1	1.772459E+11	2.267268E-3	2.902634E-2	-2.058613E-2	-2.675907E-2	-2.142732E-3	-1.478206E+10	-1.466936E+10	2.098681E+6	-1.127049E+8	-1.762813E+11
5.653110E+2	9.577368E-1	1.563550E+10	9.326982E-1	9.374055E+8	9.747110E-1	1.580904E+10	9.137906E-1	9.062061E+8	9.626095E-1	1.593972E+11	9.641823E-1	1.605698E+11	9.636994E-1	1.752062E+11	9.636059E-1	1.762053E+11	-2.503865E-2	-6.092041E-2	1.890754E-2	3.588177E-2	-3.090778E-2	-1.469810E+10	-1.490283E+10	3.119947E+7	2.047329E+8	-1.752679E+11
5.663250E+2	1.053891E+0	1.683210E+10	1.067776E+0	1.038965E+9	1.049341E+0	1.673925E+10	1.038367E+0	9.988947E+8	1.049466E+0	1.703355E+11	1.043103E+0	1.705702E+11	1.049455E+0	1.870747E+11	1.044068E+0	1.874022E+11	1.388493E-2	-1.097399E-2	2.940918E-2	2.485892E-2	2.370803E-2	-1.579313E+10	-1.574035E+10	4.007033E+7	-5.277916E+7	-1.863633E+11
5.673120E+2	1.099803E+0	1.740345E+10	1.066268E+0	1.037831E+9	1.091429E+0	1.726385E+10	1.082884E+0	1.032017E+9	1.100473E+0	1.767590E+11	1.099181E+0	1.776759E+11	1.099658E+0	1.940229E+11	1.099237E+0	1.950794E+11	-3.353482E-2	-8.545112E-3	-1.661584E-2	-2.498971E-2	-3.296854E-2	-1.636562E+10	-1.623183E+10	5.814529E+6	-1.337839E+8	-1.940415E+11
