Photon Energy (eV)	X ref norm	X ref	X pump norm	X pump	Y ref norm	Y ref	Y pump norm	Y pump	X all norm	X all	Y all norm	Y all	X all Y ref norm	X all Y ref	Y all X ref norm	Y all X ref	BC(X hist) norm	BC(Y hist) norm	StS norm	BCSC norm	BCLR norm	BC(X hist)	BC(Y hist)	StS	BCSC	BCLR	
5.293120E+2	2.102209E-3	3.743088E+9	-1.194793E-2	2.257482E+8	-4.749297E-3	3.600711E+9	-2.667267E-2	2.237624E+8	-4.659242E-3	3.758351E+10	-2.753656E-3	3.804644E+10	-4.667352E-3	4.118422E+10	-2.319407E-3	4.178953E+10	-1.405013E-2	-2.192337E-2	1.472474E-2	7.873237E-3	-9.628518E-3	-3.517340E+9	-3.376949E+9	1.985837E+6	-1.403908E+8	-4.156378E+10
5.298120E+2	-5.721899E-3	3.645721E+9	7.937728E-3	2.412131E+8	-2.908510E-4	3.656283E+9	4.555746E-3	2.479700E+8	-6.412338E-5	3.816220E+10	5.015243E-5	3.840172E+10	-8.454252E-5	4.181849E+10	-4.660281E-4	4.204744E+10	1.365963E-2	4.846597E-3	3.381983E-3	8.813030E-3	8.403757E-3	-3.404508E+9	-3.408313E+9	-6.756879E+6	3.805292E+6	-4.180623E+10
5.303080E+2	-3.560258E-3	3.672621E+9	-5.497579E-3	2.307646E+8	-1.408631E-2	3.484332E+9	-5.381599E-3	2.402668E+8	-1.108662E-2	3.677408E+10	-1.253297E-2	3.680727E+10	-1.135677E-2	4.025841E+10	-1.173056E-2	4.047989E+10	-1.937321E-3	8.704710E-3	-1.159793E-4	-1.064203E-2	6.232986E-3	-3.441857E+9	-3.244065E+9	-9.502172E+6	-1.977918E+8	-4.024913E+10
5.308050E+2	-2.051376E-2	3.461643E+9	-2.222429E-2	2.177564E+8	-1.162829E-2	3.514969E+9	-2.209254E-2	2.273128E+8	-1.451228E-2	3.634266E+10	-1.567721E-2	3.640886E+10	-1.425255E-2	3.985763E+10	-1.610973E-2	3.987050E+10	-1.710534E-3	-1.046425E-2	-1.317571E-4	8.753714E-3	-6.114564E-3	-3.243887E+9	-3.287656E+9	-9.556417E+6	4.376972E+7	-3.965274E+10
5.313130E+2	2.273847E-3	3.745224E+9	-2.067363E-2	2.189623E+8	-2.851530E-4	3.656354E+9	-2.403756E-2	2.258051E+8	4.814543E-3	3.877660E+10	5.353215E-3	3.907369E+10	4.355263E-3	4.243295E+10	5.077835E-3	4.281891E+10	-2.294748E-2	-2.375240E-2	3.363927E-3	8.049270E-4	-2.575146E-2	-3.526262E+9	-3.430549E+9	-6.842743E+6	-9.571277E+7	-4.259995E+10
5.318060E+2	1.495146E-2	3.902991E+9	7.215415E-3	2.406514E+8	1.235276E-2	3.813877E+9	1.285475E-2	2.544032E+8	1.053219E-2	3.949666E+10	9.998770E-3	3.966234E+10	1.069615E-2	4.331053E+10	1.044168E-2	4.356533E+10	-7.736047E-3	5.019907E-4	-5.639333E-3	-8.238038E-3	-3.226262E-3	-3.662339E+9	-3.559474E+9	-1.375183E+7	-1.028655E+8	-4.332468E+10
5.323010E+2	5.666740E-3	3.787447E+9	3.259907E-2	2.603920E+8	1.464501E-2	3.842449E+9	4.350357E-2	2.781615E+8	7.693206E-3	3.913913E+10	7.683533E-3	3.936897E+10	8.319288E-3	4.298158E+10	7.503176E-3	4.315641E+10	2.693233E-2	2.885855E-2	-1.090450E-2	-1.926229E-3	2.509589E-2	-3.527055E+9	-3.564287E+9	-1.776951E+7	3.723218E+7	-4.289602E+10
5.328010E+2	4.801659E-3	3.776681E+9	1.259122E-2	2.448321E+8	4.042127E-3	3.710291E+9	1.727030E-2	2.578260E+8	7.282332E-3	3.908738E+10	7.878166E-3	3.939363E+10	6.990518E-3	4.279767E+10	7.603042E-3	4.317031E+10	7.789559E-3	1.322817E-2	-4.679080E-3	-5.438611E-3	4.988177E-3	-3.531849E+9	-3.452464E+9	-1.299395E+7	-7.938471E+7	-4.292548E+10
5.333130E+2	1.690030E-2	3.927243E+9	1.242690E-2	2.447043E+8	2.765288E-2	4.004583E+9	8.278611E-3	2.508559E+8	1.937841E-2	4.061071E+10	2.028037E-2	4.096515E+10	2.012361E-2	4.461529E+10	1.997810E-2	4.489239E+10	-4.473400E-3	-1.937427E-2	4.148291E-3	1.490087E-2	-7.551199E-3	-3.682539E+9	-3.753727E+9	-6.151577E+6	7.118830E+7	-4.464769E+10
5.335100E+2	2.747097E-2	4.058790E+9	3.972683E-2	2.659352E+8	3.216224E-2	4.060789E+9	1.347458E-2	2.548837E+8	3.172956E-2	4.216616E+10	3.109126E-2	4.233503E+10	3.176853E-2	4.622695E+10	3.076751E-2	4.639382E+10	1.225586E-2	-1.868766E-2	2.625225E-2	3.094352E-2	8.959323E-3	-3.792855E+9	-3.805905E+9	1.105152E+7	1.305063E+7	-4.612789E+10
5.337270E+2	3.710762E-2	4.178714E+9	5.372398E-2	2.768207E+8	3.752358E-2	4.127615E+9	3.286874E-2	2.699176E+8	3.935546E-2	4.312653E+10	3.795241E-2	4.320443E+10	3.919048E-2	4.725415E+10	3.787686E-2	4.738314E+10	1.661636E-2	-4.654834E-3	2.085524E-2	2.127120E-2	1.584713E-2	-3.901893E+9	-3.857697E+9	6.903028E+6	-4.419587E+7	-4.710632E+10
5.339090E+2	4.956643E-2	4.333757E+9	6.191012E-2	2.831869E+8	5.533713E-2	4.349649E+9	4.730019E-2	2.811046E+8	4.606444E-2	4.397143E+10	4.741658E-2	4.440366E+10	4.689954E-2	4.832108E+10	4.760884E-2	4.873742E+10	1.234369E-2	-8.036932E-3	1.460992E-2	2.038062E-2	1.430128E-2	-4.050570E+9	-4.068544E+9	2.082352E+6	1.797371E+7	-4.845423E+10
5.341110E+2	6.400912E-2	4.513490E+9	4.641899E-2	2.711396E+8	6.359771E-2	4.452611E+9	9.244411E-2	3.160992E+8	6.291626E-2	4.609368E+10	6.832430E-2	4.705294E+10	6.297763E-2	5.054629E+10	6.793841E-2	5.156643E+10	-1.759013E-2	2.884640E-2	-4.602512E-2	-4.643653E-2	-2.151942E-2	-4.242350E+9	-4.136512E+9	-4.495956E+7	-1.058378E+8	-5.129529E+10
5.343030E+2	1.091452E-1	5.075187E+9	1.091132E-1	3.198963E+8	1.126115E-1	5.063536E+9	7.031128E-2	2.989423E+8	1.133011E-1	5.243893E+10	1.135069E-1	5.277817E+10	1.132390E-1	5.750246E+10	1.131169E-1	5.785336E+10	-3.208774E-5	-4.230025E-2	3.880188E-2	4.226816E-2	-4.003726E-3	-4.755291E+9	-4.764594E+9	2.095401E+7	9.303041E+6	-5.753346E+10
5.345110E+2	1.816278E-1	5.977197E+9	1.951727E-1	3.868240E+8	1.858612E-1	5.976545E+9	1.576058E-1	3.666111E+8	1.942303E-1	6.263081E+10	1.873049E-1	6.212933E+10	1.934766E-1	6.860735E+10	1.867972E-1	6.810653E+10	1.354493E-2	-2.825539E-2	3.756689E-2	4.180033E-2	8.375492E-3	-5.590373E+9	-5.609934E+9	2.021284E+7	1.956031E+7	-6.771971E+10
5.347400E+2	3.669664E-1	8.283648E+9	3.672509E-1	5.206476E+8	3.693179E-1	8.263211E+9	3.599079E-1	5.234314E+8	3.691142E-1	8.465492E+10	3.604931E-1	8.407453E+10	3.691325E-1	9.291813E+10	3.610720E-1	9.235818E+10	2.844725E-4	-9.410028E-3	7.343043E-3	9.694501E-3	6.178900E-3	-7.763001E+9	-7.739780E+9	-2.783814E+6	-2.322101E+7	-9.183754E+10
5.349010E+2	6.160887E-1	1.138386E+10	6.334087E-1	7.276360E+8	6.089110E-1	1.124958E+10	6.405020E-1	7.409420E+8	6.284572E-1	1.173155E+11	6.165672E-1	1.165225E+11	6.266968E-1	1.285650E+11	6.165244E-1	1.279063E+11	1.732004E-2	3.159097E-2	-7.093247E-3	-1.427093E-2	1.688430E-2	-1.065622E+10	-1.050864E+10	-1.330597E+7	-1.475806E+8	-1.271787E+11
5.351200E+2	1.078193E+0	1.713453E+10	1.091409E+0	1.083818E+9	1.093945E+0	1.729520E+10	1.146415E+0	1.133115E+9	1.101276E+0	1.768603E+11	1.085565E+0	1.759506E+11	1.100616E+0	1.941555E+11	1.084906E+0	1.930851E+11	1.321549E-2	5.247052E-2	-5.500629E-2	-3.925503E-2	6.503221E-3	-1.605071E+10	-1.616209E+10	-4.929672E+7	1.113803E+8	-1.920013E+11
5.353120E+2	1.643175E+0	2.416545E+10	1.633454E+0	1.505362E+9	1.660975E+0	2.436286E+10	1.650220E+0	1.523654E+9	1.659626E+0	2.471765E+11	1.661734E+0	2.489587E+11	1.659748E+0	2.715393E+11	1.660074E+0	2.731241E+11	-9.720054E-3	-1.075518E-2	-1.676531E-2	1.035124E-3	-2.661962E-2	-2.266008E+10	-2.283921E+10	-1.829160E+7	1.791235E+8	-2.716187E+11
5.355100E+2	2.222908E+0	3.137995E+10	2.281989E+0	2.009721E+9	2.219610E+0	3.132587E+10	2.158670E+0	1.917793E+9	2.181138E+0	3.128534E+11	2.191820E+0	3.161275E+11	2.184603E+0	3.441793E+11	2.194600E+0	3.475074E+11	5.908089E-2	-6.093994E-2	1.233189E-1	1.200208E-1	8.738849E-2	-2.937023E+10	-2.940808E+10	9.192772E+7	3.785254E+7	-3.454977E+11
5.357140E+2	2.609255E+0	3.618785E+10	2.459425E+0	2.147712E+9	2.611275E+0	3.620772E+10	2.500075E+0	2.182443E+9	2.534768E+0	3.573880E+11	2.542095E+0	3.605119E+11	2.541659E+0	3.935958E+11	2.548101E+0	3.966998E+11	-1.498298E-1	-1.111996E-1	-4.064984E-2	-3.863018E-2	-8.867629E-2	-3.404014E+10	-3.402527E+10	-3.473168E+7	-1.486838E+7	-3.945521E+11
5.359070E+2	2.695976E+0	3.726706E+10	2.719297E+0	2.349811E+9	2.707969E+0	3.741295E+10	2.773631E+0	2.394498E+9	2.637365E+0	3.703086E+11	2.644545E+0	3.734937E+11	2.643723E+0	4.077215E+11	2.649145E+0	4.107607E+11	2.332066E-2	6.566227E-2	-5.433426E-2	-4.234161E-2	7.015205E-2	-3.491725E+10	-3.501845E+10	-4.468679E+7	1.012018E+8	-4.084109E+11
5.361160E+2	2.609156E+0	3.618662E+10	2.534181E+0	2.205848E+9	2.612290E+0	3.622037E+10	2.668717E+0	2.313171E+9	2.558243E+0	3.603443E+11	2.572772E+0	3.643990E+11	2.563110E+0	3.965647E+11	2.576025E+0	4.005856E+11	-7.497515E-2	5.642719E-2	-1.345364E-1	-1.314023E-1	-4.184466E-2	-3.398077E+10	-3.390720E+10	-1.073227E+8	-7.357177E+7	-3.983798E+11
5.363100E+2	2.430446E+0	3.396266E+10	2.302369E+0	2.025571E+9	2.429902E+0	3.394703E+10	2.286804E+0	2.017120E+9	2.377636E+0	3.375995E+11	2.381170E+0	3.401206E+11	2.382343E+0	3.715465E+11	2.385576E+0	3.740832E+11	-1.280764E-1	-1.430981E-1	1.556512E-2	1.502171E-2	-8.320696E-2	-3.193709E+10	-3.192991E+10	8.450463E+6	-7.176723E+6	-3.720576E+11
5.365090E+2	2.198936E+0	3.108163E+10	2.116606E+0	1.881105E+9	2.160747E+0	3.059218E+10	2.191155E+0	1.942976E+9	2.148497E+0	3.087427E+11	2.144256E+0	3.101005E+11	2.149600E+0	3.393349E+11	2.149146E+0	3.411821E+11	-8.232981E-2	3.040887E-2	-7.454919E-2	-1.127387E-1	-3.253936E-2	-2.920053E+10	-2.864921E+10	-6.187083E+7	-5.513194E+8	-3.393010E+11
5.367080E+2	1.901675E+0	2.738236E+10	1.911473E+0	1.721574E+9	1.877706E+0	2.706427E+10	1.849074E+0	1.677801E+9	1.883246E+0	2.753382E+11	1.877993E+0	2.763615E+11	1.882747E+0	3.024025E+11	1.880110E+0	3.037438E+11	9.797922E-3	-2.863214E-2	6.239884E-2	3.843006E-2	3.136208E-2	-2.566078E+10	-2.538647E+10	4.377310E+7	-2.743146E+8	-3.020223E+11
5.369180E+2	1.689575E+0	2.474288E+10	1.719918E+0	1.572604E+9	1.713275E+0	2.501474E+10	1.627041E+0	1.505686E+9	1.695409E+0	2.516828E+11	1.689087E+0	2.524247E+11	1.697018E+0	2.766975E+11	1.689131E+0	2.771676E+11	3.034302E-2	-8.623386E-2	9.287764E-2	1.165769E-1	3.078753E-2	-2.317028E+10	-2.350906E+10	6.691846E+7	3.387779E+8	-2.755950E+11
5.371120E+2	1.547356E+0	2.297303E+10	1.551780E+0	1.441845E+9	1.544274E+0	2.290826E+10	1.537372E+0	1.436176E+9	1.542254E+0	2.323951E+11	1.537021E+0	2.331559E+11	1.542436E+0	2.553034E+11	1.537945E+0	2.561289E+11	4.424724E-3	-6.902412E-3	1.440859E-2	1.132714E-2	1.383548E-2	-2.153118E+10	-2.147209E+10	5.668588E+6	-5.909405E+7	-2.546871E+11
5.373060E+2	1.432037E+0	2.153794E+10	1.533502E+0	1.427630E+9	1.460925E+0	2.186937E+10	1.442172E+0	1.362380E+9	1.449054E+0	2.206579E+11	1.447700E+0	2.218378E+11	1.450123E+0	2.425273E+11	1.446299E+0	2.433757E+11	1.014653E-1	-1.875233E-2	9.133014E-2	1.202176E-1	8.720308E-2	-2.011031E+10	-2.050699E+10	6.525063E+7	3.966744E+8	-2.419481E+11
5.375110E+2	1.415937E+0	2.133759E+10	1.394971E+0	1.319896E+9	1.422441E+0	2.138969E+10	1.442982E+0	1.363007E+9	1.410735E+0	2.158321E+11	1.403507E+0	2.162380E+11	1.411789E+0	2.372218E+11	1.404619E+0	2.375756E+11	-2.096612E-2	2.054110E-2	-4.801085E-2	-4.150721E-2	-9.647508E-3	-2.001769E+10	-2.002669E+10	-4.311151E+7	8.993240E+6	-2.362557E+11
5.377160E+2	1.508189E+0	2.248562E+10	1.480632E+0	1.386513E+9	1.514634E+0	2.253882E+10	1.462071E+0	1.377805E+9	1.505587E+0	2.277774E+11	1.502647E+0	2.288003E+11	1.506402E+0	2.503162E+11	1.503143E+0	2.512859E+11	-2.755711E-2	-5.256304E-2	1.856083E-2	2.500593E-2	-2.251067E-2	-2.109910E+10	-2.116102E+10	8.708610E+6	6.191189E+7	-2.498994E+11
5.379110E+2	1.698190E+0	2.485009E+10	1.705353E+0	1.561277E+9	1.682402E+0	2.462994E+10	1.671479E+0	1.540133E+9	1.683625E+0	2.501987E+11	1.675027E+0	2.506431E+11	1.683515E+0	2.748287E+11	1.677098E+0	2.754931E+11	7.162907E-3	-1.092356E-2	3.387405E-2	1.808646E-2	2.825472E-2	-2.328881E+10	-2.308981E+10	2.114355E+7	-1.990035E+8	-2.739319E+11
5.381110E+2	1.915230E+0	2.755105E+10	1.861015E+0	1.682333E+9	1.937694E+0	2.781198E+10	1.881067E+0	1.702602E+9	1.898488E+0	2.772576E+11	1.899095E+0	2.790354E+11	1.902018E+0	3.050696E+11	1.900537E+0	3.065864E+11	-5.421544E-2	-5.662630E-2	-2.005288E-2	2.410861E-3	-3.952296E-2	-2.586871E+10	-2.610938E+10	-2.026846E+7	2.406631E+8	-3.049041E+11
5.383060E+2	2.155392E+0	3.053975E+10	2.154258E+0	1.910386E+9	2.145303E+0	3.039969E+10	2.142557E+0	1.905303E+9	2.116305E+0	3.046885E+11	2.116934E+0	3.066385E+11	2.118916E+0	3.350882E+11	2.120373E+0	3.371782E+11	-1.134763E-3	-2.745310E-3	1.170012E-2	1.610547E-3	3.388418E-2	-2.862937E+10	-2.849438E+10	5.082366E+6	-1.349822E+8	-3.352678E+11
5.385110E+2	2.297056E+0	3.230269E+10	2.258255E+0	1.991264E+9	2.312652E+0	3.248558E+10	2.280008E+0	2.011852E+9	2.250430E+0	3.215798E+11	2.252792E+0	3.238535E+11	2.256034E+0	3.540653E+11	2.256751E+0	3.561562E+11	-3.880145E-2	-3.264323E-2	-2.175330E-2	-6.158225E-3	1.504220E-3	-3.031143E+10	-3.047373E+10	-2.058879E+7	1.622961E+8	-3.541649E+11
5.387120E+2	2.274283E+0	3.201928E+10	2.214338E+0	1.957110E+9	2.297872E+0	3.230136E+10	2.194344E+0	1.945447E+9	2.221747E+0	3.179675E+11	2.245877E+0	3.229772E+11	2.228603E+0	3.502688E+11	2.248417E+0	3.549965E+11	-5.994442E-2	-1.035279E-1	1.999380E-2	4.358347E-2	-3.407924E-2	-3.006217E+10	-3.035592E+10	1.166236E+7	2.937433E+8	-3.530394E+11
5.389180E+2	2.239780E+0	3.158992E+10	2.295535E+0	2.020256E+9	2.238178E+0	3.155732E+10	2.259541E+0	1.995987E+9	2.197832E+0	3.149557E+11	2.209474E+0	3.183644E+11	2.201466E+0	3.465131E+11	2.212184E+0	3.499543E+11	5.575490E-2	2.136318E-2	3.599352E-2	3.439172E-2	8.335099E-2	-2.956966E+10	-2.956133E+10	2.426896E+7	-8.328836E+6	-3.479341E+11
5.391450E+2	2.044902E+0	2.916475E+10	2.056111E+0	1.834058E+9	2.057378E+0	2.930376E+10	2.017671E+0	1.808494E+9	2.008965E+0	2.911706E+11	2.016900E+0	2.939629E+11	2.013325E+0	3.204744E+11	2.019404E+0	3.231276E+11	1.120981E-2	-3.970673E-2	3.844060E-2	5.091654E-2	3.670699E-2	-2.733069E+10	-2.749526E+10	2.556449E+7	1.645745E+8	-3.212936E+11
5.393090E+2	1.863308E+0	2.690490E+10	1.883097E+0	1.699507E+9	1.857841E+0	2.681666E+10	1.816564E+0	1.652600E+9	1.833397E+0	2.690604E+11	1.826600E+0	2.698494E+11	1.835598E+0	2.958770E+11	1.829883E+0	2.967543E+11	1.978917E-2	-4.127664E-2	6.653315E-2	6.106582E-2	5.321436E-2	-2.520540E+10	-2.516406E+10	4.690666E+7	-4.133313E+7	-2.950548E+11
5.395160E+2	1.633007E+0	2.403892E+10	1.590757E+0	1.472157E+9	1.623979E+0	2.390173E+10	1.616238E+0	1.497312E+9	1.609306E+0	2.408393E+11	1.613233E+0	2.428130E+11	1.610627E+0	2.647410E+11	1.615001E+0	2.668519E+11	-4.225016E-2	-7.740500E-3	-2.548090E-2	-3.450966E-2	-2.424428E-2	-2.256676E+10	-2.240441E+10	-2.515499E+7	-1.623496E+8	-2.653798E+11
5.397120E+2	1.438080E+0	2.161315E+10	1.399108E+0	1.323113E+9	1.436338E+0	2.156292E+10	1.443819E+0	1.363656E+9	1.428975E+0	2.181292E+11	1.418957E+0	2.181957E+11	1.429638E+0	2.396922E+11	1.420667E+0	2.398088E+11	-3.897254E-2	7.480320E-3	-4.471087E-2	-4.645286E-2	-2.155914E-2	-2.029004E+10	-2.019926E+10	-4.054304E+7	-9.077577E+7	-2.384857E+11
5.399500E+2	1.226438E+0	1.897936E+10	1.182052E+0	1.154311E+9	1.224702E+0	1.892501E+10	1.190813E+0	1.167531E+9	1.212003E+0	1.908047E+11	1.214199E+0	1.922502E+11	1.213147E+0	2.097297E+11	1.215294E+0	2.112295E+11	-4.438658E-2	-3.388958E-2	-8.760751E-3	-1.049700E-2	-3.324173E-2	-1.782505E+10	-1.775748E+10	-1.322049E+7	-6.757579E+7	-2.100752E+11
5.401090E+2	1.047012E+0	1.674648E+10	1.017340E+0	1.026216E+9	1.056209E+0	1.682485E+10	1.106831E+0	1.102430E+9	1.058739E+0	1.715033E+11	1.054157E+0	1.719707E+11	1.058511E+0	1.883281E+11	1.053518E+0	1.887172E+11	-2.967176E-2	5.062216E-2	-8.949136E-2	-8.029392E-2	-3.617787E-2	-1.572027E+10	-1.572242E+10	-7.621486E+7	2.155210E+6	-1.876910E+11
5.403170E+2	8.973692E-1	1.488426E+10	9.434913E-1	9.687842E+8	8.848350E-1	1.468879E+10	8.551485E-1	9.073314E+8	9.007929E-1	1.516122E+11	8.984286E-1	1.522380E+11	8.993558E-1	1.663010E+11	8.983338E-1	1.671222E+11	4.612211E-2	-2.968657E-2	8.834280E-2	7.580868E-2	4.515742E-2	-1.391547E+10	-1.378146E+10	6.145289E+7	-1.340120E+8	-1.661534E+11
5.405180E+2	7.398648E-1	1.292419E+10	7.350112E-1	8.066512E+8	7.702331E-1	1.326035E+10	7.237045E-1	8.054388E+8	7.550145E-1	1.332535E+11	7.584068E-1	1.344954E+11	7.563851E-1	1.465139E+11	7.567486E-1	1.474196E+11	-4.853675E-3	-4.652854E-2	1.130662E-2	4.167486E-2	-2.173744E-2	-1.211754E+10	-1.245491E+10	1.212417E+6	3.373758E+8	-1.466129E+11
5.407100E+2	6.229732E-1	1.146953E+10	6.444880E-1	7.362523E+8	6.239392E-1	1.143690E+10	6.561615E-1	7.530809E+8	6.357705E-1	1.182365E+11	6.370870E-1	1.191226E+11	6.347050E-1	1.296734E+11	6.358248E-1	1.305921E+11	2.151485E-2	3.222227E-2	-1.167343E-2	-1.070743E-2	8.663221E-3	-1.073328E+10	-1.068382E+10	-1.682860E+7	-4.946125E+7	-1.298559E+11
5.409170E+2	5.613996E-1	1.070328E+10	5.380862E-1	6.535046E+8	5.514015E-1	1.053276E+10	5.417820E-1	6.644164E+8	5.645926E-1	1.092726E+11	5.652818E-1	1.100239E+11	5.634046E-1	1.198054E+11	5.649347E-1	1.207272E+11	-2.331338E-2	-9.619426E-3	-3.695844E-3	-1.369395E-2	-2.684847E-2	-1.004977E+10	-9.868346E+9	-1.091181E+7	-1.814250E+8	-1.200737E+11
5.411140E+2	5.168354E-1	1.014870E+10	4.552944E-1	5.891181E+8	5.302483E-1	1.026910E+10	4.477923E-1	5.915575E+8	5.281251E-1	1.046801E+11	5.271791E-1	1.051958E+11	5.283163E-1	1.149492E+11	5.262541E-1	1.153445E+11	-6.154103E-2	-8.245597E-2	7.502086E-3	2.091494E-2	-7.095971E-2	-9.559578E+9	-9.677544E+9	-2.439376E+6	1.179664E+8	-1.147554E+11
5.413170E+2	4.979917E-1	9.914195E+9	5.055574E-1	6.282072E+8	5.102990E-1	1.002045E+10	4.684235E-1	6.075504E+8	5.042767E-1	1.016767E+11	5.041696E-1	1.022802E+11	5.048190E-1	1.116971E+11	5.036171E-1	1.121944E+11	7.565634E-3	-4.187548E-2	3.713386E-2	4.944112E-2	1.940239E-3	-9.285988E+9	-9.412897E+9	2.065680E+7	1.269086E+8	-1.115662E+11
5.418180E+2	5.767557E-1	1.089438E+10	5.658028E-1	6.750595E+8	5.855952E-1	1.095896E+10	5.034974E-1	6.347390E+8	5.866999E-1	1.120567E+11	5.831538E-1	1.122885E+11	5.866004E-1	1.230157E+11	5.825816E-1	1.231829E+11	-1.095287E-2	-8.209778E-2	6.230538E-2	7.114491E-2	-1.677876E-2	-1.021932E+10	-1.032423E+10	4.032055E+7	1.049103E+8	-1.225079E+11
5.423100E+2	7.702850E-1	1.330275E+10	7.623881E-1	8.279420E+8	7.728224E-1	1.329263E+10	7.479627E-1	8.242432E+8	7.734905E-1	1.355803E+11	7.727021E-1	1.363068E+11	7.734304E-1	1.488730E+11	7.724859E-1	1.496095E+11	-7.896966E-3	-2.485975E-2	1.442539E-2	1.696279E-2	-1.009786E-2	-1.247481E+10	-1.246838E+10	3.698789E+6	-6.428073E+6	-1.487816E+11
5.428080E+2	9.827021E-1	1.594618E+10	9.459033E-1	9.706601E+8	9.711772E-1	1.576499E+10	9.305198E-1	9.657576E+8	9.743270E-1	1.608728E+11	9.767579E-1	1.621633E+11	9.740434E-1	1.766378E+11	9.772894E-1	1.781095E+11	-3.679875E-2	-4.065732E-2	1.538349E-2	3.858566E-3	-3.138611E-2	-1.497552E+10	-1.479923E+10	4.902449E+6	-1.762924E+8	-1.771388E+11
5.433290E+2	1.155007E+0	1.809044E+10	1.093694E+0	1.085596E+9	1.175170E+0	1.830763E+10	1.103290E+0	1.099685E+9	1.161249E+0	1.844130E+11	1.158559E+0	1.851999E+11	1.162503E+0	2.027206E+11	1.158241E+0	2.032903E+11	-6.131284E-2	-7.188088E-2	-9.595445E-3	1.056804E-2	-6.454707E-2	-1.700484E+10	-1.720795E+10	-1.408946E+7	2.031053E+8	-2.022047E+11
5.438340E+2	1.298365E+0	1.987446E+10	1.224914E+0	1.187644E+9	1.318194E+0	2.009033E+10	1.275932E+0	1.233514E+9	1.295348E+0	2.013008E+11	1.295264E+0	2.025222E+11	1.297405E+0	2.213911E+11	1.295541E+0	2.223966E+11	-7.345151E-2	-4.226276E-2	-5.101811E-2	-3.118876E-2	-7.062781E-2	-1.868681E+10	-1.885681E+10	-4.586983E+7	1.700012E+8	-2.212090E+11
5.443290E+2	1.351738E+0	2.053866E+10	1.376005E+0	1.305146E+9	1.375136E+0	2.080007E+10	1.285839E+0	1.241193E+9	1.360432E+0	2.094971E+11	1.364860E+0	2.113408E+11	1.361756E+0	2.302972E+11	1.363686E+0	2.318795E+11	2.426672E-2	-8.929712E-2	9.016588E-2	1.135638E-1	1.231841E-2	-1.923351E+10	-1.955887E+10	6.395251E+7	3.253616E+8	-2.305743E+11
5.448150E+2	1.316027E+0	2.009425E+10	1.316924E+0	1.259200E+9	1.332339E+0	2.026663E+10	1.271713E+0	1.230243E+9	1.311170E+0	2.032934E+11	1.316742E+0	2.052437E+11	1.313076E+0	2.235600E+11	1.316678E+0	2.253379E+11	8.976853E-4	-6.062548E-2	4.521142E-2	6.152317E-2	2.466494E-4	-1.883505E+10	-1.903638E+10	2.895637E+7	2.013328E+8	-2.240787E+11
5.453180E+2	1.214291E+0	1.882820E+10	1.208498E+0	1.174878E+9	1.205945E+0	1.869122E+10	1.168698E+0	1.150388E+9	1.201502E+0	1.894822E+11	1.208987E+0	1.915897E+11	1.201902E+0	2.081734E+11	1.209461E+0	2.104179E+11	-5.793020E-3	-3.724739E-2	3.980059E-2	3.145437E-2	-9.629593E-4	-1.765332E+10	-1.754083E+10	2.448966E+7	-1.124953E+8	-2.092431E+11
5.458100E+2	1.145246E+0	1.796896E+10	1.107268E+0	1.096152E+9	1.154749E+0	1.805309E+10	1.196942E+0	1.172282E+9	1.142636E+0	1.820689E+11	1.145183E+0	1.835049E+11	1.143727E+0	2.001220E+11	1.145188E+0	2.014739E+11	-3.797769E-2	4.219239E-2	-8.967376E-2	-8.017007E-2	-3.792026E-2	-1.687281E+10	-1.688081E+10	-7.613037E+7	8.003657E+6	-2.003777E+11
5.463150E+2	1.112661E+0	1.756346E+10	1.077328E+0	1.072868E+9	1.121835E+0	1.764284E+10	1.064721E+0	1.069788E+9	1.118550E+0	1.790357E+11	1.115541E+0	1.797489E+11	1.118846E+0	1.966785E+11	1.115283E+0	1.973124E+11	-3.533328E-2	-5.711413E-2	1.260680E-2	2.178085E-2	-3.795524E-2	-1.649060E+10	-1.657306E+10	3.080138E+6	8.245961E+7	-1.962395E+11
5.468090E+2	1.112185E+0	1.755754E+10	1.118538E+0	1.104917E+9	1.119217E+0	1.761020E+10	1.047684E+0	1.056580E+9	1.108954E+0	1.778271E+11	1.111926E+0	1.792909E+11	1.109878E+0	1.954373E+11	1.111949E+0	1.968484E+11	6.353367E-3	-7.153295E-2	7.085479E-2	7.788632E-2	6.589077E-3	-1.645262E+10	-1.655362E+10	4.833625E+7	1.010013E+8	-1.957435E+11
5.473160E+2	1.107072E+0	1.749391E+10	1.121412E+0	1.107152E+9	1.121129E+0	1.763404E+10	1.076631E+0	1.079020E+9	1.124097E+0	1.797342E+11	1.122046E+0	1.805732E+11	1.123829E+0	1.973682E+11	1.120707E+0	1.980671E+11	1.434011E-2	-4.449868E-2	4.478132E-2	5.883879E-2	7.050537E-4	-1.638675E+10	-1.655502E+10	2.813187E+7	1.682693E+8	-1.969600E+11
5.478120E+2	1.300749E+0	1.990413E+10	1.293861E+0	1.241264E+9	1.289881E+0	1.973742E+10	1.256760E+0	1.218652E+9	1.287199E+0	2.002746E+11	1.284811E+0	2.011976E+11	1.287441E+0	2.200120E+11	1.286236E+0	2.211018E+11	-6.887970E-3	-3.312160E-2	3.710155E-2	2.623363E-2	7.624813E-3	-1.866286E+10	-1.851877E+10	2.261184E+7	-1.440911E+8	-2.198605E+11
5.483090E+2	1.393872E+0	2.106299E+10	1.360938E+0	1.293428E+9	1.406303E+0	2.118854E+10	1.318645E+0	1.266624E+9	1.392065E+0	2.134809E+11	1.389681E+0	2.144861E+11	1.393347E+0	2.346695E+11	1.390056E+0	2.355491E+11	-3.293379E-2	-8.765788E-2	4.229262E-2	5.472409E-2	-2.911831E-2	-1.976956E+10	-1.992192E+10	2.680433E+7	1.523583E+8	-2.342556E+11
5.488020E+2	1.450961E+0	2.177344E+10	1.426935E+0	1.344754E+9	1.485367E+0	2.217402E+10	1.457001E+0	1.373874E+9	1.468653E+0	2.231261E+11	1.464160E+0	2.239235E+11	1.470158E+0	2.453001E+11	1.462980E+0	2.456970E+11	-2.402540E-2	-2.836606E-2	-3.006546E-2	4.340666E-3	-3.604467E-2	-2.042868E+10	-2.080015E+10	-2.912033E+7	3.714645E+8	-2.443522E+11
5.493010E+2	1.437151E+0	2.160159E+10	1.347849E+0	1.283250E+9	1.437586E+0	2.157846E+10	1.368890E+0	1.305573E+9	1.420337E+0	2.170414E+11	1.428147E+0	2.193601E+11	1.421890E+0	2.386198E+11	1.428952E+0	2.409617E+11	-8.930215E-2	-6.869577E-2	-2.104072E-2	-2.060638E-2	-8.110267E-2	-2.031834E+10	-2.027289E+10	-2.232320E+7	-4.544787E+7	-2.396785E+11
5.498180E+2	1.732211E+0	2.527346E+10	1.662560E+0	1.527997E+9	1.701419E+0	2.486697E+10	1.666528E+0	1.536295E+9	1.705452E+0	2.529476E+11	1.708486E+0	2.548828E+11	1.705089E+0	2.778145E+11	1.710608E+0	2.801563E+11	-6.965074E-2	-3.489154E-2	-3.967417E-3	-3.475920E-2	-4.804771E-2	-2.374546E+10	-2.333068E+10	-8.297838E+6	-4.147881E+8	-2.786283E+11
5.503190E+2	1.795075E+0	2.605577E+10	1.797626E+0	1.633036E+9	1.761329E+0	2.561371E+10	1.777388E+0	1.622232E+9	1.755428E+0	2.592413E+11	1.765806E+0	2.621459E+11	1.755959E+0	2.848550E+11	1.768423E+0	2.882017E+11	2.550712E-3	1.605819E-2	2.023802E-2	-1.350748E-2	2.920260E-2	-2.442274E+10	-2.399148E+10	1.080497E+7	-4.312557E+8	-2.865686E+11
5.508370E+2	1.688125E+0	2.472483E+10	1.669607E+0	1.533478E+9	1.696196E+0	2.480186E+10	1.668608E+0	1.537907E+9	1.664403E+0	2.477780E+11	1.670735E+0	2.500993E+11	1.667266E+0	2.725799E+11	1.672291E+0	2.748241E+11	-1.851768E-2	-2.758813E-2	9.997074E-4	9.070443E-3	-2.683327E-3	-2.319135E+10	-2.326396E+10	-4.429727E+6	7.260191E+7	-2.732906E+11
5.513180E+2	1.362528E+0	2.067293E+10	1.362054E+0	1.294297E+9	1.348647E+0	2.046991E+10	1.336421E+0	1.280404E+9	1.338921E+0	2.067882E+11	1.349353E+0	2.093760E+11	1.339797E+0	2.272581E+11	1.350531E+0	2.300489E+11	-4.740427E-4	-1.222592E-2	2.563248E-2	1.175188E-2	1.152256E-2	-1.937864E+10	-1.918950E+10	1.389255E+7	-1.891372E+8	-2.287546E+11
5.518600E+2	1.365072E+0	2.070459E+10	1.372020E+0	1.302047E+9	1.370755E+0	2.074546E+10	1.334028E+0	1.278549E+9	1.368303E+0	2.104884E+11	1.370187E+0	2.120158E+11	1.368524E+0	2.312339E+11	1.369729E+0	2.327204E+11	6.948600E-3	-3.672640E-2	3.799165E-2	4.367501E-2	2.291008E-3	-1.940254E+10	-1.946691E+10	2.349815E+7	6.437059E+7	-2.314184E+11
5.523090E+2	1.317152E+0	2.010825E+10	1.337071E+0	1.274868E+9	1.341681E+0	2.038307E+10	1.279021E+0	1.235908E+9	1.318953E+0	2.042735E+11	1.321472E+0	2.058431E+11	1.321000E+0	2.246566E+11	1.321086E+0	2.259513E+11	1.991959E-2	-6.266001E-2	5.805052E-2	8.257961E-2	1.598548E-2	-1.883338E+10	-1.914716E+10	3.895957E+7	3.137819E+8	-2.246764E+11
5.528200E+2	1.179863E+0	1.839975E+10	1.148355E+0	1.128105E+9	1.190551E+0	1.849934E+10	1.177775E+0	1.157424E+9	1.180249E+0	1.868058E+11	1.184947E+0	1.885436E+11	1.181177E+0	2.053051E+11	1.184493E+0	2.069434E+11	-3.150774E-2	-1.277677E-2	-2.941958E-2	-1.873096E-2	-3.613758E-2	-1.727165E+10	-1.734192E+10	-2.931941E+7	7.026995E+7	-2.058152E+11
5.533100E+2	9.748487E-1	1.584845E+10	9.155685E-1	9.470690E+8	9.500646E-1	1.550183E+10	9.594223E-1	9.881622E+8	9.653845E-1	1.597466E+11	9.639200E-1	1.605366E+11	9.640048E-1	1.752485E+11	9.648973E-1	1.763850E+11	-5.928020E-2	9.357771E-3	-4.385381E-2	-6.863797E-2	-4.932876E-2	-1.490138E+10	-1.451367E+10	-4.109324E+7	-3.877113E+8	-1.754380E+11
5.538120E+2	9.266308E-1	1.524840E+10	9.270566E-1	9.560032E+8	9.308066E-1	1.526180E+10	9.328845E-1	9.675907E+8	9.260607E-1	1.547944E+11	9.278443E-1	1.559653E+11	9.264881E-1	1.700562E+11	9.277357E-1	1.712137E+11	4.257650E-4	2.077869E-3	-5.827883E-3	-1.652104E-3	-6.791321E-4	-1.429240E+10	-1.429421E+10	-1.158749E+7	1.805313E+6	-1.702577E+11
5.543090E+2	9.911005E-1	1.605070E+10	1.032027E+0	1.037638E+9	9.947463E-1	1.605876E+10	8.978068E-1	9.403992E+8	9.909564E-1	1.629670E+11	9.934529E-1	1.642788E+11	9.912977E-1	1.790258E+11	9.932425E-1	1.803295E+11	4.092664E-2	-9.693942E-2	1.342203E-1	1.378661E-1	3.878462E-2	-1.501306E+10	-1.511836E+10	9.723856E+7	1.053025E+8	-1.792918E+11
5.553330E+2	1.042855E+0	1.669476E+10	1.009965E+0	1.020480E+9	1.041338E+0	1.663950E+10	9.853038E-1	1.008225E+9	1.042995E+0	1.695206E+11	1.045481E+0	1.708715E+11	1.042846E+0	1.861601E+11	1.045247E+0	1.875662E+11	-3.288988E-2	-5.603442E-2	2.466146E-2	2.314454E-2	-3.528126E-2	-1.567428E+10	-1.563128E+10	1.225544E+7	-4.300419E+7	-1.865457E+11
5.563170E+2	1.019788E+0	1.640770E+10	1.002715E+0	1.014842E+9	1.049072E+0	1.673589E+10	1.054712E+0	1.062029E+9	1.028168E+0	1.676533E+11	1.036336E+0	1.697126E+11	1.030051E+0	1.843892E+11	1.034856E+0	1.861203E+11	-1.707294E-2	5.640160E-3	-5.199692E-2	-2.271310E-2	-3.214103E-2	-1.539286E+10	-1.567386E+10	-4.718671E+7	2.810073E+8	-1.851055E+11
5.573490E+2	1.104181E+0	1.745793E+10	1.089870E+0	1.082621E+9	1.099076E+0	1.735916E+10	1.145442E+0	1.132361E+9	1.093249E+0	1.758493E+11	1.094412E+0	1.770716E+11	1.093773E+0	1.932084E+11	1.095286E+0	1.945295E+11	-1.431146E-2	4.636582E-2	-5.557199E-2	-6.067727E-2	-5.415781E-3	-1.637531E+10	-1.622680E+10	-4.973911E+7	-1.485100E+8	-1.934469E+11
5.583170E+2	1.170637E+0	1.828494E+10	1.127146E+0	1.111611E+9	1.172612E+0	1.827574E+10	1.197076E+0	1.172387E+9	1.165977E+0	1.850083E+11	1.166673E+0	1.862280E+11	1.166574E+0	2.032841E+11	1.167027E+0	2.045130E+11	-4.349102E-2	2.446484E-2	-6.993072E-2	-6.795586E-2	-3.988166E-2	-1.717333E+10	-1.710335E+10	-6.077605E+7	-6.998079E+7	-2.034013E+11
5.593230E+2	1.140519E+0	1.791014E+10	1.135877E+0	1.118401E+9	1.145759E+0	1.794104E+10	1.072957E+0	1.076172E+9	1.141135E+0	1.818798E+11	1.146558E+0	1.836791E+11	1.141551E+0	1.998209E+11	1.146018E+0	2.015893E+11	-4.642202E-3	-7.280228E-2	6.292034E-2	6.816008E-2	-1.014054E-2	-1.679174E+10	-1.686486E+10	4.222919E+7	7.312223E+7	-2.004709E+11
5.603150E+2	1.033153E+0	1.657402E+10	1.061657E+0	1.060681E+9	1.041785E+0	1.664507E+10	1.038407E+0	1.049390E+9	1.037525E+0	1.688317E+11	1.040675E+0	1.702624E+11	1.037909E+0	1.854768E+11	1.040002E+0	1.868364E+11	2.850463E-2	-3.377782E-3	2.324995E-2	3.188241E-2	2.165519E-2	-1.551334E+10	-1.559568E+10	1.129112E+7	8.234450E+7	-1.857758E+11
5.613680E+2	9.439845E-1	1.546436E+10	9.420108E-1	9.676329E+8	9.369632E-1	1.533853E+10	9.812820E-1	1.005107E+9	9.322838E-1	1.555781E+11	9.377294E-1	1.572179E+11	9.327052E-1	1.709166E+11	9.382888E-1	1.726822E+11	-1.973665E-3	4.431880E-2	-3.927115E-2	-4.629247E-2	3.722081E-3	-1.449673E+10	-1.433343E+10	-3.747444E+7	-1.633021E+8	-1.717146E+11
5.623380E+2	9.824212E-1	1.594269E+10	1.073098E+0	1.069578E+9	9.767737E-1	1.583475E+10	1.043439E+0	1.053290E+9	9.823106E-1	1.618782E+11	9.781832E-1	1.623439E+11	9.818120E-1	1.777130E+11	9.785622E-1	1.782866E+11	9.067655E-2	6.666559E-2	2.965851E-2	2.401096E-2	9.453561E-2	-1.487311E+10	-1.478145E+10	1.628763E+7	-9.165523E+7	-1.772170E+11
5.633240E+2	9.623367E-1	1.569275E+10	8.880971E-1	9.257047E+8	9.684959E-1	1.573157E+10	9.687922E-1	9.954256E+8	9.630993E-1	1.594588E+11	9.654288E-1	1.607278E+11	9.635853E-1	1.751904E+11	9.651523E-1	1.764205E+11	-7.423962E-2	2.962933E-4	-8.069517E-2	-7.453592E-2	-7.705524E-2	-1.476704E+10	-1.473614E+10	-6.972088E+7	-3.089782E+7	-1.754948E+11
5.643240E+2	9.666737E-1	1.574672E+10	9.144004E-1	9.461606E+8	9.605008E-1	1.563191E+10	9.453897E-1	9.772844E+8	9.722328E-1	1.606091E+11	9.715168E-1	1.614992E+11	9.711762E-1	1.762410E+11	9.710837E-1	1.772459E+11	-5.227327E-2	-1.511111E-2	-3.098922E-2	-3.716216E-2	-5.668327E-2	-1.480056E+10	-1.465463E+10	-3.112381E+7	-1.459274E+8	-1.762997E+11
5.653110E+2	9.577368E-1	1.563550E+10	9.956294E-1	1.009332E+9	9.747110E-1	1.580904E+10	9.840085E-1	1.007221E+9	9.626095E-1	1.593972E+11	9.641823E-1	1.605698E+11	9.636994E-1	1.752062E+11	9.636059E-1	1.762053E+11	3.789262E-2	9.297466E-3	1.162093E-2	2.859515E-2	3.202349E-2	-1.462617E+10	-1.480181E+10	2.110696E+6	1.756441E+8	-1.751960E+11
5.663250E+2	1.053891E+0	1.683210E+10	1.001694E+0	1.014048E+9	1.049341E+0	1.673925E+10	1.012040E+0	1.028950E+9	1.049466E+0	1.703355E+11	1.043103E+0	1.705702E+11	1.049455E+0	1.870747E+11	1.044068E+0	1.874022E+11	-5.219746E-2	-3.730132E-2	-1.034588E-2	-1.489614E-2	-4.237436E-2	-1.581805E+10	-1.571030E+10	-1.490228E+7	-1.077518E+8	-1.863882E+11
5.673120E+2	1.099803E+0	1.740345E+10	1.123413E+0	1.108708E+9	1.091429E+0	1.726385E+10	1.026641E+0	1.040269E+9	1.100473E+0	1.767590E+11	1.099181E+0	1.776759E+11	1.099658E+0	1.940229E+11	1.099237E+0	1.950794E+11	2.361022E-2	-6.478794E-2	9.677203E-2	8.839816E-2	2.417650E-2	-1.629474E+10	-1.622358E+10	6.843899E+7	-7.115949E+7	-1.939707E+11
