Photon Energy (eV)	X ref norm	X ref	X pump norm	X pump	Y ref norm	Y ref	Y pump norm	Y pump	X all norm	X all	Y all norm	Y all	X all Y ref norm	X all Y ref	Y all X ref norm	Y all X ref	BC(X hist) norm	BC(Y hist) norm	StS norm	BCSC norm	BCLR norm	BC(X hist)	BC(Y hist)	StS	BCSC	BCLR	
5.290170E+2	-1.517007E-2	4.194527E+9	-1.049734E-2	2.138700E+8	-8.173526E-3	4.335957E+9	-1.206288E-2	2.104574E+8	-1.098425E-2	3.448015E+10	-1.097812E-2	3.465450E+10	-1.066762E-2	3.881611E+10	-1.144687E-2	3.884903E+10	4.672727E-3	-3.889357E-3	1.565544E-3	8.562083E-3	9.495299E-4	-3.980657E+9	-4.125500E+9	3.412612E+6	1.448426E+8	-3.863516E+10
5.295060E+2	-2.715491E-3	4.409235E+9	-1.072656E-2	2.136811E+8	-4.252188E-3	4.403643E+9	-1.440906E-3	2.193643E+8	-2.659096E-3	3.561209E+10	-3.541468E-3	3.567278E+10	-2.838557E-3	4.001573E+10	-3.449106E-3	4.008201E+10	-8.011068E-3	2.811281E-3	-9.285652E-3	-1.082235E-2	-7.277453E-3	-4.195553E+9	-4.184279E+9	-5.683214E+6	-1.127473E+7	-3.986833E+10
5.300220E+2	-4.874801E-3	4.372010E+9	-2.478639E-2	2.020937E+8	-8.190881E-3	4.335658E+9	-1.796362E-2	2.055094E+8	-7.832673E-3	3.490866E+10	-8.672804E-3	3.497016E+10	-7.873025E-3	3.924432E+10	-8.248104E-3	3.934217E+10	-1.991159E-2	-9.772741E-3	-6.822772E-3	-1.013885E-2	-1.653829E-2	-4.169916E+9	-4.130148E+9	-3.415734E+6	-3.976771E+7	-3.914007E+10
5.305180E+2	7.100326E-3	4.578452E+9	9.341510E-3	2.302202E+8	1.097796E-2	4.666529E+9	-2.214475E-4	2.203869E+8	9.422193E-3	3.725472E+10	1.044470E-2	3.758787E+10	9.597450E-3	4.192125E+10	1.007072E-2	4.216632E+10	2.241184E-3	-1.119941E-2	9.562958E-3	1.344060E-2	-7.292143E-4	-4.348232E+9	-4.446142E+9	9.833331E+6	9.791046E+7	-4.193610E+10
5.310000E+2	1.320726E-2	4.683731E+9	3.106674E-2	2.481251E+8	1.301160E-2	4.701631E+9	3.626679E-2	2.509836E+8	1.218517E-2	3.763039E+10	1.342038E-2	3.799532E+10	1.227827E-2	4.233202E+10	1.339655E-2	4.267906E+10	1.785948E-2	2.325519E-2	-5.200053E-3	-5.395715E-3	1.767019E-2	-4.435606E+9	-4.450648E+9	-2.858532E+6	1.504204E+7	-4.243093E+10
5.315080E+2	-9.713038E-3	4.288602E+9	-1.125126E-2	2.132487E+8	-8.827357E-3	4.324672E+9	9.331924E-3	2.283978E+8	-8.082664E-3	3.487467E+10	-6.812167E-3	3.522493E+10	-8.166553E-3	3.919934E+10	-7.136548E-3	3.951353E+10	-1.538223E-3	1.815928E-2	-2.058318E-2	-1.969750E-2	-4.114713E-3	-4.075354E+9	-4.096274E+9	-1.514906E+7	2.092032E+7	-3.930028E+10
5.320070E+2	1.314553E-2	4.682666E+9	7.098829E-3	2.283719E+8	7.594512E-3	4.608128E+9	-1.259587E-2	2.100105E+8	8.609896E-3	3.714428E+10	7.317030E-3	3.715961E+10	8.495513E-3	4.175241E+10	7.968784E-3	4.184227E+10	-6.046705E-3	-2.019038E-2	1.969470E-2	1.414367E-2	-8.699559E-4	-4.454295E+9	-4.398117E+9	1.836143E+7	-5.617753E+7	-4.161390E+10
5.325120E+2	-9.797250E-4	4.439158E+9	9.754477E-3	2.305606E+8	-2.140122E-3	4.440099E+9	-1.313987E-3	2.194708E+8	-6.585734E-4	3.588409E+10	-1.177553E-3	3.599647E+10	-8.254693E-4	4.032419E+10	-1.155432E-3	4.043562E+10	1.073420E-2	8.261355E-4	1.106846E-2	9.908066E-3	1.090991E-2	-4.208597E+9	-4.220628E+9	1.108981E+7	1.203112E+7	-4.020506E+10
5.330130E+2	2.672876E-2	4.916831E+9	4.256124E-2	2.575983E+8	2.960255E-2	4.988005E+9	4.347211E-2	2.570255E+8	3.013931E-2	4.007153E+10	3.035147E-2	4.031366E+10	3.007884E-2	4.505954E+10	2.994637E-2	4.523049E+10	1.583248E-2	1.386956E-2	-9.108662E-4	1.962921E-3	1.261487E-2	-4.659233E+9	-4.730980E+9	5.727464E+5	7.174739E+7	-4.497289E+10
5.332040E+2	2.799405E-2	4.938643E+9	2.440676E-2	2.426363E+8	3.172500E-2	5.024641E+9	3.119273E-2	2.467288E+8	3.115319E-2	4.020938E+10	3.159278E-2	4.048363E+10	3.121760E-2	4.523403E+10	3.119036E-2	4.542227E+10	-3.587291E-3	-5.322694E-4	-6.785973E-3	-3.055021E-3	-6.783604E-3	-4.696007E+9	-4.777912E+9	-4.092573E+6	8.190486E+7	-4.517963E+10
5.334110E+2	1.432770E-2	4.703046E+9	2.990315E-3	2.249859E+8	1.595004E-2	4.752351E+9	1.974761E-2	2.371317E+8	1.659563E-2	3.823006E+10	1.726846E-2	3.852223E+10	1.652290E-2	4.298241E+10	1.693962E-2	4.322528E+10	-1.133739E-2	3.797575E-3	-1.675730E-2	-1.513496E-2	-1.394930E-2	-4.478060E+9	-4.515220E+9	-1.214579E+7	3.715927E+7	-4.300029E+10
5.336080E+2	4.034894E-2	5.151632E+9	6.360381E-2	2.749405E+8	4.287591E-2	5.217115E+9	2.463134E-2	2.412269E+8	4.576653E-2	4.219629E+10	4.387518E-2	4.216543E+10	4.544090E-2	4.741341E+10	4.348086E-2	4.731706E+10	2.325487E-2	-1.824457E-2	3.897247E-2	4.149944E-2	2.012294E-2	-4.876692E+9	-4.975888E+9	3.371365E+7	9.919677E+7	-4.704212E+10
5.338150E+2	4.259154E-2	5.190293E+9	2.251484E-2	2.410770E+8	4.754270E-2	5.297668E+9	4.095962E-2	2.549187E+8	4.450714E-2	4.202506E+10	4.522165E-2	4.234980E+10	4.484909E-2	4.732273E+10	4.492755E-2	4.754009E+10	-2.007671E-2	-6.583080E-3	-1.844479E-2	-1.349363E-2	-2.241272E-2	-4.949216E+9	-5.042750E+9	-1.384170E+7	9.353360E+7	-4.729901E+10
5.340070E+2	1.054465E-1	6.273864E+9	1.077114E-1	3.112918E+8	1.055006E-1	6.298072E+9	1.039693E-1	3.077546E+8	1.093921E-1	5.084717E+10	1.061258E-1	5.068925E+10	1.089538E-1	5.714524E+10	1.060498E-1	5.696311E+10	2.264956E-3	-1.531292E-3	3.742159E-3	3.796247E-3	1.661591E-3	-5.962572E+9	-5.990317E+9	3.537222E+6	2.774527E+7	-5.665182E+10
5.342090E+2	1.805297E-1	7.568240E+9	1.918736E-1	3.806541E+8	1.673767E-1	7.366108E+9	1.978363E-1	3.864656E+8	1.838403E-1	6.096954E+10	1.755432E-1	6.019440E+10	1.819857E-1	6.833565E+10	1.761008E-1	6.776264E+10	1.134391E-2	3.045961E-2	-5.962746E-3	-1.911570E-2	1.577279E-2	-7.187586E+9	-6.979643E+9	-5.811457E+6	-2.079434E+8	-6.738199E+10
5.344070E+2	3.114474E-1	9.825162E+9	3.773056E-1	5.334779E+8	3.168558E-1	9.946248E+9	3.314959E-1	4.985439E+8	3.288241E-1	8.068232E+10	3.211448E-1	8.013128E+10	3.274759E-1	9.062856E+10	3.200605E-1	8.995644E+10	6.585812E-2	1.464006E-2	4.580969E-2	5.121805E-2	5.724510E-2	-9.291684E+9	-9.447704E+9	3.493398E+7	1.560204E+8	-8.942296E+10
5.346150E+2	6.416344E-1	1.551733E+10	5.812763E-1	7.015805E+8	6.294087E-1	1.534119E+10	6.495621E-1	7.652541E+8	6.574091E-1	1.253585E+11	6.417121E-1	1.240258E+11	6.542549E-1	1.406997E+11	6.417034E-1	1.395431E+11	-6.035805E-2	2.015338E-2	-6.828576E-2	-8.051143E-2	-6.042705E-2	-1.481575E+10	-1.457593E+10	-6.367355E+7	-2.398189E+8	-1.388415E+11
5.348120E+2	9.799330E-1	2.134934E+10	1.021641E+0	1.064507E+9	9.849063E-1	2.147739E+10	9.411017E-1	1.009721E+9	9.889721E-1	1.704396E+11	9.764039E-1	1.698543E+11	9.885141E-1	1.919170E+11	9.767986E-1	1.912036E+11	4.170805E-2	-4.380460E-2	8.053938E-2	8.551266E-2	4.484251E-2	-2.028483E+10	-2.046766E+10	5.478662E+7	1.828328E+8	-1.901391E+11
5.350100E+2	1.612865E+0	3.226059E+10	1.607417E+0	1.547275E+9	1.594861E+0	3.200574E+10	1.568839E+0	1.536101E+9	1.593940E+0	2.526943E+11	1.583623E+0	2.529993E+11	1.594044E+0	2.847000E+11	1.586893E+0	2.852599E+11	-5.447576E-3	-2.602207E-2	3.857796E-2	2.057450E-2	2.052462E-2	-3.071332E+10	-3.046964E+10	1.117343E+7	-2.436790E+8	-2.837126E+11
5.352390E+2	1.887480E+0	3.699476E+10	1.915331E+0	1.801042E+9	1.858874E+0	3.656284E+10	1.815715E+0	1.743115E+9	1.850855E+0	2.876257E+11	1.851854E+0	2.897276E+11	1.851758E+0	3.241886E+11	1.855838E+0	3.267223E+11	2.785084E-2	-4.315963E-2	9.961662E-2	7.101048E-2	5.949337E-2	-3.519372E+10	-3.481972E+10	5.792689E+7	-3.739928E+8	-3.249213E+11
5.354110E+2	2.311746E+0	4.430877E+10	2.273650E+0	2.096351E+9	2.303999E+0	4.424607E+10	2.241872E+0	2.100464E+9	2.258661E+0	3.430732E+11	2.265703E+0	3.463949E+11	2.263768E+0	3.873193E+11	2.270852E+0	3.907036E+11	-3.809582E-2	-6.212668E-2	3.177808E-2	2.403086E-2	2.798314E-3	-4.221242E+10	-4.214561E+10	-4.112991E+6	-6.680622E+7	-3.886073E+11
5.356310E+2	2.230467E+0	4.290758E+10	2.263228E+0	2.087761E+9	2.232827E+0	4.301759E+10	2.189002E+0	2.056130E+9	2.187465E+0	3.333931E+11	2.191111E+0	3.361811E+11	2.192575E+0	3.764107E+11	2.195512E+0	3.790887E+11	3.276059E-2	-4.382506E-2	7.422550E-2	7.658565E-2	6.771584E-2	-4.081982E+10	-4.096146E+10	3.163065E+7	1.416403E+8	-3.770010E+11
5.358080E+2	2.320369E+0	4.445742E+10	2.301517E+0	2.119318E+9	2.310237E+0	4.435376E+10	2.340261E+0	2.182967E+9	2.260480E+0	3.433206E+11	2.270724E+0	3.470824E+11	2.266085E+0	3.876744E+11	2.276275E+0	3.915398E+11	-1.885118E-2	3.002378E-2	-3.874353E-2	-4.887495E-2	2.524194E-2	-4.233810E+10	-4.217079E+10	-6.364883E+7	-1.673087E+8	-3.894205E+11
5.360070E+2	2.112645E+0	4.087642E+10	2.138678E+0	1.985114E+9	2.127437E+0	4.119847E+10	2.063027E+0	1.950496E+9	2.079138E+0	3.186644E+11	2.084987E+0	3.216498E+11	2.084579E+0	3.598629E+11	2.088080E+0	3.625263E+11	2.603324E-2	-6.441027E-2	7.565132E-2	9.044351E-2	5.059857E-2	-3.889131E+10	-3.924797E+10	3.461803E+7	3.566652E+8	-3.605412E+11
5.362110E+2	1.748343E+0	3.459613E+10	1.821466E+0	1.723683E+9	1.737662E+0	3.447060E+10	1.641011E+0	1.596620E+9	1.713659E+0	2.689719E+11	1.714737E+0	2.709524E+11	1.716363E+0	3.034425E+11	1.718495E+0	3.055486E+11	7.312313E-2	-9.665030E-2	1.804543E-1	1.697734E-1	1.029711E-1	-3.287245E+10	-3.287398E+10	1.270626E+8	1.536463E+6	-3.038249E+11
5.364150E+2	1.646384E+0	3.283844E+10	1.684609E+0	1.610893E+9	1.643067E+0	3.283782E+10	1.580844E+0	1.546168E+9	1.636610E+0	2.584958E+11	1.629686E+0	2.593066E+11	1.637337E+0	2.913337E+11	1.631553E+0	2.921451E+11	3.822535E-2	-6.222286E-2	1.037650E-1	1.004482E-1	5.305601E-2	-3.122755E+10	-3.129165E+10	6.472461E+7	6.410324E+7	-2.905342E+11
5.366240E+2	1.358758E+0	2.787999E+10	1.385317E+0	1.364231E+9	1.346150E+0	2.771277E+10	1.336842E+0	1.341563E+9	1.352158E+0	2.198202E+11	1.348817E+0	2.208479E+11	1.351481E+0	2.475330E+11	1.349929E+0	2.487279E+11	2.655964E-2	-9.308092E-3	4.847528E-2	3.586773E-2	3.538856E-2	-2.651575E+10	-2.637121E+10	2.266784E+7	-1.445467E+8	-2.473637E+11
5.368340E+2	1.356035E+0	2.783304E+10	1.412115E+0	1.386316E+9	1.349476E+0	2.777018E+10	1.329436E+0	1.335353E+9	1.356445E+0	2.204031E+11	1.342710E+0	2.200117E+11	1.355660E+0	2.481733E+11	1.344200E+0	2.478448E+11	5.608024E-2	-2.004001E-2	8.267888E-2	7.612025E-2	6.791471E-2	-2.644673E+10	-2.643483E+10	5.096329E+7	-1.190057E+7	-2.464585E+11
5.370070E+2	1.274747E+0	2.643170E+10	1.292361E+0	1.287621E+9	1.282776E+0	2.661888E+10	1.300751E+0	1.311300E+9	1.283236E+0	2.104493E+11	1.273911E+0	2.105912E+11	1.283184E+0	2.370682E+11	1.274005E+0	2.370229E+11	1.761383E-2	1.797478E-2	-8.390555E-3	-3.609446E-4	1.835597E-2	-2.514408E+10	-2.530758E+10	-2.367895E+7	1.635036E+8	-2.357353E+11
5.372170E+2	1.183361E+0	2.485628E+10	1.255233E+0	1.257022E+9	1.173002E+0	2.472409E+10	1.114682E+0	1.155274E+9	1.186299E+0	1.972691E+11	1.171384E+0	1.965525E+11	1.184801E+0	2.219932E+11	1.172724E+0	2.214088E+11	7.187179E-2	-5.831986E-2	1.405505E-1	1.301917E-1	8.250929E-2	-2.359926E+10	-2.356881E+10	1.017476E+8	-3.044816E+7	-2.201518E+11
5.374110E+2	1.383107E+0	2.829974E+10	1.426479E+0	1.398154E+9	1.391797E+0	2.850068E+10	1.395405E+0	1.390670E+9	1.393506E+0	2.254422E+11	1.382562E+0	2.254686E+11	1.393314E+0	2.539429E+11	1.382623E+0	2.537683E+11	4.337193E-2	3.607250E-3	3.107407E-2	3.976468E-2	4.385565E-2	-2.690159E+10	-2.711001E+10	7.484142E+6	2.084215E+8	-2.523701E+11
5.376110E+2	1.441997E+0	2.931497E+10	1.448678E+0	1.416450E+9	1.443660E+0	2.939588E+10	1.410060E+0	1.402959E+9	1.432343E+0	2.307227E+11	1.430272E+0	2.320014E+11	1.433618E+0	2.601186E+11	1.431583E+0	2.613163E+11	6.680408E-3	-3.360038E-2	3.861799E-2	4.028079E-2	1.709426E-2	-2.789852E+10	-2.799292E+10	1.349063E+7	9.439656E+7	-2.598999E+11
5.378160E+2	1.802869E+0	3.553613E+10	1.708407E+0	1.630505E+9	1.793137E+0	3.542816E+10	1.751430E+0	1.689210E+9	1.775920E+0	2.774372E+11	1.779222E+0	2.797822E+11	1.777859E+0	3.128653E+11	1.781866E+0	3.153183E+11	-9.446270E-2	-4.170714E-2	-4.302317E-2	-5.275556E-2	-7.345941E-2	-3.390562E+10	-3.373895E+10	-5.870493E+7	-1.666786E+8	-3.136878E+11
5.380160E+2	1.945761E+0	3.799946E+10	1.969897E+0	1.846013E+9	1.952344E+0	3.817621E+10	1.960767E+0	1.864747E+9	1.914949E+0	2.963403E+11	1.918121E+0	2.988012E+11	1.919161E+0	3.345165E+11	1.921211E+0	3.368007E+11	2.413623E-2	8.423225E-3	9.129384E-3	1.571300E-2	4.868553E-2	-3.615345E+10	-3.631146E+10	-1.873493E+7	1.580129E+8	-3.349547E+11
5.382210E+2	1.930153E+0	3.773040E+10	1.911239E+0	1.797669E+9	1.906722E+0	3.738873E+10	1.855772E+0	1.776705E+9	1.877887E+0	2.913012E+11	1.886154E+0	2.944241E+11	1.881135E+0	3.286900E+11	1.891074E+0	3.321545E+11	-1.891458E-2	-5.095006E-2	5.546668E-2	3.203548E-2	2.016494E-2	-3.593273E+10	-3.561203E+10	2.096443E+7	-3.207076E+8	-3.303568E+11
5.384110E+2	2.045433E+0	3.971775E+10	2.089294E+0	1.944413E+9	2.036356E+0	3.962633E+10	1.991221E+0	1.890284E+9	1.995841E+0	3.073388E+11	2.007989E+0	3.111068E+11	2.000405E+0	3.469651E+11	2.012176E+0	3.508245E+11	4.386016E-2	-4.513558E-2	9.807303E-2	8.899574E-2	7.711732E-2	-3.777333E+10	-3.773605E+10	5.412990E+7	-3.728583E+7	-3.488801E+11
5.386060E+2	1.783510E+0	3.520239E+10	1.748279E+0	1.663366E+9	1.811339E+0	3.574234E+10	1.782834E+0	1.715544E+9	1.759910E+0	2.752604E+11	1.775507E+0	2.792735E+11	1.765703E+0	3.110027E+11	1.776402E+0	3.144759E+11	-3.523074E-2	-2.850489E-2	-3.455504E-2	-6.725851E-3	-2.812228E-2	-3.353902E+10	-3.402680E+10	-5.217771E+7	4.877753E+8	-3.128125E+11
5.388440E+2	1.794686E+0	3.539505E+10	1.835255E+0	1.735047E+9	1.768970E+0	3.501101E+10	1.779975E+0	1.713146E+9	1.751801E+0	2.741578E+11	1.761269E+0	2.773240E+11	1.753735E+0	3.091688E+11	1.765006E+0	3.127191E+11	4.056919E-2	1.100452E-2	5.528041E-2	2.956467E-2	7.024900E-2	-3.366000E+10	-3.329787E+10	2.190135E+7	-3.621362E+8	-3.109840E+11
5.390180E+2	1.563144E+0	3.140344E+10	1.624758E+0	1.561567E+9	1.561146E+0	3.142378E+10	1.559185E+0	1.528006E+9	1.547985E+0	2.464460E+11	1.550713E+0	2.484930E+11	1.549468E+0	2.778698E+11	1.552103E+0	2.798965E+11	6.161491E-2	-1.960385E-3	6.557334E-2	6.357529E-2	7.265545E-2	-2.984187E+10	-2.989577E+10	3.356056E+7	5.389946E+7	-2.783349E+11
5.392140E+2	1.352037E+0	2.776412E+10	1.384228E+0	1.363333E+9	1.352843E+0	2.782829E+10	1.273756E+0	1.288663E+9	1.337134E+0	2.177775E+11	1.335300E+0	2.189971E+11	1.338904E+0	2.456058E+11	1.337172E+0	2.467612E+11	3.219105E-2	-7.908717E-2	1.104719E-1	1.112782E-1	4.705605E-2	-2.640078E+10	-2.653963E+10	7.466995E+7	1.388448E+8	-2.453979E+11
5.394040E+2	1.203955E+0	2.521131E+10	1.202900E+0	1.213892E+9	1.230804E+0	2.572179E+10	1.192416E+0	1.220457E+9	1.214437E+0	2.010950E+11	1.218107E+0	2.029502E+11	1.216281E+0	2.268168E+11	1.216525E+0	2.281615E+11	-1.054797E-3	-3.838747E-2	1.048388E-2	3.733267E-2	-1.362450E-2	-2.399742E+10	-2.450134E+10	-6.565072E+6	5.039207E+8	-2.269476E+11
5.396160E+2	9.673427E-1	2.113229E+10	9.609146E-1	1.014460E+9	9.628300E-1	2.109633E+10	1.005924E+0	1.064077E+9	9.630098E-1	1.669096E+11	9.651608E-1	1.683148E+11	9.629896E-1	1.880059E+11	9.654048E-1	1.894471E+11	-6.428084E-3	4.309437E-2	-4.500978E-2	-4.952246E-2	-4.490147E-3	-2.011783E+10	-2.003225E+10	-4.961730E+7	-8.557964E+7	-1.884326E+11
5.398120E+2	9.157386E-1	2.024268E+10	1.001247E+0	1.047699E+9	9.177762E-1	2.031866E+10	8.965781E-1	9.723860E+8	9.106306E-1	1.597878E+11	9.106857E-1	1.608557E+11	9.114356E-1	1.801065E+11	9.112507E-1	1.810983E+11	8.550791E-2	-2.119814E-2	1.046684E-1	1.067060E-1	8.999579E-2	-1.919498E+10	-1.934628E+10	7.531309E+7	1.512980E+8	-1.800506E+11
5.400090E+2	7.397184E-1	1.720822E+10	7.449494E-1	8.364717E+8	7.411005E-1	1.726908E+10	7.057657E-1	8.123828E+8	7.422640E-1	1.368958E+11	7.422583E-1	1.377933E+11	7.421329E-1	1.541649E+11	7.419743E-1	1.550015E+11	5.230982E-3	-3.533482E-2	3.918367E-2	4.056581E-2	2.975119E-3	-1.637175E+10	-1.645670E+10	2.408887E+7	8.494923E+7	-1.541651E+11
5.402050E+2	6.310211E-1	1.533437E+10	6.081019E-1	7.236888E+8	6.293924E-1	1.534090E+10	6.565508E-1	7.711143E+8	6.322848E-1	1.219425E+11	6.314500E-1	1.226206E+11	6.319590E-1	1.372834E+11	6.314021E-1	1.379550E+11	-2.291920E-2	2.715835E-2	-4.844886E-2	-5.007755E-2	-2.330014E-2	-1.461068E+10	-1.456979E+10	-4.742551E+7	-4.088729E+7	-1.372313E+11
5.404170E+2	5.488711E-1	1.391816E+10	5.559785E-1	6.807313E+8	5.427597E-1	1.384555E+10	5.596460E-1	6.898562E+8	5.500097E-1	1.107559E+11	5.519521E-1	1.117352E+11	5.491929E-1	1.246014E+11	5.516076E-1	1.256533E+11	7.107410E-3	1.688631E-2	-3.667524E-3	-9.778902E-3	4.370939E-3	-1.323743E+10	-1.315569E+10	-9.124871E+6	-8.174008E+7	-1.249726E+11
5.406090E+2	4.463817E-1	1.215132E+10	4.677550E-1	6.080219E+8	4.368738E-1	1.201786E+10	4.561534E-1	6.030738E+8	4.525604E-1	9.750617E+10	4.443340E-1	9.699927E+10	4.507933E-1	1.095240E+11	4.445630E-1	1.091506E+11	2.137335E-2	1.927967E-2	1.160162E-2	2.093681E-3	2.319209E-2	-1.154330E+10	-1.141479E+10	4.948053E+6	-1.285132E+8	-1.085426E+11
5.408160E+2	4.685291E-1	1.253313E+10	4.665649E-1	6.070411E+8	4.703041E-1	1.259490E+10	4.944539E-1	6.351902E+8	4.741390E-1	1.004401E+11	4.751178E-1	1.012144E+11	4.737070E-1	1.130350E+11	4.743811E-1	1.137476E+11	-1.964196E-3	2.414980E-2	-2.788894E-2	-2.611400E-2	-7.816138E-3	-1.192609E+10	-1.195971E+10	-2.814910E+7	3.362153E+7	-1.131405E+11
5.410130E+2	4.405574E-1	1.205092E+10	4.365728E-1	5.823231E+8	4.295463E-1	1.189138E+10	4.855109E-1	6.276911E+8	4.343892E-1	9.503551E+10	4.344200E-1	9.564178E+10	4.338437E-1	1.069269E+11	4.351063E-1	1.076927E+11	-3.984538E-3	5.596459E-2	-4.893805E-2	-5.994913E-2	1.466485E-3	-1.146859E+10	-1.126369E+10	-4.536808E+7	-2.049009E+8	-1.071104E+11
5.415090E+2	5.146707E-1	1.332857E+10	5.365382E-1	6.647096E+8	5.277638E-1	1.358671E+10	5.274451E-1	6.628546E+8	5.238491E-1	1.071990E+11	5.221657E-1	1.076566E+11	5.242901E-1	1.207857E+11	5.213276E-1	1.209851E+11	2.186752E-2	-3.187005E-4	9.093090E-3	2.218622E-2	1.521067E-2	-1.266387E+10	-1.292385E+10	1.855037E+6	2.599863E+8	-1.203204E+11
5.420160E+2	6.909236E-1	1.636704E+10	7.602233E-1	8.490597E+8	6.936917E-1	1.645077E+10	6.961740E-1	8.043399E+8	6.966682E-1	1.306964E+11	7.041539E-1	1.325758E+11	6.963329E-1	1.471471E+11	7.026745E-1	1.489428E+11	6.929971E-2	2.482282E-3	6.404931E-2	6.681743E-2	5.754887E-2	-1.551798E+10	-1.564643E+10	4.471988E+7	1.284473E+8	-1.480938E+11
5.424810E+2	8.379036E-1	1.890086E+10	8.310406E-1	9.074238E+8	8.279012E-1	1.876734E+10	8.732147E-1	9.527949E+8	8.256711E-1	1.482363E+11	8.287859E-1	1.496413E+11	8.259223E-1	1.670036E+11	8.298055E-1	1.685422E+11	-6.863048E-3	4.531349E-2	-4.217414E-2	-5.217654E-2	1.235102E-3	-1.799344E+10	-1.781455E+10	-4.537114E+7	-1.788926E+8	-1.676348E+11
5.430070E+2	1.118415E+0	2.373666E+10	1.127635E+0	1.151862E+9	1.115800E+0	2.373673E+10	1.154830E+0	1.188940E+9	1.113737E+0	1.874033E+11	1.111274E+0	1.883218E+11	1.113970E+0	2.111401E+11	1.112073E+0	2.120584E+11	9.220072E-3	3.903021E-2	-2.719550E-2	-2.981014E-2	1.556195E-2	-2.258479E+10	-2.254779E+10	-3.707783E+7	-3.700824E+7	-2.109066E+11
5.435060E+2	1.128127E+0	2.390408E+10	1.148996E+0	1.169467E+9	1.112762E+0	2.368429E+10	1.130129E+0	1.168227E+9	1.111447E+0	1.870919E+11	1.114277E+0	1.887330E+11	1.111595E+0	2.107762E+11	1.115826E+0	2.126370E+11	2.086976E-2	1.736681E-2	1.886762E-2	3.502957E-3	3.317050E-2	-2.273462E+10	-2.251606E+10	1.240463E+6	-2.185563E+8	-2.114676E+11
5.440060E+2	1.199739E+0	2.513863E+10	1.161172E+0	1.179501E+9	1.207615E+0	2.532154E+10	1.175011E+0	1.205862E+9	1.195620E+0	1.985366E+11	1.197884E+0	2.001811E+11	1.196972E+0	2.238581E+11	1.198092E+0	2.253197E+11	-3.856770E-2	-3.260418E-2	-1.383960E-2	-5.963512E-3	-3.692008E-2	-2.395913E+10	-2.411568E+10	-2.636088E+7	1.565482E+8	-2.241402E+11
5.445130E+2	1.154427E+0	2.435748E+10	1.183077E+0	1.197554E+9	1.158054E+0	2.446606E+10	1.173209E+0	1.204351E+9	1.151864E+0	1.925872E+11	1.151288E+0	1.938007E+11	1.152561E+0	2.170533E+11	1.151639E+0	2.181582E+11	2.864982E-2	1.515526E-2	9.867662E-3	1.349455E-2	3.143797E-2	-2.315992E+10	-2.326171E+10	-6.796606E+6	1.017868E+8	-2.169606E+11
5.450040E+2	1.073009E+0	2.295389E+10	9.847813E-1	1.034129E+9	1.074502E+0	2.302388E+10	1.106434E+0	1.148358E+9	1.061578E+0	1.803114E+11	1.065465E+0	1.820492E+11	1.063034E+0	2.033353E+11	1.066309E+0	2.050031E+11	-8.822742E-2	3.193235E-2	-1.216528E-1	-1.201598E-1	-8.152738E-2	-2.191976E+10	-2.187552E+10	-1.142286E+8	-4.424006E+7	-2.039690E+11
5.455230E+2	1.094836E+0	2.333018E+10	1.083868E+0	1.115791E+9	1.067103E+0	2.289617E+10	1.123283E+0	1.162487E+9	1.079095E+0	1.826932E+11	1.071458E+0	1.828698E+11	1.077744E+0	2.055894E+11	1.074072E+0	2.062000E+11	-1.096852E-2	5.618018E-2	-3.941578E-2	-6.714871E-2	9.795644E-3	-2.221439E+10	-2.173369E+10	-4.669534E+7	-4.806999E+8	-2.050842E+11
5.460160E+2	9.381255E-1	2.062861E+10	9.429150E-1	9.996251E+8	9.277796E-1	2.049133E+10	9.494900E-1	1.016755E+9	9.362642E-1	1.632731E+11	9.307290E-1	1.636001E+11	9.353085E-1	1.837645E+11	9.315561E-1	1.842288E+11	4.789439E-3	2.171044E-2	-6.575052E-3	-1.692100E-2	1.135888E-2	-1.962898E+10	-1.947457E+10	-1.712944E+7	-1.544114E+8	-1.832291E+11
5.465100E+2	1.031896E+0	2.224514E+10	1.099329E+0	1.128534E+9	1.022387E+0	2.212434E+10	1.038497E+0	1.091390E+9	1.027644E+0	1.756977E+11	1.021706E+0	1.760573E+11	1.027052E+0	1.978220E+11	1.022845E+0	1.983025E+11	6.743313E-2	1.610977E-2	6.083191E-2	5.132336E-2	7.648405E-2	-2.111661E+10	-2.103295E+10	3.714357E+7	-8.365456E+7	-1.971740E+11
5.470160E+2	1.080117E+0	2.307643E+10	1.093220E+0	1.123499E+9	1.069568E+0	2.293873E+10	1.106496E+0	1.148410E+9	1.077284E+0	1.824469E+11	1.072501E+0	1.830127E+11	1.076414E+0	2.053856E+11	1.073353E+0	2.060891E+11	1.310378E-2	3.692814E-2	-1.327599E-2	-2.382436E-2	1.986755E-2	-2.195293E+10	-2.179032E+10	-2.491072E+7	-1.626132E+8	-2.049656E+11
5.475120E+2	1.185847E+0	2.489913E+10	1.209300E+0	1.219166E+9	1.176251E+0	2.478016E+10	1.202868E+0	1.229221E+9	1.177139E+0	1.960238E+11	1.177247E+0	1.973553E+11	1.177039E+0	2.208039E+11	1.178209E+0	2.222544E+11	2.345316E-2	2.661735E-2	6.431570E-3	-3.164188E-3	3.109090E-2	-2.367996E+10	-2.355094E+10	-1.005514E+7	-1.290262E+8	-2.210353E+11
5.480420E+2	1.351313E+0	2.775165E+10	1.386627E+0	1.365311E+9	1.352645E+0	2.782488E+10	1.297788E+0	1.308815E+9	1.347133E+0	2.191371E+11	1.339064E+0	2.195125E+11	1.347754E+0	2.469620E+11	1.340434E+0	2.472642E+11	3.531405E-2	-5.485658E-2	8.883915E-2	9.017063E-2	4.619339E-2	-2.638634E+10	-2.651606E+10	5.649556E+7	1.297198E+8	-2.458988E+11
5.485060E+2	1.314661E+0	2.711979E+10	1.360352E+0	1.343656E+9	1.318810E+0	2.724085E+10	1.324895E+0	1.331546E+9	1.309599E+0	2.140337E+11	1.309878E+0	2.155161E+11	1.310637E+0	2.412746E+11	1.310413E+0	2.426359E+11	4.569140E-2	6.085502E-3	3.545692E-2	3.960590E-2	4.993920E-2	-2.577613E+10	-2.590931E+10	1.211062E+7	1.331739E+8	-2.412923E+11
5.490320E+2	1.552279E+0	3.121615E+10	1.586014E+0	1.529635E+9	1.571432E+0	3.160132E+10	1.597492E+0	1.560128E+9	1.548879E+0	2.465675E+11	1.550345E+0	2.484426E+11	1.551420E+0	2.781689E+11	1.550561E+0	2.796588E+11	3.373478E-2	2.606088E-2	-1.147837E-2	7.673897E-3	3.545304E-2	-2.968651E+10	-3.004120E+10	-3.049272E+7	3.546840E+8	-2.781291E+11
5.495100E+2	1.556789E+0	3.129390E+10	1.565349E+0	1.512604E+9	1.549899E+0	3.122965E+10	1.582873E+0	1.547869E+9	1.532577E+0	2.443510E+11	1.529146E+0	2.455400E+11	1.534528E+0	2.755806E+11	1.532238E+0	2.768339E+11	8.559044E-3	3.297443E-2	-1.752452E-2	-2.441539E-2	3.311100E-2	-2.978130E+10	-2.968178E+10	-3.526534E+7	-9.951837E+7	-2.753213E+11
5.499880E+2	1.630558E+0	3.256561E+10	1.655323E+0	1.586757E+9	1.638178E+0	3.275343E+10	1.686366E+0	1.634652E+9	1.616308E+0	2.557355E+11	1.621287E+0	2.581566E+11	1.618772E+0	2.884890E+11	1.622324E+0	2.907222E+11	2.476532E-2	4.818765E-2	-3.104282E-2	-2.342233E-2	3.299957E-2	-3.097885E+10	-3.111878E+10	-4.789531E+7	1.399271E+8	-2.891354E+11
5.505170E+2	1.656725E+0	3.301671E+10	1.601375E+0	1.542295E+9	1.651979E+0	3.299165E+10	1.619943E+0	1.578953E+9	1.640688E+0	2.590503E+11	1.649219E+0	2.619812E+11	1.641960E+0	2.920420E+11	1.650058E+0	2.949979E+11	-5.534934E-2	-3.203657E-2	-1.856716E-2	-2.331277E-2	-4.868299E-2	-3.147441E+10	-3.141269E+10	-3.665792E+7	-6.171880E+7	-2.934556E+11
5.510630E+2	1.407998E+0	2.872885E+10	1.405836E+0	1.381141E+9	1.402630E+0	2.868766E+10	1.394258E+0	1.389709E+9	1.395388E+0	2.256981E+11	1.398959E+0	2.277138E+11	1.396204E+0	2.543858E+11	1.399970E+0	2.564426E+11	-2.162251E-3	-8.371289E-3	1.157730E-2	6.209038E-3	5.865624E-3	-2.734771E+10	-2.729795E+10	-8.567638E+6	-4.975991E+7	-2.550615E+11
5.515170E+2	1.417688E+0	2.889589E+10	1.408402E+0	1.383256E+9	1.428029E+0	2.912607E+10	1.420997E+0	1.412130E+9	1.402274E+0	2.266343E+11	1.409992E+0	2.292245E+11	1.405176E+0	2.557604E+11	1.410853E+0	2.581204E+11	-9.285829E-3	-7.031765E-3	-1.259498E-2	-2.254064E-3	-2.450620E-3	-2.751264E+10	-2.771394E+10	-2.887389E+7	2.012977E+8	-2.567371E+11
5.520040E+2	1.213785E+0	2.538077E+10	1.254726E+0	1.256604E+9	1.216612E+0	2.547683E+10	1.255472E+0	1.273331E+9	1.214347E+0	2.010828E+11	1.215099E+0	2.025383E+11	1.214603E+0	2.265596E+11	1.214952E+0	2.279190E+11	4.094118E-2	3.885983E-2	-7.456600E-4	2.081345E-3	3.977402E-2	-2.412416E+10	-2.420350E+10	-1.672702E+7	7.933443E+7	-2.266624E+11
5.525040E+2	1.192135E+0	2.500754E+10	1.194450E+0	1.206928E+9	1.185065E+0	2.493229E+10	1.160887E+0	1.194019E+9	1.178191E+0	1.961667E+11	1.182299E+0	1.980471E+11	1.178965E+0	2.210990E+11	1.183399E+0	2.230546E+11	2.314797E-3	-2.417729E-2	3.356278E-2	2.649209E-2	1.105093E-2	-2.380062E+10	-2.373827E+10	1.290899E+7	-6.234109E+7	-2.218477E+11
5.530150E+2	1.108927E+0	2.357309E+10	1.138144E+0	1.160523E+9	1.108062E+0	2.360316E+10	1.082749E+0	1.128497E+9	1.107390E+0	1.865403E+11	1.108478E+0	1.879389E+11	1.107466E+0	2.101435E+11	1.108528E+0	2.115120E+11	2.921685E-2	-2.531268E-2	5.539453E-2	5.452953E-2	2.961514E-2	-2.241257E+10	-2.247466E+10	3.202574E+7	6.209025E+7	-2.103515E+11
5.535050E+2	9.741916E-1	2.125036E+10	9.215890E-1	9.820493E+8	9.641133E-1	2.111848E+10	9.313315E-1	1.001528E+9	9.673311E-1	1.674971E+11	9.651106E-1	1.683079E+11	9.669686E-1	1.886156E+11	9.661261E-1	1.895583E+11	-5.260259E-2	-3.278174E-2	-9.742497E-3	-1.982085E-2	-4.453704E-2	-2.026831E+10	-2.011695E+10	-1.947866E+7	-1.513610E+8	-1.885763E+11
5.540130E+2	1.004310E+0	2.176957E+10	1.017820E+0	1.061358E+9	9.951947E-1	2.165497E+10	9.961414E-1	1.055873E+9	1.003782E+0	1.724532E+11	1.001108E+0	1.732370E+11	1.002815E+0	1.941082E+11	1.001466E+0	1.950066E+11	1.350989E-2	9.467151E-4	2.167819E-2	1.256318E-2	1.635331E-2	-2.070822E+10	-2.059910E+10	5.484349E+6	-1.091180E+8	-1.939452E+11
5.550190E+2	9.677798E-1	2.113983E+10	1.042855E+0	1.081991E+9	9.804768E-1	2.140093E+10	9.442499E-1	1.012361E+9	9.778265E-1	1.689242E+11	9.803506E-1	1.703947E+11	9.781251E-1	1.903251E+11	9.789450E-1	1.915345E+11	7.507540E-2	-3.622692E-2	9.860536E-2	1.113023E-1	6.391029E-2	-2.005784E+10	-2.038857E+10	6.963042E+7	3.307311E+8	-1.904526E+11
5.560300E+2	1.133627E+0	2.399890E+10	1.160936E+0	1.179307E+9	1.140147E+0	2.415697E+10	1.116208E+0	1.156554E+9	1.139738E+0	1.909385E+11	1.141725E+0	1.924914E+11	1.139784E+0	2.150955E+11	1.140820E+0	2.164903E+11	2.730904E-2	-2.393831E-2	4.472752E-2	5.124735E-2	2.011608E-2	-2.281959E+10	-2.300042E+10	2.275317E+7	1.808210E+8	-2.153110E+11
5.570160E+2	1.175786E+0	2.472569E+10	1.220162E+0	1.228119E+9	1.164354E+0	2.457481E+10	1.198907E+0	1.225900E+9	1.168282E+0	1.948196E+11	1.166866E+0	1.959339E+11	1.167840E+0	2.193944E+11	1.167864E+0	2.206595E+11	4.437667E-2	3.455292E-2	2.125529E-2	9.823745E-3	5.229861E-2	-2.349757E+10	-2.334891E+10	2.218814E+6	-1.486573E+8	-2.194314E+11
5.580280E+2	1.094809E+0	2.332972E+10	1.100123E+0	1.129188E+9	1.092048E+0	2.332674E+10	1.075558E+0	1.122467E+9	1.085027E+0	1.834997E+11	1.091367E+0	1.855959E+11	1.085818E+0	2.068264E+11	1.091752E+0	2.089256E+11	5.313909E-3	-1.648998E-2	2.456546E-2	2.180389E-2	8.371414E-3	-2.220053E+10	-2.220428E+10	6.721405E+6	3.743820E+6	-2.077965E+11
5.590210E+2	1.130013E+0	2.393660E+10	1.113774E+0	1.140439E+9	1.129036E+0	2.396518E+10	1.178417E+0	1.208719E+9	1.119147E+0	1.881388E+11	1.122677E+0	1.898831E+11	1.120261E+0	2.121040E+11	1.123497E+0	2.138197E+11	-1.623897E-2	4.938195E-2	-6.464349E-2	-6.562092E-2	-9.723294E-3	-2.279616E+10	-2.275646E+10	-6.827993E+7	-3.969959E+7	-2.126793E+11
5.600070E+2	9.996127E-1	2.168860E+10	1.018881E+0	1.062232E+9	9.925841E-1	2.160991E+10	9.614771E-1	1.026806E+9	9.998723E-1	1.719216E+11	1.006395E+0	1.739609E+11	9.990513E-1	1.935315E+11	1.005637E+0	1.956495E+11	1.926813E-2	-3.110694E-2	5.740373E-2	5.037507E-2	1.324407E-2	-2.062637E+10	-2.058310E+10	3.542625E+7	-4.326552E+7	-1.945873E+11
5.609950E+2	1.035525E+0	2.230769E+10	1.035201E+0	1.075683E+9	1.039601E+0	2.242147E+10	1.093402E+0	1.137430E+9	1.041334E+0	1.775589E+11	1.039641E+0	1.785132E+11	1.041138E+0	1.999804E+11	1.039181E+0	2.008209E+11	-3.236799E-4	5.380127E-2	-5.820150E-2	-5.412495E-2	-3.979802E-3	-2.123201E+10	-2.128404E+10	-6.174773E+7	5.202353E+7	-1.997452E+11
5.620340E+2	9.685911E-1	2.115381E+10	9.786491E-1	1.029075E+9	9.766364E-1	2.133464E+10	9.869606E-1	1.048175E+9	9.764698E-1	1.687397E+11	9.759421E-1	1.697911E+11	9.764886E-1	1.900743E+11	9.751201E-1	1.909449E+11	1.005804E-2	1.032420E-2	-8.311469E-3	-2.661615E-4	3.529034E-3	-2.012474E+10	-2.028646E+10	-1.909956E+7	1.617270E+8	-1.899158E+11
5.630300E+2	8.933285E-1	1.985634E+10	8.639713E-1	9.345636E+8	8.999595E-1	2.001113E+10	8.584652E-1	9.404269E+8	8.954545E-1	1.577244E+11	8.911725E-1	1.581838E+11	8.959620E-1	1.777355E+11	8.914136E-1	1.780401E+11	-2.935723E-2	-4.149431E-2	5.506042E-3	1.213708E-2	-2.744228E-2	-1.892178E+10	-1.907070E+10	-5.863310E+6	1.489227E+8	-1.771055E+11
5.640290E+2	9.652874E-1	2.109686E+10	9.811984E-1	1.031176E+9	9.754869E-1	2.131480E+10	9.631994E-1	1.028250E+9	9.728197E-1	1.682434E+11	9.786084E-1	1.701562E+11	9.731202E-1	1.895582E+11	9.771188E-1	1.912530E+11	1.591099E-2	-1.228747E-2	1.799897E-2	2.819846E-2	4.079578E-3	-2.006568E+10	-2.028655E+10	2.926025E+6	2.208642E+8	-1.902218E+11
5.650210E+2	9.514365E-1	2.085808E+10	9.376946E-1	9.953228E+8	9.446318E-1	2.078221E+10	9.600502E-1	1.025610E+9	9.509800E-1	1.652740E+11	9.451758E-1	1.655783E+11	9.502648E-1	1.860562E+11	9.458759E-1	1.864364E+11	-1.374189E-2	1.541837E-2	-2.235553E-2	-2.916026E-2	-8.181223E-3	-1.986276E+10	-1.975660E+10	-3.028685E+7	-1.061561E+8	-1.854411E+11
5.660150E+2	1.101210E+0	2.344006E+10	1.085723E+0	1.117321E+9	1.088297E+0	2.326200E+10	1.095005E+0	1.138774E+9	1.083716E+0	1.833214E+11	1.084143E+0	1.846068E+11	1.084232E+0	2.065834E+11	1.086052E+0	2.080469E+11	-1.548673E-2	6.707454E-3	-9.281242E-3	-2.219418E-2	-3.283012E-4	-2.232274E+10	-2.212323E+10	-2.145313E+7	-1.995137E+8	-2.069295E+11
5.670200E+2	1.085009E+0	2.316077E+10	1.098681E+0	1.128000E+9	1.082803E+0	2.316717E+10	1.081440E+0	1.127400E+9	1.079354E+0	1.827284E+11	1.078922E+0	1.838918E+11	1.079743E+0	2.058956E+11	1.079602E+0	2.070526E+11	1.367237E-2	-1.362577E-3	1.724101E-2	1.503494E-2	1.907893E-2	-2.203277E+10	-2.203977E+10	6.003324E+5	6.999101E+6	-2.059246E+11
