Photon Energy (eV)	X ref norm	X ref	X pump norm	X pump	Y ref norm	Y ref	Y pump norm	Y pump	X all norm	X all	Y all norm	Y all	X all Y ref norm	X all Y ref	Y all X ref norm	Y all X ref	BC(X hist) norm	BC(Y hist) norm	StS norm	BCSC norm	BCLR norm	BC(X hist)	BC(Y hist)	StS	BCSC	BCLR	
5.290170E+2	-1.517007E-2	4.194527E+9	-1.045880E-2	2.136216E+8	-8.173526E-3	4.335957E+9	-1.241916E-2	2.027276E+8	-1.098425E-2	3.448015E+10	-1.097812E-2	3.465450E+10	-1.066762E-2	3.881611E+10	-1.144687E-2	3.884903E+10	4.711268E-3	-4.245631E-3	1.960360E-3	8.956899E-3	9.880715E-4	-3.980906E+9	-4.133230E+9	1.089405E+7	1.523241E+8	-3.863540E+10
5.295060E+2	-2.715491E-3	4.409235E+9	-1.306396E-2	2.114989E+8	-4.252188E-3	4.403643E+9	5.415725E-3	2.176502E+8	-2.659096E-3	3.561209E+10	-3.541468E-3	3.567278E+10	-2.838557E-3	4.001573E+10	-3.449106E-3	4.008201E+10	-1.034847E-2	9.667913E-3	-1.847969E-2	-2.001638E-2	-9.614855E-3	-4.197736E+9	-4.185993E+9	-6.151365E+6	-1.174288E+7	-3.987052E+10
5.300220E+2	-4.874801E-3	4.372010E+9	-1.621748E-3	2.208222E+8	-8.190881E-3	4.335658E+9	-2.307496E-2	1.938117E+8	-7.832673E-3	3.490866E+10	-8.672804E-3	3.497016E+10	-7.873025E-3	3.924432E+10	-8.248104E-3	3.934217E+10	3.253053E-3	-1.488408E-2	2.145322E-2	1.813713E-2	6.626356E-3	-4.151188E+9	-4.141846E+9	2.701051E+7	-9.341470E+6	-3.912135E+10
5.305180E+2	7.100326E-3	4.578452E+9	3.308378E-3	2.248394E+8	1.097796E-2	4.666529E+9	1.343246E-2	2.243580E+8	9.422193E-3	3.725472E+10	1.044470E-2	3.758787E+10	9.597450E-3	4.192125E+10	1.007072E-2	4.216632E+10	-3.791948E-3	2.454497E-3	-1.012408E-2	-6.246444E-3	-6.762346E-3	-4.353612E+9	-4.442171E+9	4.814386E+5	8.855857E+7	-4.194148E+10
5.310000E+2	1.320726E-2	4.683731E+9	1.410938E-2	2.336403E+8	1.301160E-2	4.701631E+9	6.896283E-3	2.188891E+8	1.218517E-2	3.763039E+10	1.342038E-2	3.799532E+10	1.227827E-2	4.233202E+10	1.339655E-2	4.267906E+10	9.021169E-4	-6.115315E-3	7.213094E-3	7.017432E-3	7.128282E-4	-4.450090E+9	-4.482742E+9	1.475121E+7	3.265179E+7	-4.244541E+10
5.315080E+2	-9.713038E-3	4.288602E+9	-7.593719E-3	2.159561E+8	-8.827357E-3	4.324672E+9	-2.988722E-3	2.106181E+8	-8.082664E-3	3.487467E+10	-6.812167E-3	3.522493E+10	-8.166553E-3	3.919934E+10	-7.136548E-3	3.951353E+10	2.119319E-3	5.838635E-3	-4.604997E-3	-3.719316E-3	-4.571711E-4	-4.072646E+9	-4.114054E+9	5.338007E+6	4.140739E+7	-3.929758E+10
5.320070E+2	1.314553E-2	4.682666E+9	-6.940659E-3	2.164883E+8	7.594512E-3	4.608128E+9	-5.426254E-4	2.126648E+8	8.609896E-3	3.714428E+10	7.317030E-3	3.715961E+10	8.495513E-3	4.175241E+10	7.968784E-3	4.184227E+10	-2.008619E-2	-8.137137E-3	-6.398033E-3	-1.194905E-2	-1.490944E-2	-4.466178E+9	-4.395463E+9	3.823453E+6	-7.071551E+7	-4.162579E+10
5.325120E+2	-9.797250E-4	4.439158E+9	2.226113E-2	2.402825E+8	-2.140122E-3	4.440099E+9	1.328100E-2	2.242312E+8	-6.585734E-4	3.588409E+10	-1.177553E-3	3.599647E+10	-8.254693E-4	4.032419E+10	-1.155432E-3	4.043562E+10	2.324085E-2	1.542112E-2	8.980130E-3	7.819732E-3	2.341656E-2	-4.198875E+9	-4.215868E+9	1.605125E+7	1.699256E+7	-4.019534E+10
5.330130E+2	2.672876E-2	4.916831E+9	1.147058E-2	2.314901E+8	2.960255E-2	4.988005E+9	5.796828E-2	2.616217E+8	3.013931E-2	4.007153E+10	3.035147E-2	4.031366E+10	3.007884E-2	4.505954E+10	2.994637E-2	4.523049E+10	-1.525818E-2	2.836573E-2	-4.649770E-2	-4.362392E-2	-1.847580E-2	-4.685341E+9	-4.726384E+9	-3.013153E+7	4.104311E+7	-4.499900E+10
5.332040E+2	2.799405E-2	4.938643E+9	3.519171E-2	2.508186E+8	3.172500E-2	5.024641E+9	1.993049E-2	2.297949E+8	3.115319E-2	4.020938E+10	3.159278E-2	4.048363E+10	3.121760E-2	4.523403E+10	3.119036E-2	4.542227E+10	7.197664E-3	-1.179451E-2	1.526122E-2	1.899217E-2	4.001351E-3	-4.687825E+9	-4.794846E+9	2.102363E+7	1.070211E+8	-4.517145E+10
5.334110E+2	1.432770E-2	4.703046E+9	2.649520E-2	2.437325E+8	1.595004E-2	4.752351E+9	1.173548E-2	2.229381E+8	1.659563E-2	3.823006E+10	1.726846E-2	3.852223E+10	1.652290E-2	4.298241E+10	1.693962E-2	4.322528E+10	1.216750E-2	-4.214562E-3	1.475973E-2	1.638206E-2	9.555586E-3	-4.459314E+9	-4.529413E+9	2.079442E+7	7.009948E+7	-4.298155E+10
5.336080E+2	4.034894E-2	5.151632E+9	3.199427E-2	2.482132E+8	4.287591E-2	5.217115E+9	4.368499E-2	2.496706E+8	4.576653E-2	4.219629E+10	4.387518E-2	4.216543E+10	4.544090E-2	4.741341E+10	4.348086E-2	4.731706E+10	-8.354669E-3	8.090798E-4	-1.169072E-2	-9.163749E-3	-1.148660E-2	-4.903419E+9	-4.967445E+9	-1.457403E+6	6.402571E+7	-4.706884E+10
5.338150E+2	4.259154E-2	5.190293E+9	2.328420E-2	2.411161E+8	4.754270E-2	5.297668E+9	4.841625E-2	2.536293E+8	4.450714E-2	4.202506E+10	4.522165E-2	4.234980E+10	4.484909E-2	4.732273E+10	4.492755E-2	4.754009E+10	-1.930734E-2	8.735431E-4	-2.513204E-2	-2.018088E-2	-2.164335E-2	-4.949177E+9	-5.044039E+9	-1.251324E+7	9.486205E+7	-4.729897E+10
5.340070E+2	1.054465E-1	6.273864E+9	9.815486E-2	3.021222E+8	1.055006E-1	6.298072E+9	1.310719E-1	3.227884E+8	1.093921E-1	5.084717E+10	1.061258E-1	5.068925E+10	1.089538E-1	5.714524E+10	1.060498E-1	5.696311E+10	-7.291615E-3	2.557132E-2	-3.291702E-2	-3.286293E-2	-7.894980E-3	-5.971741E+9	-5.975283E+9	-2.066617E+7	3.541879E+6	-5.666099E+10
5.342090E+2	1.805297E-1	7.568240E+9	1.925519E-1	3.790388E+8	1.673767E-1	7.366108E+9	1.676367E-1	3.533826E+8	1.838403E-1	6.096954E+10	1.755432E-1	6.019440E+10	1.819857E-1	6.833565E+10	1.761008E-1	6.776264E+10	1.202228E-2	2.599859E-4	2.491526E-2	1.176230E-2	1.645116E-2	-7.189201E+9	-7.012725E+9	2.565623E+7	-1.764757E+8	-6.738360E+10
5.344070E+2	3.114474E-1	9.825162E+9	3.054065E-1	4.709950E+8	3.168558E-1	9.946248E+9	3.152742E-1	4.769128E+8	3.288241E-1	8.068232E+10	3.211448E-1	8.013128E+10	3.274759E-1	9.062856E+10	3.200605E-1	8.995644E+10	-6.040979E-3	-1.581633E-3	-9.867708E-3	-4.459347E-3	-1.465399E-2	-9.354167E+9	-9.469335E+9	-5.917833E+6	1.151686E+8	-8.948545E+10
5.346150E+2	6.416344E-1	1.551733E+10	6.837697E-1	7.792929E+8	6.294087E-1	1.534119E+10	6.399922E-1	7.486086E+8	6.574091E-1	1.253585E+11	6.417121E-1	1.240258E+11	6.542549E-1	1.406997E+11	6.417034E-1	1.395431E+11	4.213530E-2	1.058350E-2	4.377747E-2	3.155180E-2	4.206631E-2	-1.473804E+10	-1.459258E+10	3.068434E+7	-1.454610E+8	-1.387638E+11
5.348120E+2	9.799330E-1	2.134934E+10	9.858364E-1	1.025423E+9	9.849063E-1	2.147739E+10	9.714164E-1	1.025915E+9	9.889721E-1	1.704396E+11	9.764039E-1	1.698543E+11	9.885141E-1	1.919170E+11	9.767986E-1	1.912036E+11	5.903363E-3	-1.348991E-2	1.441999E-2	1.939327E-2	9.037822E-3	-2.032392E+10	-2.045147E+10	-4.925408E+5	1.275536E+8	-1.901782E+11
5.350100E+2	1.612865E+0	3.226059E+10	1.572898E+0	1.503773E+9	1.594861E+0	3.200574E+10	1.563064E+0	1.520955E+9	1.593940E+0	2.526943E+11	1.583623E+0	2.529993E+11	1.594044E+0	2.847000E+11	1.586893E+0	2.852599E+11	-3.996629E-2	-3.179727E-2	9.834442E-3	-8.169022E-3	-1.399409E-2	-3.075682E+10	-3.048479E+10	-1.718178E+7	-2.720342E+8	-2.837561E+11
5.352390E+2	1.887480E+0	3.699476E+10	1.882943E+0	1.756404E+9	1.858874E+0	3.656284E+10	1.839133E+0	1.751945E+9	1.850855E+0	2.876257E+11	1.851854E+0	2.897276E+11	1.851758E+0	3.241886E+11	1.855838E+0	3.267223E+11	-4.537183E-3	-1.974126E-2	4.381021E-2	1.520407E-2	2.710534E-2	-3.523835E+10	-3.481089E+10	4.458418E+6	-4.274613E+8	-3.249659E+11
5.354110E+2	2.311746E+0	4.430877E+10	2.304539E+0	2.099928E+9	2.303999E+0	4.424607E+10	2.238252E+0	2.085893E+9	2.258661E+0	3.430732E+11	2.265703E+0	3.463949E+11	2.263768E+0	3.873193E+11	2.270852E+0	3.907036E+11	-7.206541E-3	-6.574668E-2	6.628736E-2	5.854014E-2	3.368759E-2	-4.220884E+10	-4.216018E+10	1.403541E+7	-4.865782E+7	-3.886037E+11
5.356310E+2	2.230467E+0	4.290758E+10	2.234692E+0	2.043016E+9	2.232827E+0	4.301759E+10	2.132723E+0	1.997596E+9	2.187465E+0	3.333931E+11	2.191111E+0	3.361811E+11	2.192575E+0	3.764107E+11	2.195512E+0	3.790887E+11	4.225227E-3	-1.001038E-1	1.019688E-1	1.043290E-1	3.918048E-2	-4.086457E+10	-4.102000E+10	4.541970E+7	1.554293E+8	-3.770457E+11
5.358080E+2	2.320369E+0	4.445742E+10	2.273778E+0	2.074864E+9	2.310237E+0	4.435376E+10	2.283410E+0	2.123677E+9	2.260480E+0	3.433206E+11	2.270724E+0	3.470824E+11	2.266085E+0	3.876744E+11	2.276275E+0	3.915398E+11	-4.659016E-2	-2.682709E-2	-9.631647E-3	-1.976307E-2	-2.497041E-3	-4.238255E+10	-4.223008E+10	-4.881356E+7	-1.524735E+8	-3.894649E+11
5.360070E+2	2.112645E+0	4.087642E+10	2.079730E+0	1.916749E+9	2.127437E+0	4.119847E+10	2.042482E+0	1.922090E+9	2.079138E+0	3.186644E+11	2.084987E+0	3.216498E+11	2.084579E+0	3.598629E+11	2.088080E+0	3.625263E+11	-3.291537E-2	-8.495506E-2	3.724750E-2	5.203969E-2	-8.350035E-3	-3.895967E+10	-3.927638E+10	-5.340893E+6	3.167063E+8	-3.606095E+11
5.362110E+2	1.748343E+0	3.459613E+10	1.692004E+0	1.600823E+9	1.737662E+0	3.447060E+10	1.722591E+0	1.654433E+9	1.713659E+0	2.689719E+11	1.714737E+0	2.709524E+11	1.716363E+0	3.034425E+11	1.718495E+0	3.055486E+11	-5.633857E-2	-1.507112E-2	-3.058655E-2	-4.126745E-2	-2.649061E-2	-3.299531E+10	-3.281617E+10	-5.361011E+7	-1.791363E+8	-3.039477E+11
5.364150E+2	1.646384E+0	3.283844E+10	1.637441E+0	1.556364E+9	1.643067E+0	3.283782E+10	1.598974E+0	1.551001E+9	1.636610E+0	2.584958E+11	1.629686E+0	2.593066E+11	1.637337E+0	2.913337E+11	1.631553E+0	2.921451E+11	-8.942885E-3	-4.409297E-2	3.846684E-2	3.515009E-2	5.887778E-3	-3.128208E+10	-3.128682E+10	5.362287E+6	4.740915E+6	-2.905887E+11
5.366240E+2	1.358758E+0	2.787999E+10	1.408929E+0	1.370168E+9	1.346150E+0	2.771277E+10	1.365830E+0	1.355926E+9	1.352158E+0	2.198202E+11	1.348817E+0	2.208479E+11	1.351481E+0	2.475330E+11	1.349929E+0	2.487279E+11	5.017168E-2	1.967975E-2	4.309948E-2	3.049193E-2	5.900060E-2	-2.650982E+10	-2.635684E+10	1.424125E+7	-1.529733E+8	-2.473578E+11
5.368340E+2	1.356035E+0	2.783304E+10	1.355063E+0	1.326276E+9	1.349476E+0	2.777018E+10	1.320639E+0	1.318115E+9	1.356445E+0	2.204031E+11	1.342710E+0	2.200117E+11	1.355660E+0	2.481733E+11	1.344200E+0	2.478448E+11	-9.720219E-4	-2.883685E-2	3.442346E-2	2.786483E-2	1.086245E-2	-2.650677E+10	-2.645207E+10	8.161206E+6	-5.470265E+7	-2.465185E+11
5.370070E+2	1.274747E+0	2.643170E+10	1.292333E+0	1.275162E+9	1.282776E+0	2.661888E+10	1.249120E+0	1.258274E+9	1.283236E+0	2.104493E+11	1.273911E+0	2.105912E+11	1.283184E+0	2.370682E+11	1.274005E+0	2.370229E+11	1.758628E-2	-3.365585E-2	4.321252E-2	5.124213E-2	1.832842E-2	-2.515654E+10	-2.536061E+10	1.688846E+7	2.040710E+8	-2.357478E+11
5.372170E+2	1.183361E+0	2.485628E+10	1.185484E+0	1.188100E+9	1.173002E+0	2.472409E+10	1.109275E+0	1.141263E+9	1.186299E+0	1.972691E+11	1.171384E+0	1.965525E+11	1.184801E+0	2.219932E+11	1.172724E+0	2.214088E+11	2.123369E-3	-6.372761E-2	7.620979E-2	6.585098E-2	1.276087E-2	-2.366818E+10	-2.358282E+10	4.683691E+7	-8.535889E+7	-2.202207E+11
5.374110E+2	1.383107E+0	2.829974E+10	1.393035E+0	1.357217E+9	1.391797E+0	2.850068E+10	1.403082E+0	1.387096E+9	1.393506E+0	2.254422E+11	1.382562E+0	2.254686E+11	1.393314E+0	2.539429E+11	1.382623E+0	2.537683E+11	9.928432E-3	1.128485E-2	-1.004703E-2	-1.356423E-3	1.041215E-2	-2.694253E+10	-2.711359E+10	-2.987915E+7	1.710582E+8	-2.524111E+11
5.376110E+2	1.441997E+0	2.931497E+10	1.456787E+0	1.409163E+9	1.443660E+0	2.939588E+10	1.417505E+0	1.399164E+9	1.432343E+0	2.307227E+11	1.430272E+0	2.320014E+11	1.433618E+0	2.601186E+11	1.431583E+0	2.613163E+11	1.478957E-2	-2.615456E-2	3.928133E-2	4.094413E-2	2.520342E-2	-2.790581E+10	-2.799671E+10	9.998822E+6	9.090475E+7	-2.599072E+11
5.378160E+2	1.802869E+0	3.553613E+10	1.753294E+0	1.650763E+9	1.793137E+0	3.542816E+10	1.749614E+0	1.677044E+9	1.775920E+0	2.774372E+11	1.779222E+0	2.797822E+11	1.777859E+0	3.128653E+11	1.781866E+0	3.153183E+11	-4.957566E-2	-4.352296E-2	3.679688E-3	-6.052699E-3	-2.857237E-2	-3.388537E+10	-3.375111E+10	-2.628091E+7	-1.342546E+8	-3.136676E+11
5.380160E+2	1.945761E+0	3.799946E+10	2.034382E+0	1.879799E+9	1.952344E+0	3.817621E+10	1.933969E+0	1.831296E+9	1.914949E+0	2.963403E+11	1.918121E+0	2.988012E+11	1.919161E+0	3.345165E+11	1.921211E+0	3.368007E+11	8.862186E-2	-1.837524E-2	1.004135E-1	1.069971E-1	1.131712E-1	-3.611966E+10	-3.634492E+10	4.850367E+7	2.252515E+8	-3.349209E+11
5.382210E+2	1.930153E+0	3.773040E+10	1.865764E+0	1.742405E+9	1.906722E+0	3.738873E+10	1.788451E+0	1.709539E+9	1.877887E+0	2.913012E+11	1.886154E+0	2.944241E+11	1.881135E+0	3.286900E+11	1.891074E+0	3.321545E+11	-6.438963E-2	-1.182712E-1	7.731281E-2	5.388161E-2	-2.531011E-2	-3.598800E+10	-3.567919E+10	3.286659E+7	-3.088055E+8	-3.304121E+11
5.384110E+2	2.045433E+0	3.971775E+10	1.959093E+0	1.818452E+9	2.036356E+0	3.962633E+10	2.044767E+0	1.924002E+9	1.995841E+0	3.073388E+11	2.007989E+0	3.111068E+11	2.000405E+0	3.469651E+11	2.012176E+0	3.508245E+11	-8.633998E-2	8.410922E-3	-8.567362E-2	-9.475090E-2	-5.308282E-2	-3.789929E+10	-3.770233E+10	-1.055495E+8	-1.969652E+8	-3.490060E+11
5.386060E+2	1.783510E+0	3.520239E+10	1.780524E+0	1.672950E+9	1.811339E+0	3.574234E+10	1.700735E+0	1.636146E+9	1.759910E+0	2.752604E+11	1.775507E+0	2.792735E+11	1.765703E+0	3.110027E+11	1.776402E+0	3.144759E+11	-2.986063E-3	-1.106039E-1	7.978864E-2	1.076178E-1	4.122394E-3	-3.352944E+10	-3.410620E+10	3.680429E+7	5.767573E+8	-3.128029E+11
5.388440E+2	1.794686E+0	3.539505E+10	1.807917E+0	1.695270E+9	1.768970E+0	3.501101E+10	1.713669E+0	1.646968E+9	1.751801E+0	2.741578E+11	1.761269E+0	2.773240E+11	1.753735E+0	3.091688E+11	1.765006E+0	3.127191E+11	1.323072E-2	-5.530111E-2	9.424757E-2	6.853183E-2	4.291053E-2	-3.369978E+10	-3.336405E+10	4.830256E+7	-3.357350E+8	-3.110238E+11
5.390180E+2	1.563144E+0	3.140344E+10	1.534279E+0	1.472305E+9	1.561146E+0	3.142378E+10	1.573270E+0	1.529494E+9	1.547985E+0	2.464460E+11	1.550713E+0	2.484930E+11	1.549468E+0	2.778698E+11	1.552103E+0	2.798965E+11	-2.886415E-2	1.212413E-2	-3.899024E-2	-4.098829E-2	-1.782361E-2	-2.993113E+10	-2.989429E+10	-5.718855E+7	-3.684965E+7	-2.784242E+11
5.392140E+2	1.352037E+0	2.776412E+10	1.431509E+0	1.388566E+9	1.352843E+0	2.782829E+10	1.307647E+0	1.307244E+9	1.337134E+0	2.177775E+11	1.335300E+0	2.189971E+11	1.338904E+0	2.456058E+11	1.337172E+0	2.467612E+11	7.947268E-2	-4.519580E-2	1.238622E-1	1.246685E-1	9.433768E-2	-2.637555E+10	-2.652105E+10	8.132210E+7	1.454969E+8	-2.453726E+11
5.394040E+2	1.203955E+0	2.521131E+10	1.227675E+0	1.222478E+9	1.230804E+0	2.572179E+10	1.229047E+0	1.241479E+9	1.214437E+0	2.010950E+11	1.218107E+0	2.029502E+11	1.216281E+0	2.268168E+11	1.216525E+0	2.281615E+11	2.371968E-2	-1.756543E-3	-1.372568E-3	2.547623E-2	1.114998E-2	-2.398883E+10	-2.448032E+10	-1.900091E+7	4.914849E+8	-2.269390E+11
5.396160E+2	9.673427E-1	2.113229E+10	1.000493E+0	1.037366E+9	9.628300E-1	2.109633E+10	9.529560E-1	1.010469E+9	9.630098E-1	1.669096E+11	9.651608E-1	1.683148E+11	9.629896E-1	1.880059E+11	9.654048E-1	1.894471E+11	3.315059E-2	-9.874014E-3	4.753729E-2	4.302461E-2	3.508853E-2	-2.009493E+10	-2.008586E+10	2.689625E+7	-9.066103E+6	-1.884097E+11
5.398120E+2	9.157386E-1	2.024268E+10	9.001054E-1	9.555676E+8	9.177762E-1	2.031866E+10	8.524597E-1	9.263828E+8	9.106306E-1	1.597878E+11	9.106857E-1	1.608557E+11	9.114356E-1	1.801065E+11	9.112507E-1	1.810983E+11	-1.563324E-2	-6.531656E-2	4.764569E-2	4.968332E-2	-1.114536E-2	-1.928711E+10	-1.939228E+10	2.918472E+7	1.051696E+8	-1.801428E+11
5.400090E+2	7.397184E-1	1.720822E+10	7.089054E-1	7.997740E+8	7.411005E-1	1.726908E+10	6.933308E-1	7.932376E+8	7.422640E-1	1.368958E+11	7.422583E-1	1.377933E+11	7.421329E-1	1.541649E+11	7.419743E-1	1.550015E+11	-3.081303E-2	-4.776977E-2	1.557460E-2	1.695674E-2	-3.306889E-2	-1.640845E+10	-1.647585E+10	6.536341E+6	6.739670E+7	-1.542018E+11
5.402050E+2	6.310211E-1	1.533437E+10	5.876122E-1	7.009418E+8	6.293924E-1	1.534090E+10	5.858790E-1	7.033313E+8	6.322848E-1	1.219425E+11	6.314500E-1	1.226206E+11	6.319590E-1	1.372834E+11	6.314021E-1	1.379550E+11	-4.340896E-2	-4.351345E-2	1.733166E-3	1.044828E-4	-4.378990E-2	-1.463342E+10	-1.463757E+10	-2.389515E+6	4.148696E+6	-1.372540E+11
5.404170E+2	5.488711E-1	1.391816E+10	5.927388E-1	7.051191E+8	5.427597E-1	1.384555E+10	5.191530E-1	6.475009E+8	5.500097E-1	1.107559E+11	5.519521E-1	1.117352E+11	5.491929E-1	1.246014E+11	5.516076E-1	1.256533E+11	4.386768E-2	-2.360671E-2	7.358577E-2	6.747439E-2	4.113121E-2	-1.321304E+10	-1.319805E+10	5.761825E+7	-1.499696E+7	-1.249482E+11
5.406090E+2	4.463817E-1	1.215132E+10	4.631749E-1	5.995479E+8	4.368738E-1	1.201786E+10	4.383206E-1	5.798674E+8	4.525604E-1	9.750617E+10	4.443340E-1	9.699927E+10	4.507933E-1	1.095240E+11	4.445630E-1	1.091506E+11	1.679321E-2	1.446870E-3	2.485428E-2	1.534634E-2	1.861195E-2	-1.155178E+10	-1.143800E+10	1.968050E+7	-1.137808E+8	-1.085510E+11
5.408160E+2	4.685291E-1	1.253313E+10	5.068000E-1	6.350945E+8	4.703041E-1	1.259490E+10	4.444461E-1	5.849926E+8	4.741390E-1	1.004401E+11	4.751178E-1	1.012144E+11	4.737070E-1	1.130350E+11	4.743811E-1	1.137476E+11	3.827088E-2	-2.585797E-2	6.235389E-2	6.412884E-2	3.241894E-2	-1.189803E+10	-1.200991E+10	5.010184E+7	1.118725E+8	-1.131125E+11
5.410130E+2	4.405574E-1	1.205092E+10	4.471853E-1	5.865192E+8	4.295463E-1	1.189138E+10	4.642146E-1	6.015332E+8	4.343892E-1	9.503551E+10	4.344200E-1	9.564178E+10	4.338437E-1	1.069269E+11	4.351063E-1	1.076927E+11	6.627942E-3	3.466828E-2	-1.702926E-2	-2.804034E-2	1.207897E-2	-1.146440E+10	-1.128985E+10	-1.501394E+7	-1.745468E+8	-1.071062E+11
5.415090E+2	5.146707E-1	1.332857E+10	5.335421E-1	6.568845E+8	5.277638E-1	1.358671E+10	5.292163E-1	6.559209E+8	5.238491E-1	1.071990E+11	5.221657E-1	1.076566E+11	5.242901E-1	1.207857E+11	5.213276E-1	1.209851E+11	1.887142E-2	1.452434E-3	4.325854E-3	1.741899E-2	1.221457E-2	-1.267169E+10	-1.293079E+10	9.635668E+5	2.590948E+8	-1.203283E+11
5.420160E+2	6.909236E-1	1.636704E+10	6.928573E-1	7.866977E+8	6.936917E-1	1.645077E+10	7.179161E-1	8.138085E+8	6.966682E-1	1.306964E+11	7.041539E-1	1.325758E+11	6.963329E-1	1.471471E+11	7.026745E-1	1.489428E+11	1.933723E-3	2.422440E-2	-2.505879E-2	-2.229068E-2	-9.817118E-3	-1.558034E+10	-1.563696E+10	-2.711081E+7	5.661666E+7	-1.481561E+11
5.424810E+2	8.379036E-1	1.890086E+10	8.034477E-1	8.768090E+8	8.279012E-1	1.876734E+10	8.349194E-1	9.117067E+8	8.256711E-1	1.482363E+11	8.287859E-1	1.496413E+11	8.259223E-1	1.670036E+11	8.298055E-1	1.685422E+11	-3.445592E-2	7.018174E-3	-3.147169E-2	-4.147409E-2	-2.635777E-2	-1.802405E+10	-1.785563E+10	-3.489770E+7	-1.684191E+8	-1.676654E+11
5.430070E+2	1.118415E+0	2.373666E+10	1.198277E+0	1.198524E+9	1.115800E+0	2.373673E+10	1.091893E+0	1.126720E+9	1.113737E+0	1.874033E+11	1.111274E+0	1.883218E+11	1.113970E+0	2.111401E+11	1.112073E+0	2.120584E+11	7.986256E-2	-2.390668E-2	1.063839E-1	1.037692E-1	8.620443E-2	-2.253813E+10	-2.261001E+10	7.180389E+7	7.187348E+7	-2.108599E+11
5.435060E+2	1.128127E+0	2.390408E+10	1.175937E+0	1.180320E+9	1.112762E+0	2.368429E+10	1.179100E+0	1.199687E+9	1.111447E+0	1.870919E+11	1.114277E+0	1.887330E+11	1.111595E+0	2.107762E+11	1.115826E+0	2.126370E+11	4.780984E-2	6.633755E-2	-3.163048E-3	-1.852771E-2	6.011058E-2	-2.272376E+10	-2.248460E+10	-1.936633E+7	-2.391630E+8	-2.114567E+11
5.440060E+2	1.199739E+0	2.513863E+10	1.236152E+0	1.229385E+9	1.207615E+0	2.532154E+10	1.207156E+0	1.223162E+9	1.195620E+0	1.985366E+11	1.197884E+0	2.001811E+11	1.196972E+0	2.238581E+11	1.198092E+0	2.253197E+11	3.641273E-2	-4.593618E-4	2.899600E-2	3.687209E-2	3.806035E-2	-2.390924E+10	-2.409838E+10	6.223275E+6	1.891324E+8	-2.240903E+11
5.445130E+2	1.154427E+0	2.435748E+10	1.148887E+0	1.158280E+9	1.158054E+0	2.446606E+10	1.193636E+0	1.211849E+9	1.151864E+0	1.925872E+11	1.151288E+0	1.938007E+11	1.152561E+0	2.170533E+11	1.151639E+0	2.181582E+11	-5.539355E-3	3.558193E-2	-4.474817E-2	-4.112128E-2	-2.751199E-3	-2.319920E+10	-2.325421E+10	-5.356896E+7	5.501440E+7	-2.169999E+11
5.450040E+2	1.073009E+0	2.295389E+10	1.046308E+0	1.074696E+9	1.074502E+0	2.302388E+10	1.086456E+0	1.122170E+9	1.061578E+0	1.803114E+11	1.065465E+0	1.820492E+11	1.063034E+0	2.033353E+11	1.066309E+0	2.050031E+11	-2.670108E-2	1.195405E-2	-4.014815E-2	-3.865513E-2	-2.000104E-2	-2.187920E+10	-2.190171E+10	-4.747430E+7	2.251424E+7	-2.039284E+11
5.455230E+2	1.094836E+0	2.333018E+10	1.118001E+0	1.133113E+9	1.067103E+0	2.289617E+10	1.088142E+0	1.123582E+9	1.079095E+0	1.826932E+11	1.071458E+0	1.828698E+11	1.077744E+0	2.055894E+11	1.074072E+0	2.062000E+11	2.316510E-2	2.103913E-2	2.985891E-2	2.125974E-3	4.392927E-2	-2.219707E+10	-2.177259E+10	9.531933E+6	-4.244726E+8	-2.050668E+11
5.460160E+2	9.381255E-1	2.062861E+10	9.291872E-1	9.792640E+8	9.277796E-1	2.049133E+10	8.838393E-1	9.526386E+8	9.362642E-1	1.632731E+11	9.307290E-1	1.636001E+11	9.353085E-1	1.837645E+11	9.315561E-1	1.842288E+11	-8.938373E-3	-4.394026E-2	4.534783E-2	3.500189E-2	-2.368937E-3	-1.964935E+10	-1.953869E+10	2.662539E+7	-1.106566E+8	-1.832495E+11
5.465100E+2	1.031896E+0	2.224514E+10	1.033509E+0	1.064267E+9	1.022387E+0	2.212434E+10	1.015070E+0	1.062441E+9	1.027644E+0	1.756977E+11	1.021706E+0	1.760573E+11	1.027052E+0	1.978220E+11	1.022845E+0	1.983025E+11	1.612586E-3	-7.317063E-3	1.843820E-2	8.929649E-3	1.066352E-2	-2.118087E+10	-2.106190E+10	1.825865E+6	-1.189723E+8	-1.972382E+11
5.470160E+2	1.080117E+0	2.307643E+10	1.023067E+0	1.055759E+9	1.069568E+0	2.293873E+10	1.047700E+0	1.089743E+9	1.077284E+0	1.824469E+11	1.072501E+0	1.830127E+11	1.076414E+0	2.053856E+11	1.073353E+0	2.060891E+11	-5.705015E-2	-2.186815E-2	-2.463364E-2	-3.518200E-2	-5.028638E-2	-2.202067E+10	-2.184898E+10	-3.398429E+7	-1.716868E+8	-2.050334E+11
5.475120E+2	1.185847E+0	2.489913E+10	1.200270E+0	1.200148E+9	1.176251E+0	2.478016E+10	1.171909E+0	1.193670E+9	1.177139E+0	1.960238E+11	1.177247E+0	1.973553E+11	1.177039E+0	2.208039E+11	1.178209E+0	2.222544E+11	1.442347E-2	-4.342019E-3	2.836125E-2	1.876549E-2	2.206121E-2	-2.369898E+10	-2.358649E+10	6.477726E+6	-1.124933E+8	-2.210543E+11
5.480420E+2	1.351313E+0	2.775165E+10	1.414581E+0	1.374773E+9	1.352645E+0	2.782488E+10	1.329892E+0	1.325856E+9	1.347133E+0	2.191371E+11	1.339064E+0	2.195125E+11	1.347754E+0	2.469620E+11	1.340434E+0	2.472642E+11	6.326758E-2	-2.275310E-2	8.468919E-2	8.602067E-2	7.414692E-2	-2.637688E+10	-2.649902E+10	4.891617E+7	1.221404E+8	-2.458894E+11
5.485060E+2	1.314661E+0	2.711979E+10	1.301023E+0	1.282244E+9	1.318810E+0	2.724085E+10	1.318068E+0	1.315963E+9	1.309599E+0	2.140337E+11	1.309878E+0	2.155161E+11	1.310637E+0	2.412746E+11	1.310413E+0	2.426359E+11	-1.363749E-2	-7.416643E-4	-1.704480E-2	-1.289582E-2	-9.389691E-3	-2.583755E+10	-2.592489E+10	-3.371987E+7	8.734342E+7	-2.413537E+11
5.490320E+2	1.552279E+0	3.121615E+10	1.582085E+0	1.511258E+9	1.571432E+0	3.160132E+10	1.509642E+0	1.476256E+9	1.548879E+0	2.465675E+11	1.550345E+0	2.484426E+11	1.551420E+0	2.781689E+11	1.550561E+0	2.796588E+11	2.980583E-2	-6.178914E-2	7.244270E-2	9.159497E-2	3.152409E-2	-2.970489E+10	-3.012507E+10	3.500223E+7	4.201789E+8	-2.781475E+11
5.495100E+2	1.556789E+0	3.129390E+10	1.584566E+0	1.513280E+9	1.549899E+0	3.122965E+10	1.500882E+0	1.468926E+9	1.532577E+0	2.443510E+11	1.529146E+0	2.455400E+11	1.534528E+0	2.755806E+11	1.532238E+0	2.768339E+11	2.777696E-2	-4.901688E-2	8.368470E-2	7.679384E-2	5.232891E-2	-2.978062E+10	-2.976072E+10	4.435424E+7	-1.989879E+7	-2.753206E+11
5.499880E+2	1.630558E+0	3.256561E+10	1.588494E+0	1.516480E+9	1.638178E+0	3.275343E+10	1.631362E+0	1.578100E+9	1.616308E+0	2.557355E+11	1.621287E+0	2.581566E+11	1.618772E+0	2.884890E+11	1.622324E+0	2.907222E+11	-4.206383E-2	-6.816673E-3	-4.286765E-2	-3.524716E-2	-3.382958E-2	-3.104913E+10	-3.117533E+10	-6.161974E+7	1.262027E+8	-2.892057E+11
5.505170E+2	1.656725E+0	3.301671E+10	1.706774E+0	1.612857E+9	1.651979E+0	3.299165E+10	1.721452E+0	1.653480E+9	1.640688E+0	2.590503E+11	1.649219E+0	2.619812E+11	1.641960E+0	2.920420E+11	1.650058E+0	2.949979E+11	5.004911E-2	6.947334E-2	-1.467862E-2	-1.942423E-2	5.671547E-2	-3.140385E+10	-3.133817E+10	-4.062309E+7	-6.568397E+7	-2.933851E+11
5.510630E+2	1.407998E+0	2.872885E+10	1.428537E+0	1.386144E+9	1.402630E+0	2.868766E+10	1.352619E+0	1.344873E+9	1.395388E+0	2.256981E+11	1.398959E+0	2.277138E+11	1.396204E+0	2.543858E+11	1.399970E+0	2.564426E+11	2.053936E-2	-5.001013E-2	7.591775E-2	7.054948E-2	2.856723E-2	-2.734270E+10	-2.734278E+10	4.127144E+7	7.917412E+4	-2.550565E+11
5.515170E+2	1.417688E+0	2.889589E+10	1.452441E+0	1.405622E+9	1.428029E+0	2.912607E+10	1.380506E+0	1.368206E+9	1.402274E+0	2.266343E+11	1.409992E+0	2.292245E+11	1.405176E+0	2.557604E+11	1.410853E+0	2.581204E+11	3.475312E-2	-4.752249E-2	7.193470E-2	8.227561E-2	4.158833E-2	-2.749027E+10	-2.775786E+10	3.741546E+7	2.675871E+8	-2.567147E+11
5.520040E+2	1.213785E+0	2.538077E+10	1.224527E+0	1.219912E+9	1.216612E+0	2.547683E+10	1.251815E+0	1.260528E+9	1.214347E+0	2.010828E+11	1.215099E+0	2.025383E+11	1.214603E+0	2.265596E+11	1.214952E+0	2.279190E+11	1.074145E-2	3.520247E-2	-2.728803E-2	-2.446102E-2	9.574293E-3	-2.416086E+10	-2.421630E+10	-4.061578E+7	5.544566E+7	-2.266991E+11
5.525040E+2	1.192135E+0	2.500754E+10	1.206398E+0	1.205141E+9	1.185065E+0	2.493229E+10	1.182777E+0	1.202764E+9	1.178191E+0	1.961667E+11	1.182299E+0	1.980471E+11	1.178965E+0	2.210990E+11	1.183399E+0	2.230546E+11	1.426246E-2	-2.287702E-3	2.362085E-2	1.655016E-2	2.299859E-2	-2.380240E+10	-2.372953E+10	2.377221E+6	-7.287286E+7	-2.218495E+11
5.530150E+2	1.108927E+0	2.357309E+10	1.135290E+0	1.147200E+9	1.108062E+0	2.360316E+10	1.072753E+0	1.110705E+9	1.107390E+0	1.865403E+11	1.108478E+0	1.879389E+11	1.107466E+0	2.101435E+11	1.108528E+0	2.115120E+11	2.636281E-2	-3.530910E-2	6.253692E-2	6.167192E-2	2.676110E-2	-2.242589E+10	-2.249245E+10	3.649556E+7	6.656007E+7	-2.103648E+11
5.535050E+2	9.741916E-1	2.125036E+10	9.605601E-1	1.004827E+9	9.641133E-1	2.111848E+10	9.587944E-1	1.015354E+9	9.673311E-1	1.674971E+11	9.651106E-1	1.683079E+11	9.669686E-1	1.886156E+11	9.661261E-1	1.895583E+11	-1.363150E-2	-5.318892E-3	1.765747E-3	-8.312604E-3	-5.565943E-3	-2.024553E+10	-2.010313E+10	-1.052714E+7	-1.424095E+8	-1.885535E+11
5.540130E+2	1.004310E+0	2.176957E+10	1.005265E+0	1.041254E+9	9.951947E-1	2.165497E+10	1.015857E+0	1.063099E+9	1.003782E+0	1.724532E+11	1.001108E+0	1.732370E+11	1.002815E+0	1.941082E+11	1.001466E+0	1.950066E+11	9.555980E-4	2.066204E-2	-1.059143E-2	-1.970644E-2	3.799020E-3	-2.072832E+10	-2.059187E+10	-2.184528E+7	-1.364476E+8	-1.939653E+11
5.550190E+2	9.677798E-1	2.113983E+10	9.870589E-1	1.026419E+9	9.804768E-1	2.140093E+10	9.282885E-1	9.898298E+8	9.778265E-1	1.689242E+11	9.803506E-1	1.703947E+11	9.781251E-1	1.903251E+11	9.789450E-1	1.915345E+11	1.927905E-2	-5.218827E-2	5.877035E-2	7.146732E-2	8.113942E-3	-2.011341E+10	-2.041110E+10	3.658921E+7	2.976899E+8	-1.905081E+11
5.560300E+2	1.133627E+0	2.399890E+10	1.155433E+0	1.163614E+9	1.140147E+0	2.415697E+10	1.195278E+0	1.213223E+9	1.139738E+0	1.909385E+11	1.141725E+0	1.924914E+11	1.139784E+0	2.150955E+11	1.140820E+0	2.164903E+11	2.180652E-2	5.513096E-2	-3.984427E-2	-3.332444E-2	1.461356E-2	-2.283529E+10	-2.294375E+10	-4.960911E+7	1.084587E+8	-2.153267E+11
5.570160E+2	1.175786E+0	2.472569E+10	1.110143E+0	1.126711E+9	1.164354E+0	2.457481E+10	1.170472E+0	1.192468E+9	1.168282E+0	1.948196E+11	1.166866E+0	1.959339E+11	1.167840E+0	2.193944E+11	1.167864E+0	2.206595E+11	-6.564231E-2	6.118310E-3	-6.032908E-2	-7.176062E-2	-5.772037E-2	-2.359898E+10	-2.338234E+10	-6.575749E+7	-2.166336E+8	-2.195328E+11
5.580280E+2	1.094809E+0	2.332972E+10	1.090504E+0	1.110708E+9	1.092048E+0	2.332674E+10	1.088139E+0	1.123579E+9	1.085027E+0	1.834997E+11	1.091367E+0	1.855959E+11	1.085818E+0	2.068264E+11	1.091752E+0	2.089256E+11	-4.305227E-3	-3.908559E-3	2.364906E-3	-3.966674E-4	-1.247721E-3	-2.221901E+10	-2.220316E+10	-1.287066E+7	-1.584825E+7	-2.078149E+11
5.590210E+2	1.130013E+0	2.393660E+10	1.146914E+0	1.156672E+9	1.129036E+0	2.396518E+10	1.168787E+0	1.191058E+9	1.119147E+0	1.881388E+11	1.122677E+0	1.898831E+11	1.120261E+0	2.121040E+11	1.123497E+0	2.138197E+11	1.690066E-2	3.975124E-2	-2.187315E-2	-2.285058E-2	2.341633E-2	-2.277993E+10	-2.277412E+10	-3.438592E+7	-5.805585E+6	-2.126630E+11
5.600070E+2	9.996127E-1	2.168860E+10	9.756789E-1	1.017146E+9	9.925841E-1	2.160991E+10	9.868782E-1	1.038853E+9	9.998723E-1	1.719216E+11	1.006395E+0	1.739609E+11	9.990513E-1	1.935315E+11	1.005637E+0	1.956495E+11	-2.393386E-2	-5.705897E-3	-1.119931E-2	-1.822797E-2	-2.995793E-2	-2.067146E+10	-2.057106E+10	-2.170617E+7	-1.003979E+8	-1.946324E+11
5.609950E+2	1.035525E+0	2.230769E+10	1.044789E+0	1.073458E+9	1.039601E+0	2.242147E+10	1.033720E+0	1.078046E+9	1.041334E+0	1.775589E+11	1.039641E+0	1.785132E+11	1.041138E+0	1.999804E+11	1.039181E+0	2.008209E+11	9.264136E-3	-5.881268E-3	1.106885E-2	1.514540E-2	5.608014E-3	-2.123424E+10	-2.134342E+10	-4.587120E+6	1.091841E+8	-1.997474E+11
5.620340E+2	9.685911E-1	2.115381E+10	9.903894E-1	1.029133E+9	9.766364E-1	2.133464E+10	9.611943E-1	1.017363E+9	9.764698E-1	1.687397E+11	9.759421E-1	1.697911E+11	9.764886E-1	1.900743E+11	9.751201E-1	1.909449E+11	2.179834E-2	-1.544204E-2	2.919506E-2	3.724037E-2	1.526933E-2	-2.012468E+10	-2.031728E+10	1.177027E+7	1.925969E+8	-1.899157E+11
5.630300E+2	8.933285E-1	1.985634E+10	8.900314E-1	9.473591E+8	8.999595E-1	2.001113E+10	8.731703E-1	9.437117E+8	8.954545E-1	1.577244E+11	8.911725E-1	1.581838E+11	8.959620E-1	1.777355E+11	8.914136E-1	1.780401E+11	-3.297140E-3	-2.678924E-2	1.686106E-2	2.349210E-2	-1.382192E-3	-1.890898E+10	-1.906742E+10	3.647375E+6	1.584334E+8	-1.770928E+11
5.640290E+2	9.652874E-1	2.109686E+10	9.499278E-1	9.961639E+8	9.754869E-1	2.131480E+10	9.631991E-1	1.019040E+9	9.728197E-1	1.682434E+11	9.786084E-1	1.701562E+11	9.731202E-1	1.895582E+11	9.771188E-1	1.912530E+11	-1.535960E-2	-1.228773E-2	-1.327136E-2	-3.071876E-3	-2.719101E-2	-2.010070E+10	-2.029576E+10	-2.287612E+7	1.950620E+8	-1.902568E+11
5.650210E+2	9.514365E-1	2.085808E+10	9.674192E-1	1.010416E+9	9.446318E-1	2.078221E+10	9.875218E-1	1.039391E+9	9.509800E-1	1.652740E+11	9.451758E-1	1.655783E+11	9.502648E-1	1.860562E+11	9.458759E-1	1.864364E+11	1.598266E-2	4.289000E-2	-2.010262E-2	-2.690734E-2	2.154332E-2	-1.984767E+10	-1.974282E+10	-2.897486E+7	-1.048441E+8	-1.854260E+11
5.660150E+2	1.101210E+0	2.344006E+10	1.074013E+0	1.097271E+9	1.088297E+0	2.326200E+10	1.097126E+0	1.131098E+9	1.083716E+0	1.833214E+11	1.084143E+0	1.846068E+11	1.084232E+0	2.065834E+11	1.086052E+0	2.080469E+11	-2.719728E-2	8.828608E-3	-2.311294E-2	-3.602589E-2	-1.203885E-2	-2.234279E+10	-2.213091E+10	-3.382727E+7	-2.118878E+8	-2.069496E+11
5.670200E+2	1.085009E+0	2.316077E+10	1.107752E+0	1.124762E+9	1.082803E+0	2.316717E+10	1.097191E+0	1.131152E+9	1.079354E+0	1.827284E+11	1.078922E+0	1.838918E+11	1.079743E+0	2.058956E+11	1.079602E+0	2.070526E+11	2.274275E-2	1.438755E-2	1.056127E-2	8.355201E-3	2.814932E-2	-2.203601E+10	-2.203602E+10	-6.390258E+6	8.510138E+3	-2.059278E+11
