Photon Energy (eV)	X ref norm	X ref	X pump norm	X pump	Y ref norm	Y ref	Y pump norm	Y pump	X all norm	X all	Y all norm	Y all	X all Y ref norm	X all Y ref	Y all X ref norm	Y all X ref	BC(X hist) norm	BC(Y hist) norm	StS norm	BCSC norm	BCLR norm	BC(X hist)	BC(Y hist)	StS	BCSC	BCLR	
5.290170E+2	-1.517007E-2	4.194527E+9	-1.551828E-3	2.059656E+8	-8.173526E-3	4.335957E+9	-1.744623E-2	1.962066E+8	-1.098425E-2	3.448015E+10	-1.097812E-2	3.465450E+10	-1.066762E-2	3.881611E+10	-1.144687E-2	3.884903E+10	1.361824E-2	-9.272709E-3	1.589441E-2	2.289095E-2	9.895041E-3	-3.988562E+9	-4.139751E+9	9.758935E+6	1.511890E+8	-3.864306E+10
5.295060E+2	-2.715491E-3	4.409235E+9	7.686526E-3	2.133454E+8	-4.252188E-3	4.403643E+9	1.431816E-2	2.213020E+8	-2.659096E-3	3.561209E+10	-3.541468E-3	3.567278E+10	-2.838557E-3	4.001573E+10	-3.449106E-3	4.008201E+10	1.040202E-2	1.857035E-2	-6.631636E-3	-8.168333E-3	1.113563E-2	-4.195889E+9	-4.182341E+9	-7.956581E+6	-1.354810E+7	-3.986867E+10
5.300220E+2	-4.874801E-3	4.372010E+9	-1.537212E-2	1.949256E+8	-8.190881E-3	4.335658E+9	4.827865E-3	2.138042E+8	-7.832673E-3	3.490866E+10	-8.672804E-3	3.497016E+10	-7.873025E-3	3.924432E+10	-8.248104E-3	3.934217E+10	-1.049732E-2	1.301875E-2	-2.019999E-2	-2.351607E-2	-7.124017E-3	-4.177084E+9	-4.121854E+9	-1.887864E+7	-5.523062E+7	-3.914724E+10
5.305180E+2	7.100326E-3	4.578452E+9	2.992303E-5	2.072291E+8	1.097796E-2	4.666529E+9	1.970389E-3	2.115467E+8	9.422193E-3	3.725472E+10	1.044470E-2	3.758787E+10	9.597450E-3	4.192125E+10	1.007072E-2	4.216632E+10	-7.070403E-3	-9.007576E-3	-1.940466E-3	1.937173E-3	-1.004080E-2	-4.371223E+9	-4.454982E+9	-4.317557E+6	8.375957E+7	-4.195909E+10
5.310000E+2	1.320726E-2	4.683731E+9	-9.465689E-3	1.996438E+8	1.301160E-2	4.701631E+9	-6.493625E-3	2.048597E+8	1.218517E-2	3.763039E+10	1.342038E-2	3.799532E+10	1.227827E-2	4.233202E+10	1.339655E-2	4.267906E+10	-2.267295E-2	-1.950522E-2	-2.972064E-3	-3.167726E-3	-2.286224E-2	-4.484087E+9	-4.496771E+9	-5.215930E+6	1.268465E+7	-4.247941E+10
5.315080E+2	-9.713038E-3	4.288602E+9	3.946347E-3	2.103577E+8	-8.827357E-3	4.324672E+9	-2.595225E-3	2.079396E+8	-8.082664E-3	3.487467E+10	-6.812167E-3	3.522493E+10	-8.166553E-3	3.919934E+10	-7.136548E-3	3.951353E+10	1.365938E-2	6.232132E-3	6.541572E-3	7.427253E-3	1.108289E-2	-4.078245E+9	-4.116732E+9	2.418029E+6	3.848741E+7	-3.930318E+10
5.320070E+2	1.314553E-2	4.682666E+9	7.118822E-3	2.128919E+8	7.594512E-3	4.608128E+9	1.864905E-3	2.114633E+8	8.609896E-3	3.714428E+10	7.317030E-3	3.715961E+10	8.495513E-3	4.175241E+10	7.968784E-3	4.184227E+10	-6.026712E-3	-5.729607E-3	5.253917E-3	-2.971047E-4	-8.499628E-4	-4.469775E+9	-4.396664E+9	1.428574E+6	-7.311038E+7	-4.162938E+10
5.325120E+2	-9.797250E-4	4.439158E+9	7.608019E-3	2.132827E+8	-2.140122E-3	4.440099E+9	3.553763E-3	2.127976E+8	-6.585734E-4	3.588409E+10	-1.177553E-3	3.599647E+10	-8.254693E-4	4.032419E+10	-1.155432E-3	4.043562E+10	8.587744E-3	5.693885E-3	4.054256E-3	2.893859E-3	8.763451E-3	-4.225875E+9	-4.227302E+9	4.850809E+5	1.426394E+6	-4.022234E+10
5.330130E+2	2.672876E-2	4.916831E+9	3.536119E-2	2.354526E+8	2.960255E-2	4.988005E+9	1.476925E-2	2.216584E+8	3.013931E-2	4.007153E+10	3.035147E-2	4.031366E+10	3.007884E-2	4.505954E+10	2.994637E-2	4.523049E+10	8.632430E-3	-1.483330E-2	2.059194E-2	2.346573E-2	5.414814E-3	-4.681378E+9	-4.766347E+9	1.379427E+7	8.496891E+7	-4.499504E+10
5.332040E+2	2.799405E-2	4.938643E+9	4.636878E-2	2.442458E+8	3.172500E-2	5.024641E+9	1.139855E-2	2.189953E+8	3.115319E-2	4.020938E+10	3.159278E-2	4.048363E+10	3.121760E-2	4.523403E+10	3.119036E-2	4.542227E+10	1.837473E-2	-2.032645E-2	3.497024E-2	3.870119E-2	1.517842E-2	-4.694398E+9	-4.805646E+9	2.525042E+7	1.112479E+8	-4.517802E+10
5.334110E+2	1.432770E-2	4.703046E+9	3.675468E-4	2.074988E+8	1.595004E-2	4.752351E+9	2.359693E-2	2.286326E+8	1.659563E-2	3.823006E+10	1.726846E-2	3.852223E+10	1.652290E-2	4.298241E+10	1.693962E-2	4.322528E+10	-1.396016E-2	7.646887E-3	-2.322938E-2	-2.160704E-2	-1.657207E-2	-4.495547E+9	-4.523719E+9	-2.113382E+7	2.817124E+7	-4.301778E+10
5.336080E+2	4.034894E-2	5.151632E+9	5.513482E-2	2.512483E+8	4.287591E-2	5.217115E+9	3.937950E-2	2.411016E+8	4.576653E-2	4.219629E+10	4.387518E-2	4.216543E+10	4.544090E-2	4.741341E+10	4.348086E-2	4.731706E+10	1.478589E-2	-3.496410E-3	1.575533E-2	1.828230E-2	1.165396E-2	-4.900384E+9	-4.976014E+9	1.014671E+7	7.562983E+7	-4.706581E+10
5.338150E+2	4.259154E-2	5.190293E+9	3.260570E-2	2.332515E+8	4.754270E-2	5.297668E+9	5.975455E-2	2.571988E+8	4.450714E-2	4.202506E+10	4.522165E-2	4.234980E+10	4.484909E-2	4.732273E+10	4.492755E-2	4.754009E+10	-9.985846E-3	1.221185E-2	-2.714885E-2	-2.219769E-2	-1.232185E-2	-4.957042E+9	-5.040469E+9	-2.394737E+7	8.342793E+7	-4.730684E+10
5.340070E+2	1.054465E-1	6.273864E+9	1.397613E-1	3.188501E+8	1.055006E-1	6.298072E+9	1.154712E-1	3.012175E+8	1.093921E-1	5.084717E+10	1.061258E-1	5.068925E+10	1.089538E-1	5.714524E+10	1.060498E-1	5.696311E+10	3.431486E-2	9.970598E-3	2.429018E-2	2.434427E-2	3.371150E-2	-5.955014E+9	-5.996854E+9	1.763258E+7	4.184063E+7	-5.664426E+10
5.342090E+2	1.805297E-1	7.568240E+9	1.853589E-1	3.552746E+8	1.673767E-1	7.366108E+9	1.906055E-1	3.605772E+8	1.838403E-1	6.096954E+10	1.755432E-1	6.019440E+10	1.819857E-1	6.833565E+10	1.761008E-1	6.776264E+10	4.829274E-3	2.322885E-2	-5.246616E-3	-1.839957E-2	9.258151E-3	-7.212965E+9	-7.005531E+9	-5.302551E+6	-2.074345E+8	-6.740737E+10
5.344070E+2	3.114474E-1	9.825162E+9	3.542455E-1	4.901856E+8	3.168558E-1	9.946248E+9	3.067862E-1	4.523653E+8	3.288241E-1	8.068232E+10	3.211448E-1	8.013128E+10	3.274759E-1	9.062856E+10	3.200605E-1	8.995644E+10	4.279809E-2	-1.006956E-2	4.745929E-2	5.286765E-2	3.418508E-2	-9.334976E+9	-9.493883E+9	3.782023E+7	1.589067E+8	-8.946626E+10
5.346150E+2	6.416344E-1	1.551733E+10	6.566833E-1	7.317806E+8	6.294087E-1	1.534119E+10	6.604553E-1	7.317803E+8	6.574091E-1	1.253585E+11	6.417121E-1	1.240258E+11	6.542549E-1	1.406997E+11	6.417034E-1	1.395431E+11	1.504890E-2	3.104662E-2	-3.772058E-3	-1.599773E-2	1.497990E-2	-1.478555E+10	-1.460941E+10	2.100293E+2	-1.761451E+8	-1.388113E+11
5.348120E+2	9.799330E-1	2.134934E+10	9.888022E-1	9.970856E+8	9.849063E-1	2.147739E+10	9.534524E-1	9.632616E+8	9.889721E-1	1.704396E+11	9.764039E-1	1.698543E+11	9.885141E-1	1.919170E+11	9.767986E-1	1.912036E+11	8.869172E-3	-3.145386E-2	3.534975E-2	4.032303E-2	1.200363E-2	-2.035225E+10	-2.051412E+10	3.382395E+7	1.618701E+8	-1.902066E+11
5.350100E+2	1.612865E+0	3.226059E+10	1.556759E+0	1.450784E+9	1.594861E+0	3.200574E+10	1.520935E+0	1.411599E+9	1.593940E+0	2.526943E+11	1.583623E+0	2.529993E+11	1.594044E+0	2.847000E+11	1.586893E+0	2.852599E+11	-5.610537E-2	-7.392613E-2	3.582422E-2	1.782075E-2	-3.013317E-2	-3.080981E+10	-3.059414E+10	3.918494E+7	-2.156675E+8	-2.838091E+11
5.352390E+2	1.887480E+0	3.699476E+10	1.774236E+0	1.624510E+9	1.858874E+0	3.656284E+10	1.838685E+0	1.662637E+9	1.850855E+0	2.876257E+11	1.851854E+0	2.897276E+11	1.851758E+0	3.241886E+11	1.855838E+0	3.267223E+11	-1.132449E-1	-2.018925E-2	-6.444952E-2	-9.305566E-2	-8.160238E-2	-3.537025E+10	-3.490020E+10	-3.812672E+7	-4.700464E+8	-3.250978E+11
5.354110E+2	2.311746E+0	4.430877E+10	2.193923E+0	1.959767E+9	2.303999E+0	4.424607E+10	2.233303E+0	1.974403E+9	2.258661E+0	3.430732E+11	2.265703E+0	3.463949E+11	2.263768E+0	3.873193E+11	2.270852E+0	3.907036E+11	-1.178223E-1	-7.069583E-2	-3.937927E-2	-4.712650E-2	-7.692819E-2	-4.234900E+10	-4.227167E+10	-1.463559E+7	-7.732883E+7	-3.887439E+11
5.356310E+2	2.230467E+0	4.290758E+10	2.175522E+0	1.945068E+9	2.232827E+0	4.301759E+10	2.206830E+0	1.953488E+9	2.187465E+0	3.333931E+11	2.191111E+0	3.361811E+11	2.192575E+0	3.764107E+11	2.195512E+0	3.790887E+11	-5.494480E-2	-2.599716E-2	-3.130779E-2	-2.894764E-2	-1.998954E-2	-4.096251E+10	-4.106410E+10	-8.420291E+6	1.015893E+8	-3.771437E+11
5.358080E+2	2.320369E+0	4.445742E+10	2.124976E+0	1.904691E+9	2.310237E+0	4.435376E+10	2.258169E+0	1.994048E+9	2.260480E+0	3.433206E+11	2.270724E+0	3.470824E+11	2.266085E+0	3.876744E+11	2.276275E+0	3.915398E+11	-1.953921E-1	-5.206828E-2	-1.331924E-1	-1.433238E-1	-1.512989E-1	-4.255272E+10	-4.235971E+10	-8.935757E+7	-1.930175E+8	-3.896351E+11
5.360070E+2	2.112645E+0	4.087642E+10	2.074051E+0	1.864010E+9	2.127437E+0	4.119847E+10	2.020213E+0	1.806052E+9	2.079138E+0	3.186644E+11	2.084987E+0	3.216498E+11	2.084579E+0	3.598629E+11	2.088080E+0	3.625263E+11	-3.859379E-2	-1.072242E-1	5.383817E-2	6.863036E-2	-1.402845E-2	-3.901241E+10	-3.939242E+10	5.795815E+7	3.800054E+8	-3.606623E+11
5.362110E+2	1.748343E+0	3.459613E+10	1.699091E+0	1.564482E+9	1.737662E+0	3.447060E+10	1.671396E+0	1.530470E+9	1.713659E+0	2.689719E+11	1.714737E+0	2.709524E+11	1.716363E+0	3.034425E+11	1.718495E+0	3.055486E+11	-4.925208E-2	-6.626568E-2	2.769450E-2	1.701360E-2	-1.940412E-2	-3.303165E+10	-3.294013E+10	3.401163E+7	-9.151452E+7	-3.039841E+11
5.364150E+2	1.646384E+0	3.283844E+10	1.603454E+0	1.488085E+9	1.643067E+0	3.283782E+10	1.619004E+0	1.489078E+9	1.636610E+0	2.584958E+11	1.629686E+0	2.593066E+11	1.637337E+0	2.913337E+11	1.631553E+0	2.921451E+11	-4.293029E-2	-2.406300E-2	-1.555054E-2	-1.886729E-2	-2.809963E-2	-3.135036E+10	-3.134874E+10	-9.935708E+5	-1.614943E+6	-2.906570E+11
5.366240E+2	1.358758E+0	2.787999E+10	1.335046E+0	1.273674E+9	1.346150E+0	2.771277E+10	1.384559E+0	1.303856E+9	1.352158E+0	2.198202E+11	1.348817E+0	2.208479E+11	1.351481E+0	2.475330E+11	1.349929E+0	2.487279E+11	-2.371139E-2	3.840848E-2	-4.951231E-2	-6.211986E-2	-1.488247E-2	-2.660631E+10	-2.640892E+10	-3.018131E+7	-1.973959E+8	-2.474543E+11
5.368340E+2	1.356035E+0	2.783304E+10	1.382395E+0	1.311498E+9	1.349476E+0	2.777018E+10	1.334924E+0	1.264642E+9	1.356445E+0	2.204031E+11	1.342710E+0	2.200117E+11	1.355660E+0	2.481733E+11	1.344200E+0	2.478448E+11	2.636061E-2	-1.455251E-2	4.747176E-2	4.091312E-2	3.819509E-2	-2.652155E+10	-2.650554E+10	4.685628E+7	-1.600757E+7	-2.465333E+11
5.370070E+2	1.274747E+0	2.643170E+10	1.302716E+0	1.247848E+9	1.282776E+0	2.661888E+10	1.299289E+0	1.236489E+9	1.283236E+0	2.104493E+11	1.273911E+0	2.105912E+11	1.283184E+0	2.370682E+11	1.274005E+0	2.370229E+11	2.796932E-2	1.651294E-2	3.426761E-3	1.145637E-2	2.871146E-2	-2.518385E+10	-2.538239E+10	1.135918E+7	1.985417E+8	-2.357751E+11
5.372170E+2	1.183361E+0	2.485628E+10	1.197270E+0	1.163615E+9	1.173002E+0	2.472409E+10	1.170940E+0	1.135087E+9	1.186299E+0	1.972691E+11	1.171384E+0	1.965525E+11	1.184801E+0	2.219932E+11	1.172724E+0	2.214088E+11	1.390935E-2	-2.062184E-3	2.633035E-2	1.597154E-2	2.454685E-2	-2.369267E+10	-2.358900E+10	2.852836E+7	-1.036674E+8	-2.202452E+11
5.374110E+2	1.383107E+0	2.829974E+10	1.363946E+0	1.296760E+9	1.391797E+0	2.850068E+10	1.379975E+0	1.300234E+9	1.393506E+0	2.254422E+11	1.382562E+0	2.254686E+11	1.393314E+0	2.539429E+11	1.382623E+0	2.537683E+11	-1.916092E-2	-1.182273E-2	-1.602879E-2	-7.338189E-3	-1.867720E-2	-2.700298E+10	-2.720045E+10	-3.474067E+6	1.974633E+8	-2.524715E+11
5.376110E+2	1.441997E+0	2.931497E+10	1.344578E+0	1.281288E+9	1.443660E+0	2.939588E+10	1.420325E+0	1.332113E+9	1.432343E+0	2.307227E+11	1.430272E+0	2.320014E+11	1.433618E+0	2.601186E+11	1.431583E+0	2.613163E+11	-9.741910E-2	-2.333471E-2	-7.574719E-2	-7.408439E-2	-8.700525E-2	-2.803368E+10	-2.806376E+10	-5.082440E+7	3.008153E+7	-2.600351E+11
5.378160E+2	1.802869E+0	3.553613E+10	1.766908E+0	1.618656E+9	1.793137E+0	3.542816E+10	1.798149E+0	1.630611E+9	1.775920E+0	2.774372E+11	1.779222E+0	2.797822E+11	1.777859E+0	3.128653E+11	1.781866E+0	3.153183E+11	-3.596151E-2	5.011918E-3	-3.124104E-2	-4.097343E-2	-1.495822E-2	-3.391747E+10	-3.379754E+10	-1.195481E+7	-1.199285E+8	-3.136997E+11
5.380160E+2	1.945761E+0	3.799946E+10	1.901387E+0	1.726081E+9	1.952344E+0	3.817621E+10	1.901021E+0	1.711885E+9	1.914949E+0	2.963403E+11	1.918121E+0	2.988012E+11	1.919161E+0	3.345165E+11	1.921211E+0	3.368007E+11	-4.437381E-2	-5.132306E-2	3.656291E-4	6.949249E-3	-1.982452E-2	-3.627338E+10	-3.646433E+10	1.419652E+7	1.909443E+8	-3.350746E+11
5.382210E+2	1.930153E+0	3.773040E+10	1.827629E+0	1.667162E+9	1.906722E+0	3.738873E+10	1.947025E+0	1.748230E+9	1.877887E+0	2.913012E+11	1.886154E+0	2.944241E+11	1.881135E+0	3.286900E+11	1.891074E+0	3.321545E+11	-1.025240E-1	4.030348E-2	-1.193962E-1	-1.428274E-1	-6.344444E-2	-3.606324E+10	-3.564050E+10	-8.106844E+7	-4.227405E+8	-3.304873E+11
5.384110E+2	2.045433E+0	3.971775E+10	1.974003E+0	1.784089E+9	2.036356E+0	3.962633E+10	2.007872E+0	1.796302E+9	1.995841E+0	3.073388E+11	2.007989E+0	3.111068E+11	2.000405E+0	3.469651E+11	2.012176E+0	3.508245E+11	-7.143088E-2	-2.848426E-2	-3.386933E-2	-4.294662E-2	-3.817372E-2	-3.793366E+10	-3.783003E+10	-1.221319E+7	-1.036289E+8	-3.490404E+11
5.386060E+2	1.783510E+0	3.520239E+10	1.737986E+0	1.595553E+9	1.811339E+0	3.574234E+10	1.793624E+0	1.627036E+9	1.759910E+0	2.752604E+11	1.775507E+0	2.792735E+11	1.765703E+0	3.110027E+11	1.776402E+0	3.144759E+11	-4.552418E-2	-1.771504E-2	-5.563833E-2	-2.780914E-2	-3.841572E-2	-3.360684E+10	-3.411531E+10	-3.148371E+7	5.084693E+8	-3.128803E+11
5.388440E+2	1.794686E+0	3.539505E+10	1.762735E+0	1.615323E+9	1.768970E+0	3.501101E+10	1.795704E+0	1.628679E+9	1.751801E+0	2.741578E+11	1.761269E+0	2.773240E+11	1.753735E+0	3.091688E+11	1.765006E+0	3.127191E+11	-3.195070E-2	2.673350E-2	-3.296845E-2	-5.868420E-2	-2.270892E-3	-3.377973E+10	-3.338233E+10	-1.335618E+7	-3.973938E+8	-3.111037E+11
5.390180E+2	1.563144E+0	3.140344E+10	1.548064E+0	1.443838E+9	1.561146E+0	3.142378E+10	1.551393E+0	1.435663E+9	1.547985E+0	2.464460E+11	1.550713E+0	2.484930E+11	1.549468E+0	2.778698E+11	1.552103E+0	2.798965E+11	-1.507922E-2	-9.752247E-3	-3.328927E-3	-5.326971E-3	-4.038672E-3	-2.995960E+10	-2.998812E+10	8.175806E+6	2.851470E+7	-2.784526E+11
5.392140E+2	1.352037E+0	2.776412E+10	1.341977E+0	1.279211E+9	1.352843E+0	2.782829E+10	1.350723E+0	1.277124E+9	1.337134E+0	2.177775E+11	1.335300E+0	2.189971E+11	1.338904E+0	2.456058E+11	1.337172E+0	2.467612E+11	-1.005974E-2	-2.120176E-3	-8.745859E-3	-7.939560E-3	4.805266E-3	-2.648491E+10	-2.655117E+10	2.086920E+6	6.626174E+7	-2.454820E+11
5.394040E+2	1.203955E+0	2.521131E+10	1.218530E+0	1.180598E+9	1.230804E+0	2.572179E+10	1.188957E+0	1.149322E+9	1.214437E+0	2.010950E+11	1.218107E+0	2.029502E+11	1.216281E+0	2.268168E+11	1.216525E+0	2.281615E+11	1.457457E-2	-4.184646E-2	2.957223E-2	5.642103E-2	2.004868E-3	-2.403071E+10	-2.457247E+10	3.127624E+7	5.417620E+8	-2.269809E+11
5.396160E+2	9.673427E-1	2.113229E+10	9.321484E-1	9.518291E+8	9.628300E-1	2.109633E+10	9.802148E-1	9.844051E+8	9.630098E-1	1.669096E+11	9.651608E-1	1.683148E+11	9.629896E-1	1.880059E+11	9.654048E-1	1.894471E+11	-3.519428E-2	1.738476E-2	-4.806636E-2	-5.257905E-2	-3.325634E-2	-2.018046E+10	-2.011192E+10	-3.257602E+7	-6.853837E+7	-1.884953E+11
5.398120E+2	9.157386E-1	2.024268E+10	9.008967E-1	9.268645E+8	9.177762E-1	2.031866E+10	9.016456E-1	9.223319E+8	9.106306E-1	1.597878E+11	9.106857E-1	1.608557E+11	9.114356E-1	1.801065E+11	9.112507E-1	1.810983E+11	-1.484188E-2	-1.613059E-2	-7.489210E-4	1.288715E-3	-1.035400E-2	-1.931581E+10	-1.939633E+10	4.532597E+6	8.051752E+7	-1.801715E+11
5.400090E+2	7.397184E-1	1.720822E+10	7.251190E-1	7.864487E+8	7.411005E-1	1.726908E+10	7.638010E-1	8.134282E+8	7.422640E-1	1.368958E+11	7.422583E-1	1.377933E+11	7.421329E-1	1.541649E+11	7.419743E-1	1.550015E+11	-1.459944E-2	2.270046E-2	-3.868203E-2	-3.729990E-2	-1.685530E-2	-1.642178E+10	-1.645566E+10	-2.697949E+7	3.388087E+7	-1.542151E+11
5.402050E+2	6.310211E-1	1.533437E+10	6.434025E-1	7.211715E+8	6.293924E-1	1.534090E+10	6.726589E-1	7.414217E+8	6.322848E-1	1.219425E+11	6.314500E-1	1.226206E+11	6.319590E-1	1.372834E+11	6.314021E-1	1.379550E+11	1.238137E-2	4.326645E-2	-2.925639E-2	-3.088508E-2	1.200043E-2	-1.461319E+10	-1.459948E+10	-2.025019E+7	-1.371198E+7	-1.372338E+11
5.404170E+2	5.488711E-1	1.391816E+10	5.272319E-1	6.283715E+8	5.427597E-1	1.384555E+10	5.675781E-1	6.584030E+8	5.500097E-1	1.107559E+11	5.519521E-1	1.117352E+11	5.491929E-1	1.246014E+11	5.516076E-1	1.256533E+11	-2.163917E-2	2.481837E-2	-4.034616E-2	-4.645754E-2	-2.437564E-2	-1.328979E+10	-1.318714E+10	-3.003149E+7	-1.026467E+8	-1.250249E+11
5.406090E+2	4.463817E-1	1.215132E+10	4.510585E-1	5.675223E+8	4.368738E-1	1.201786E+10	4.326408E-1	5.517963E+8	4.525604E-1	9.750617E+10	4.443340E-1	9.699927E+10	4.507933E-1	1.095240E+11	4.445630E-1	1.091506E+11	4.676850E-3	-4.232980E-3	1.841777E-2	8.909830E-3	6.495590E-3	-1.158380E+10	-1.146607E+10	1.572601E+7	-1.177353E+8	-1.085831E+11
5.408160E+2	4.685291E-1	1.253313E+10	4.382335E-1	5.572773E+8	4.703041E-1	1.259490E+10	5.137674E-1	6.158901E+8	4.741390E-1	1.004401E+11	4.751178E-1	1.012144E+11	4.737070E-1	1.130350E+11	4.743811E-1	1.137476E+11	-3.029562E-2	4.346334E-2	-7.553391E-2	-7.375897E-2	-3.614756E-2	-1.197585E+10	-1.197901E+10	-5.861277E+7	3.157857E+6	-1.131903E+11
5.410130E+2	4.405574E-1	1.205092E+10	4.094509E-1	5.342851E+8	4.295463E-1	1.189138E+10	4.475560E-1	5.635800E+8	4.343892E-1	9.503551E+10	4.344200E-1	9.564178E+10	4.338437E-1	1.069269E+11	4.351063E-1	1.076927E+11	-3.110641E-2	1.800970E-2	-3.810503E-2	-4.911611E-2	-2.565539E-2	-1.151663E+10	-1.132780E+10	-2.929490E+7	-1.888277E+8	-1.071584E+11
5.415090E+2	5.146707E-1	1.332857E+10	5.240365E-1	6.258189E+8	5.277638E-1	1.358671E+10	5.239908E-1	6.239670E+8	5.238491E-1	1.071990E+11	5.221657E-1	1.076566E+11	5.242901E-1	1.207857E+11	5.213276E-1	1.209851E+11	9.365747E-3	-3.773073E-3	4.568614E-5	1.313882E-2	2.708896E-3	-1.270276E+10	-1.296274E+10	1.851889E+6	2.599831E+8	-1.203593E+11
5.420160E+2	6.909236E-1	1.636704E+10	7.379343E-1	7.966859E+8	6.936917E-1	1.645077E+10	6.972552E-1	7.608539E+8	6.966682E-1	1.306964E+11	7.041539E-1	1.325758E+11	6.963329E-1	1.471471E+11	7.026745E-1	1.489428E+11	4.701065E-2	3.563423E-3	4.067911E-2	4.344723E-2	3.525981E-2	-1.557035E+10	-1.568991E+10	3.583201E+7	1.195595E+8	-1.481461E+11
5.424810E+2	8.379036E-1	1.890086E+10	8.449692E-1	8.821882E+8	8.279012E-1	1.876734E+10	8.178013E-1	8.560909E+8	8.256711E-1	1.482363E+11	8.287859E-1	1.496413E+11	8.259223E-1	1.670036E+11	8.298055E-1	1.685422E+11	7.065572E-3	-1.009997E-2	2.716794E-2	1.716554E-2	1.516372E-2	-1.801867E+10	-1.791125E+10	2.609722E+7	-1.074242E+8	-1.676600E+11
5.430070E+2	1.118415E+0	2.373666E+10	1.074047E+0	1.065181E+9	1.115800E+0	2.373673E+10	1.089497E+0	1.070743E+9	1.113737E+0	1.874033E+11	1.111274E+0	1.883218E+11	1.113970E+0	2.111401E+11	1.112073E+0	2.120584E+11	-4.436769E-2	-2.630341E-2	-1.544964E-2	-1.806427E-2	-3.802581E-2	-2.267148E+10	-2.266598E+10	-5.561551E+6	-5.491967E+6	-2.109933E+11
5.435060E+2	1.128127E+0	2.390408E+10	1.083932E+0	1.073078E+9	1.112762E+0	2.368429E+10	1.126630E+0	1.100080E+9	1.111447E+0	1.870919E+11	1.114277E+0	1.887330E+11	1.111595E+0	2.107762E+11	1.115826E+0	2.126370E+11	-4.419482E-2	1.386779E-2	-4.269795E-2	-5.806260E-2	-3.189408E-2	-2.283101E+10	-2.258421E+10	-2.700220E+7	-2.467989E+8	-2.115640E+11
5.440060E+2	1.199739E+0	2.513863E+10	1.250206E+0	1.205901E+9	1.207615E+0	2.532154E+10	1.190083E+0	1.150210E+9	1.195620E+0	1.985366E+11	1.197884E+0	2.001811E+11	1.196972E+0	2.238581E+11	1.198092E+0	2.253197E+11	5.046632E-2	-1.753285E-2	6.012308E-2	6.799917E-2	5.211394E-2	-2.393273E+10	-2.417133E+10	5.569091E+7	2.386000E+8	-2.241138E+11
5.445130E+2	1.154427E+0	2.435748E+10	1.116407E+0	1.099020E+9	1.158054E+0	2.446606E+10	1.125289E+0	1.099020E+9	1.151864E+0	1.925872E+11	1.151288E+0	1.938007E+11	1.152561E+0	2.170533E+11	1.151639E+0	2.181582E+11	-3.801972E-2	-3.276474E-2	-8.881878E-3	-5.254987E-3	-3.523157E-2	-2.325846E+10	-2.336704E+10	-8.351712E+2	1.085825E+8	-2.170592E+11
5.450040E+2	1.073009E+0	2.295389E+10	1.071308E+0	1.062993E+9	1.074502E+0	2.302388E+10	1.054836E+0	1.043359E+9	1.061578E+0	1.803114E+11	1.065465E+0	1.820492E+11	1.063034E+0	2.033353E+11	1.066309E+0	2.050031E+11	-1.700650E-3	-1.966571E-2	1.647204E-2	1.796506E-2	4.999391E-3	-2.189090E+10	-2.198052E+10	1.963401E+7	8.962255E+7	-2.039401E+11
5.455230E+2	1.094836E+0	2.333018E+10	1.027813E+0	1.028248E+9	1.067103E+0	2.289617E+10	1.001828E+0	1.001481E+9	1.079095E+0	1.826932E+11	1.071458E+0	1.828698E+11	1.077744E+0	2.055894E+11	1.074072E+0	2.062000E+11	-6.702356E-2	-6.527522E-2	2.598459E-2	-1.748337E-3	-4.625939E-2	-2.230193E+10	-2.189469E+10	2.676752E+7	-4.072370E+8	-2.051717E+11
5.460160E+2	9.381255E-1	2.062861E+10	8.968058E-1	9.235965E+8	9.277796E-1	2.049133E+10	9.299604E-1	9.447019E+8	9.362642E-1	1.632731E+11	9.307290E-1	1.636001E+11	9.353085E-1	1.837645E+11	9.315561E-1	1.842288E+11	-4.131976E-2	2.180829E-3	-3.315464E-2	-4.350059E-2	-3.475032E-2	-1.970501E+10	-1.954663E+10	-2.110534E+7	-1.583873E+8	-1.833052E+11
5.465100E+2	1.031896E+0	2.224514E+10	1.023537E+0	1.024832E+9	1.022387E+0	2.212434E+10	1.016692E+0	1.013224E+9	1.027644E+0	1.756977E+11	1.021706E+0	1.760573E+11	1.027052E+0	1.978220E+11	1.022845E+0	1.983025E+11	-8.359278E-3	-5.695823E-3	6.845097E-3	-2.663455E-3	6.916520E-4	-2.122031E+10	-2.111112E+10	1.160889E+7	-1.091892E+8	-1.972777E+11
5.470160E+2	1.080117E+0	2.307643E+10	1.061362E+0	1.055048E+9	1.069568E+0	2.293873E+10	1.125225E+0	1.098970E+9	1.077284E+0	1.824469E+11	1.072501E+0	1.830127E+11	1.076414E+0	2.053856E+11	1.073353E+0	2.060891E+11	-1.875439E-2	5.565701E-2	-6.386304E-2	-7.441141E-2	-1.199063E-2	-2.202138E+10	-2.183976E+10	-4.392175E+7	-1.816242E+8	-2.050341E+11
5.475120E+2	1.185847E+0	2.489913E+10	1.177503E+0	1.147824E+9	1.176251E+0	2.478016E+10	1.187063E+0	1.147825E+9	1.177139E+0	1.960238E+11	1.177247E+0	1.973553E+11	1.177039E+0	2.208039E+11	1.178209E+0	2.222544E+11	-8.343810E-3	1.081187E-2	-9.559919E-3	-1.915568E-2	-7.060717E-4	-2.375131E+10	-2.363234E+10	-1.550834E+2	-1.189712E+8	-2.211066E+11
5.480420E+2	1.351313E+0	2.775165E+10	1.319638E+0	1.261366E+9	1.352645E+0	2.782488E+10	1.324831E+0	1.256668E+9	1.347133E+0	2.191371E+11	1.339064E+0	2.195125E+11	1.347754E+0	2.469620E+11	1.340434E+0	2.472642E+11	-3.167509E-2	-2.781378E-2	-5.192788E-3	-3.861308E-3	-2.079574E-2	-2.649029E+10	-2.656821E+10	4.697900E+6	7.792213E+7	-2.460028E+11
5.485060E+2	1.314661E+0	2.711979E+10	1.286944E+0	1.235249E+9	1.318810E+0	2.724085E+10	1.341167E+0	1.269574E+9	1.309599E+0	2.140337E+11	1.309878E+0	2.155161E+11	1.310637E+0	2.412746E+11	1.310413E+0	2.426359E+11	-2.771656E-2	2.235692E-2	-5.422245E-2	-5.007348E-2	-2.346876E-2	-2.588454E+10	-2.597128E+10	-3.432483E+7	8.673846E+7	-2.414007E+11
5.490320E+2	1.552279E+0	3.121615E+10	1.563988E+0	1.456559E+9	1.571432E+0	3.160132E+10	1.550782E+0	1.435180E+9	1.548879E+0	2.465675E+11	1.550345E+0	2.484426E+11	1.551420E+0	2.781689E+11	1.550561E+0	2.796588E+11	1.170916E-2	-2.064946E-2	1.320636E-2	3.235863E-2	1.342742E-2	-2.975959E+10	-3.016614E+10	2.137925E+7	4.065559E+8	-2.782022E+11
5.495100E+2	1.556789E+0	3.129390E+10	1.554753E+0	1.449181E+9	1.549899E+0	3.122965E+10	1.537529E+0	1.424709E+9	1.532577E+0	2.443510E+11	1.529146E+0	2.455400E+11	1.534528E+0	2.755806E+11	1.532238E+0	2.768339E+11	-2.036673E-3	-1.236940E-2	1.722359E-2	1.033273E-2	2.251528E-2	-2.984472E+10	-2.980494E+10	2.447197E+7	-3.978106E+7	-2.753847E+11
5.499880E+2	1.630558E+0	3.256561E+10	1.605883E+0	1.490025E+9	1.638178E+0	3.275343E+10	1.639577E+0	1.505332E+9	1.616308E+0	2.557355E+11	1.621287E+0	2.581566E+11	1.618772E+0	2.884890E+11	1.622324E+0	2.907222E+11	-2.467491E-2	1.398594E-3	-3.369400E-2	-2.607351E-2	-1.644067E-2	-3.107559E+10	-3.124810E+10	-1.530641E+7	1.725160E+8	-2.892321E+11
5.505170E+2	1.656725E+0	3.301671E+10	1.598931E+0	1.484472E+9	1.651979E+0	3.299165E+10	1.619328E+0	1.489335E+9	1.640688E+0	2.590503E+11	1.649219E+0	2.619812E+11	1.641960E+0	2.920420E+11	1.650058E+0	2.949979E+11	-5.779373E-2	-3.265058E-2	-2.039754E-2	-2.514315E-2	-5.112738E-2	-3.153223E+10	-3.150231E+10	-4.862630E+6	-2.992351E+7	-2.935135E+11
5.510630E+2	1.407998E+0	2.872885E+10	1.390785E+0	1.318200E+9	1.402630E+0	2.868766E+10	1.438308E+0	1.346320E+9	1.395388E+0	2.256981E+11	1.398959E+0	2.277138E+11	1.396204E+0	2.543858E+11	1.399970E+0	2.564426E+11	-1.721246E-2	3.567854E-2	-4.752274E-2	-5.289100E-2	-9.184587E-3	-2.741065E+10	-2.734134E+10	-2.812012E+7	-6.931239E+7	-2.551244E+11
5.515170E+2	1.417688E+0	2.889589E+10	1.408310E+0	1.332199E+9	1.428029E+0	2.912607E+10	1.430241E+0	1.339947E+9	1.402274E+0	2.266343E+11	1.409992E+0	2.292245E+11	1.405176E+0	2.557604E+11	1.410853E+0	2.581204E+11	-9.378266E-3	2.212694E-3	-2.193187E-2	-1.159096E-2	-2.543057E-3	-2.756370E+10	-2.778612E+10	-7.748303E+6	2.224233E+8	-2.567882E+11
5.520040E+2	1.213785E+0	2.538077E+10	1.167174E+0	1.139573E+9	1.216612E+0	2.547683E+10	1.255756E+0	1.202095E+9	1.214347E+0	2.010828E+11	1.215099E+0	2.025383E+11	1.214603E+0	2.265596E+11	1.214952E+0	2.279190E+11	-4.661136E-2	3.914361E-2	-8.858198E-2	-8.575497E-2	-4.777852E-2	-2.424120E+10	-2.427473E+10	-6.252193E+7	3.353952E+7	-2.267795E+11
5.525040E+2	1.192135E+0	2.500754E+10	1.155434E+0	1.130195E+9	1.185065E+0	2.493229E+10	1.172747E+0	1.136515E+9	1.178191E+0	1.961667E+11	1.182299E+0	1.980471E+11	1.178965E+0	2.210990E+11	1.183399E+0	2.230546E+11	-3.670143E-2	-1.231726E-2	-1.731348E-2	-2.438417E-2	-2.796530E-2	-2.387735E+10	-2.379578E+10	-6.319573E+6	-8.156965E+7	-2.219244E+11
5.530150E+2	1.108927E+0	2.357309E+10	1.070601E+0	1.062428E+9	1.108062E+0	2.360316E+10	1.095751E+0	1.075684E+9	1.107390E+0	1.865403E+11	1.108478E+0	1.879389E+11	1.107466E+0	2.101435E+11	1.108528E+0	2.115120E+11	-3.832619E-2	-1.231113E-2	-2.515006E-2	-2.601506E-2	-3.792790E-2	-2.251066E+10	-2.252747E+10	-1.325559E+7	1.680892E+7	-2.104496E+11
5.535050E+2	9.741916E-1	2.125036E+10	9.880685E-1	9.964995E+8	9.641133E-1	2.111848E+10	9.249337E-1	9.407306E+8	9.673311E-1	1.674971E+11	9.651106E-1	1.683079E+11	9.669686E-1	1.886156E+11	9.661261E-1	1.895583E+11	1.387686E-2	-3.917954E-2	6.313475E-2	5.305640E-2	2.194241E-2	-2.025386E+10	-2.017775E+10	5.576895E+7	-7.611344E+7	-1.885618E+11
5.540130E+2	1.004310E+0	2.176957E+10	1.022832E+0	1.024270E+9	9.951947E-1	2.165497E+10	9.829589E-1	9.865731E+8	1.003782E+0	1.724532E+11	1.001108E+0	1.732370E+11	1.002815E+0	1.941082E+11	1.001466E+0	1.950066E+11	1.852270E-2	-1.223585E-2	3.987356E-2	3.075855E-2	2.136612E-2	-2.074530E+10	-2.066840E+10	3.769672E+7	-7.690563E+7	-1.939823E+11
5.550190E+2	9.677798E-1	2.113983E+10	9.737008E-1	9.850223E+8	9.804768E-1	2.140093E+10	9.430062E-1	9.550086E+8	9.778265E-1	1.689242E+11	9.803506E-1	1.703947E+11	9.781251E-1	1.903251E+11	9.789450E-1	1.915345E+11	5.920985E-3	-3.747061E-2	3.069464E-2	4.339160E-2	-5.244123E-3	-2.015481E+10	-2.044592E+10	3.001362E+7	2.911143E+8	-1.905495E+11
5.560300E+2	1.133627E+0	2.399890E+10	1.145201E+0	1.122021E+9	1.140147E+0	2.415697E+10	1.150036E+0	1.118572E+9	1.139738E+0	1.909385E+11	1.141725E+0	1.924914E+11	1.139784E+0	2.150955E+11	1.140820E+0	2.164903E+11	1.157461E-2	9.889565E-3	-4.834788E-3	1.685042E-3	4.381654E-3	-2.287688E+10	-2.303840E+10	3.449341E+6	1.615171E+8	-2.153682E+11
5.570160E+2	1.175786E+0	2.472569E+10	1.110844E+0	1.094575E+9	1.164354E+0	2.457481E+10	1.151028E+0	1.119355E+9	1.168282E+0	1.948196E+11	1.166866E+0	1.959339E+11	1.167840E+0	2.193944E+11	1.167864E+0	2.206595E+11	-6.494214E-2	-1.332651E-2	-4.018409E-2	-5.161563E-2	-5.702020E-2	-2.363111E+10	-2.345546E+10	-2.477988E+7	-1.756560E+8	-2.195650E+11
5.580280E+2	1.094809E+0	2.332972E+10	1.100325E+0	1.086173E+9	1.092048E+0	2.332674E+10	1.042691E+0	1.033764E+9	1.085027E+0	1.834997E+11	1.091367E+0	1.855959E+11	1.085818E+0	2.068264E+11	1.091752E+0	2.089256E+11	5.515950E-3	-4.935682E-2	5.763434E-2	5.487277E-2	8.573456E-3	-2.224355E+10	-2.229298E+10	5.240889E+7	4.943130E+7	-2.078395E+11
5.590210E+2	1.130013E+0	2.393660E+10	1.121051E+0	1.102729E+9	1.129036E+0	2.396518E+10	1.159405E+0	1.125974E+9	1.119147E+0	1.881388E+11	1.122677E+0	1.898831E+11	1.120261E+0	2.121040E+11	1.123497E+0	2.138197E+11	-8.962214E-3	3.036996E-2	-3.835474E-2	-3.933217E-2	-2.446543E-3	-2.283387E+10	-2.283921E+10	-2.324500E+7	5.335333E+6	-2.127170E+11
5.600070E+2	9.996127E-1	2.168860E+10	1.017372E+0	1.019908E+9	9.925841E-1	2.160991E+10	9.854119E-1	9.885111E+8	9.998723E-1	1.719216E+11	1.006395E+0	1.739609E+11	9.990513E-1	1.935315E+11	1.005637E+0	1.956495E+11	1.775937E-2	-7.172178E-3	3.196021E-2	2.493155E-2	1.173531E-2	-2.066869E+10	-2.062140E+10	3.139687E+7	-4.729489E+7	-1.946296E+11
5.609950E+2	1.035525E+0	2.230769E+10	9.648622E-1	9.779617E+8	1.039601E+0	2.242147E+10	1.042919E+0	1.033944E+9	1.041334E+0	1.775589E+11	1.039641E+0	1.785132E+11	1.041138E+0	1.999804E+11	1.039181E+0	2.008209E+11	-7.066240E-2	3.317597E-3	-7.805656E-2	-7.398000E-2	-7.431853E-2	-2.132973E+10	-2.138752E+10	-5.598247E+7	5.778880E+7	-1.998429E+11
5.620340E+2	9.685911E-1	2.115381E+10	9.534867E-1	9.688747E+8	9.766364E-1	2.133464E+10	9.322422E-1	9.465045E+8	9.764698E-1	1.687397E+11	9.759421E-1	1.697911E+11	9.764886E-1	1.900743E+11	9.751201E-1	1.909449E+11	-1.510434E-2	-4.439421E-2	2.124457E-2	2.928988E-2	-2.163334E-2	-2.018494E+10	-2.038813E+10	2.237017E+7	2.031968E+8	-1.899760E+11
5.630300E+2	8.933285E-1	1.985634E+10	9.114576E-1	9.353008E+8	8.999595E-1	2.001113E+10	8.695837E-1	8.970014E+8	8.954545E-1	1.577244E+11	8.911725E-1	1.581838E+11	8.959620E-1	1.777355E+11	8.914136E-1	1.780401E+11	1.812909E-2	-3.037584E-2	4.187390E-2	4.850494E-2	2.004404E-2	-1.892104E+10	-1.911413E+10	3.829932E+7	1.930853E+8	-1.771048E+11
5.640290E+2	9.652874E-1	2.109686E+10	9.851765E-1	9.941893E+8	9.754869E-1	2.131480E+10	9.989643E-1	9.992181E+8	9.728197E-1	1.682434E+11	9.786084E-1	1.701562E+11	9.731202E-1	1.895582E+11	9.771188E-1	1.912530E+11	1.988915E-2	2.347743E-2	-1.378777E-2	-3.588279E-3	8.057742E-3	-2.010267E+10	-2.031558E+10	-5.028799E+6	2.129093E+8	-1.902588E+11
5.650210E+2	9.514365E-1	2.085808E+10	9.875162E-1	9.960583E+8	9.446318E-1	2.078221E+10	9.310550E-1	9.455666E+8	9.509800E-1	1.652740E+11	9.451758E-1	1.655783E+11	9.502648E-1	1.860562E+11	9.458759E-1	1.864364E+11	3.607966E-2	-1.357683E-2	5.646120E-2	4.965648E-2	4.164032E-2	-1.986202E+10	-1.983665E+10	5.049169E+7	-2.537753E+7	-1.854403E+11
5.660150E+2	1.101210E+0	2.344006E+10	1.085867E+0	1.074623E+9	1.088297E+0	2.326200E+10	1.087276E+0	1.068989E+9	1.083716E+0	1.833214E+11	1.084143E+0	1.846068E+11	1.084232E+0	2.065834E+11	1.086052E+0	2.080469E+11	-1.534328E-2	-1.021076E-3	-1.409265E-3	-1.432221E-2	-1.848537E-4	-2.236544E+10	-2.219301E+10	5.634762E+6	-1.724258E+8	-2.069722E+11
5.670200E+2	1.085009E+0	2.316077E+10	1.094262E+0	1.081329E+9	1.082803E+0	2.316717E+10	1.152548E+0	1.120556E+9	1.079354E+0	1.827284E+11	1.078922E+0	1.838918E+11	1.079743E+0	2.058956E+11	1.079602E+0	2.070526E+11	9.252744E-3	6.974511E-2	-5.828629E-2	-6.049236E-2	1.465931E-2	-2.207944E+10	-2.204661E+10	-3.922703E+7	-3.282826E+7	-2.059713E+11
