Photon Energy (eV)	X ref norm	X ref	X pump norm	X pump	Y ref norm	Y ref	Y pump norm	Y pump	X all norm	X all	Y all norm	Y all	X all Y ref norm	X all Y ref	Y all X ref norm	Y all X ref	BC(X hist) norm	BC(Y hist) norm	StS norm	BCSC norm	BCLR norm	BC(X hist)	BC(Y hist)	StS	BCSC	BCLR	
5.290170E+2	-1.517007E-2	4.194527E+9	-1.435909E-3	2.119402E+8	-8.173526E-3	4.335957E+9	-1.011905E-2	2.018933E+8	-1.098425E-2	3.448015E+10	-1.097812E-2	3.465450E+10	-1.066762E-2	3.881611E+10	-1.144687E-2	3.884903E+10	1.373416E-2	-1.945526E-3	8.683143E-3	1.567968E-2	1.001096E-2	-3.982587E+9	-4.134064E+9	1.004693E+7	1.514770E+8	-3.863709E+10
5.295060E+2	-2.715491E-3	4.409235E+9	2.530383E-3	2.151573E+8	-4.252188E-3	4.403643E+9	-2.721459E-3	2.079854E+8	-2.659096E-3	3.561209E+10	-3.541468E-3	3.567278E+10	-2.838557E-3	4.001573E+10	-3.449106E-3	4.008201E+10	5.245874E-3	1.530729E-3	5.251842E-3	3.715145E-3	5.979489E-3	-4.194077E+9	-4.195658E+9	7.171896E+6	1.580381E+6	-3.986686E+10
5.300220E+2	-4.874801E-3	4.372010E+9	-2.116411E-2	1.959385E+8	-8.190881E-3	4.335658E+9	1.522628E-2	2.227659E+8	-7.832673E-3	3.490866E+10	-8.672804E-3	3.497016E+10	-7.873025E-3	3.924432E+10	-8.248104E-3	3.934217E+10	-1.628931E-2	2.341716E-2	-3.639039E-2	-3.970647E-2	-1.291600E-2	-4.176071E+9	-4.112892E+9	-2.682745E+7	-6.317943E+7	-3.914623E+10
5.305180E+2	7.100326E-3	4.578452E+9	1.099795E-2	2.220254E+8	1.097796E-2	4.666529E+9	1.373576E-2	2.215384E+8	9.422193E-3	3.725472E+10	1.044470E-2	3.758787E+10	9.597450E-3	4.192125E+10	1.007072E-2	4.216632E+10	3.897628E-3	2.757800E-3	-2.737811E-3	1.139828E-3	9.272297E-4	-4.356426E+9	-4.444990E+9	4.870269E+5	8.856415E+7	-4.194430E+10
5.310000E+2	1.320726E-2	4.683731E+9	2.865870E-2	2.363503E+8	1.301160E-2	4.701631E+9	7.424581E-4	2.108381E+8	1.218517E-2	3.763039E+10	1.342038E-2	3.799532E+10	1.227827E-2	4.233202E+10	1.339655E-2	4.267906E+10	1.545144E-2	-1.226914E-2	2.791624E-2	2.772058E-2	1.526215E-2	-4.447380E+9	-4.490793E+9	2.551222E+7	4.341279E+7	-4.244270E+10
5.315080E+2	-9.713038E-3	4.288602E+9	-2.859022E-2	1.899151E+8	-8.827357E-3	4.324672E+9	-2.228021E-2	1.918782E+8	-8.082664E-3	3.487467E+10	-6.812167E-3	3.522493E+10	-8.166553E-3	3.919934E+10	-7.136548E-3	3.951353E+10	-1.887718E-2	-1.345286E-2	-6.310009E-3	-5.424328E-3	-2.145367E-2	-4.098687E+9	-4.132793E+9	-1.963152E+6	3.410623E+7	-3.932362E+10
5.320070E+2	1.314553E-2	4.682666E+9	1.270532E-3	2.141354E+8	7.594512E-3	4.608128E+9	-1.286236E-2	1.996341E+8	8.609896E-3	3.714428E+10	7.317030E-3	3.715961E+10	8.495513E-3	4.175241E+10	7.968784E-3	4.184227E+10	-1.187500E-2	-2.045688E-2	1.413290E-2	8.581875E-3	-6.698252E-3	-4.468531E+9	-4.408493E+9	1.450135E+7	-6.003761E+7	-4.162814E+10
5.325120E+2	-9.797250E-4	4.439158E+9	7.732669E-3	2.193769E+8	-2.140122E-3	4.440099E+9	1.827858E-2	2.252796E+8	-6.585734E-4	3.588409E+10	-1.177553E-3	3.599647E+10	-8.254693E-4	4.032419E+10	-1.155432E-3	4.043562E+10	8.712394E-3	2.041871E-2	-1.054591E-2	-1.170631E-2	8.888100E-3	-4.219781E+9	-4.214820E+9	-5.902625E+6	-4.961312E+6	-4.021625E+10
5.330130E+2	2.672876E-2	4.916831E+9	4.423714E-2	2.489861E+8	2.960255E-2	4.988005E+9	3.124520E-2	2.359580E+8	3.013931E-2	4.007153E+10	3.035147E-2	4.031366E+10	3.007884E-2	4.505954E+10	2.994637E-2	4.523049E+10	1.750838E-2	1.642655E-3	1.299194E-2	1.586573E-2	1.429077E-2	-4.667845E+9	-4.752048E+9	1.302815E+7	8.420279E+7	-4.498150E+10
5.332040E+2	2.799405E-2	4.938643E+9	2.338225E-2	2.320705E+8	3.172500E-2	5.024641E+9	2.054179E-2	2.271434E+8	3.115319E-2	4.020938E+10	3.159278E-2	4.048363E+10	3.121760E-2	4.523403E+10	3.119036E-2	4.542227E+10	-4.611798E-3	-1.118321E-2	2.840461E-3	6.571412E-3	-7.808112E-3	-4.706573E+9	-4.797497E+9	4.927101E+6	9.092454E+7	-4.519020E+10
5.334110E+2	1.432770E-2	4.703046E+9	2.336407E-2	2.320557E+8	1.595004E-2	4.752351E+9	1.348363E-2	2.213308E+8	1.659563E-2	3.823006E+10	1.726846E-2	3.852223E+10	1.652290E-2	4.298241E+10	1.693962E-2	4.322528E+10	9.036366E-3	-2.466411E-3	9.880441E-3	1.150278E-2	6.424451E-3	-4.470990E+9	-4.531020E+9	1.072496E+7	6.003002E+7	-4.299322E+10
5.336080E+2	4.034894E-2	5.151632E+9	4.909409E-2	2.529256E+8	4.287591E-2	5.217115E+9	4.827798E-2	2.499849E+8	4.576653E-2	4.219629E+10	4.387518E-2	4.216543E+10	4.544090E-2	4.741341E+10	4.348086E-2	4.731706E+10	8.745151E-3	5.402068E-3	8.161114E-4	3.343083E-3	5.613222E-3	-4.898707E+9	-4.967130E+9	2.940684E+6	6.842380E+7	-4.706413E+10
5.338150E+2	4.259154E-2	5.190293E+9	3.668864E-2	2.428634E+8	4.754270E-2	5.297668E+9	5.972444E-2	2.594114E+8	4.450714E-2	4.202506E+10	4.522165E-2	4.234980E+10	4.484909E-2	4.732273E+10	4.492755E-2	4.754009E+10	-5.902907E-3	1.218173E-2	-2.303580E-2	-1.808464E-2	-8.238916E-3	-4.947430E+9	-5.038257E+9	-1.654801E+7	9.082729E+7	-4.729722E+10
5.340070E+2	1.054465E-1	6.273864E+9	9.825672E-2	2.928020E+8	1.055006E-1	6.298072E+9	1.129680E-1	3.032591E+8	1.093921E-1	5.084717E+10	1.061258E-1	5.068925E+10	1.089538E-1	5.714524E+10	1.060498E-1	5.696311E+10	-7.189757E-3	7.467433E-3	-1.471128E-2	-1.465719E-2	-7.793122E-3	-5.981062E+9	-5.994813E+9	-1.045711E+7	1.375094E+7	-5.667031E+10
5.342090E+2	1.805297E-1	7.568240E+9	1.577957E-1	3.410947E+8	1.673767E-1	7.366108E+9	1.731937E-1	3.528567E+8	1.838403E-1	6.096954E+10	1.755432E-1	6.019440E+10	1.819857E-1	6.833565E+10	1.761008E-1	6.776264E+10	-2.273398E-2	5.816968E-3	-1.539799E-2	-2.855094E-2	-1.830510E-2	-7.227145E+9	-7.013251E+9	-1.176203E+7	-2.138940E+8	-6.742155E+10
5.344070E+2	3.114474E-1	9.825162E+9	3.338114E-1	4.838629E+8	3.168558E-1	9.946248E+9	3.389416E-1	4.893549E+8	3.288241E-1	8.068232E+10	3.211448E-1	8.013128E+10	3.274759E-1	9.062856E+10	3.200605E-1	8.995644E+10	2.236395E-2	2.208576E-2	-5.130176E-3	2.781850E-4	1.375093E-2	-9.341299E+9	-9.456893E+9	-5.492056E+6	1.155944E+8	-8.947258E+10
5.346150E+2	6.416344E-1	1.551733E+10	6.680844E-1	7.549953E+8	6.294087E-1	1.534119E+10	6.297884E-1	7.288758E+8	6.574091E-1	1.253585E+11	6.417121E-1	1.240258E+11	6.542549E-1	1.406997E+11	6.417034E-1	1.395431E+11	2.645000E-2	3.796364E-4	3.829603E-2	2.607036E-2	2.638100E-2	-1.476234E+10	-1.461231E+10	2.611949E+7	-1.500258E+8	-1.387881E+11
5.348120E+2	9.799330E-1	2.134934E+10	1.042852E+0	1.058973E+9	9.849063E-1	2.147739E+10	9.822788E-1	1.019162E+9	9.889721E-1	1.704396E+11	9.764039E-1	1.698543E+11	9.885141E-1	1.919170E+11	9.767986E-1	1.912036E+11	6.291914E-2	-2.627461E-3	6.057332E-2	6.554660E-2	6.605360E-2	-2.029037E+10	-2.045822E+10	3.981139E+7	1.678576E+8	-1.901447E+11
5.350100E+2	1.612865E+0	3.226059E+10	1.580993E+0	1.495466E+9	1.594861E+0	3.200574E+10	1.629426E+0	1.552107E+9	1.593940E+0	2.526943E+11	1.583623E+0	2.529993E+11	1.594044E+0	2.847000E+11	1.586893E+0	2.852599E+11	-3.187130E-2	3.456477E-2	-4.843260E-2	-6.643606E-2	-5.899097E-3	-3.076513E+10	-3.045364E+10	-5.664116E+7	-3.114936E+8	-2.837644E+11
5.352390E+2	1.887480E+0	3.699476E+10	1.790446E+0	1.665355E+9	1.858874E+0	3.656284E+10	1.829790E+0	1.717112E+9	1.850855E+0	2.876257E+11	1.851854E+0	2.897276E+11	1.851758E+0	3.241886E+11	1.855838E+0	3.267223E+11	-9.703415E-2	-2.908453E-2	-3.934348E-2	-6.794962E-2	-6.539162E-2	-3.532940E+10	-3.484573E+10	-5.175712E+7	-4.836768E+8	-3.250570E+11
5.354110E+2	2.311746E+0	4.430877E+10	2.259046E+0	2.045441E+9	2.303999E+0	4.424607E+10	2.203815E+0	2.025133E+9	2.258661E+0	3.430732E+11	2.265703E+0	3.463949E+11	2.263768E+0	3.873193E+11	2.270852E+0	3.907036E+11	-5.269969E-2	-1.001834E-1	5.523096E-2	4.748373E-2	-1.180555E-2	-4.226332E+10	-4.222094E+10	2.030834E+7	-4.238490E+7	-3.886582E+11
5.356310E+2	2.230467E+0	4.290758E+10	2.181527E+0	1.982565E+9	2.232827E+0	4.301759E+10	2.178376E+0	2.004183E+9	2.187465E+0	3.333931E+11	2.191111E+0	3.361811E+11	2.192575E+0	3.764107E+11	2.195512E+0	3.790887E+11	-4.893960E-2	-5.445129E-2	3.151543E-3	5.511692E-3	-1.398435E-2	-4.092502E+10	-4.101341E+10	-2.161792E+7	8.839169E+7	-3.771062E+11
5.358080E+2	2.320369E+0	4.445742E+10	2.265982E+0	2.051067E+9	2.310237E+0	4.435376E+10	2.306568E+0	2.109753E+9	2.260480E+0	3.433206E+11	2.270724E+0	3.470824E+11	2.266085E+0	3.876744E+11	2.276275E+0	3.915398E+11	-5.438612E-2	-3.669231E-3	-4.058547E-2	-5.071689E-2	-1.029300E-2	-4.240635E+10	-4.224400E+10	-5.868544E+7	-1.623454E+8	-3.894887E+11
5.360070E+2	2.112645E+0	4.087642E+10	2.138173E+0	1.947400E+9	2.127437E+0	4.119847E+10	2.054357E+0	1.902050E+9	2.079138E+0	3.186644E+11	2.084987E+0	3.216498E+11	2.084579E+0	3.598629E+11	2.088080E+0	3.625263E+11	2.552827E-2	-7.307999E-2	8.381608E-2	9.860827E-2	5.009361E-2	-3.892902E+10	-3.929642E+10	4.535009E+7	3.673973E+8	-3.605789E+11
5.362110E+2	1.748343E+0	3.459613E+10	1.735790E+0	1.621023E+9	1.737662E+0	3.447060E+10	1.761210E+0	1.660635E+9	1.713659E+0	2.689719E+11	1.714737E+0	2.709524E+11	1.716363E+0	3.034425E+11	1.718495E+0	3.055486E+11	-1.255247E-2	2.354808E-2	-2.541964E-2	-3.610055E-2	1.729548E-2	-3.297511E+10	-3.280997E+10	-3.961168E+7	-1.651378E+8	-3.039275E+11
5.364150E+2	1.646384E+0	3.283844E+10	1.663587E+0	1.562458E+9	1.643067E+0	3.283782E+10	1.614968E+0	1.540200E+9	1.636610E+0	2.584958E+11	1.629686E+0	2.593066E+11	1.637337E+0	2.913337E+11	1.631553E+0	2.921451E+11	1.720272E-2	-2.809901E-2	4.861848E-2	4.530173E-2	3.203339E-2	-3.127598E+10	-3.129762E+10	2.225756E+7	2.163618E+7	-2.905826E+11
5.366240E+2	1.358758E+0	2.787999E+10	1.358390E+0	1.314909E+9	1.346150E+0	2.771277E+10	1.376272E+0	1.343627E+9	1.352158E+0	2.198202E+11	1.348817E+0	2.208479E+11	1.351481E+0	2.475330E+11	1.349929E+0	2.487279E+11	-3.680623E-4	3.012134E-2	-1.788185E-2	-3.048940E-2	8.460860E-3	-2.656508E+10	-2.636914E+10	-2.871729E+7	-1.959318E+8	-2.474130E+11
5.368340E+2	1.356035E+0	2.783304E+10	1.421988E+0	1.366495E+9	1.349476E+0	2.777018E+10	1.356702E+0	1.327511E+9	1.356445E+0	2.204031E+11	1.342710E+0	2.200117E+11	1.355660E+0	2.481733E+11	1.344200E+0	2.478448E+11	6.595323E-2	7.225834E-3	6.528603E-2	5.872739E-2	7.778770E-2	-2.646655E+10	-2.644267E+10	3.898409E+7	-2.387976E+7	-2.464783E+11
5.370070E+2	1.274747E+0	2.643170E+10	1.295240E+0	1.263688E+9	1.282776E+0	2.661888E+10	1.301052E+0	1.281681E+9	1.283236E+0	2.104493E+11	1.273911E+0	2.105912E+11	1.283184E+0	2.370682E+11	1.274005E+0	2.370229E+11	2.049295E-2	1.827545E-2	-5.812109E-3	2.217501E-3	2.123510E-2	-2.516801E+10	-2.533720E+10	-1.799327E+7	1.691893E+8	-2.357592E+11
5.372170E+2	1.183361E+0	2.485628E+10	1.220393E+0	1.202979E+9	1.173002E+0	2.472409E+10	1.150008E+0	1.157292E+9	1.186299E+0	1.972691E+11	1.171384E+0	1.965525E+11	1.184801E+0	2.219932E+11	1.172724E+0	2.214088E+11	3.703196E-2	-2.299397E-2	7.038474E-2	6.002593E-2	4.766946E-2	-2.365330E+10	-2.356679E+10	4.568657E+7	-8.650923E+7	-2.202058E+11
5.374110E+2	1.383107E+0	2.829974E+10	1.381520E+0	1.333670E+9	1.391797E+0	2.850068E+10	1.395912E+0	1.359801E+9	1.393506E+0	2.254422E+11	1.382562E+0	2.254686E+11	1.393314E+0	2.539429E+11	1.382623E+0	2.537683E+11	-1.586951E-3	4.114295E-3	-1.439185E-2	-5.701246E-3	-1.103232E-3	-2.696607E+10	-2.714088E+10	-2.613042E+7	1.748069E+8	-2.524346E+11
5.376110E+2	1.441997E+0	2.931497E+10	1.484302E+0	1.417038E+9	1.443660E+0	2.939588E+10	1.448670E+0	1.403249E+9	1.432343E+0	2.307227E+11	1.430272E+0	2.320014E+11	1.433618E+0	2.601186E+11	1.431583E+0	2.613163E+11	4.230439E-2	5.009691E-3	3.563190E-2	3.729470E-2	5.271825E-2	-2.789793E+10	-2.799263E+10	1.378920E+7	9.469513E+7	-2.598993E+11
5.378160E+2	1.802869E+0	3.553613E+10	1.791079E+0	1.665869E+9	1.793137E+0	3.542816E+10	1.780590E+0	1.676595E+9	1.775920E+0	2.774372E+11	1.779222E+0	2.797822E+11	1.777859E+0	3.128653E+11	1.781866E+0	3.153183E+11	-1.179014E-2	-1.254704E-2	1.048929E-2	7.568996E-4	9.213148E-3	-3.387026E+10	-3.375156E+10	-1.072624E+7	-1.186999E+8	-3.136525E+11
5.380160E+2	1.945761E+0	3.799946E+10	1.856234E+0	1.718716E+9	1.952344E+0	3.817621E+10	1.908949E+0	1.782302E+9	1.914949E+0	2.963403E+11	1.918121E+0	2.988012E+11	1.919161E+0	3.345165E+11	1.921211E+0	3.368007E+11	-8.952683E-2	-4.339547E-2	-5.271498E-2	-4.613136E-2	-6.497753E-2	-3.628075E+10	-3.639391E+10	-6.358593E+7	1.131619E+8	-3.350820E+11
5.382210E+2	1.930153E+0	3.773040E+10	1.820382E+0	1.689636E+9	1.906722E+0	3.738873E+10	1.924087E+0	1.794769E+9	1.877887E+0	2.913012E+11	1.886154E+0	2.944241E+11	1.881135E+0	3.286900E+11	1.891074E+0	3.321545E+11	-1.097716E-1	1.736526E-2	-1.037056E-1	-1.271368E-1	-7.069206E-2	-3.604077E+10	-3.559396E+10	-1.051330E+8	-4.468051E+8	-3.304649E+11
5.384110E+2	2.045433E+0	3.971775E+10	2.043578E+0	1.870673E+9	2.036356E+0	3.962633E+10	1.942795E+0	1.810176E+9	1.995841E+0	3.073388E+11	2.007989E+0	3.111068E+11	2.000405E+0	3.469651E+11	2.012176E+0	3.508245E+11	-1.855536E-3	-9.356068E-2	1.007824E-1	9.170515E-2	3.140162E-2	-3.784707E+10	-3.781616E+10	6.049713E+7	-3.091859E+7	-3.489538E+11
5.386060E+2	1.783510E+0	3.520239E+10	1.715694E+0	1.604723E+9	1.811339E+0	3.574234E+10	1.673104E+0	1.588077E+9	1.759910E+0	2.752604E+11	1.775507E+0	2.792735E+11	1.765703E+0	3.110027E+11	1.776402E+0	3.144759E+11	-6.781621E-2	-1.382353E-1	4.258991E-2	7.041910E-2	-6.070776E-2	-3.359767E+10	-3.415427E+10	1.664575E+7	5.565987E+8	-3.128712E+11
5.388440E+2	1.794686E+0	3.539505E+10	1.730350E+0	1.616610E+9	1.768970E+0	3.501101E+10	1.784871E+0	1.680121E+9	1.751801E+0	2.741578E+11	1.761269E+0	2.773240E+11	1.753735E+0	3.091688E+11	1.765006E+0	3.127191E+11	-6.433604E-2	1.590119E-2	-5.452149E-2	-8.023723E-2	-3.465623E-2	-3.377844E+10	-3.333089E+10	-6.351034E+7	-4.475479E+8	-3.111024E+11
5.390180E+2	1.563144E+0	3.140344E+10	1.577180E+0	1.492372E+9	1.561146E+0	3.142378E+10	1.568515E+0	1.501945E+9	1.547985E+0	2.464460E+11	1.550713E+0	2.484930E+11	1.549468E+0	2.778698E+11	1.552103E+0	2.798965E+11	1.403635E-2	7.369392E-3	8.665001E-3	6.666958E-3	2.507690E-2	-2.991107E+10	-2.992183E+10	-9.572255E+6	1.076664E+7	-2.784041E+11
5.392140E+2	1.352037E+0	2.776412E+10	1.316574E+0	1.280993E+9	1.352843E+0	2.782829E+10	1.288327E+0	1.271202E+9	1.337134E+0	2.177775E+11	1.335300E+0	2.189971E+11	1.338904E+0	2.456058E+11	1.337172E+0	2.467612E+11	-3.546211E-2	-6.451569E-2	2.824728E-2	2.905358E-2	-2.059711E-2	-2.648313E+10	-2.655709E+10	9.790687E+6	7.396550E+7	-2.454802E+11
5.394040E+2	1.203955E+0	2.521131E+10	1.255512E+0	1.231464E+9	1.230804E+0	2.572179E+10	1.188224E+0	1.188764E+9	1.214437E+0	2.010950E+11	1.218107E+0	2.029502E+11	1.216281E+0	2.268168E+11	1.216525E+0	2.281615E+11	5.155710E-2	-4.257950E-2	6.728780E-2	9.413660E-2	3.898740E-2	-2.397984E+10	-2.453303E+10	4.270002E+7	5.531858E+8	-2.269300E+11
5.396160E+2	9.673427E-1	2.113229E+10	9.765413E-1	1.005188E+9	9.628300E-1	2.109633E+10	9.682602E-1	1.007617E+9	9.630098E-1	1.669096E+11	9.651608E-1	1.683148E+11	9.629896E-1	1.880059E+11	9.654048E-1	1.894471E+11	9.198553E-3	5.430154E-3	8.281083E-3	3.768399E-3	1.113649E-2	-2.012710E+10	-2.008871E+10	-2.429314E+6	-3.839166E+7	-1.884419E+11
5.398120E+2	9.157386E-1	2.024268E+10	9.137394E-1	9.542487E+8	9.177762E-1	2.031866E+10	9.178348E-1	9.660905E+8	9.106306E-1	1.597878E+11	9.106857E-1	1.608557E+11	9.114356E-1	1.801065E+11	9.112507E-1	1.810983E+11	-1.999218E-3	5.854559E-5	-4.095400E-3	-2.057763E-3	2.488660E-3	-1.928843E+10	-1.935257E+10	-1.184180E+7	6.414312E+7	-1.801441E+11
5.400090E+2	7.397184E-1	1.720822E+10	7.345799E-1	8.089305E+8	7.411005E-1	1.726908E+10	7.400711E-1	8.196969E+8	7.422640E-1	1.368958E+11	7.422583E-1	1.377933E+11	7.421329E-1	1.541649E+11	7.419743E-1	1.550015E+11	-5.138478E-3	-1.029483E-3	-5.491130E-3	-4.108995E-3	-7.394341E-3	-1.639929E+10	-1.644939E+10	-1.076631E+7	5.009405E+7	-1.541926E+11
5.402050E+2	6.310211E-1	1.533437E+10	6.458657E-1	7.369735E+8	6.293924E-1	1.534090E+10	6.669794E-1	7.595037E+8	6.322848E-1	1.219425E+11	6.314500E-1	1.226206E+11	6.319590E-1	1.372834E+11	6.314021E-1	1.379550E+11	1.484460E-2	3.758695E-2	-2.111367E-2	-2.274236E-2	1.446366E-2	-1.459739E+10	-1.458140E+10	-2.253022E+7	-1.599201E+7	-1.372180E+11
5.404170E+2	5.488711E-1	1.391816E+10	5.566085E-1	6.645760E+8	5.427597E-1	1.384555E+10	5.060433E-1	6.269681E+8	5.500097E-1	1.107559E+11	5.519521E-1	1.117352E+11	5.491929E-1	1.246014E+11	5.516076E-1	1.256533E+11	7.737446E-3	-3.671638E-2	5.056521E-2	4.445383E-2	5.000975E-3	-1.325359E+10	-1.321858E+10	3.760789E+7	-3.500732E+7	-1.249887E+11
5.406090E+2	4.463817E-1	1.215132E+10	4.864252E-1	6.076496E+8	4.368738E-1	1.201786E+10	4.465470E-1	5.779712E+8	4.525604E-1	9.750617E+10	4.443340E-1	9.699927E+10	4.507933E-1	1.095240E+11	4.445630E-1	1.091506E+11	4.004353E-2	9.673229E-3	3.987824E-2	3.037030E-2	4.186227E-2	-1.154367E+10	-1.143989E+10	2.967844E+7	-1.037828E+8	-1.085429E+11
5.408160E+2	4.685291E-1	1.253313E+10	4.780747E-1	6.008764E+8	4.703041E-1	1.259490E+10	4.791962E-1	6.048587E+8	4.741390E-1	1.004401E+11	4.751178E-1	1.012144E+11	4.737070E-1	1.130350E+11	4.743811E-1	1.137476E+11	9.545540E-3	8.892107E-3	-1.121513E-3	6.534336E-4	3.693599E-3	-1.193225E+10	-1.199004E+10	-3.982356E+6	5.778827E+7	-1.131467E+11
5.410130E+2	4.405574E-1	1.205092E+10	4.173843E-1	5.516498E+8	4.295463E-1	1.189138E+10	4.360754E-1	5.693475E+8	4.343892E-1	9.503551E+10	4.344200E-1	9.564178E+10	4.338437E-1	1.069269E+11	4.351063E-1	1.076927E+11	-2.317301E-2	6.529134E-3	-1.869107E-2	-2.970215E-2	-1.772199E-2	-1.149927E+10	-1.132204E+10	-1.769771E+7	-1.772305E+8	-1.071410E+11
5.415090E+2	5.146707E-1	1.332857E+10	5.422000E-1	6.528892E+8	5.277638E-1	1.358671E+10	5.118473E-1	6.317478E+8	5.238491E-1	1.071990E+11	5.221657E-1	1.076566E+11	5.242901E-1	1.207857E+11	5.213276E-1	1.209851E+11	2.752933E-2	-1.591660E-2	3.035279E-2	4.344593E-2	2.087248E-2	-1.267569E+10	-1.295496E+10	2.114131E+7	2.792725E+8	-1.203323E+11
5.420160E+2	6.909236E-1	1.636704E+10	6.864222E-1	7.698693E+8	6.936917E-1	1.645077E+10	7.581868E-1	8.346157E+8	6.966682E-1	1.306964E+11	7.041539E-1	1.325758E+11	6.963329E-1	1.471471E+11	7.026745E-1	1.489428E+11	-4.501390E-3	6.449504E-2	-7.176455E-2	-6.899643E-2	-1.625223E-2	-1.559717E+10	-1.561615E+10	-6.474636E+7	1.898110E+7	-1.481729E+11
5.424810E+2	8.379036E-1	1.890086E+10	7.995910E-1	8.616617E+8	8.279012E-1	1.876734E+10	7.756596E-1	8.490051E+8	8.256711E-1	1.482363E+11	8.287859E-1	1.496413E+11	8.259223E-1	1.670036E+11	8.298055E-1	1.685422E+11	-3.831261E-2	-5.224160E-2	2.393139E-2	1.392899E-2	-3.021446E-2	-1.803920E+10	-1.791834E+10	1.265665E+7	-1.208648E+8	-1.676805E+11
5.430070E+2	1.118415E+0	2.373666E+10	1.150116E+0	1.145976E+9	1.115800E+0	2.373673E+10	1.092857E+0	1.110227E+9	1.113737E+0	1.874033E+11	1.111274E+0	1.883218E+11	1.113970E+0	2.111401E+11	1.112073E+0	2.120584E+11	3.170080E-2	-2.294273E-2	5.725818E-2	5.464354E-2	3.804268E-2	-2.259068E+10	-2.262650E+10	3.574921E+7	3.581879E+7	-2.109125E+11
5.435060E+2	1.128127E+0	2.390408E+10	1.129355E+0	1.129137E+9	1.112762E+0	2.368429E+10	1.154503E+0	1.160994E+9	1.111447E+0	1.870919E+11	1.114277E+0	1.887330E+11	1.111595E+0	2.107762E+11	1.115826E+0	2.126370E+11	1.228187E-3	4.174097E-2	-2.514812E-2	-4.051278E-2	1.352893E-2	-2.277495E+10	-2.252329E+10	-3.185698E+7	-2.516537E+8	-2.115079E+11
5.440060E+2	1.199739E+0	2.513863E+10	1.198818E+0	1.185479E+9	1.207615E+0	2.532154E+10	1.204262E+0	1.201971E+9	1.195620E+0	1.985366E+11	1.197884E+0	2.001811E+11	1.196972E+0	2.238581E+11	1.198092E+0	2.253197E+11	-9.215510E-4	-3.353704E-3	-5.443939E-3	2.432153E-3	7.260670E-4	-2.395315E+10	-2.411957E+10	-1.649264E+7	1.664164E+8	-2.241342E+11
5.445130E+2	1.154427E+0	2.435748E+10	1.149485E+0	1.145465E+9	1.158054E+0	2.446606E+10	1.193780E+0	1.193339E+9	1.151864E+0	1.925872E+11	1.151288E+0	1.938007E+11	1.152561E+0	2.170533E+11	1.151639E+0	2.181582E+11	-4.941708E-3	3.572596E-2	-4.429456E-2	-4.066767E-2	-2.153553E-3	-2.321201E+10	-2.327272E+10	-4.787463E+7	6.070873E+7	-2.170127E+11
5.450040E+2	1.073009E+0	2.295389E+10	1.071948E+0	1.082573E+9	1.074502E+0	2.302388E+10	1.092384E+0	1.109837E+9	1.061578E+0	1.803114E+11	1.065465E+0	1.820492E+11	1.063034E+0	2.033353E+11	1.066309E+0	2.050031E+11	-1.060564E-3	1.788242E-2	-2.043601E-2	-1.894299E-2	5.639477E-3	-2.187132E+10	-2.191404E+10	-2.726350E+7	4.272503E+7	-2.039205E+11
5.455230E+2	1.094836E+0	2.333018E+10	1.073873E+0	1.084135E+9	1.067103E+0	2.289617E+10	1.163377E+0	1.168302E+9	1.079095E+0	1.826932E+11	1.071458E+0	1.828698E+11	1.077744E+0	2.055894E+11	1.074072E+0	2.062000E+11	-2.096305E-2	9.627377E-2	-8.950389E-2	-1.172368E-1	-1.988863E-4	-2.224604E+10	-2.172787E+10	-8.416684E+7	-5.181714E+8	-2.051158E+11
5.460160E+2	9.381255E-1	2.062861E+10	9.329800E-1	9.698550E+8	9.277796E-1	2.049133E+10	9.193823E-1	9.673649E+8	9.362642E-1	1.632731E+11	9.307290E-1	1.636001E+11	9.353085E-1	1.837645E+11	9.315561E-1	1.842288E+11	-5.145510E-3	-8.397335E-3	1.359777E-2	3.251825E-3	1.423926E-3	-1.965876E+10	-1.952396E+10	2.490105E+6	-1.347919E+8	-1.832589E+11
5.465100E+2	1.031896E+0	2.224514E+10	1.067045E+0	1.078597E+9	1.022387E+0	2.212434E+10	1.028732E+0	1.057418E+9	1.027644E+0	1.756977E+11	1.021706E+0	1.760573E+11	1.027052E+0	1.978220E+11	1.022845E+0	1.983025E+11	3.514911E-2	6.344501E-3	3.831316E-2	2.880461E-2	4.420004E-2	-2.116654E+10	-2.106693E+10	2.117905E+7	-9.961908E+7	-1.972239E+11
5.470160E+2	1.080117E+0	2.307643E+10	1.126943E+0	1.127180E+9	1.069568E+0	2.293873E+10	1.068395E+0	1.090081E+9	1.077284E+0	1.824469E+11	1.072501E+0	1.830127E+11	1.076414E+0	2.053856E+11	1.073353E+0	2.060891E+11	4.682594E-2	-1.172992E-3	5.854729E-2	4.799893E-2	5.358970E-2	-2.194925E+10	-2.184864E+10	3.709861E+7	-1.006039E+8	-2.049619E+11
5.475120E+2	1.185847E+0	2.489913E+10	1.175354E+0	1.166447E+9	1.176251E+0	2.478016E+10	1.126290E+0	1.137760E+9	1.177139E+0	1.960238E+11	1.177247E+0	1.973553E+11	1.177039E+0	2.208039E+11	1.178209E+0	2.222544E+11	-1.049246E-2	-4.996066E-2	4.906396E-2	3.946821E-2	-2.854718E-3	-2.373268E+10	-2.364240E+10	2.868760E+7	-9.028345E+7	-2.210880E+11
5.480420E+2	1.351313E+0	2.775165E+10	1.443650E+0	1.384065E+9	1.352645E+0	2.782488E+10	1.318626E+0	1.296154E+9	1.347133E+0	2.191371E+11	1.339064E+0	2.195125E+11	1.347754E+0	2.469620E+11	1.340434E+0	2.472642E+11	9.233638E-2	-3.401903E-2	1.250239E-1	1.263554E-1	1.032157E-1	-2.636759E+10	-2.652872E+10	8.791100E+7	1.611352E+8	-2.458801E+11
5.485060E+2	1.314661E+0	2.711979E+10	1.310817E+0	1.276323E+9	1.318810E+0	2.724085E+10	1.287618E+0	1.270618E+9	1.309599E+0	2.140337E+11	1.309878E+0	2.155161E+11	1.310637E+0	2.412746E+11	1.310413E+0	2.426359E+11	-3.843875E-3	-3.119137E-2	2.319852E-2	2.734750E-2	4.039203E-4	-2.584347E+10	-2.597023E+10	5.704391E+6	1.267677E+8	-2.413596E+11
5.490320E+2	1.552279E+0	3.121615E+10	1.594014E+0	1.506027E+9	1.571432E+0	3.160132E+10	1.548358E+0	1.485345E+9	1.548879E+0	2.465675E+11	1.550345E+0	2.484426E+11	1.551420E+0	2.781689E+11	1.550561E+0	2.796588E+11	4.173522E-2	-2.307343E-2	4.565639E-2	6.480866E-2	4.345348E-2	-2.971012E+10	-3.011598E+10	2.068217E+7	4.058589E+8	-2.781527E+11
5.495100E+2	1.556789E+0	3.129390E+10	1.589208E+0	1.502128E+9	1.549899E+0	3.122965E+10	1.449545E+0	1.403970E+9	1.532577E+0	2.443510E+11	1.529146E+0	2.455400E+11	1.534528E+0	2.755806E+11	1.532238E+0	2.768339E+11	3.241841E-2	-1.003534E-1	1.396627E-1	1.327718E-1	5.697036E-2	-2.979177E+10	-2.982568E+10	9.815879E+7	3.390576E+7	-2.753318E+11
5.499880E+2	1.630558E+0	3.256561E+10	1.660720E+0	1.560133E+9	1.638178E+0	3.275343E+10	1.586092E+0	1.516420E+9	1.616308E+0	2.557355E+11	1.621287E+0	2.581566E+11	1.618772E+0	2.884890E+11	1.622324E+0	2.907222E+11	3.016238E-2	-5.208683E-2	7.462872E-2	8.224921E-2	3.839662E-2	-3.100548E+10	-3.123701E+10	4.371334E+7	2.315358E+8	-2.891620E+11
5.505170E+2	1.656725E+0	3.301671E+10	1.579863E+0	1.494549E+9	1.651979E+0	3.299165E+10	1.614090E+0	1.539477E+9	1.640688E+0	2.590503E+11	1.649219E+0	2.619812E+11	1.641960E+0	2.920420E+11	1.650058E+0	2.949979E+11	-7.686155E-2	-3.788876E-2	-3.422718E-2	-3.897279E-2	-7.019520E-2	-3.152216E+10	-3.145217E+10	-4.492855E+7	-6.998943E+7	-2.935034E+11
5.510630E+2	1.407998E+0	2.872885E+10	1.433324E+0	1.375689E+9	1.402630E+0	2.868766E+10	1.397937E+0	1.361469E+9	1.395388E+0	2.256981E+11	1.398959E+0	2.277138E+11	1.396204E+0	2.543858E+11	1.399970E+0	2.564426E+11	2.532625E-2	-4.692604E-3	3.538712E-2	3.001886E-2	3.335413E-2	-2.735316E+10	-2.732619E+10	1.422069E+7	-2.697158E+7	-2.550669E+11
5.515170E+2	1.417688E+0	2.889589E+10	1.404977E+0	1.352697E+9	1.428029E+0	2.912607E+10	1.367669E+0	1.336542E+9	1.402274E+0	2.266343E+11	1.409992E+0	2.292245E+11	1.405176E+0	2.557604E+11	1.410853E+0	2.581204E+11	-1.271094E-2	-6.035980E-2	3.730796E-2	4.764887E-2	-5.875726E-3	-2.754320E+10	-2.778952E+10	1.615459E+7	2.463262E+8	-2.567677E+11
5.520040E+2	1.213785E+0	2.538077E+10	1.210295E+0	1.194788E+9	1.216612E+0	2.547683E+10	1.232726E+0	1.225412E+9	1.214347E+0	2.010828E+11	1.215099E+0	2.025383E+11	1.214603E+0	2.265596E+11	1.214952E+0	2.279190E+11	-3.489973E-3	1.611358E-2	-2.243056E-2	-1.960355E-2	-4.657130E-3	-2.418598E+10	-2.425142E+10	-3.062415E+7	6.543729E+7	-2.267242E+11
5.525040E+2	1.192135E+0	2.500754E+10	1.193674E+0	1.181306E+9	1.185065E+0	2.493229E+10	1.194687E+0	1.194086E+9	1.178191E+0	1.961667E+11	1.182299E+0	1.980471E+11	1.178965E+0	2.210990E+11	1.183399E+0	2.230546E+11	1.538265E-3	9.622463E-3	-1.013506E-3	-8.084198E-3	1.027440E-2	-2.382624E+10	-2.373821E+10	-1.278017E+7	-8.803025E+7	-2.218733E+11
5.530150E+2	1.108927E+0	2.357309E+10	1.100429E+0	1.105675E+9	1.108062E+0	2.360316E+10	1.095167E+0	1.112129E+9	1.107390E+0	1.865403E+11	1.108478E+0	1.879389E+11	1.107466E+0	2.101435E+11	1.108528E+0	2.115120E+11	-8.497869E-3	-1.289468E-2	5.261811E-3	4.396811E-3	-8.099580E-3	-2.246742E+10	-2.249103E+10	-6.454288E+6	2.361023E+7	-2.104063E+11
5.535050E+2	9.741916E-1	2.125036E+10	9.412319E-1	9.765482E+8	9.641133E-1	2.111848E+10	1.020040E+0	1.050259E+9	9.673311E-1	1.674971E+11	9.651106E-1	1.683079E+11	9.669686E-1	1.886156E+11	9.661261E-1	1.895583E+11	-3.295975E-2	5.592641E-2	-7.880782E-2	-8.888617E-2	-2.489420E-2	-2.027381E+10	-2.006822E+10	-7.371108E+7	-2.055935E+8	-1.885818E+11
5.540130E+2	1.004310E+0	2.176957E+10	9.662647E-1	9.968526E+8	9.951947E-1	2.165497E+10	9.503151E-1	9.928390E+8	1.003782E+0	1.724532E+11	1.001108E+0	1.732370E+11	1.002815E+0	1.941082E+11	1.001466E+0	1.950066E+11	-3.804498E-2	-4.487958E-2	1.594961E-2	6.834602E-3	-3.520156E-2	-2.077272E+10	-2.066213E+10	4.013564E+6	-1.105888E+8	-1.940097E+11
5.550190E+2	9.677798E-1	2.113983E+10	1.018055E+0	1.038860E+9	9.804768E-1	2.140093E+10	9.783943E-1	1.015963E+9	9.778265E-1	1.689242E+11	9.803506E-1	1.703947E+11	9.781251E-1	1.903251E+11	9.789450E-1	1.915345E+11	5.027496E-2	-2.082506E-3	3.966051E-2	5.235747E-2	3.910986E-2	-2.010097E+10	-2.038497E+10	2.289702E+7	2.839977E+8	-1.904957E+11
5.560300E+2	1.133627E+0	2.399890E+10	1.112551E+0	1.115507E+9	1.140147E+0	2.415697E+10	1.151699E+0	1.158685E+9	1.139738E+0	1.909385E+11	1.141725E+0	1.924914E+11	1.139784E+0	2.150955E+11	1.140820E+0	2.164903E+11	-2.107580E-2	1.155247E-2	-3.914810E-2	-3.262827E-2	-2.826875E-2	-2.288339E+10	-2.299828E+10	-4.317770E+7	1.148901E+8	-2.153748E+11
5.570160E+2	1.175786E+0	2.472569E+10	1.214494E+0	1.198194E+9	1.164354E+0	2.457481E+10	1.131272E+0	1.141862E+9	1.168282E+0	1.948196E+11	1.166866E+0	1.959339E+11	1.167840E+0	2.193944E+11	1.167864E+0	2.206595E+11	3.870786E-2	-3.308249E-2	8.322189E-2	7.179035E-2	4.662980E-2	-2.352749E+10	-2.343295E+10	5.633160E+7	-9.454448E+7	-2.194614E+11
5.580280E+2	1.094809E+0	2.332972E+10	1.098916E+0	1.104447E+9	1.092048E+0	2.332674E+10	1.089570E+0	1.107520E+9	1.085027E+0	1.834997E+11	1.091367E+0	1.855959E+11	1.085818E+0	2.068264E+11	1.091752E+0	2.089256E+11	4.106394E-3	-2.477708E-3	9.345676E-3	6.584102E-3	7.163899E-3	-2.222527E+10	-2.221922E+10	-3.072316E+6	-6.049900E+6	-2.078212E+11
5.590210E+2	1.130013E+0	2.393660E+10	1.135287E+0	1.133949E+9	1.129036E+0	2.396518E+10	1.108514E+0	1.123120E+9	1.119147E+0	1.881388E+11	1.122677E+0	1.898831E+11	1.120261E+0	2.121040E+11	1.123497E+0	2.138197E+11	5.274378E-3	-2.052172E-2	2.677353E-2	2.579610E-2	1.179005E-2	-2.280265E+10	-2.284206E+10	1.082835E+7	3.940868E+7	-2.126858E+11
5.600070E+2	9.996127E-1	2.168860E+10	9.878090E-1	1.014327E+9	9.925841E-1	2.160991E+10	9.738714E-1	1.012238E+9	9.998723E-1	1.719216E+11	1.006395E+0	1.739609E+11	9.990513E-1	1.935315E+11	1.005637E+0	1.956495E+11	-1.180378E-2	-1.871268E-2	1.393756E-2	6.908898E-3	-1.782784E-2	-2.067427E+10	-2.059767E+10	2.089027E+6	-7.660274E+7	-1.946352E+11
5.609950E+2	1.035525E+0	2.230769E+10	1.016138E+0	1.037305E+9	1.039601E+0	2.242147E+10	1.063863E+0	1.086349E+9	1.041334E+0	1.775589E+11	1.039641E+0	1.785132E+11	1.041138E+0	1.999804E+11	1.039181E+0	2.008209E+11	-1.938689E-2	2.426226E-2	-4.772570E-2	-4.364915E-2	-2.304301E-2	-2.127039E+10	-2.133512E+10	-4.904428E+7	6.472698E+7	-1.997836E+11
5.620340E+2	9.685911E-1	2.115381E+10	9.864098E-1	1.013192E+9	9.766364E-1	2.133464E+10	9.705335E-1	1.009489E+9	9.764698E-1	1.687397E+11	9.759421E-1	1.697911E+11	9.764886E-1	1.900743E+11	9.751201E-1	1.909449E+11	1.781870E-2	-6.102844E-3	1.587624E-2	2.392155E-2	1.128970E-2	-2.014062E+10	-2.032515E+10	3.702967E+6	1.845296E+8	-1.899317E+11
5.630300E+2	8.933285E-1	1.985634E+10	8.339820E-1	8.895566E+8	8.999595E-1	2.001113E+10	8.874059E-1	9.410314E+8	8.954545E-1	1.577244E+11	8.911725E-1	1.581838E+11	8.959620E-1	1.777355E+11	8.914136E-1	1.780401E+11	-5.934648E-2	-1.255368E-2	-5.342384E-2	-4.679280E-2	-5.743154E-2	-1.896679E+10	-1.907010E+10	-5.147474E+7	1.033112E+8	-1.771506E+11
5.640290E+2	9.652874E-1	2.109686E+10	9.870794E-1	1.013736E+9	9.754869E-1	2.131480E+10	9.815385E-1	1.018552E+9	9.728197E-1	1.682434E+11	9.786084E-1	1.701562E+11	9.731202E-1	1.895582E+11	9.771188E-1	1.912530E+11	2.179201E-2	6.051655E-3	5.540869E-3	1.574036E-2	9.960602E-3	-2.008312E+10	-2.029625E+10	-4.816830E+6	2.131213E+8	-1.902393E+11
5.650210E+2	9.514365E-1	2.085808E+10	9.977714E-1	1.022408E+9	9.446318E-1	2.078221E+10	9.335030E-1	9.789937E+8	9.509800E-1	1.652740E+11	9.451758E-1	1.655783E+11	9.502648E-1	1.860562E+11	9.458759E-1	1.864364E+11	4.633491E-2	-1.112879E-2	6.426843E-2	5.746371E-2	5.189557E-2	-1.983567E+10	-1.980322E+10	4.341426E+7	-3.245497E+7	-1.854140E+11
5.660150E+2	1.101210E+0	2.344006E+10	1.095423E+0	1.101614E+9	1.088297E+0	2.326200E+10	1.099591E+0	1.115772E+9	1.083716E+0	1.833214E+11	1.084143E+0	1.846068E+11	1.084232E+0	2.065834E+11	1.086052E+0	2.080469E+11	-5.787513E-3	1.129401E-2	-4.168584E-3	-1.708152E-2	9.370914E-3	-2.233845E+10	-2.214623E+10	-1.415832E+7	-1.922188E+8	-2.069452E+11
5.670200E+2	1.085009E+0	2.316077E+10	1.095388E+0	1.101586E+9	1.082803E+0	2.316717E+10	1.089693E+0	1.107621E+9	1.079354E+0	1.827284E+11	1.078922E+0	1.838918E+11	1.079743E+0	2.058956E+11	1.079602E+0	2.070526E+11	1.037903E-2	6.890067E-3	5.695037E-3	3.488968E-3	1.578560E-2	-2.205918E+10	-2.205955E+10	-6.034914E+6	3.638550E+5	-2.059510E+11
