Photon Energy (eV)	X ref norm	X ref	X pump norm	X pump	Y ref norm	Y ref	Y pump norm	Y pump	X all norm	X all	Y all norm	Y all	X all Y ref norm	X all Y ref	Y all X ref norm	Y all X ref	BC(X hist) norm	BC(Y hist) norm	StS norm	BCSC norm	BCLR norm	BC(X hist)	BC(Y hist)	StS	BCSC	BCLR	
5.290170E+2	-1.517007E-2	4.194527E+9	1.503796E-2	2.170113E+8	-8.173526E-3	4.335957E+9	-3.771062E-2	1.788875E+8	-1.098425E-2	3.448015E+10	-1.097812E-2	3.465450E+10	-1.066762E-2	3.881611E+10	-1.144687E-2	3.884903E+10	3.020802E-2	-2.953709E-2	5.274857E-2	5.974511E-2	2.648482E-2	-3.977516E+9	-4.157070E+9	3.812377E+7	1.795538E+8	-3.863201E+10
5.295060E+2	-2.715491E-3	4.409235E+9	-7.624411E-3	1.991945E+8	-4.252188E-3	4.403643E+9	3.408730E-2	2.353231E+8	-2.659096E-3	3.561209E+10	-3.541468E-3	3.567278E+10	-2.838557E-3	4.001573E+10	-3.449106E-3	4.008201E+10	-4.908920E-3	3.833949E-2	-4.171171E-2	-4.324841E-2	-4.175305E-3	-4.210040E+9	-4.168320E+9	-3.612851E+7	-4.172002E+7	-3.988282E+10
5.300220E+2	-4.874801E-3	4.372010E+9	-2.626914E-2	1.845364E+8	-8.190881E-3	4.335658E+9	-4.991671E-3	2.046057E+8	-7.832673E-3	3.490866E+10	-8.672804E-3	3.497016E+10	-7.873025E-3	3.924432E+10	-8.248104E-3	3.934217E+10	-2.139434E-2	3.199210E-3	-2.127747E-2	-2.459355E-2	-1.802104E-2	-4.187473E+9	-4.131052E+9	-2.006934E+7	-5.642131E+7	-3.915763E+10
5.305180E+2	7.100326E-3	4.578452E+9	3.324399E-2	2.313246E+8	1.097796E-2	4.666529E+9	1.153139E-3	2.094357E+8	9.422193E-3	3.725472E+10	1.044470E-2	3.758787E+10	9.597450E-3	4.192125E+10	1.007072E-2	4.216632E+10	2.614367E-2	-9.824826E-3	3.209085E-2	3.596849E-2	2.317327E-2	-4.347127E+9	-4.457093E+9	2.188888E+7	1.099660E+8	-4.193500E+10
5.310000E+2	1.320726E-2	4.683731E+9	-1.894944E-2	1.902910E+8	1.301160E-2	4.701631E+9	2.308855E-2	2.266777E+8	1.218517E-2	3.763039E+10	1.342038E-2	3.799532E+10	1.227827E-2	4.233202E+10	1.339655E-2	4.267906E+10	-3.215670E-2	1.007696E-2	-4.203799E-2	-4.223365E-2	-3.234598E-2	-4.493440E+9	-4.474953E+9	-3.638668E+7	-1.848611E+7	-4.248876E+10
5.315080E+2	-9.713038E-3	4.288602E+9	1.707488E-2	2.186127E+8	-8.827357E-3	4.324672E+9	-1.460146E-2	1.970521E+8	-8.082664E-3	3.487467E+10	-6.812167E-3	3.522493E+10	-8.166553E-3	3.919934E+10	-7.136548E-3	3.951353E+10	2.678792E-2	-5.774102E-3	3.167634E-2	3.256202E-2	2.421143E-2	-4.069990E+9	-4.127620E+9	2.156062E+7	5.763000E+7	-3.929492E+10
5.320070E+2	1.314553E-2	4.682666E+9	-1.228545E-2	1.955301E+8	7.594512E-3	4.608128E+9	9.845996E-3	2.162686E+8	8.609896E-3	3.714428E+10	7.317030E-3	3.715961E+10	8.495513E-3	4.175241E+10	7.968784E-3	4.184227E+10	-2.543099E-2	2.251484E-3	-2.213145E-2	-2.768247E-2	-2.025424E-2	-4.487136E+9	-4.391859E+9	-2.073849E+7	-9.527744E+7	-4.164674E+10
5.325120E+2	-9.797250E-4	4.439158E+9	-2.283890E-4	2.050092E+8	-2.140122E-3	4.440099E+9	-1.087124E-2	1.999842E+8	-6.585734E-4	3.588409E+10	-1.177553E-3	3.599647E+10	-8.254693E-4	4.032419E+10	-1.155432E-3	4.043562E+10	7.513360E-4	-8.731122E-3	1.064286E-2	9.482458E-3	9.270428E-4	-4.234149E+9	-4.240115E+9	5.025006E+6	5.966319E+6	-4.023061E+10
5.330130E+2	2.672876E-2	4.916831E+9	3.309666E-2	2.312088E+8	2.960255E-2	4.988005E+9	3.198840E-2	2.336733E+8	3.013931E-2	4.007153E+10	3.035147E-2	4.031366E+10	3.007884E-2	4.505954E+10	2.994637E-2	4.523049E+10	6.367899E-3	2.385855E-3	1.108256E-3	3.982043E-3	3.150282E-3	-4.685622E+9	-4.754332E+9	-2.464480E+6	6.871016E+7	-4.499928E+10
5.332040E+2	2.799405E-2	4.938643E+9	5.905570E-2	2.516173E+8	3.172500E-2	5.024641E+9	3.625074E-2	2.370236E+8	3.115319E-2	4.020938E+10	3.159278E-2	4.048363E+10	3.121760E-2	4.523403E+10	3.119036E-2	4.542227E+10	3.106165E-2	4.525742E-3	2.280496E-2	2.653591E-2	2.786534E-2	-4.687026E+9	-4.787617E+9	1.459375E+7	1.005912E+8	-4.517065E+10
5.334110E+2	1.432770E-2	4.703046E+9	3.279770E-2	2.309737E+8	1.595004E-2	4.752351E+9	2.792095E-2	2.304761E+8	1.659563E-2	3.823006E+10	1.726846E-2	3.852223E+10	1.652290E-2	4.298241E+10	1.693962E-2	4.322528E+10	1.846999E-2	1.197091E-2	4.876747E-3	6.499083E-3	1.585808E-2	-4.472072E+9	-4.521875E+9	4.976323E+5	4.980269E+7	-4.299431E+10
5.336080E+2	4.034894E-2	5.151632E+9	6.226180E-2	2.541379E+8	4.287591E-2	5.217115E+9	6.502518E-2	2.596412E+8	4.576653E-2	4.219629E+10	4.387518E-2	4.216543E+10	4.544090E-2	4.741341E+10	4.348086E-2	4.731706E+10	2.191287E-2	2.214928E-2	-2.763383E-3	-2.364113E-4	1.878094E-2	-4.897494E+9	-4.957474E+9	-5.503321E+6	5.997980E+7	-4.706292E+10
5.338150E+2	4.259154E-2	5.190293E+9	3.301442E-2	2.311441E+8	4.754270E-2	5.297668E+9	3.886724E-2	2.390802E+8	4.450714E-2	4.202506E+10	4.522165E-2	4.234980E+10	4.484909E-2	4.732273E+10	4.492755E-2	4.754009E+10	-9.577124E-3	-8.675464E-3	-5.852822E-3	-9.016603E-4	-1.191313E-2	-4.959149E+9	-5.058588E+9	-7.936127E+6	9.943917E+7	-4.730894E+10
5.340070E+2	1.054465E-1	6.273864E+9	9.383339E-2	2.789590E+8	1.055006E-1	6.298072E+9	9.153774E-2	2.804810E+8	1.093921E-1	5.084717E+10	1.061258E-1	5.068925E+10	1.089538E-1	5.714524E+10	1.060498E-1	5.696311E+10	-1.161308E-2	-1.396282E-2	2.295651E-3	2.349739E-3	-1.221645E-2	-5.994905E+9	-6.017591E+9	-1.521998E+6	2.268605E+7	-5.668416E+10
5.342090E+2	1.805297E-1	7.568240E+9	1.624487E-1	3.329032E+8	1.673767E-1	7.366108E+9	1.696598E-1	3.418875E+8	1.838403E-1	6.096954E+10	1.755432E-1	6.019440E+10	1.819857E-1	6.833565E+10	1.761008E-1	6.776264E+10	-1.808097E-2	2.283084E-3	-7.211095E-3	-2.036405E-2	-1.365209E-2	-7.235337E+9	-7.024221E+9	-8.984272E+6	-2.111162E+8	-6.742974E+10
5.344070E+2	3.114474E-1	9.825162E+9	3.314333E-1	4.657561E+8	3.168558E-1	9.946248E+9	3.026652E-1	4.464340E+8	3.288241E-1	8.068232E+10	3.211448E-1	8.013128E+10	3.274759E-1	9.062856E+10	3.200605E-1	8.995644E+10	1.998584E-2	-1.419062E-2	2.876810E-2	3.417646E-2	1.137283E-2	-9.359406E+9	-9.499814E+9	1.932201E+7	1.404085E+8	-8.949069E+10
5.346150E+2	6.416344E-1	1.551733E+10	6.776152E-1	7.379185E+8	6.294087E-1	1.534119E+10	6.428408E-1	7.138232E+8	6.574091E-1	1.253585E+11	6.417121E-1	1.240258E+11	6.542549E-1	1.406997E+11	6.417034E-1	1.395431E+11	3.598085E-2	1.343212E-2	3.477439E-2	2.254873E-2	3.591185E-2	-1.477941E+10	-1.462736E+10	2.409532E+7	-1.520500E+8	-1.388052E+11
5.348120E+2	9.799330E-1	2.134934E+10	9.897964E-1	9.833502E+8	9.849063E-1	2.147739E+10	9.818631E-1	9.803058E+8	9.889721E-1	1.704396E+11	9.764039E-1	1.698543E+11	9.885141E-1	1.919170E+11	9.767986E-1	1.912036E+11	9.863393E-3	-3.043144E-3	7.933259E-3	1.290654E-2	1.299785E-2	-2.036599E+10	-2.049708E+10	3.044342E+6	1.310905E+8	-1.902203E+11
5.350100E+2	1.612865E+0	3.226059E+10	1.542799E+0	1.418112E+9	1.594861E+0	3.200574E+10	1.554327E+0	1.430281E+9	1.593940E+0	2.526943E+11	1.583623E+0	2.529993E+11	1.594044E+0	2.847000E+11	1.586893E+0	2.852599E+11	-7.006532E-2	-4.053435E-2	-1.152750E-2	-2.953097E-2	-4.409312E-2	-3.084248E+10	-3.057546E+10	-1.216913E+7	-2.670216E+8	-2.838418E+11
5.352390E+2	1.887480E+0	3.699476E+10	1.846742E+0	1.657066E+9	1.858874E+0	3.656284E+10	1.801116E+0	1.624265E+9	1.850855E+0	2.876257E+11	1.851854E+0	2.897276E+11	1.851758E+0	3.241886E+11	1.855838E+0	3.267223E+11	-4.073853E-2	-5.775879E-2	4.562640E-2	1.702026E-2	-9.096003E-3	-3.533769E+10	-3.493857E+10	3.280150E+7	-3.991182E+8	-3.250652E+11
5.354110E+2	2.311746E+0	4.430877E+10	2.269471E+0	1.989409E+9	2.303999E+0	4.424607E+10	2.179576E+0	1.921747E+9	2.258661E+0	3.430732E+11	2.265703E+0	3.463949E+11	2.263768E+0	3.873193E+11	2.270852E+0	3.907036E+11	-4.227449E-2	-1.244230E-1	8.989570E-2	8.214847E-2	-1.380349E-3	-4.231936E+10	-4.232433E+10	6.766231E+7	4.969075E+6	-3.887142E+11
5.356310E+2	2.230467E+0	4.290758E+10	2.172315E+0	1.913026E+9	2.232827E+0	4.301759E+10	2.192122E+0	1.931609E+9	2.187465E+0	3.333931E+11	2.191111E+0	3.361811E+11	2.192575E+0	3.764107E+11	2.195512E+0	3.790887E+11	-5.815226E-2	-4.070518E-2	-1.980723E-2	-1.744708E-2	-2.319700E-2	-4.099456E+10	-4.108598E+10	-1.858241E+7	9.142719E+7	-3.771757E+11
5.358080E+2	2.320369E+0	4.445742E+10	2.300712E+0	2.013970E+9	2.310237E+0	4.435376E+10	2.219640E+0	1.953239E+9	2.260480E+0	3.433206E+11	2.270724E+0	3.470824E+11	2.266085E+0	3.876744E+11	2.276275E+0	3.915398E+11	-1.965645E-2	-9.059740E-2	8.107237E-2	7.094095E-2	2.443666E-2	-4.244345E+10	-4.240052E+10	6.073159E+7	-4.292832E+7	-3.895258E+11
5.360070E+2	2.112645E+0	4.087642E+10	2.061309E+0	1.825756E+9	2.127437E+0	4.119847E+10	2.159931E+0	1.906305E+9	2.079138E+0	3.186644E+11	2.084987E+0	3.216498E+11	2.084579E+0	3.598629E+11	2.088080E+0	3.625263E+11	-5.133579E-2	3.249340E-2	-9.862138E-2	-8.382919E-2	-2.677045E-2	-3.905067E+10	-3.929216E+10	-8.054964E+7	2.414976E+8	-3.607005E+11
5.362110E+2	1.748343E+0	3.459613E+10	1.729402E+0	1.564816E+9	1.737662E+0	3.447060E+10	1.713716E+0	1.555566E+9	1.713659E+0	2.689719E+11	1.714737E+0	2.709524E+11	1.716363E+0	3.034425E+11	1.718495E+0	3.055486E+11	-1.894103E-2	-2.394575E-2	1.568562E-2	5.004717E-3	1.090692E-2	-3.303131E+10	-3.291504E+10	9.249389E+6	-1.162768E+8	-3.039837E+11
5.364150E+2	1.646384E+0	3.283844E+10	1.623931E+0	1.481896E+9	1.643067E+0	3.283782E+10	1.579813E+0	1.450314E+9	1.636610E+0	2.584958E+11	1.629686E+0	2.593066E+11	1.637337E+0	2.913337E+11	1.631553E+0	2.921451E+11	-2.245323E-2	-6.325439E-2	4.411791E-2	4.080116E-2	-7.622563E-3	-3.135655E+10	-3.138751E+10	3.158221E+7	3.096083E+7	-2.906632E+11
5.366240E+2	1.358758E+0	2.787999E+10	1.361572E+0	1.275634E+9	1.346150E+0	2.771277E+10	1.341839E+0	1.263259E+9	1.352158E+0	2.198202E+11	1.348817E+0	2.208479E+11	1.351481E+0	2.475330E+11	1.349929E+0	2.487279E+11	2.813958E-3	-4.311193E-3	1.973270E-2	7.125151E-3	1.164288E-2	-2.660435E+10	-2.644951E+10	1.237511E+7	-1.548394E+8	-2.474523E+11
5.368340E+2	1.356035E+0	2.783304E+10	1.349767E+0	1.266353E+9	1.349476E+0	2.777018E+10	1.396541E+0	1.306256E+9	1.356445E+0	2.204031E+11	1.342710E+0	2.200117E+11	1.355660E+0	2.481733E+11	1.344200E+0	2.478448E+11	-6.267729E-3	4.706464E-2	-4.677374E-2	-5.333237E-2	5.566745E-3	-2.656669E+10	-2.646392E+10	-3.990291E+7	-1.027668E+8	-2.465784E+11
5.370070E+2	1.274747E+0	2.643170E+10	1.270953E+0	1.204391E+9	1.282776E+0	2.661888E+10	1.257129E+0	1.196674E+9	1.283236E+0	2.104493E+11	1.273911E+0	2.105912E+11	1.283184E+0	2.370682E+11	1.274005E+0	2.370229E+11	-3.793318E-3	-2.564717E-2	1.382424E-2	2.185385E-2	-3.051176E-3	-2.522731E+10	-2.542221E+10	7.717209E+6	1.948997E+8	-2.358185E+11
5.372170E+2	1.183361E+0	2.485628E+10	1.218330E+0	1.163020E+9	1.173002E+0	2.472409E+10	1.147330E+0	1.110368E+9	1.186299E+0	1.972691E+11	1.171384E+0	1.965525E+11	1.184801E+0	2.219932E+11	1.172724E+0	2.214088E+11	3.496902E-2	-2.567215E-2	7.099998E-2	6.064117E-2	4.560651E-2	-2.369326E+10	-2.361372E+10	5.265128E+7	-7.954453E+7	-2.202458E+11
5.374110E+2	1.383107E+0	2.829974E+10	1.364187E+0	1.277690E+9	1.391797E+0	2.850068E+10	1.435724E+0	1.337055E+9	1.393506E+0	2.254422E+11	1.382562E+0	2.254686E+11	1.393314E+0	2.539429E+11	1.382623E+0	2.537683E+11	-1.891973E-2	4.392661E-2	-7.153694E-2	-6.284634E-2	-1.843602E-2	-2.702205E+10	-2.716363E+10	-5.936542E+7	1.415719E+8	-2.524906E+11
5.376110E+2	1.441997E+0	2.931497E+10	1.430831E+0	1.330084E+9	1.443660E+0	2.939588E+10	1.426227E+0	1.329590E+9	1.432343E+0	2.307227E+11	1.430272E+0	2.320014E+11	1.433618E+0	2.601186E+11	1.431583E+0	2.613163E+11	-1.116648E-2	-1.743318E-2	4.603909E-3	6.266705E-3	-7.526212E-4	-2.798489E+10	-2.806629E+10	4.938163E+5	8.139974E+7	-2.599863E+11
5.378160E+2	1.802869E+0	3.553613E+10	1.777396E+0	1.602548E+9	1.793137E+0	3.542816E+10	1.841954E+0	1.656365E+9	1.775920E+0	2.774372E+11	1.779222E+0	2.797822E+11	1.777859E+0	3.128653E+11	1.781866E+0	3.153183E+11	-2.547298E-2	4.881666E-2	-6.455725E-2	-7.428964E-2	-4.469690E-3	-3.393358E+10	-3.377179E+10	-5.381690E+7	-1.617906E+8	-3.137158E+11
5.380160E+2	1.945761E+0	3.799946E+10	1.836173E+0	1.648757E+9	1.952344E+0	3.817621E+10	1.859909E+0	1.670479E+9	1.914949E+0	2.963403E+11	1.918121E+0	2.988012E+11	1.919161E+0	3.345165E+11	1.921211E+0	3.368007E+11	-1.095879E-1	-9.243518E-2	-2.373638E-2	-1.715276E-2	-8.503865E-2	-3.635071E+10	-3.650573E+10	-2.172151E+7	1.550263E+8	-3.351520E+11
5.382210E+2	1.930153E+0	3.773040E+10	1.865473E+0	1.671792E+9	1.906722E+0	3.738873E+10	1.853231E+0	1.665229E+9	1.877887E+0	2.913012E+11	1.886154E+0	2.944241E+11	1.881135E+0	3.286900E+11	1.891074E+0	3.321545E+11	-6.468060E-2	-5.349097E-2	1.224157E-2	-1.118963E-2	-2.560108E-2	-3.605861E+10	-3.572350E+10	6.562752E+6	-3.351093E+8	-3.304827E+11
5.384110E+2	2.045433E+0	3.971775E+10	1.975707E+0	1.758457E+9	2.036356E+0	3.962633E+10	2.053843E+0	1.822917E+9	1.995841E+0	3.073388E+11	2.007989E+0	3.111068E+11	2.000405E+0	3.469651E+11	2.012176E+0	3.508245E+11	-6.972605E-2	1.748727E-2	-7.813603E-2	-8.721332E-2	-3.646889E-2	-3.795929E+10	-3.780341E+10	-6.446039E+7	-1.558761E+8	-3.490660E+11
5.386060E+2	1.783510E+0	3.520239E+10	1.748216E+0	1.579607E+9	1.811339E+0	3.574234E+10	1.704563E+0	1.548372E+9	1.759910E+0	2.752604E+11	1.775507E+0	2.792735E+11	1.765703E+0	3.110027E+11	1.776402E+0	3.144759E+11	-3.529429E-2	-1.067758E-1	4.365233E-2	7.148152E-2	-2.818584E-2	-3.362278E+10	-3.419397E+10	3.123497E+7	5.711879E+8	-3.128963E+11
5.388440E+2	1.794686E+0	3.539505E+10	1.792548E+0	1.614460E+9	1.768970E+0	3.501101E+10	1.759395E+0	1.591471E+9	1.751801E+0	2.741578E+11	1.761269E+0	2.773240E+11	1.753735E+0	3.091688E+11	1.765006E+0	3.127191E+11	-2.137934E-3	-9.574940E-3	3.315275E-2	7.437007E-3	2.754188E-2	-3.378059E+10	-3.341954E+10	2.298864E+7	-3.610490E+8	-3.111046E+11
5.390180E+2	1.563144E+0	3.140344E+10	1.489936E+0	1.376552E+9	1.561146E+0	3.142378E+10	1.542329E+0	1.420850E+9	1.547985E+0	2.464460E+11	1.550713E+0	2.484930E+11	1.549468E+0	2.778698E+11	1.552103E+0	2.798965E+11	-7.320716E-2	-1.881645E-2	-5.239266E-2	-5.439070E-2	-6.216661E-2	-3.002689E+10	-3.000293E+10	-4.429844E+7	-2.395955E+7	-2.785199E+11
5.392140E+2	1.352037E+0	2.776412E+10	1.306241E+0	1.232134E+9	1.352843E+0	2.782829E+10	1.269429E+0	1.206342E+9	1.337134E+0	2.177775E+11	1.335300E+0	2.189971E+11	1.338904E+0	2.456058E+11	1.337172E+0	2.467612E+11	-4.579548E-2	-8.341373E-2	3.681195E-2	3.761825E-2	-3.093048E-2	-2.653198E+10	-2.662195E+10	2.579162E+7	8.996644E+7	-2.455291E+11
5.394040E+2	1.203955E+0	2.521131E+10	1.260347E+0	1.196053E+9	1.230804E+0	2.572179E+10	1.208441E+0	1.158403E+9	1.214437E+0	2.010950E+11	1.218107E+0	2.029502E+11	1.216281E+0	2.268168E+11	1.216525E+0	2.281615E+11	5.639198E-2	-2.236305E-2	5.190623E-2	7.875503E-2	4.382228E-2	-2.401526E+10	-2.456339E+10	3.764930E+7	5.481351E+8	-2.269654E+11
5.396160E+2	9.673427E-1	2.113229E+10	8.831223E-1	8.994848E+8	9.628300E-1	2.109633E+10	1.019240E+0	1.009685E+9	9.630098E-1	1.669096E+11	9.651608E-1	1.683148E+11	9.629896E-1	1.880059E+11	9.654048E-1	1.894471E+11	-8.422042E-2	5.640989E-2	-1.361176E-1	-1.406303E-1	-8.228248E-2	-2.023281E+10	-2.008664E+10	-1.102004E+8	-1.461628E+8	-1.885476E+11
5.398120E+2	9.157386E-1	2.024268E+10	9.449883E-1	9.481228E+8	9.177762E-1	2.031866E+10	8.684964E-1	8.911958E+8	9.106306E-1	1.597878E+11	9.106857E-1	1.608557E+11	9.114356E-1	1.801065E+11	9.112507E-1	1.810983E+11	2.924967E-2	-4.927988E-2	7.649191E-2	7.852955E-2	3.373755E-2	-1.929455E+10	-1.942747E+10	5.692693E+7	1.329119E+8	-1.801502E+11
5.400090E+2	7.397184E-1	1.720822E+10	7.198022E-1	7.710852E+8	7.411005E-1	1.726908E+10	7.460366E-1	7.949385E+8	7.422640E-1	1.368958E+11	7.422583E-1	1.377933E+11	7.421329E-1	1.541649E+11	7.419743E-1	1.550015E+11	-1.991622E-2	4.936097E-3	-2.623445E-2	-2.485232E-2	-2.217208E-2	-1.643714E+10	-1.647415E+10	-2.385328E+7	3.700709E+7	-1.542305E+11
5.402050E+2	6.310211E-1	1.533437E+10	5.741016E-1	6.565379E+8	6.293924E-1	1.534090E+10	6.542477E-1	7.227894E+8	6.322848E-1	1.219425E+11	6.314500E-1	1.226206E+11	6.319590E-1	1.372834E+11	6.314021E-1	1.379550E+11	-5.691949E-2	2.485525E-2	-8.014606E-2	-8.177474E-2	-5.730043E-2	-1.467783E+10	-1.461811E+10	-6.625151E+7	-5.971330E+7	-1.372984E+11
5.404170E+2	5.488711E-1	1.391816E+10	5.544241E-1	6.410677E+8	5.427597E-1	1.384555E+10	5.283557E-1	6.238342E+8	5.500097E-1	1.107559E+11	5.519521E-1	1.117352E+11	5.491929E-1	1.246014E+11	5.516076E-1	1.256533E+11	5.552990E-3	-1.440398E-2	2.606834E-2	1.995697E-2	2.816519E-3	-1.327710E+10	-1.322171E+10	1.723351E+7	-5.538169E+7	-1.250122E+11
5.406090E+2	4.463817E-1	1.215132E+10	4.791238E-1	5.818679E+8	4.368738E-1	1.201786E+10	4.673282E-1	5.758645E+8	4.525604E-1	9.750617E+10	4.443340E-1	9.699927E+10	4.507933E-1	1.095240E+11	4.445630E-1	1.091506E+11	3.274210E-2	3.045441E-2	1.179563E-2	2.287692E-3	3.456084E-2	-1.156946E+10	-1.144200E+10	6.003351E+6	-1.274579E+8	-1.085687E+11
5.408160E+2	4.685291E-1	1.253313E+10	4.754073E-1	5.789460E+8	4.703041E-1	1.259490E+10	4.832196E-1	5.883557E+8	4.741390E-1	1.004401E+11	4.751178E-1	1.012144E+11	4.737070E-1	1.130350E+11	4.743811E-1	1.137476E+11	6.878140E-3	1.291556E-2	-7.812370E-3	-6.037423E-3	1.026199E-3	-1.195418E+10	-1.200654E+10	-9.409740E+6	5.236089E+7	-1.131686E+11
5.410130E+2	4.405574E-1	1.205092E+10	4.175796E-1	5.334829E+8	4.295463E-1	1.189138E+10	4.230053E-1	5.410253E+8	4.343892E-1	9.503551E+10	4.344200E-1	9.564178E+10	4.338437E-1	1.069269E+11	4.351063E-1	1.076927E+11	-2.297776E-2	-6.541017E-3	-5.425666E-3	-1.643674E-2	-1.752674E-2	-1.151743E+10	-1.135036E+10	-7.542425E+6	-1.670752E+8	-1.071592E+11
5.415090E+2	5.146707E-1	1.332857E+10	5.238960E-1	6.170671E+8	5.277638E-1	1.358671E+10	5.108327E-1	6.100605E+8	5.238491E-1	1.071990E+11	5.221657E-1	1.076566E+11	5.242901E-1	1.207857E+11	5.213276E-1	1.209851E+11	9.225307E-3	-1.693119E-2	1.306336E-2	2.615649E-2	2.568456E-3	-1.271151E+10	-1.297665E+10	7.006571E+6	2.651378E+8	-1.203681E+11
5.420160E+2	6.909236E-1	1.636704E+10	6.716029E-1	7.331918E+8	6.936917E-1	1.645077E+10	6.981899E-1	7.573294E+8	6.966682E-1	1.306964E+11	7.041539E-1	1.325758E+11	6.963329E-1	1.471471E+11	7.026745E-1	1.489428E+11	-1.932068E-2	4.498195E-3	-2.658699E-2	-2.381887E-2	-3.107152E-2	-1.563385E+10	-1.569344E+10	-2.413765E+7	5.958982E+7	-1.482096E+11
5.424810E+2	8.379036E-1	1.890086E+10	8.274567E-1	8.557214E+8	8.279012E-1	1.876734E+10	8.284915E-1	8.597507E+8	8.256711E-1	1.482363E+11	8.287859E-1	1.496413E+11	8.259223E-1	1.670036E+11	8.298055E-1	1.685422E+11	-1.044699E-2	5.902403E-4	-1.034829E-3	-1.103723E-2	-2.348840E-3	-1.804514E+10	-1.790759E+10	-4.029327E+6	-1.375508E+8	-1.676865E+11
5.430070E+2	1.118415E+0	2.373666E+10	1.111288E+0	1.078865E+9	1.115800E+0	2.373673E+10	1.153130E+0	1.114927E+9	1.113737E+0	1.874033E+11	1.111274E+0	1.883218E+11	1.113970E+0	2.111401E+11	1.112073E+0	2.120584E+11	-7.126631E-3	3.733017E-2	-4.184216E-2	-4.445680E-2	-7.847565E-4	-2.265779E+10	-2.262180E+10	-3.606246E+7	-3.599287E+7	-2.109796E+11
5.435060E+2	1.128127E+0	2.390408E+10	1.124626E+0	1.089351E+9	1.112762E+0	2.368429E+10	1.114194E+0	1.084322E+9	1.111447E+0	1.870919E+11	1.114277E+0	1.887330E+11	1.111595E+0	2.107762E+11	1.115826E+0	2.126370E+11	-3.500244E-3	1.431687E-3	1.043273E-2	-4.931930E-3	8.800494E-3	-2.281473E+10	-2.259997E+10	5.029322E+6	-2.147674E+8	-2.115477E+11
5.440060E+2	1.199739E+0	2.513863E+10	1.190792E+0	1.141370E+9	1.207615E+0	2.532154E+10	1.160208E+0	1.120491E+9	1.195620E+0	1.985366E+11	1.197884E+0	2.001811E+11	1.196972E+0	2.238581E+11	1.198092E+0	2.253197E+11	-8.947356E-3	-4.740752E-2	3.058407E-2	3.846017E-2	-7.299738E-3	-2.399726E+10	-2.420105E+10	2.087891E+7	2.037880E+8	-2.241783E+11
5.445130E+2	1.154427E+0	2.435748E+10	1.193670E+0	1.143632E+9	1.158054E+0	2.446606E+10	1.136093E+0	1.101535E+9	1.151864E+0	1.925872E+11	1.151288E+0	1.938007E+11	1.152561E+0	2.170533E+11	1.151639E+0	2.181582E+11	3.924304E-2	-2.196115E-2	5.757730E-2	6.120419E-2	4.203119E-2	-2.321384E+10	-2.336453E+10	4.209690E+7	1.506803E+8	-2.170145E+11
5.450040E+2	1.073009E+0	2.295389E+10	1.056749E+0	1.035987E+9	1.074502E+0	2.302388E+10	1.040155E+0	1.026125E+9	1.061578E+0	1.803114E+11	1.065465E+0	1.820492E+11	1.063034E+0	2.033353E+11	1.066309E+0	2.050031E+11	-1.625969E-2	-3.434674E-2	1.659402E-2	1.808704E-2	-9.559652E-3	-2.191790E+10	-2.199776E+10	9.862074E+6	7.985061E+7	-2.039671E+11
5.455230E+2	1.094836E+0	2.333018E+10	1.060073E+0	1.038601E+9	1.067103E+0	2.289617E+10	1.085192E+0	1.061526E+9	1.079095E+0	1.826932E+11	1.071458E+0	1.828698E+11	1.077744E+0	2.055894E+11	1.074072E+0	2.062000E+11	-3.476283E-2	1.808909E-2	-2.511899E-2	-5.285192E-2	-1.399866E-2	-2.229158E+10	-2.183465E+10	-2.292522E+7	-4.569297E+8	-2.051614E+11
5.460160E+2	9.381255E-1	2.062861E+10	9.451771E-1	9.482712E+8	9.277796E-1	2.049133E+10	9.026599E-1	9.180495E+8	9.362642E-1	1.632731E+11	9.307290E-1	1.636001E+11	9.353085E-1	1.837645E+11	9.315561E-1	1.842288E+11	7.051571E-3	-2.511967E-2	4.251719E-2	3.217125E-2	1.362101E-2	-1.968034E+10	-1.957328E+10	3.022172E+7	-1.070603E+8	-1.832805E+11
5.465100E+2	1.031896E+0	2.224514E+10	1.012755E+0	1.001400E+9	1.022387E+0	2.212434E+10	1.030390E+0	1.018449E+9	1.027644E+0	1.756977E+11	1.021706E+0	1.760573E+11	1.027052E+0	1.978220E+11	1.022845E+0	1.983025E+11	-1.914115E-2	8.002148E-3	-1.763474E-2	-2.714329E-2	-1.009022E-2	-2.124374E+10	-2.110589E+10	-1.704948E+7	-1.378476E+8	-1.973011E+11
5.470160E+2	1.080117E+0	2.307643E+10	1.079964E+0	1.054238E+9	1.069568E+0	2.293873E+10	1.081058E+0	1.058276E+9	1.077284E+0	1.824469E+11	1.072501E+0	1.830127E+11	1.076414E+0	2.053856E+11	1.073353E+0	2.060891E+11	-1.526712E-4	1.148925E-2	-1.093557E-3	-1.164192E-2	6.611097E-3	-2.202219E+10	-2.188045E+10	-4.037444E+6	-1.417399E+8	-2.050349E+11
5.475120E+2	1.185847E+0	2.489913E+10	1.183613E+0	1.135726E+9	1.176251E+0	2.478016E+10	1.179591E+0	1.135726E+9	1.177139E+0	1.960238E+11	1.177247E+0	1.973553E+11	1.177039E+0	2.208039E+11	1.178209E+0	2.222544E+11	-2.233188E-3	3.339665E-3	4.022905E-3	-5.572853E-3	5.404551E-3	-2.376340E+10	-2.364443E+10	-1.209442E+2	-1.189712E+8	-2.211187E+11
5.480420E+2	1.351313E+0	2.775165E+10	1.324669E+0	1.246621E+9	1.352645E+0	2.782488E+10	1.331643E+0	1.255244E+9	1.347133E+0	2.191371E+11	1.339064E+0	2.195125E+11	1.347754E+0	2.469620E+11	1.340434E+0	2.472642E+11	-2.664473E-2	-2.100219E-2	-6.974026E-3	-5.642546E-3	-1.576539E-2	-2.650503E+10	-2.656963E+10	-8.622815E+6	6.460142E+7	-2.460175E+11
5.485060E+2	1.314661E+0	2.711979E+10	1.293603E+0	1.222198E+9	1.318810E+0	2.724085E+10	1.288946E+0	1.221683E+9	1.309599E+0	2.140337E+11	1.309878E+0	2.155161E+11	1.310637E+0	2.412746E+11	1.310413E+0	2.426359E+11	-2.105782E-2	-2.986349E-2	4.656698E-3	8.805671E-3	-1.681002E-2	-2.589759E+10	-2.601917E+10	5.146332E+5	1.215779E+8	-2.414137E+11
5.490320E+2	1.552279E+0	3.121615E+10	1.494013E+0	1.379757E+9	1.571432E+0	3.160132E+10	1.540274E+0	1.419235E+9	1.548879E+0	2.465675E+11	1.550345E+0	2.484426E+11	1.551420E+0	2.781689E+11	1.550561E+0	2.796588E+11	-5.826661E-2	-3.115706E-2	-4.626182E-2	-2.710955E-2	-5.654835E-2	-2.983639E+10	-3.018209E+10	-3.947879E+7	3.456979E+8	-2.782790E+11
5.495100E+2	1.556789E+0	3.129390E+10	1.560256E+0	1.431836E+9	1.549899E+0	3.122965E+10	1.519414E+0	1.402839E+9	1.532577E+0	2.443510E+11	1.529146E+0	2.455400E+11	1.534528E+0	2.755806E+11	1.532238E+0	2.768339E+11	3.466371E-3	-3.048413E-2	4.084136E-2	3.395050E-2	2.801832E-2	-2.986206E+10	-2.982681E+10	2.899714E+7	-3.525589E+7	-2.754020E+11
5.499880E+2	1.630558E+0	3.256561E+10	1.600019E+0	1.463097E+9	1.638178E+0	3.275343E+10	1.520570E+0	1.403747E+9	1.616308E+0	2.557355E+11	1.621287E+0	2.581566E+11	1.618772E+0	2.884890E+11	1.622324E+0	2.907222E+11	-3.053864E-2	-1.176085E-1	7.944934E-2	8.706983E-2	-2.230440E-2	-3.110251E+10	-3.134969E+10	5.935026E+7	2.471727E+8	-2.892591E+11
5.505170E+2	1.656725E+0	3.301671E+10	1.675897E+0	1.522751E+9	1.651979E+0	3.299165E+10	1.537215E+0	1.416830E+9	1.640688E+0	2.590503E+11	1.649219E+0	2.619812E+11	1.641960E+0	2.920420E+11	1.650058E+0	2.949979E+11	1.917187E-2	-1.147644E-1	1.386819E-1	1.339363E-1	2.583823E-2	-3.149396E+10	-3.157482E+10	1.059204E+8	8.085955E+7	-2.934752E+11
5.510630E+2	1.407998E+0	2.872885E+10	1.370258E+0	1.282463E+9	1.402630E+0	2.868766E+10	1.481784E+0	1.373260E+9	1.395388E+0	2.256981E+11	1.398959E+0	2.277138E+11	1.396204E+0	2.543858E+11	1.399970E+0	2.564426E+11	-3.773994E-2	7.915479E-2	-1.115265E-1	-1.168947E-1	-2.971207E-2	-2.744639E+10	-2.731440E+10	-9.079758E+7	-1.319898E+8	-2.551602E+11
5.515170E+2	1.417688E+0	2.889589E+10	1.411758E+0	1.315089E+9	1.428029E+0	2.912607E+10	1.406568E+0	1.314138E+9	1.402274E+0	2.266343E+11	1.409992E+0	2.292245E+11	1.405176E+0	2.557604E+11	1.410853E+0	2.581204E+11	-5.929749E-3	-2.146069E-2	5.190033E-3	1.553095E-2	9.054602E-4	-2.758080E+10	-2.781193E+10	9.516550E+5	2.311233E+8	-2.568053E+11
5.520040E+2	1.213785E+0	2.538077E+10	1.173851E+0	1.128051E+9	1.216612E+0	2.547683E+10	1.171045E+0	1.129009E+9	1.214347E+0	2.010828E+11	1.215099E+0	2.025383E+11	1.214603E+0	2.265596E+11	1.214952E+0	2.279190E+11	-3.993430E-2	-4.556702E-2	2.805711E-3	5.632716E-3	-4.110146E-2	-2.425272E+10	-2.434782E+10	-9.583457E+5	9.510310E+7	-2.267910E+11
5.525040E+2	1.192135E+0	2.500754E+10	1.164512E+0	1.120709E+9	1.185065E+0	2.493229E+10	1.142274E+0	1.106394E+9	1.178191E+0	1.961667E+11	1.182299E+0	1.980471E+11	1.178965E+0	2.210990E+11	1.183399E+0	2.230546E+11	-2.762330E-2	-4.279105E-2	2.223844E-2	1.516775E-2	-1.888717E-2	-2.388683E+10	-2.382590E+10	1.431501E+7	-6.093507E+7	-2.219339E+11
5.530150E+2	1.108927E+0	2.357309E+10	1.085029E+0	1.058221E+9	1.108062E+0	2.360316E+10	1.109801E+0	1.080869E+9	1.107390E+0	1.865403E+11	1.108478E+0	1.879389E+11	1.107466E+0	2.101435E+11	1.108528E+0	2.115120E+11	-2.389734E-2	1.739180E-3	-2.477152E-2	-2.563652E-2	-2.349905E-2	-2.251487E+10	-2.252229E+10	-2.264833E+7	7.416181E+6	-2.104538E+11
5.535050E+2	9.741916E-1	2.125036E+10	9.458887E-1	9.488307E+8	9.641133E-1	2.111848E+10	9.607575E-1	9.637161E+8	9.673311E-1	1.674971E+11	9.651106E-1	1.683079E+11	9.669686E-1	1.886156E+11	9.661261E-1	1.895583E+11	-2.830291E-2	-3.355765E-3	-1.486880E-2	-2.494715E-2	-2.023736E-2	-2.030153E+10	-2.015476E+10	-1.488543E+7	-1.467678E+8	-1.886095E+11
5.540130E+2	1.004310E+0	2.176957E+10	9.615857E-1	9.611714E+8	9.951947E-1	2.165497E+10	1.018227E+0	1.008889E+9	1.003782E+0	1.724532E+11	1.001108E+0	1.732370E+11	1.002815E+0	1.941082E+11	1.001466E+0	1.950066E+11	-4.272400E-2	2.303214E-2	-5.664113E-2	-6.575614E-2	-3.988058E-2	-2.080840E+10	-2.064608E+10	-4.771749E+7	-1.623198E+8	-1.940454E+11
5.550190E+2	9.677798E-1	2.113983E+10	1.022421E+0	1.008999E+9	9.804768E-1	2.140093E+10	9.747391E-1	9.747061E+8	9.778265E-1	1.689242E+11	9.803506E-1	1.703947E+11	9.781251E-1	1.903251E+11	9.789450E-1	1.915345E+11	5.464149E-2	-5.737694E-3	4.768222E-2	6.037919E-2	4.347638E-2	-2.013083E+10	-2.042622E+10	3.429324E+7	2.953939E+8	-1.905255E+11
5.560300E+2	1.133627E+0	2.399890E+10	1.134913E+0	1.097438E+9	1.140147E+0	2.415697E+10	1.159722E+0	1.120108E+9	1.139738E+0	1.909385E+11	1.141725E+0	1.924914E+11	1.139784E+0	2.150955E+11	1.140820E+0	2.164903E+11	1.286248E-3	1.957492E-2	-2.480851E-2	-1.828868E-2	-5.906705E-3	-2.290146E+10	-2.303686E+10	-2.266989E+7	1.353979E+8	-2.153928E+11
5.570160E+2	1.175786E+0	2.472569E+10	1.159294E+0	1.116607E+9	1.164354E+0	2.457481E+10	1.140841E+0	1.105268E+9	1.168282E+0	1.948196E+11	1.166866E+0	1.959339E+11	1.167840E+0	2.193944E+11	1.167864E+0	2.206595E+11	-1.649140E-2	-2.351264E-2	1.845279E-2	7.021245E-3	-8.569458E-3	-2.360908E+10	-2.346954E+10	1.133857E+7	-1.395375E+8	-2.195429E+11
5.580280E+2	1.094809E+0	2.332972E+10	1.090993E+0	1.062909E+9	1.092048E+0	2.332674E+10	1.120489E+0	1.089270E+9	1.085027E+0	1.834997E+11	1.091367E+0	1.855959E+11	1.085818E+0	2.068264E+11	1.091752E+0	2.089256E+11	-3.816914E-3	2.844091E-2	-2.949625E-2	-3.225782E-2	-7.594088E-4	-2.226681E+10	-2.223747E+10	-2.636123E+7	-2.933881E+7	-2.078627E+11
5.590210E+2	1.130013E+0	2.393660E+10	1.140677E+0	1.101970E+9	1.129036E+0	2.396518E+10	1.138557E+0	1.103473E+9	1.119147E+0	1.881388E+11	1.122677E+0	1.898831E+11	1.120261E+0	2.121040E+11	1.123497E+0	2.138197E+11	1.066376E-2	9.521848E-3	2.119341E-3	1.141914E-3	1.717943E-2	-2.283463E+10	-2.286171E+10	-1.502853E+6	2.707748E+7	-2.127177E+11
5.600070E+2	9.996127E-1	2.168860E+10	9.948589E-1	9.873302E+8	9.925841E-1	2.160991E+10	1.017909E+0	1.008639E+9	9.998723E-1	1.719216E+11	1.006395E+0	1.739609E+11	9.990513E-1	1.935315E+11	1.005637E+0	1.956495E+11	-4.753823E-3	2.532517E-2	-2.305034E-2	-3.007900E-2	-1.077789E-2	-2.070127E+10	-2.060127E+10	-2.130901E+7	-1.000008E+8	-1.946622E+11
5.609950E+2	1.035525E+0	2.230769E+10	1.031237E+0	1.015930E+9	1.039601E+0	2.242147E+10	1.025230E+0	1.014393E+9	1.041334E+0	1.775589E+11	1.039641E+0	1.785132E+11	1.041138E+0	1.999804E+11	1.039181E+0	2.008209E+11	-4.287186E-3	-1.437158E-2	6.007839E-3	1.008439E-2	-7.943308E-3	-2.129176E+10	-2.140707E+10	1.537144E+6	1.153084E+8	-1.998050E+11
5.620340E+2	9.685911E-1	2.115381E+10	9.498186E-1	9.519203E+8	9.766364E-1	2.133464E+10	9.503289E-1	9.555189E+8	9.764698E-1	1.687397E+11	9.759421E-1	1.697911E+11	9.764886E-1	1.900743E+11	9.751201E-1	1.909449E+11	-1.877247E-2	-2.630744E-2	-5.103427E-4	7.534964E-3	-2.530148E-2	-2.020189E+10	-2.037912E+10	-3.598628E+6	1.772280E+8	-1.899930E+11
5.630300E+2	8.933285E-1	1.985634E+10	9.259723E-1	9.331727E+8	8.999595E-1	2.001113E+10	8.735102E-1	8.951368E+8	8.954545E-1	1.577244E+11	8.911725E-1	1.581838E+11	8.959620E-1	1.777355E+11	8.914136E-1	1.780401E+11	3.264379E-2	-2.644939E-2	5.246214E-2	5.909318E-2	3.455874E-2	-1.892317E+10	-1.911599E+10	3.803588E+7	1.928219E+8	-1.771069E+11
5.640290E+2	9.652874E-1	2.109686E+10	9.606106E-1	9.604048E+8	9.754869E-1	2.131480E+10	9.525759E-1	9.572851E+8	9.728197E-1	1.682434E+11	9.786084E-1	1.701562E+11	9.731202E-1	1.895582E+11	9.771188E-1	1.912530E+11	-4.676787E-3	-2.291096E-2	8.034688E-3	1.823418E-2	-1.650820E-2	-2.013645E+10	-2.035751E+10	3.119672E+6	2.210578E+8	-1.902926E+11
5.650210E+2	9.514365E-1	2.085808E+10	9.571124E-1	9.576545E+8	9.446318E-1	2.078221E+10	9.912653E-1	9.876963E+8	9.509800E-1	1.652740E+11	9.451758E-1	1.655783E+11	9.502648E-1	1.860562E+11	9.458759E-1	1.864364E+11	5.675865E-3	4.663353E-2	-3.415294E-2	-4.095766E-2	1.123653E-2	-1.990043E+10	-1.979452E+10	-3.004171E+7	-1.059109E+8	-1.854787E+11
5.660150E+2	1.101210E+0	2.344006E+10	1.082534E+0	1.056259E+9	1.088297E+0	2.326200E+10	1.089936E+0	1.065255E+9	1.083716E+0	1.833214E+11	1.084143E+0	1.846068E+11	1.084232E+0	2.065834E+11	1.086052E+0	2.080469E+11	-1.867611E-2	1.639062E-3	-7.402235E-3	-2.031517E-2	-3.517685E-3	-2.238380E+10	-2.219675E+10	-8.995884E+6	-1.870564E+8	-2.069906E+11
5.670200E+2	1.085009E+0	2.316077E+10	1.097856E+0	1.068305E+9	1.082803E+0	2.316717E+10	1.099245E+0	1.072571E+9	1.079354E+0	1.827284E+11	1.078922E+0	1.838918E+11	1.079743E+0	2.058956E+11	1.079602E+0	2.070526E+11	1.284672E-2	1.644161E-2	-1.388816E-3	-3.594885E-3	1.825329E-2	-2.209246E+10	-2.209460E+10	-4.266831E+6	2.131937E+6	-2.059843E+11
