Photon Energy (eV)	X ref norm	X ref	X pump norm	X pump	Y ref norm	Y ref	Y pump norm	Y pump	X all norm	X all	Y all norm	Y all	X all Y ref norm	X all Y ref	Y all X ref norm	Y all X ref	BC(X hist) norm	BC(Y hist) norm	StS norm	BCSC norm	BCLR norm	BC(X hist)	BC(Y hist)	StS	BCSC	BCLR	
5.290170E+2	-1.517007E-2	4.194527E+9	8.191513E-3	2.126271E+8	-8.173526E-3	4.335957E+9	-1.114222E-2	1.994299E+8	-1.098425E-2	3.448015E+10	-1.097812E-2	3.465450E+10	-1.066762E-2	3.881611E+10	-1.144687E-2	3.884903E+10	2.336158E-2	-2.968698E-3	1.933374E-2	2.633028E-2	1.963838E-2	-3.981900E+9	-4.136528E+9	1.319727E+7	1.546273E+8	-3.863640E+10
5.295060E+2	-2.715491E-3	4.409235E+9	5.230944E-3	2.102049E+8	-4.252188E-3	4.403643E+9	-7.052520E-3	2.026468E+8	-2.659096E-3	3.561209E+10	-3.541468E-3	3.567278E+10	-2.838557E-3	4.001573E+10	-3.449106E-3	4.008201E+10	7.946435E-3	-2.800332E-3	1.228346E-2	1.074677E-2	8.680049E-3	-4.199030E+9	-4.200996E+9	7.558152E+6	1.966637E+6	-3.987181E+10
5.300220E+2	-4.874801E-3	4.372010E+9	-8.130493E-3	1.992732E+8	-8.190881E-3	4.335658E+9	3.012491E-2	2.318900E+8	-7.832673E-3	3.490866E+10	-8.672804E-3	3.497016E+10	-7.873025E-3	3.924432E+10	-8.248104E-3	3.934217E+10	-3.255692E-3	3.831579E-2	-3.825540E-2	-4.157148E-2	1.176113E-4	-4.172737E+9	-4.103768E+9	-3.261684E+7	-6.896882E+7	-3.914290E+10
5.305180E+2	7.100326E-3	4.578452E+9	8.090103E-3	2.125442E+8	1.097796E-2	4.666529E+9	1.014959E-2	2.161777E+8	9.422193E-3	3.725472E+10	1.044470E-2	3.758787E+10	9.597450E-3	4.192125E+10	1.007072E-2	4.216632E+10	9.897769E-4	-8.283753E-4	-2.059487E-3	1.818152E-3	-1.980621E-3	-4.365908E+9	-4.450351E+9	-3.633548E+6	8.444358E+7	-4.195378E+10
5.310000E+2	1.320726E-2	4.683731E+9	-8.954722E-4	2.051926E+8	1.301160E-2	4.701631E+9	1.616281E-2	2.209076E+8	1.218517E-2	3.763039E+10	1.342038E-2	3.799532E+10	1.227827E-2	4.233202E+10	1.339655E-2	4.267906E+10	-1.410273E-2	3.151214E-3	-1.705828E-2	-1.725395E-2	-1.429202E-2	-4.478538E+9	-4.480724E+9	-1.571507E+7	2.185504E+6	-4.247386E+10
5.315080E+2	-9.713038E-3	4.288602E+9	-3.178525E-3	2.033247E+8	-8.827357E-3	4.324672E+9	-3.355351E-2	1.818015E+8	-8.082664E-3	3.487467E+10	-6.812167E-3	3.522493E+10	-8.166553E-3	3.919934E+10	-7.136548E-3	3.951353E+10	6.534513E-3	-2.472616E-2	3.037499E-2	3.126067E-2	3.958023E-3	-4.085278E+9	-4.142870E+9	2.152320E+7	5.759258E+7	-3.931021E+10
5.320070E+2	1.314553E-2	4.682666E+9	1.680280E-2	2.196725E+8	7.594512E-3	4.608128E+9	2.560386E-4	2.083956E+8	8.609896E-3	3.714428E+10	7.317030E-3	3.715961E+10	8.495513E-3	4.175241E+10	7.968784E-3	4.184227E+10	3.657263E-3	-7.338473E-3	1.654676E-2	1.099574E-2	8.834012E-3	-4.462994E+9	-4.399732E+9	1.127693E+7	-6.326203E+7	-4.162260E+10
5.325120E+2	-9.797250E-4	4.439158E+9	-2.611087E-2	1.845624E+8	-2.140122E-3	4.440099E+9	-4.945092E-3	2.043044E+8	-6.585734E-4	3.588409E+10	-1.177553E-3	3.599647E+10	-8.254693E-4	4.032419E+10	-1.155432E-3	4.043562E+10	-2.513114E-2	-2.804970E-3	-2.116577E-2	-2.232617E-2	-2.495544E-2	-4.254595E+9	-4.235795E+9	-1.974203E+7	-1.880072E+7	-4.025106E+10
5.330130E+2	2.672876E-2	4.916831E+9	1.699471E-2	2.198295E+8	2.960255E-2	4.988005E+9	1.708232E-2	2.216309E+8	3.013931E-2	4.007153E+10	3.035147E-2	4.031366E+10	3.007884E-2	4.505954E+10	2.994637E-2	4.523049E+10	-9.734050E-3	-1.252022E-2	-8.761432E-5	2.786173E-3	-1.295167E-2	-4.697001E+9	-4.766375E+9	-1.801378E+6	6.937326E+7	-4.501066E+10
5.332040E+2	2.799405E-2	4.938643E+9	4.117206E-2	2.396104E+8	3.172500E-2	5.024641E+9	2.707723E-2	2.294928E+8	3.115319E-2	4.020938E+10	3.159278E-2	4.048363E+10	3.121760E-2	4.523403E+10	3.119036E-2	4.542227E+10	1.317801E-2	-4.647767E-3	1.409482E-2	1.782578E-2	9.981696E-3	-4.699033E+9	-4.795148E+9	1.011762E+7	9.611506E+7	-4.518266E+10
5.334110E+2	1.432770E-2	4.703046E+9	9.126916E-3	2.133924E+8	1.595004E-2	4.752351E+9	-2.067561E-3	2.065679E+8	1.659563E-2	3.823006E+10	1.726846E-2	3.852223E+10	1.652290E-2	4.298241E+10	1.693962E-2	4.322528E+10	-5.200787E-3	-1.801760E-2	1.119448E-2	1.281681E-2	-7.812702E-3	-4.489654E+9	-4.545783E+9	6.824568E+6	5.612963E+7	-4.301189E+10
5.336080E+2	4.034894E-2	5.151632E+9	4.687675E-2	2.442777E+8	4.287591E-2	5.217115E+9	3.656867E-2	2.369586E+8	4.576653E-2	4.219629E+10	4.387518E-2	4.216543E+10	4.544090E-2	4.741341E+10	4.348086E-2	4.731706E+10	6.527819E-3	-6.307242E-3	1.030809E-2	1.283506E-2	3.395890E-3	-4.907354E+9	-4.980157E+9	7.319129E+6	7.280225E+7	-4.707278E+10
5.338150E+2	4.259154E-2	5.190293E+9	6.369831E-2	2.580404E+8	4.754270E-2	5.297668E+9	6.164070E-2	2.566799E+8	4.450714E-2	4.202506E+10	4.522165E-2	4.234980E+10	4.484909E-2	4.732273E+10	4.492755E-2	4.754009E+10	2.110676E-2	1.409799E-2	2.057609E-3	7.008770E-3	1.877076E-2	-4.932253E+9	-5.040988E+9	1.360481E+6	1.087358E+8	-4.728205E+10
5.340070E+2	1.054465E-1	6.273864E+9	1.264307E-1	3.093653E+8	1.055006E-1	6.298072E+9	1.262621E-1	3.075102E+8	1.093921E-1	5.084717E+10	1.061258E-1	5.068925E+10	1.089538E-1	5.714524E+10	1.060498E-1	5.696311E+10	2.098426E-2	2.076149E-2	1.686837E-4	2.227723E-4	2.038090E-2	-5.964498E+9	-5.990562E+9	1.855173E+6	2.606322E+7	-5.665375E+10
5.342090E+2	1.805297E-1	7.568240E+9	1.539776E-1	3.319029E+8	1.673767E-1	7.366108E+9	1.491475E-1	3.255116E+8	1.838403E-1	6.096954E+10	1.755432E-1	6.019440E+10	1.819857E-1	6.833565E+10	1.761008E-1	6.776264E+10	-2.655210E-2	-1.822916E-2	4.830025E-3	-8.322933E-3	-2.212322E-2	-7.236337E+9	-7.040597E+9	6.391385E+6	-1.957405E+8	-6.743074E+10
5.344070E+2	3.114474E-1	9.825162E+9	3.209431E-1	4.685069E+8	3.168558E-1	9.946248E+9	3.238422E-1	4.629239E+8	3.288241E-1	8.068232E+10	3.211448E-1	8.013128E+10	3.274759E-1	9.062856E+10	3.200605E-1	8.995644E+10	9.495696E-3	6.986357E-3	-2.899022E-3	2.509339E-3	8.826824E-4	-9.356655E+9	-9.483324E+9	5.583011E+6	1.266695E+8	-8.948794E+10
5.346150E+2	6.416344E-1	1.551733E+10	6.607666E-1	7.465357E+8	6.294087E-1	1.534119E+10	6.411836E-1	7.125403E+8	6.574091E-1	1.253585E+11	6.417121E-1	1.240258E+11	6.542549E-1	1.406997E+11	6.417034E-1	1.395431E+11	1.913216E-2	1.177486E-2	1.958297E-2	7.357304E-3	1.906317E-2	-1.477080E+10	-1.462865E+10	3.399543E+7	-1.421499E+8	-1.387966E+11
5.348120E+2	9.799330E-1	2.134934E+10	9.288757E-1	9.658909E+8	9.849063E-1	2.147739E+10	9.922002E-1	9.886450E+8	9.889721E-1	1.704396E+11	9.764039E-1	1.698543E+11	9.885141E-1	1.919170E+11	9.767986E-1	1.912036E+11	-5.105732E-2	7.293873E-3	-6.332447E-2	-5.835119E-2	-4.792286E-2	-2.038345E+10	-2.048874E+10	-2.275407E+7	1.052921E+8	-1.902378E+11
5.350100E+2	1.612865E+0	3.226059E+10	1.523715E+0	1.452563E+9	1.594861E+0	3.200574E+10	1.564296E+0	1.438648E+9	1.593940E+0	2.526943E+11	1.583623E+0	2.529993E+11	1.594044E+0	2.847000E+11	1.586893E+0	2.852599E+11	-8.914976E-2	-3.056491E-2	-4.058138E-2	-5.858485E-2	-6.317756E-2	-3.080803E+10	-3.056709E+10	1.391469E+7	-2.409378E+8	-2.838073E+11
5.352390E+2	1.887480E+0	3.699476E+10	1.761672E+0	1.647249E+9	1.858874E+0	3.656284E+10	1.850365E+0	1.663665E+9	1.850855E+0	2.876257E+11	1.851854E+0	2.897276E+11	1.851758E+0	3.241886E+11	1.855838E+0	3.267223E+11	-1.258086E-1	-8.509402E-3	-8.869309E-2	-1.172992E-1	-9.416611E-2	-3.534751E+10	-3.489917E+10	-1.641689E+7	-4.483366E+8	-3.250751E+11
5.354110E+2	2.311746E+0	4.430877E+10	2.192594E+0	1.999810E+9	2.303999E+0	4.424607E+10	2.228952E+0	1.961457E+9	2.258661E+0	3.430732E+11	2.265703E+0	3.463949E+11	2.263768E+0	3.873193E+11	2.270852E+0	3.907036E+11	-1.191522E-1	-7.504671E-2	-3.635826E-2	-4.410549E-2	-7.825806E-2	-4.230896E+10	-4.228462E+10	3.835337E+7	-2.433986E+7	-3.887038E+11
5.356310E+2	2.230467E+0	4.290758E+10	2.101064E+0	1.924925E+9	2.232827E+0	4.301759E+10	2.129424E+0	1.883170E+9	2.187465E+0	3.333931E+11	2.191111E+0	3.361811E+11	2.192575E+0	3.764107E+11	2.195512E+0	3.790887E+11	-1.294029E-1	-1.034030E-1	-2.836004E-2	-2.599989E-2	-9.444766E-2	-4.098266E+10	-4.113442E+10	4.175503E+7	1.517646E+8	-3.771638E+11
5.358080E+2	2.320369E+0	4.445742E+10	2.149085E+0	1.964213E+9	2.310237E+0	4.435376E+10	2.281201E+0	2.002555E+9	2.260480E+0	3.433206E+11	2.270724E+0	3.470824E+11	2.266085E+0	3.876744E+11	2.276275E+0	3.915398E+11	-1.712836E-1	-2.903607E-2	-1.321161E-1	-1.422475E-1	-1.271904E-1	-4.249320E+10	-4.235120E+10	-3.834198E+7	-1.420019E+8	-3.895756E+11
5.360070E+2	2.112645E+0	4.087642E+10	2.024222E+0	1.862056E+9	2.127437E+0	4.119847E+10	2.088865E+0	1.851266E+9	2.079138E+0	3.186644E+11	2.084987E+0	3.216498E+11	2.084579E+0	3.598629E+11	2.088080E+0	3.625263E+11	-8.842307E-2	-3.857241E-2	-6.464285E-2	-4.985066E-2	-6.385773E-2	-3.901437E+10	-3.934720E+10	1.078953E+7	3.328367E+8	-3.606642E+11
5.362110E+2	1.748343E+0	3.459613E+10	1.652250E+0	1.557724E+9	1.737662E+0	3.447060E+10	1.676503E+0	1.526908E+9	1.713659E+0	2.689719E+11	1.714737E+0	2.709524E+11	1.716363E+0	3.034425E+11	1.718495E+0	3.055486E+11	-9.609310E-2	-6.115858E-2	-2.425362E-2	-3.493452E-2	-6.624515E-2	-3.303841E+10	-3.294370E+10	3.081579E+7	-9.471036E+7	-3.039908E+11
5.364150E+2	1.646384E+0	3.283844E+10	1.542304E+0	1.467772E+9	1.643067E+0	3.283782E+10	1.643216E+0	1.500725E+9	1.636610E+0	2.584958E+11	1.629686E+0	2.593066E+11	1.637337E+0	2.913337E+11	1.631553E+0	2.921451E+11	-1.040797E-1	1.483695E-4	-1.009113E-1	-1.042281E-1	-8.924904E-2	-3.137067E+10	-3.133710E+10	-3.295312E+7	-3.357450E+7	-2.906773E+11
5.366240E+2	1.358758E+0	2.787999E+10	1.279817E+0	1.253016E+9	1.346150E+0	2.771277E+10	1.403988E+0	1.312552E+9	1.352158E+0	2.198202E+11	1.348817E+0	2.208479E+11	1.351481E+0	2.475330E+11	1.349929E+0	2.487279E+11	-7.894068E-2	5.783811E-2	-1.241712E-1	-1.367788E-1	-7.011176E-2	-2.662697E+10	-2.640022E+10	-5.953590E+7	-2.267504E+8	-2.474749E+11
5.368340E+2	1.356035E+0	2.783304E+10	1.348023E+0	1.308819E+9	1.349476E+0	2.777018E+10	1.323390E+0	1.249154E+9	1.356445E+0	2.204031E+11	1.342710E+0	2.200117E+11	1.355660E+0	2.481733E+11	1.344200E+0	2.478448E+11	-8.011505E-3	-2.608664E-2	2.463377E-2	1.807514E-2	3.822969E-3	-2.652422E+10	-2.652103E+10	5.966535E+7	-3.198503E+6	-2.465360E+11
5.370070E+2	1.274747E+0	2.643170E+10	1.216134E+0	1.200913E+9	1.282776E+0	2.661888E+10	1.247194E+0	1.189219E+9	1.283236E+0	2.104493E+11	1.273911E+0	2.105912E+11	1.283184E+0	2.370682E+11	1.274005E+0	2.370229E+11	-5.861277E-2	-3.558275E-2	-3.105963E-2	-2.303002E-2	-5.787063E-2	-2.523079E+10	-2.542966E+10	1.169389E+7	1.988764E+8	-2.358220E+11
5.372170E+2	1.183361E+0	2.485628E+10	1.188927E+0	1.178654E+9	1.173002E+0	2.472409E+10	1.113813E+0	1.084304E+9	1.186299E+0	1.972691E+11	1.171384E+0	1.965525E+11	1.184801E+0	2.219932E+11	1.172724E+0	2.214088E+11	5.566402E-3	-5.918877E-2	7.511398E-2	6.475517E-2	1.620390E-2	-2.367763E+10	-2.363978E+10	9.434965E+7	-3.784615E+7	-2.202301E+11
5.374110E+2	1.383107E+0	2.829974E+10	1.373085E+0	1.329324E+9	1.391797E+0	2.850068E+10	1.351496E+0	1.271262E+9	1.393506E+0	2.254422E+11	1.382562E+0	2.254686E+11	1.393314E+0	2.539429E+11	1.382623E+0	2.537683E+11	-1.002179E-2	-4.030143E-2	2.158905E-2	3.027965E-2	-9.538066E-3	-2.697042E+10	-2.722942E+10	5.806163E+7	2.589989E+8	-2.524390E+11
5.376110E+2	1.441997E+0	2.931497E+10	1.375943E+0	1.331662E+9	1.443660E+0	2.939588E+10	1.384232E+0	1.297012E+9	1.432343E+0	2.307227E+11	1.430272E+0	2.320014E+11	1.433618E+0	2.601186E+11	1.431583E+0	2.613163E+11	-6.605384E-2	-5.942795E-2	-8.288694E-3	-6.625899E-3	-5.563999E-2	-2.798331E+10	-2.809886E+10	3.465045E+7	1.155564E+8	-2.599847E+11
5.378160E+2	1.802869E+0	3.553613E+10	1.698526E+0	1.595586E+9	1.793137E+0	3.542816E+10	1.730822E+0	1.569634E+9	1.775920E+0	2.774372E+11	1.779222E+0	2.797822E+11	1.777859E+0	3.128653E+11	1.781866E+0	3.153183E+11	-1.043431E-1	-6.231555E-2	-3.229516E-2	-4.202755E-2	-8.333981E-2	-3.394054E+10	-3.385852E+10	2.595140E+7	-8.202230E+7	-3.137227E+11
5.380160E+2	1.945761E+0	3.799946E+10	1.817391E+0	1.692836E+9	1.952344E+0	3.817621E+10	1.908813E+0	1.709640E+9	1.914949E+0	2.963403E+11	1.918121E+0	2.988012E+11	1.919161E+0	3.345165E+11	1.921211E+0	3.368007E+11	-1.283695E-1	-4.353120E-2	-9.142191E-2	-8.483829E-2	-1.038202E-1	-3.630663E+10	-3.646657E+10	-1.680425E+7	1.599436E+8	-3.351079E+11
5.382210E+2	1.930153E+0	3.773040E+10	1.809506E+0	1.686384E+9	1.906722E+0	3.738873E+10	1.876217E+0	1.684000E+9	1.877887E+0	2.913012E+11	1.886154E+0	2.944241E+11	1.881135E+0	3.286900E+11	1.891074E+0	3.321545E+11	-1.206471E-1	-3.050487E-2	-6.671104E-2	-9.014224E-2	-8.156759E-2	-3.604402E+10	-3.570473E+10	2.384041E+6	-3.392880E+8	-3.304681E+11
5.384110E+2	2.045433E+0	3.971775E+10	1.906998E+0	1.766148E+9	2.036356E+0	3.962633E+10	1.912647E+0	1.712656E+9	1.995841E+0	3.073388E+11	2.007989E+0	3.111068E+11	2.000405E+0	3.469651E+11	2.012176E+0	3.508245E+11	-1.384352E-1	-1.237089E-1	-5.648977E-3	-1.472627E-2	-1.051781E-1	-3.795160E+10	-3.791368E+10	5.349248E+7	-3.792324E+7	-3.490583E+11
5.386060E+2	1.783510E+0	3.520239E+10	1.743787E+0	1.632616E+9	1.811339E+0	3.574234E+10	1.792544E+0	1.618184E+9	1.759910E+0	2.752604E+11	1.775507E+0	2.792735E+11	1.765703E+0	3.110027E+11	1.776402E+0	3.144759E+11	-3.972331E-2	-1.879536E-2	-4.875714E-2	-2.092795E-2	-3.261486E-2	-3.356977E+10	-3.412416E+10	1.443153E+7	5.543845E+8	-3.128433E+11
5.388440E+2	1.794686E+0	3.539505E+10	1.744824E+0	1.633464E+9	1.768970E+0	3.501101E+10	1.708633E+0	1.552181E+9	1.751801E+0	2.741578E+11	1.761269E+0	2.773240E+11	1.753735E+0	3.091688E+11	1.765006E+0	3.127191E+11	-4.986191E-2	-6.033747E-2	3.619130E-2	1.047556E-2	-2.018210E-2	-3.376159E+10	-3.345883E+10	8.128354E+7	-3.027540E+8	-3.110856E+11
5.390180E+2	1.563144E+0	3.140344E+10	1.489401E+0	1.424488E+9	1.561146E+0	3.142378E+10	1.561682E+0	1.436592E+9	1.547985E+0	2.464460E+11	1.550713E+0	2.484930E+11	1.549468E+0	2.778698E+11	1.552103E+0	2.798965E+11	-7.374286E-2	5.366819E-4	-7.228150E-2	-7.427954E-2	-6.270231E-2	-2.997895E+10	-2.998719E+10	-1.210349E+7	8.235404E+6	-2.784720E+11
5.392140E+2	1.352037E+0	2.776412E+10	1.280034E+0	1.253194E+9	1.352843E+0	2.782829E+10	1.362397E+0	1.279837E+9	1.337134E+0	2.177775E+11	1.335300E+0	2.189971E+11	1.338904E+0	2.456058E+11	1.337172E+0	2.467612E+11	-7.200208E-2	9.554154E-3	-8.236253E-2	-8.155623E-2	-5.713708E-2	-2.651092E+10	-2.654846E+10	-2.664289E+7	3.753193E+7	-2.455080E+11
5.394040E+2	1.203955E+0	2.521131E+10	1.189737E+0	1.179317E+9	1.230804E+0	2.572179E+10	1.256058E+0	1.196192E+9	1.214437E+0	2.010950E+11	1.218107E+0	2.029502E+11	1.216281E+0	2.268168E+11	1.216525E+0	2.281615E+11	-1.421782E-2	2.525367E-2	-6.632028E-2	-3.947149E-2	-2.678752E-2	-2.403199E+10	-2.452560E+10	-1.687500E+7	4.936108E+8	-2.269822E+11
5.396160E+2	9.673427E-1	2.113229E+10	9.423013E-1	9.768752E+8	9.628300E-1	2.109633E+10	9.855885E-1	9.834443E+8	9.630098E-1	1.669096E+11	9.651608E-1	1.683148E+11	9.629896E-1	1.880059E+11	9.654048E-1	1.894471E+11	-2.504141E-2	2.275843E-2	-4.328716E-2	-4.779985E-2	-2.310347E-2	-2.015542E+10	-2.011288E+10	-6.569151E+6	-4.253150E+7	-1.884702E+11
5.398120E+2	9.157386E-1	2.024268E+10	8.786913E-1	9.248323E+8	9.177762E-1	2.031866E+10	9.304583E-1	9.400797E+8	9.106306E-1	1.597878E+11	9.106857E-1	1.608557E+11	9.114356E-1	1.801065E+11	9.112507E-1	1.810983E+11	-3.704727E-2	1.268207E-2	-5.176698E-2	-4.972934E-2	-3.255939E-2	-1.931784E+10	-1.937858E+10	-1.524745E+7	6.073747E+7	-1.801735E+11
5.400090E+2	7.397184E-1	1.720822E+10	6.910886E-1	7.713439E+8	7.411005E-1	1.726908E+10	7.700205E-1	8.138816E+8	7.422640E-1	1.368958E+11	7.422583E-1	1.377933E+11	7.421329E-1	1.541649E+11	7.419743E-1	1.550015E+11	-4.862977E-2	2.891998E-2	-7.893189E-2	-7.754976E-2	-5.088564E-2	-1.643688E+10	-1.645520E+10	-4.253771E+7	1.832266E+7	-1.542302E+11
5.402050E+2	6.310211E-1	1.533437E+10	6.125523E-1	7.070889E+8	6.293924E-1	1.534090E+10	6.705309E-1	7.356244E+8	6.322848E-1	1.219425E+11	6.314500E-1	1.226206E+11	6.319590E-1	1.372834E+11	6.314021E-1	1.379550E+11	-1.846882E-2	4.113845E-2	-5.797858E-2	-5.960726E-2	-1.884976E-2	-1.462728E+10	-1.460528E+10	-2.853556E+7	-2.199735E+7	-1.372479E+11
5.404170E+2	5.488711E-1	1.391816E+10	5.424355E-1	6.497223E+8	5.427597E-1	1.384555E+10	5.819867E-1	6.659769E+8	5.500097E-1	1.107559E+11	5.519521E-1	1.117352E+11	5.491929E-1	1.246014E+11	5.516076E-1	1.256533E+11	-6.435618E-3	3.922703E-2	-3.955127E-2	-4.566265E-2	-9.172089E-3	-1.326844E+10	-1.317957E+10	-1.625452E+7	-8.886972E+7	-1.250036E+11
5.406090E+2	4.463817E-1	1.215132E+10	4.277174E-1	5.558650E+8	4.368738E-1	1.201786E+10	4.302628E-1	5.466329E+8	4.525604E-1	9.750617E+10	4.443340E-1	9.699927E+10	4.507933E-1	1.095240E+11	4.445630E-1	1.091506E+11	-1.866430E-2	-6.610950E-3	-2.545413E-3	-1.205335E-2	-1.684556E-2	-1.159546E+10	-1.147123E+10	9.232071E+6	-1.242292E+8	-1.085947E+11
5.408160E+2	4.685291E-1	1.253313E+10	4.531828E-1	5.766997E+8	4.703041E-1	1.259490E+10	4.703215E-1	5.781425E+8	4.741390E-1	1.004401E+11	4.751178E-1	1.012144E+11	4.737070E-1	1.130350E+11	4.743811E-1	1.137476E+11	-1.534630E-2	1.739890E-5	-1.713865E-2	-1.536370E-2	-2.119825E-2	-1.195643E+10	-1.201676E+10	-1.442810E+6	6.032782E+7	-1.131709E+11
5.410130E+2	4.405574E-1	1.205092E+10	3.809897E-1	5.176344E+8	4.295463E-1	1.189138E+10	4.647923E-1	5.737933E+8	4.343892E-1	9.503551E+10	4.344200E-1	9.564178E+10	4.338437E-1	1.069269E+11	4.351063E-1	1.076927E+11	-5.956763E-2	3.524600E-2	-8.380255E-2	-9.481363E-2	-5.411660E-2	-1.153328E+10	-1.131759E+10	-5.615888E+7	-2.156917E+8	-1.071751E+11
5.415090E+2	5.146707E-1	1.332857E+10	4.898111E-1	6.066674E+8	5.277638E-1	1.358671E+10	5.609702E-1	6.494455E+8	5.238491E-1	1.071990E+11	5.221657E-1	1.076566E+11	5.242901E-1	1.207857E+11	5.213276E-1	1.209851E+11	-2.485957E-2	3.320635E-2	-7.115906E-2	-5.806593E-2	-3.151642E-2	-1.272191E+10	-1.293726E+10	-4.277814E+7	2.153531E+8	-1.203785E+11
5.420160E+2	6.909236E-1	1.636704E+10	6.979053E-1	7.769210E+8	6.936917E-1	1.645077E+10	7.248974E-1	7.783884E+8	6.966682E-1	1.306964E+11	7.041539E-1	1.325758E+11	6.963329E-1	1.471471E+11	7.026745E-1	1.489428E+11	6.981634E-3	3.120570E-2	-2.699219E-2	-2.422407E-2	-4.769208E-3	-1.559012E+10	-1.567238E+10	-1.467455E+6	8.226001E+7	-1.481659E+11
5.424810E+2	8.379036E-1	1.890086E+10	8.186348E-1	8.756966E+8	8.279012E-1	1.876734E+10	7.770430E-1	8.194054E+8	8.256711E-1	1.482363E+11	8.287859E-1	1.496413E+11	8.259223E-1	1.670036E+11	8.298055E-1	1.685422E+11	-1.926884E-2	-5.085822E-2	4.159179E-2	3.158939E-2	-1.117069E-2	-1.802517E+10	-1.794793E+10	5.629124E+7	-7.723021E+7	-1.676665E+11
5.430070E+2	1.118415E+0	2.373666E+10	1.099603E+0	1.105572E+9	1.115800E+0	2.373673E+10	1.152611E+0	1.114822E+9	1.113737E+0	1.874033E+11	1.111274E+0	1.883218E+11	1.113970E+0	2.111401E+11	1.112073E+0	2.120584E+11	-1.881193E-2	3.681139E-2	-5.300868E-2	-5.562332E-2	-1.247006E-2	-2.263108E+10	-2.262190E+10	-9.249879E+6	-9.180296E+6	-2.109529E+11
5.435060E+2	1.128127E+0	2.390408E+10	1.081990E+0	1.091162E+9	1.112762E+0	2.368429E+10	1.111345E+0	1.082363E+9	1.111447E+0	1.870919E+11	1.114277E+0	1.887330E+11	1.111595E+0	2.107762E+11	1.115826E+0	2.126370E+11	-4.613660E-2	-1.416738E-3	-2.935520E-2	-4.471986E-2	-3.383586E-2	-2.281292E+10	-2.260192E+10	8.799581E+6	-2.109971E+8	-2.115459E+11
5.440060E+2	1.199739E+0	2.513863E+10	1.196583E+0	1.184917E+9	1.207615E+0	2.532154E+10	1.228823E+0	1.174770E+9	1.195620E+0	1.985366E+11	1.197884E+0	2.001811E+11	1.196972E+0	2.238581E+11	1.198092E+0	2.253197E+11	-3.156621E-3	2.120808E-2	-3.224079E-2	-2.436470E-2	-1.509003E-3	-2.395371E+10	-2.414677E+10	1.014756E+7	1.930566E+8	-2.241348E+11
5.445130E+2	1.154427E+0	2.435748E+10	1.110842E+0	1.114768E+9	1.158054E+0	2.446606E+10	1.120333E+0	1.089432E+9	1.151864E+0	1.925872E+11	1.151288E+0	1.938007E+11	1.152561E+0	2.170533E+11	1.151639E+0	2.181582E+11	-4.358443E-2	-3.772071E-2	-9.490604E-3	-5.863713E-3	-4.079627E-2	-2.324271E+10	-2.337663E+10	2.533568E+7	1.339190E+8	-2.170434E+11
5.450040E+2	1.073009E+0	2.295389E+10	1.045335E+0	1.061173E+9	1.074502E+0	2.302388E+10	1.041752E+0	1.027621E+9	1.061578E+0	1.803114E+11	1.065465E+0	1.820492E+11	1.063034E+0	2.033353E+11	1.066309E+0	2.050031E+11	-2.767412E-2	-3.275013E-2	3.582990E-3	5.076009E-3	-2.097408E-2	-2.189272E+10	-2.199626E+10	3.355107E+7	1.035396E+8	-2.039420E+11
5.455230E+2	1.094836E+0	2.333018E+10	1.037143E+0	1.054471E+9	1.067103E+0	2.289617E+10	1.043864E+0	1.029283E+9	1.079095E+0	1.826932E+11	1.071458E+0	1.828698E+11	1.077744E+0	2.055894E+11	1.074072E+0	2.062000E+11	-5.769267E-2	-2.323890E-2	-6.720833E-3	-3.445376E-2	-3.692850E-2	-2.227571E+10	-2.186689E+10	2.518763E+7	-4.088169E+8	-2.051455E+11
5.460160E+2	9.381255E-1	2.062861E+10	9.590701E-1	9.905947E+8	9.277796E-1	2.049133E+10	9.187623E-1	9.308798E+8	9.362642E-1	1.632731E+11	9.307290E-1	1.636001E+11	9.353085E-1	1.837645E+11	9.315561E-1	1.842288E+11	2.094456E-2	-9.017323E-3	4.030783E-2	2.996188E-2	2.751400E-2	-1.963802E+10	-1.956045E+10	5.971490E+7	-7.756708E+7	-1.832382E+11
5.465100E+2	1.031896E+0	2.224514E+10	9.395312E-1	9.746088E+8	1.022387E+0	2.212434E+10	1.023323E+0	1.013125E+9	1.027644E+0	1.756977E+11	1.021706E+0	1.760573E+11	1.027052E+0	1.978220E+11	1.022845E+0	1.983025E+11	-9.236479E-2	9.350895E-4	-8.379133E-2	-9.329988E-2	-8.331386E-2	-2.127053E+10	-2.111122E+10	-3.851662E+7	-1.593147E+8	-1.973279E+11
5.470160E+2	1.080117E+0	2.307643E+10	1.020562E+0	1.040905E+9	1.069568E+0	2.293873E+10	1.067993E+0	1.048263E+9	1.077284E+0	1.824469E+11	1.072501E+0	1.830127E+11	1.076414E+0	2.053856E+11	1.073353E+0	2.060891E+11	-5.955468E-2	-1.574949E-3	-4.743136E-2	-5.797973E-2	-5.279091E-2	-2.203552E+10	-2.189046E+10	-7.358193E+6	-1.450607E+8	-2.050482E+11
5.475120E+2	1.185847E+0	2.489913E+10	1.238509E+0	1.219220E+9	1.176251E+0	2.478016E+10	1.224388E+0	1.171281E+9	1.177139E+0	1.960238E+11	1.177247E+0	1.973553E+11	1.177039E+0	2.208039E+11	1.178209E+0	2.222544E+11	5.266285E-2	4.813763E-2	1.412097E-2	4.525215E-3	6.030059E-2	-2.367991E+10	-2.360888E+10	4.793873E+7	-7.103233E+7	-2.210352E+11
5.480420E+2	1.351313E+0	2.775165E+10	1.315841E+0	1.282489E+9	1.352645E+0	2.782488E+10	1.321887E+0	1.247972E+9	1.347133E+0	2.191371E+11	1.339064E+0	2.195125E+11	1.347754E+0	2.469620E+11	1.340434E+0	2.472642E+11	-3.547283E-2	-3.075814E-2	-6.046163E-3	-4.714683E-3	-2.459349E-2	-2.646916E+10	-2.657690E+10	3.451692E+7	1.077412E+8	-2.459817E+11
5.485060E+2	1.314661E+0	2.711979E+10	1.332888E+0	1.296436E+9	1.318810E+0	2.724085E+10	1.363146E+0	1.280426E+9	1.309599E+0	2.140337E+11	1.309878E+0	2.155161E+11	1.310637E+0	2.412746E+11	1.310413E+0	2.426359E+11	1.822699E-2	4.433587E-2	-3.025786E-2	-2.610888E-2	2.247478E-2	-2.582335E+10	-2.596043E+10	1.601053E+7	1.370738E+8	-2.413395E+11
5.490320E+2	1.552279E+0	3.121615E+10	1.530776E+0	1.458339E+9	1.571432E+0	3.160132E+10	1.646377E+0	1.503212E+9	1.548879E+0	2.465675E+11	1.550345E+0	2.484426E+11	1.551420E+0	2.781689E+11	1.550561E+0	2.796588E+11	-2.150377E-2	7.494588E-2	-1.156019E-1	-9.644965E-2	-1.978551E-2	-2.975781E+10	-3.009811E+10	-4.487251E+7	3.403042E+8	-2.782004E+11
5.495100E+2	1.556789E+0	3.129390E+10	1.366754E+0	1.324144E+9	1.549899E+0	3.122965E+10	1.555699E+0	1.431885E+9	1.532577E+0	2.443510E+11	1.529146E+0	2.455400E+11	1.534528E+0	2.755806E+11	1.532238E+0	2.768339E+11	-1.900359E-1	5.800567E-3	-1.889456E-1	-1.958365E-1	-1.654839E-1	-2.996976E+10	-2.979776E+10	-1.077419E+8	-1.719949E+8	-2.755097E+11
5.499880E+2	1.630558E+0	3.256561E+10	1.637837E+0	1.545932E+9	1.638178E+0	3.275343E+10	1.636900E+0	1.495757E+9	1.616308E+0	2.557355E+11	1.621287E+0	2.581566E+11	1.618772E+0	2.884890E+11	1.622324E+0	2.907222E+11	7.279351E-3	-1.278311E-3	9.371698E-4	8.557662E-3	1.551360E-2	-3.101968E+10	-3.125768E+10	5.017551E+7	2.379980E+8	-2.891762E+11
5.505170E+2	1.656725E+0	3.301671E+10	1.554629E+0	1.477855E+9	1.651979E+0	3.299165E+10	1.594022E+0	1.462030E+9	1.640688E+0	2.590503E+11	1.649219E+0	2.619812E+11	1.641960E+0	2.920420E+11	1.650058E+0	2.949979E+11	-1.020960E-1	-5.795700E-2	-3.939335E-2	-4.413895E-2	-9.542960E-2	-3.153885E+10	-3.152962E+10	1.582515E+7	-9.235732E+6	-2.935201E+11
5.510630E+2	1.407998E+0	2.872885E+10	1.426623E+0	1.373126E+9	1.402630E+0	2.868766E+10	1.486822E+0	1.377708E+9	1.395388E+0	2.256981E+11	1.398959E+0	2.277138E+11	1.396204E+0	2.543858E+11	1.399970E+0	2.564426E+11	1.862463E-2	8.419227E-2	-6.019938E-2	-6.556764E-2	2.665251E-2	-2.735572E+10	-2.730995E+10	-4.581804E+6	-4.577407E+7	-2.550695E+11
5.515170E+2	1.417688E+0	2.889589E+10	1.338204E+0	1.300786E+9	1.428029E+0	2.912607E+10	1.407134E+0	1.315026E+9	1.402274E+0	2.266343E+11	1.409992E+0	2.292245E+11	1.405176E+0	2.557604E+11	1.410853E+0	2.581204E+11	-7.948374E-2	-2.089432E-2	-6.893033E-2	-5.858942E-2	-7.264853E-2	-2.759511E+10	-2.781104E+10	-1.424087E+7	2.159308E+8	-2.568196E+11
5.520040E+2	1.213785E+0	2.538077E+10	1.214465E+0	1.199548E+9	1.216612E+0	2.547683E+10	1.242061E+0	1.185182E+9	1.214347E+0	2.010828E+11	1.215099E+0	2.025383E+11	1.214603E+0	2.265596E+11	1.214952E+0	2.279190E+11	6.796784E-4	2.544880E-2	-2.759613E-2	-2.476913E-2	-4.874787E-4	-2.418122E+10	-2.429165E+10	1.436553E+7	1.104270E+8	-2.267195E+11
5.525040E+2	1.192135E+0	2.500754E+10	1.141223E+0	1.139624E+9	1.185065E+0	2.493229E+10	1.183493E+0	1.139113E+9	1.178191E+0	1.961667E+11	1.182299E+0	1.980471E+11	1.178965E+0	2.210990E+11	1.183399E+0	2.230546E+11	-5.091276E-2	-1.571404E-3	-4.227066E-2	-4.934136E-2	-4.217663E-2	-2.386792E+10	-2.379318E+10	5.104552E+5	-7.473963E+7	-2.219150E+11
5.530150E+2	1.108927E+0	2.357309E+10	1.018296E+0	1.039051E+9	1.108062E+0	2.360316E+10	1.165760E+0	1.125165E+9	1.107390E+0	1.865403E+11	1.108478E+0	1.879389E+11	1.107466E+0	2.101435E+11	1.108528E+0	2.115120E+11	-9.063103E-2	5.769859E-2	-1.474646E-1	-1.483296E-1	-9.023274E-2	-2.253404E+10	-2.247799E+10	-8.611451E+7	-5.604999E+7	-2.104730E+11
5.535050E+2	9.741916E-1	2.125036E+10	9.420016E-1	9.766300E+8	9.641133E-1	2.111848E+10	9.991318E-1	9.940973E+8	9.673311E-1	1.674971E+11	9.651106E-1	1.683079E+11	9.669686E-1	1.886156E+11	9.661261E-1	1.895583E+11	-3.219004E-2	3.501850E-2	-5.713019E-2	-6.720854E-2	-2.412449E-2	-2.027373E+10	-2.012438E+10	-1.746735E+7	-1.493497E+8	-1.885817E+11
5.540130E+2	1.004310E+0	2.176957E+10	1.009407E+0	1.031778E+9	9.951947E-1	2.165497E+10	1.009956E+0	1.002611E+9	1.003782E+0	1.724532E+11	1.001108E+0	1.732370E+11	1.002815E+0	1.941082E+11	1.001466E+0	1.950066E+11	5.097205E-3	1.476081E-2	-5.485961E-4	-9.663605E-3	7.940627E-3	-2.073780E+10	-2.065236E+10	2.916697E+7	-8.543539E+7	-1.939748E+11
5.550190E+2	9.677798E-1	2.113983E+10	9.553512E-1	9.875520E+8	9.804768E-1	2.140093E+10	9.809611E-1	9.798045E+8	9.778265E-1	1.689242E+11	9.803506E-1	1.703947E+11	9.781251E-1	1.903251E+11	9.789450E-1	1.915345E+11	-1.242868E-2	4.842812E-4	-2.560992E-2	-1.291296E-2	-2.359378E-2	-2.015228E+10	-2.042112E+10	7.747512E+6	2.688482E+8	-1.905470E+11
5.560300E+2	1.133627E+0	2.399890E+10	1.089239E+0	1.097094E+9	1.140147E+0	2.415697E+10	1.175148E+0	1.132549E+9	1.139738E+0	1.909385E+11	1.141725E+0	1.924914E+11	1.139784E+0	2.150955E+11	1.140820E+0	2.164903E+11	-4.438734E-2	3.500089E-2	-8.590806E-2	-7.938823E-2	-5.158029E-2	-2.290181E+10	-2.302442E+10	-3.545524E+7	1.226126E+8	-2.153932E+11
5.570160E+2	1.175786E+0	2.472569E+10	1.173435E+0	1.165979E+9	1.164354E+0	2.457481E+10	1.161142E+0	1.121533E+9	1.168282E+0	1.948196E+11	1.166866E+0	1.959339E+11	1.167840E+0	2.193944E+11	1.167864E+0	2.206595E+11	-2.350251E-3	-3.211657E-3	1.229295E-2	8.614057E-4	5.571691E-3	-2.355971E+10	-2.345328E+10	4.444641E+7	-1.064297E+8	-2.194936E+11
5.580280E+2	1.094809E+0	2.332972E+10	1.016609E+0	1.037671E+9	1.092048E+0	2.332674E+10	1.110328E+0	1.081563E+9	1.085027E+0	1.834997E+11	1.091367E+0	1.855959E+11	1.085818E+0	2.068264E+11	1.091752E+0	2.089256E+11	-7.820018E-2	1.828054E-2	-9.371915E-2	-9.648072E-2	-7.514268E-2	-2.229205E+10	-2.224518E+10	-4.389231E+7	-4.686989E+7	-2.078880E+11
5.590210E+2	1.130013E+0	2.393660E+10	1.089275E+0	1.097123E+9	1.129036E+0	2.396518E+10	1.080623E+0	1.058197E+9	1.119147E+0	1.881388E+11	1.122677E+0	1.898831E+11	1.120261E+0	2.121040E+11	1.123497E+0	2.138197E+11	-4.073772E-2	-4.841257E-2	8.652284E-3	7.674857E-3	-3.422204E-2	-2.283948E+10	-2.290698E+10	3.892573E+7	6.750607E+7	-2.127226E+11
5.600070E+2	9.996127E-1	2.168860E+10	1.003327E+0	1.026804E+9	9.925841E-1	2.160991E+10	1.024620E+0	1.014146E+9	9.998723E-1	1.719216E+11	1.006395E+0	1.739609E+11	9.990513E-1	1.935315E+11	1.005637E+0	1.956495E+11	3.714661E-3	3.203560E-2	-2.129228E-2	-2.832094E-2	-2.309404E-3	-2.066180E+10	-2.059576E+10	1.265834E+7	-6.603343E+7	-1.946227E+11
5.609950E+2	1.035525E+0	2.230769E+10	1.086570E+0	1.094910E+9	1.039601E+0	2.242147E+10	1.025414E+0	1.014771E+9	1.041334E+0	1.775589E+11	1.039641E+0	1.785132E+11	1.041138E+0	1.999804E+11	1.039181E+0	2.008209E+11	5.104557E-2	-1.418677E-2	6.115579E-2	6.523234E-2	4.738945E-2	-2.121278E+10	-2.140669E+10	8.013886E+7	1.939101E+8	-1.997260E+11
5.620340E+2	9.685911E-1	2.115381E+10	9.879298E-1	1.014206E+9	9.766364E-1	2.133464E+10	9.368990E-1	9.451459E+8	9.764698E-1	1.687397E+11	9.759421E-1	1.697911E+11	9.764886E-1	1.900743E+11	9.751201E-1	1.909449E+11	1.933870E-2	-3.973732E-2	5.103072E-2	5.907602E-2	1.280970E-2	-2.013961E+10	-2.038949E+10	6.906049E+7	2.498871E+8	-1.899307E+11
5.630300E+2	8.933285E-1	1.985634E+10	8.935661E-1	9.370022E+8	8.999595E-1	2.001113E+10	9.182820E-1	9.305020E+8	8.954545E-1	1.577244E+11	8.911725E-1	1.581838E+11	8.959620E-1	1.777355E+11	8.914136E-1	1.780401E+11	2.376055E-4	1.832249E-2	-2.471592E-2	-1.808488E-2	2.152553E-3	-1.891934E+10	-1.908063E+10	6.500133E+6	1.612861E+8	-1.771031E+11
5.640290E+2	9.652874E-1	2.109686E+10	9.877419E-1	1.014053E+9	9.754869E-1	2.131480E+10	9.915109E-1	9.881029E+8	9.728197E-1	1.682434E+11	9.786084E-1	1.701562E+11	9.731202E-1	1.895582E+11	9.771188E-1	1.912530E+11	2.245451E-2	1.602407E-2	-3.769041E-3	6.430448E-3	1.062310E-2	-2.008281E+10	-2.032669E+10	2.594984E+7	2.438880E+8	-1.902390E+11
5.650210E+2	9.514365E-1	2.085808E+10	9.556659E-1	9.878096E+8	9.446318E-1	2.078221E+10	8.952787E-1	9.124079E+8	9.509800E-1	1.652740E+11	9.451758E-1	1.655783E+11	9.502648E-1	1.860562E+11	9.458759E-1	1.864364E+11	4.229417E-3	-4.935314E-2	6.038728E-2	5.358256E-2	9.790081E-3	-1.987027E+10	-1.986980E+10	7.540165E+7	-4.675717E+5	-1.854486E+11
5.660150E+2	1.101210E+0	2.344006E+10	1.061624E+0	1.074500E+9	1.088297E+0	2.326200E+10	1.105870E+0	1.078056E+9	1.083716E+0	1.833214E+11	1.084143E+0	1.846068E+11	1.084232E+0	2.065834E+11	1.086052E+0	2.080469E+11	-3.958617E-2	1.757291E-2	-4.424614E-2	-5.715908E-2	-2.442774E-2	-2.236556E+10	-2.218395E+10	-3.556392E+6	-1.816169E+8	-2.069724E+11
5.670200E+2	1.085009E+0	2.316077E+10	1.023575E+0	1.043370E+9	1.082803E+0	2.316717E+10	1.102125E+0	1.075110E+9	1.079354E+0	1.827284E+11	1.078922E+0	1.838918E+11	1.079743E+0	2.058956E+11	1.079602E+0	2.070526E+11	-6.143430E-2	1.932217E-2	-7.855040E-2	-8.075647E-2	-5.602774E-2	-2.211740E+10	-2.209206E+10	-3.174088E+7	-2.534211E+7	-2.060092E+11
