Photon Energy (eV)	X ref norm	X ref	X pump norm	X pump	Y ref norm	Y ref	Y pump norm	Y pump	X all norm	X all	Y all norm	Y all	X all Y ref norm	X all Y ref	Y all X ref norm	Y all X ref	BC(X hist) norm	BC(Y hist) norm	StS norm	BCSC norm	BCLR norm	BC(X hist)	BC(Y hist)	StS	BCSC	BCLR	
2.790010E+2	-1.881258E-3	4.441854E+8	4.139594E-3	3.219525E+7	-1.806431E-3	4.492927E+8	-2.591939E-3	2.700250E+7	-1.873767E-3	4.582253E+9	-1.150690E-3	4.655893E+9	-1.867684E-3	5.031546E+9	-1.216381E-3	5.100078E+9	6.020852E-3	-7.855075E-4	6.731533E-3	6.806360E-3	5.355975E-3	-4.119901E+8	-4.222903E+8	5.192756E+6	1.030012E+7	-5.067883E+9
2.795040E+2	-9.690822E-4	4.545634E+8	-7.139154E-3	2.405639E+7	-1.274815E-4	4.683532E+8	-4.541021E-3	2.559187E+7	-1.614241E-3	4.611920E+9	-8.951469E-4	4.685319E+9	-1.479925E-3	5.080273E+9	-9.017949E-4	5.139883E+9	-6.170072E-3	-4.413539E-3	-2.598133E-3	-1.756532E-3	-6.237359E-3	-4.305070E+8	-4.427614E+8	-1.535487E+6	1.225441E+7	-5.115826E+9
2.800020E+2	6.716216E-4	4.732299E+8	1.054122E-2	3.681474E+7	3.027802E-4	4.732378E+8	1.781413E-3	3.016766E+7	-1.593913E-3	4.614243E+9	-1.840854E-3	4.576419E+9	-1.422562E-3	5.087481E+9	-1.614939E-3	5.049649E+9	9.869603E-3	1.478633E-3	8.759811E-3	8.390970E-3	1.215616E-2	-4.364152E+8	-4.430702E+8	6.647080E+6	6.655019E+6	-5.012834E+9
2.805050E+2	-1.965998E-3	4.432213E+8	-6.430697E-3	2.456762E+7	-3.614864E-3	4.287623E+8	-8.077830E-3	2.303215E+7	-2.506277E-3	4.509951E+9	-3.123269E-3	4.428746E+9	-2.606429E-3	4.938713E+9	-3.019210E-3	4.871968E+9	-4.464699E-3	-4.462965E-3	1.647133E-3	-1.733411E-6	-3.411486E-3	-4.186537E+8	-4.057301E+8	1.535467E+6	-1.292353E+7	-4.847400E+9
2.810050E+2	-2.916559E-3	4.324066E+8	-5.157597E-3	2.548630E+7	-9.839347E-4	4.586302E+8	2.431526E-4	2.905436E+7	-2.839519E-3	4.471858E+9	-3.383256E-3	4.398808E+9	-2.671881E-3	4.930488E+9	-3.341292E-3	4.831215E+9	-2.241038E-3	1.227087E-3	-5.400750E-3	-3.468125E-3	-1.816305E-3	-4.069203E+8	-4.295759E+8	-3.568062E+6	2.265560E+7	-4.805728E+9
2.815020E+2	-3.195264E-3	4.292357E+8	-3.892009E-3	2.639956E+7	-2.832266E-3	4.376468E+8	-2.022049E-3	2.741495E+7	-1.348419E-3	4.642306E+9	-4.826369E-4	4.732821E+9	-1.482473E-3	5.079953E+9	-7.265489E-4	5.162056E+9	-6.967451E-4	8.102166E-4	-1.869960E-3	-1.506962E-3	-3.165460E-3	-4.028362E+8	-4.102319E+8	-1.015387E+6	7.395727E+6	-5.135657E+9
2.820030E+2	1.840407E-3	4.865274E+8	-2.072088E-3	2.771283E+7	1.279182E-3	4.843226E+8	4.771439E-3	3.233165E+7	3.392227E-3	5.184210E+9	2.892375E-3	5.121460E+9	3.201330E-3	5.668532E+9	2.797785E-3	5.607988E+9	-3.912495E-3	3.492257E-3	-6.843527E-3	-7.404752E-3	-4.869873E-3	-4.588145E+8	-4.519909E+8	-4.618818E+6	-6.823621E+6	-5.580275E+9
2.825040E+2	8.416132E-3	5.613405E+8	1.001073E-2	3.643192E+7	7.783015E-3	5.581582E+8	1.043683E-2	3.643191E+7	8.383909E-3	5.754810E+9	7.983478E-3	5.707712E+9	8.329623E-3	6.312968E+9	8.022381E-3	6.269052E+9	1.594594E-3	2.653818E-3	-4.261077E-4	-1.059224E-3	1.988344E-3	-5.249085E+8	-5.217263E+8	9.390194E+0	-3.182271E+6	-6.232620E+9
2.830060E+2	1.215983E-2	6.039331E+8	2.196394E-2	4.505749E+7	1.098211E-2	5.944763E+8	1.656367E-2	4.086614E+7	1.200663E-2	6.168923E+9	1.293216E-2	6.277562E+9	1.191407E-2	6.763400E+9	1.286271E-2	6.881496E+9	9.804115E-3	5.581560E-3	5.400270E-3	4.222555E-3	9.101232E-3	-5.588756E+8	-5.536102E+8	4.191354E+6	-5.265398E+6	-6.836438E+9
2.835020E+2	1.716704E-2	6.609010E+8	7.780340E-3	3.482245E+7	1.682272E-2	6.607826E+8	2.671861E-2	4.821566E+7	1.959167E-2	7.035970E+9	1.816046E-2	6.879613E+9	1.934152E-2	7.696752E+9	1.807114E-2	7.540514E+9	-9.386701E-3	9.895897E-3	-1.893827E-2	-1.928260E-2	-1.029080E-2	-6.260785E+8	-6.125669E+8	-1.339321E+7	-1.351162E+7	-7.505692E+9
2.840030E+2	4.775309E-2	1.008883E+9	4.696781E-2	6.310056E+7	5.263754E-2	1.067375E+9	5.865755E-2	7.133109E+7	5.139515E-2	1.067143E+10	5.275943E-2	1.086376E+10	5.150739E-2	1.173881E+10	5.230927E-2	1.187264E+10	-7.852728E-4	6.020011E-3	-1.168974E-2	-6.805284E-3	-5.341461E-3	-9.457829E+8	-9.960440E+8	-8.230527E+6	5.026110E+7	-1.180954E+10
2.841030E+2	6.299177E-2	1.182256E+9	5.886690E-2	7.168707E+7	6.411219E-2	1.197643E+9	6.448295E-2	7.554714E+7	6.387024E-2	1.209746E+10	6.553565E-2	1.233497E+10	6.389210E-2	1.329510E+10	6.530691E-2	1.351722E+10	-4.124869E-3	3.707543E-4	-5.616049E-3	-4.495624E-3	-6.440011E-3	-1.110569E+9	-1.122095E+9	-3.860076E+6	1.152602E+7	-1.344554E+10
2.842030E+2	7.225023E-2	1.287591E+9	6.496457E-2	7.608721E+7	6.804231E-2	1.242260E+9	6.986728E-2	7.944399E+7	7.549247E-2	1.342600E+10	7.483090E-2	1.340533E+10	7.481941E-2	1.466826E+10	7.459886E-2	1.469293E+10	-7.285658E-3	1.824970E-3	-4.902709E-3	-9.110628E-3	-9.634288E-3	-1.211504E+9	-1.162816E+9	-3.356775E+6	-4.868855E+7	-1.461684E+10
2.843040E+2	7.882312E-2	1.362372E+9	7.452751E-2	8.298793E+7	7.766863E-2	1.351544E+9	7.712015E-2	8.469317E+7	8.031005E-2	1.397670E+10	7.979597E-2	1.397707E+10	8.007142E-2	1.532824E+10	7.970849E-2	1.533944E+10	-4.295615E-3	-5.484852E-4	-2.592641E-3	-3.747129E-3	-5.180986E-3	-1.279384E+9	-1.266851E+9	-1.705233E+6	-1.253380E+7	-1.525646E+10
2.844010E+2	9.584487E-2	1.556032E+9	9.810653E-2	1.000028E+8	9.157911E-2	1.509464E+9	1.037694E-1	1.039802E+8	9.889163E-2	1.610076E+10	9.709645E-2	1.596926E+10	9.823100E-2	1.761022E+10	9.698391E-2	1.752529E+10	2.261661E-3	1.219028E-2	-5.662852E-3	-9.928614E-3	1.122623E-3	-1.456029E+9	-1.405484E+9	-3.977420E+6	-5.054472E+7	-1.742529E+10
2.845040E+2	1.896045E-1	2.622751E+9	1.967507E-1	1.711855E+8	1.804261E-1	2.518112E+9	1.823882E-1	1.608797E+8	1.911010E-1	2.664122E+10	1.857713E-1	2.618036E+10	1.901366E-1	2.915933E+10	1.861160E-1	2.880311E+10	7.146157E-3	1.962103E-3	1.436247E-2	5.184054E-3	1.063471E-2	-2.451565E+9	-2.357232E+9	1.030583E+7	-9.433331E+7	-2.863192E+10
2.846040E+2	3.549650E-1	4.504084E+9	3.801617E-1	3.035369E+8	3.496465E-1	4.439208E+9	3.297806E-1	2.675531E+8	3.772879E-1	4.792428E+10	3.593118E-1	4.616391E+10	3.747908E-1	5.236349E+10	3.589209E-1	5.066799E+10	2.519664E-2	-1.986596E-2	5.038110E-2	4.506260E-2	2.124075E-2	-4.200547E+9	-4.171655E+9	3.598373E+7	-2.889211E+7	-5.036445E+10
2.847030E+2	7.279323E-1	8.747393E+9	7.348497E-1	5.594836E+8	7.361731E-1	8.827302E+9	7.179885E-1	5.485140E+8	7.701798E-1	9.283580E+10	7.359097E-1	8.952996E+10	7.671076E-1	1.016631E+11	7.351924E-1	9.827735E+10	6.917408E-3	-1.818459E-2	1.686115E-2	2.510200E-2	-3.427352E-4	-8.187910E+9	-8.278788E+9	1.096958E+7	9.087776E+7	-9.771787E+10
2.848050E+2	1.229462E+0	1.445338E+10	1.205218E+0	8.989066E+8	1.240078E+0	1.454795E+10	1.225475E+0	9.158009E+8	1.250409E+0	1.477309E+11	1.237994E+0	1.473460E+11	1.249476E+0	1.622788E+11	1.237226E+0	1.617994E+11	-2.424353E-2	-1.460346E-2	-2.025635E-2	-9.640068E-3	-3.200825E-2	-1.355447E+10	-1.363215E+10	-1.689434E+7	7.767695E+7	-1.609004E+11
2.849040E+2	1.425379E+0	1.668236E+10	1.393230E+0	1.034578E+9	1.417216E+0	1.655893E+10	1.461788E+0	1.086830E+9	1.414884E+0	1.665320E+11	1.420320E+0	1.683413E+11	1.415095E+0	1.830909E+11	1.420775E+0	1.850236E+11	-3.214879E-2	4.457147E-2	-6.855785E-2	-7.672026E-2	-2.754515E-2	-1.564778E+10	-1.547210E+10	-5.225192E+7	-1.756747E+8	-1.839891E+11
2.850030E+2	1.404112E+0	1.644041E+10	1.313771E+0	9.772395E+8	1.394840E+0	1.630490E+10	1.348852E+0	1.005094E+9	1.387810E+0	1.634372E+11	1.390957E+0	1.649600E+11	1.388445E+0	1.797421E+11	1.392140E+0	1.814004E+11	-9.034136E-2	-4.598774E-2	-3.508112E-2	-4.435362E-2	-7.836874E-2	-1.546317E+10	-1.529981E+10	-2.785451E+7	-1.633579E+8	-1.804232E+11
2.851050E+2	1.252973E+0	1.472087E+10	1.268645E+0	9.446762E+8	1.241268E+0	1.456146E+10	1.227804E+0	9.174867E+8	1.249194E+0	1.475919E+11	1.246908E+0	1.483725E+11	1.248477E+0	1.621534E+11	1.247453E+0	1.630933E+11	1.567177E-2	-1.346411E-2	4.084136E-2	2.913587E-2	2.119201E-2	-1.377620E+10	-1.364397E+10	2.718947E+7	-1.322268E+8	-1.621487E+11
2.852020E+2	9.959364E-1	1.179652E+10	9.804715E-1	7.367269E+8	1.016105E+0	1.200527E+10	9.995206E-1	7.522694E+8	1.012504E+0	1.205359E+11	1.013919E+0	1.215433E+11	1.012829E+0	1.325411E+11	1.012302E+0	1.333398E+11	-1.546496E-2	-1.658481E-2	-1.904909E-2	1.119853E-3	-3.183052E-2	-1.105979E+10	-1.125300E+10	-1.554252E+7	1.932058E+8	-1.326031E+11
2.853030E+2	6.777014E-1	8.175909E+9	6.827583E-1	5.218939E+8	6.774613E-1	8.160768E+9	6.499165E-1	4.992477E+8	6.815181E-1	8.270087E+10	6.811685E-1	8.322640E+10	6.811516E-1	9.086164E+10	6.808568E-1	9.140230E+10	5.056920E-3	-2.754480E-2	3.284181E-2	3.260172E-2	1.901528E-3	-7.654015E+9	-7.661520E+9	2.264619E+7	7.505805E+6	-9.088041E+10
2.854050E+2	5.045771E-1	6.206246E+9	4.712779E-1	3.692873E+8	5.118002E-1	6.280079E+9	4.774648E-1	3.744378E+8	5.151817E-1	6.368694E+10	5.143972E-1	6.402233E+10	5.148762E-1	6.996702E+10	5.135142E-1	7.022857E+10	-3.329925E-2	-3.433540E-2	-6.186911E-3	1.036149E-3	-4.223635E-2	-5.836958E+9	-5.905641E+9	-5.150514E+6	6.868286E+7	-6.985929E+10
2.855050E+2	4.644715E-1	5.749957E+9	4.263926E-1	3.368976E+8	4.706247E-1	5.812628E+9	4.575759E-1	3.600435E+8	4.743252E-1	5.901661E+10	4.714325E-1	5.907485E+10	4.739908E-1	6.482924E+10	4.708066E-1	6.482481E+10	-3.807894E-2	-1.304872E-2	-3.118338E-2	-2.503022E-2	-4.441405E-2	-5.413060E+9	-5.452585E+9	-2.314593E+7	3.952528E+7	-6.448791E+10
2.856010E+2	4.153275E-1	5.190838E+9	3.975310E-1	3.160708E+8	4.166691E-1	5.200091E+9	4.060344E-1	3.227409E+8	4.217304E-1	5.300450E+10	4.144688E-1	5.251536E+10	4.212732E-1	5.820459E+10	4.145461E-1	5.770620E+10	-1.779651E-2	-1.063470E-2	-8.503378E-3	-7.161805E-3	-1.701504E-2	-4.874767E+9	-4.877350E+9	-6.670154E+6	2.582494E+6	-5.739013E+10
2.858030E+2	5.256929E-1	6.446483E+9	5.286420E-1	4.106819E+8	5.286608E-1	6.471491E+9	5.268430E-1	4.101747E+8	5.377129E-1	6.626248E+10	5.343793E-1	6.632330E+10	5.368951E-1	7.273397E+10	5.335982E-1	7.276978E+10	2.949077E-3	-1.817727E-3	1.798990E-3	4.766804E-3	-4.956194E-3	-6.035802E+9	-6.061316E+9	5.071617E+5	2.551425E+7	-7.235910E+10
2.860020E+2	8.108534E-1	9.690801E+9	8.223638E-1	6.226347E+8	8.168499E-1	9.743196E+9	8.079138E-1	6.135963E+8	8.312848E-1	9.982072E+10	8.189345E-1	9.909044E+10	8.299808E-1	1.095639E+11	8.182079E-1	1.087812E+11	1.151037E-2	-8.936136E-3	1.445000E-2	2.044651E-2	4.155944E-3	-9.068166E+9	-9.129599E+9	9.038373E+6	6.143308E+7	-1.081586E+11
2.862020E+2	1.192085E+0	1.402813E+10	1.122707E+0	8.393653E+8	1.188983E+0	1.396788E+10	1.168672E+0	8.746910E+8	1.204305E+0	1.424607E+11	1.206014E+0	1.436634E+11	1.202921E+0	1.564286E+11	1.204761E+0	1.576915E+11	-6.937839E-2	-2.031027E-2	-4.596579E-2	-4.906812E-2	-8.205457E-2	-1.318877E+10	-1.309319E+10	-3.532572E+7	-9.557978E+7	-1.568522E+11
2.864190E+2	1.228550E+0	1.444301E+10	1.239698E+0	9.237872E+8	1.238309E+0	1.452786E+10	1.225704E+0	9.159669E+8	1.232841E+0	1.457227E+11	1.237186E+0	1.472530E+11	1.233335E+0	1.602505E+11	1.236409E+0	1.616960E+11	1.114702E-2	-1.260508E-2	1.399360E-2	2.375211E-2	3.288084E-3	-1.351922E+10	-1.361190E+10	7.820304E+6	9.267600E+7	-1.607722E+11
2.866120E+2	1.152896E+0	1.358228E+10	1.211230E+0	9.032449E+8	1.151967E+0	1.354766E+10	1.089266E+0	8.172217E+8	1.169609E+0	1.384946E+11	1.161984E+0	1.385934E+11	1.168016E+0	1.520423E+11	1.161167E+0	1.521756E+11	5.833375E-2	-6.270092E-2	1.219640E-1	1.210347E-1	5.006296E-2	-1.267904E+10	-1.273043E+10	8.602318E+7	5.139934E+7	-1.512724E+11
2.868020E+2	1.291358E+0	1.515758E+10	1.247685E+0	9.295512E+8	1.289848E+0	1.511297E+10	1.260553E+0	9.411885E+8	1.284057E+0	1.515771E+11	1.291385E+0	1.534941E+11	1.284580E+0	1.666901E+11	1.291383E+0	1.686517E+11	-4.367305E-2	-2.929493E-2	-1.286781E-2	-1.437811E-2	-4.369748E-2	-1.422803E+10	-1.417178E+10	-1.163731E+7	-5.625318E+7	-1.677221E+11
2.870090E+2	1.079410E+0	1.274621E+10	1.070964E+0	8.020274E+8	1.087247E+0	1.281291E+10	1.045074E+0	7.852383E+8	1.078433E+0	1.280723E+11	1.081074E+0	1.292763E+11	1.079229E+0	1.408852E+11	1.080924E+0	1.420225E+11	-8.445695E-3	-4.217238E-2	2.589002E-2	3.372669E-2	-9.959899E-3	-1.194418E+10	-1.202767E+10	1.678913E+7	8.348582E+7	-1.412205E+11
2.872050E+2	9.963584E-1	1.180132E+10	9.745612E-1	7.324620E+8	9.969753E-1	1.178809E+10	9.520984E-1	7.179482E+8	1.002519E+0	1.193945E+11	1.002155E+0	1.201887E+11	1.002018E+0	1.311826E+11	1.001634E+0	1.319900E+11	-2.179721E-2	-4.487687E-2	2.246281E-2	2.307966E-2	-2.707250E-2	-1.106886E+10	-1.107014E+10	1.451379E+7	1.284173E+6	-1.312575E+11
2.874000E+2	8.767217E-1	1.044019E+10	8.744318E-1	6.602075E+8	8.846317E-1	1.051270E+10	8.643097E-1	6.544122E+8	8.885163E-1	1.063629E+11	8.894938E-1	1.072155E+11	8.881653E-1	1.168756E+11	8.883453E-1	1.176557E+11	-2.289897E-3	-2.032207E-2	1.012211E-2	1.803218E-2	-1.391356E-2	-9.779987E+9	-9.858285E+9	5.795355E+6	7.829801E+7	-1.169955E+11
2.876030E+2	7.593755E-1	9.105128E+9	7.048182E-1	5.378125E+8	7.655229E-1	9.160499E+9	7.574619E-1	5.770824E+8	7.682894E-1	9.261971E+10	7.708477E-1	9.355314E+10	7.680395E-1	1.017802E+11	7.698161E-1	1.026583E+11	-5.455732E-2	-8.061061E-3	-5.264369E-2	-4.649626E-2	-6.499795E-2	-8.567316E+9	-8.583417E+9	-3.926984E+7	1.610124E+7	-1.021205E+11
2.878030E+2	6.356385E-1	7.697352E+9	6.291497E-1	4.832093E+8	6.455380E-1	7.798355E+9	6.377106E-1	4.904138E+8	6.462414E-1	7.866838E+10	6.448999E-1	7.904998E+10	6.461778E-1	8.646673E+10	6.440671E-1	8.674733E+10	-6.488777E-3	-7.827391E-3	-8.560916E-3	1.338614E-3	-1.491741E-2	-7.214142E+9	-7.307941E+9	-7.204498E+6	9.379845E+7	-8.626412E+10
2.880010E+2	7.318011E-1	8.791410E+9	7.321553E-1	5.575393E+8	7.412059E-1	8.884438E+9	7.104145E-1	5.430324E+8	7.434532E-1	8.978067E+10	7.399655E-1	8.999699E+10	7.432501E-1	9.866511E+10	7.392314E-1	9.878840E+10	3.541706E-4	-3.079141E-2	2.174073E-2	3.114558E-2	-7.076107E-3	-8.233870E+9	-8.341405E+9	1.450684E+7	1.075347E+8	-9.823086E+10
2.882210E+2	8.176889E-1	9.768569E+9	8.124669E-1	6.154930E+8	8.038708E-1	9.595849E+9	8.428297E-1	6.388663E+8	8.234707E-1	9.892749E+10	8.144713E-1	9.857649E+10	8.217000E-1	1.085233E+11	8.147606E-1	1.083451E+11	-5.221961E-3	3.895884E-2	-3.036275E-2	-4.418080E-2	-2.293673E-3	-9.153076E+9	-8.956982E+9	-2.337327E+7	-1.960935E+8	-1.077296E+11
2.884090E+2	8.923688E-1	1.061822E+10	9.040753E-1	6.815986E+8	8.945753E-1	1.062558E+10	8.897219E-1	6.728040E+8	9.128618E-1	1.091458E+11	9.016334E-1	1.086134E+11	9.112097E-1	1.197714E+11	9.008004E-1	1.192316E+11	1.170646E-2	-4.853464E-3	1.435344E-2	1.655992E-2	3.274910E-3	-9.936617E+9	-9.952779E+9	8.794670E+6	1.616279E+7	-1.185500E+11
2.886010E+2	9.726567E-1	1.153166E+10	9.485510E-1	7.136927E+8	9.579174E-1	1.134468E+10	9.401440E-1	7.092964E+8	9.708170E-1	1.157707E+11	9.703434E-1	1.165255E+11	9.696516E-1	1.271153E+11	9.705514E-1	1.280572E+11	-2.410578E-2	-1.777335E-2	8.406939E-3	-6.332431E-3	-2.200044E-2	-1.081797E+10	-1.063539E+10	4.396353E+6	-1.825853E+8	-1.273435E+11
2.887980E+2	1.029955E+0	1.218356E+10	9.938017E-1	7.463462E+8	1.041838E+0	1.229741E+10	1.048326E+0	7.875916E+8	1.033091E+0	1.228892E+11	1.042644E+0	1.248511E+11	1.033881E+0	1.351866E+11	1.041503E+0	1.370346E+11	-3.615365E-2	6.487426E-3	-5.452403E-2	-4.264108E-2	-4.770134E-2	-1.143721E+10	-1.150981E+10	-4.124544E+7	7.260056E+7	-1.362883E+11
2.890110E+2	1.033177E+0	1.222021E+10	1.017264E+0	7.632768E+8	1.043132E+0	1.231210E+10	1.028224E+0	7.730433E+8	1.041415E+0	1.238408E+11	1.045518E+0	1.251820E+11	1.041570E+0	1.361529E+11	1.044408E+0	1.374022E+11	-1.591297E-2	-1.490830E-2	-1.096014E-2	-1.004667E-3	-2.714431E-2	-1.145694E+10	-1.153905E+10	-9.766504E+6	8.211845E+7	-1.366389E+11
2.892050E+2	9.868942E-1	1.169365E+10	9.823088E-1	7.380528E+8	9.774426E-1	1.156634E+10	9.696860E-1	7.306771E+8	9.831895E-1	1.171850E+11	9.807944E-1	1.177289E+11	9.826703E-1	1.287513E+11	9.813429E-1	1.294226E+11	-4.585307E-3	-7.756549E-3	1.262282E-2	3.171242E-3	9.659798E-4	-1.095559E+10	-1.083567E+10	7.375735E+6	-1.199249E+8	-1.286845E+11
2.894040E+2	8.875974E-1	1.056393E+10	8.761405E-1	6.614406E+8	8.773608E-1	1.043015E+10	8.246382E-1	6.257004E+8	8.896349E-1	1.064907E+11	8.883458E-1	1.070833E+11	8.885261E-1	1.169209E+11	8.882785E-1	1.176472E+11	-1.145694E-2	-5.272263E-2	5.150234E-2	4.126569E-2	-1.213798E-2	-9.902490E+9	-9.804453E+9	3.574016E+7	-9.803691E+7	-1.169858E+11
2.896030E+2	7.590736E-1	9.101694E+9	7.689920E-1	5.841211E+8	7.551482E-1	9.042718E+9	7.445785E-1	5.677581E+8	7.715629E-1	9.299391E+10	7.686297E-1	9.329774E+10	7.700800E-1	1.020366E+11	7.677705E-1	1.023994E+11	9.918408E-3	-1.056970E-2	2.441355E-2	2.048811E-2	1.221549E-3	-8.517572E+9	-8.474960E+9	1.636291E+7	-4.261225E+7	-1.018153E+11
2.898030E+2	8.232368E-1	9.831689E+9	8.383070E-1	6.341395E+8	8.285855E-1	9.876425E+9	8.244670E-1	6.255765E+8	8.326857E-1	9.998086E+10	8.290369E-1	1.002537E+11	8.323153E-1	1.098573E+11	8.285153E-1	1.100854E+11	1.507016E-2	-4.118475E-3	1.383998E-2	1.918863E-2	9.791665E-3	-9.197550E+9	-9.250849E+9	8.562964E+6	5.329900E+7	-1.094513E+11
2.900020E+2	8.212508E-1	9.809094E+9	8.458468E-1	6.395803E+8	8.199090E-1	9.777924E+9	8.240842E-1	6.252995E+8	8.269390E-1	9.932395E+10	8.236321E-1	9.963137E+10	8.263039E-1	1.091019E+11	8.234179E-1	1.094405E+11	2.459595E-2	4.175276E-3	2.176255E-2	2.042067E-2	2.242883E-2	-9.169514E+9	-9.152624E+9	1.428079E+7	-1.688951E+7	-1.088009E+11
2.905110E+2	7.680144E-1	9.203414E+9	7.080538E-1	5.401474E+8	7.603110E-1	9.101330E+9	7.698698E-1	5.860624E+8	7.787763E-1	9.381847E+10	7.725243E-1	9.374621E+10	7.771081E-1	1.029198E+11	7.721188E-1	1.029496E+11	-5.996056E-2	9.558784E-3	-6.181597E-2	-6.951934E-2	-6.406497E-2	-8.663267E+9	-8.515268E+9	-4.591505E+7	-1.479990E+8	-1.024095E+11
2.910060E+2	8.204068E-1	9.799492E+9	8.456299E-1	6.394238E+8	8.222190E-1	9.804148E+9	7.580767E-1	5.775273E+8	8.344121E-1	1.001782E+11	8.278595E-1	1.001182E+11	8.333105E-1	1.099823E+11	8.271894E-1	1.099177E+11	2.522307E-2	-6.414230E-2	8.755324E-2	8.936538E-2	1.844055E-2	-9.160068E+9	-9.226621E+9	6.189647E+7	6.655323E+7	-1.092782E+11
2.915070E+2	1.022236E+0	1.209573E+10	1.033642E+0	7.750953E+8	1.028254E+0	1.214319E+10	1.046261E+0	7.860971E+8	1.028074E+0	1.223157E+11	1.029049E+0	1.232856E+11	1.028090E+0	1.344589E+11	1.028436E+0	1.353813E+11	1.140594E-2	1.800672E-2	-1.261887E-2	-6.600774E-3	5.205437E-3	-1.132064E+10	-1.135709E+10	-1.100183E+7	3.645200E+7	-1.346062E+11
2.920030E+2	1.029073E+0	1.217352E+10	9.711332E-1	7.299883E+8	1.002082E+0	1.184607E+10	1.023033E+0	7.692863E+8	1.032014E+0	1.227661E+11	1.023446E+0	1.226404E+11	1.029310E+0	1.346122E+11	1.023952E+0	1.348139E+11	-5.794002E-2	2.095082E-2	-5.189982E-2	-7.889084E-2	-5.281880E-2	-1.144353E+10	-1.107678E+10	-3.929798E+7	-3.667522E+8	-1.340839E+11
2.925020E+2	1.088010E+0	1.284405E+10	1.092050E+0	8.172430E+8	1.101547E+0	1.297526E+10	1.080340E+0	8.107613E+8	1.096458E+0	1.301327E+11	1.096877E+0	1.310961E+11	1.096918E+0	1.431080E+11	1.096080E+0	1.439402E+11	4.040014E-3	-2.120775E-2	1.171008E-2	2.524776E-2	-4.030273E-3	-1.202681E+10	-1.216450E+10	6.481711E+6	1.376889E+8	-1.431230E+11
2.930050E+2	1.083218E+0	1.278954E+10	1.051722E+0	7.881423E+8	1.086197E+0	1.280100E+10	1.125965E+0	8.437820E+8	1.098059E+0	1.303157E+11	1.092094E+0	1.305454E+11	1.096987E+0	1.431167E+11	1.091296E+0	1.433349E+11	-3.149574E-2	3.976740E-2	-7.424263E-2	-7.126315E-2	-3.957383E-2	-1.200140E+10	-1.195722E+10	-5.563975E+7	-4.417829E+7	-1.425468E+11
2.935090E+2	1.051548E+0	1.242922E+10	1.031309E+0	7.734120E+8	1.044812E+0	1.233117E+10	1.006414E+0	7.572588E+8	1.048484E+0	1.246488E+11	1.051045E+0	1.258185E+11	1.048152E+0	1.369799E+11	1.051091E+0	1.382477E+11	-2.023868E-2	-3.839785E-2	2.489480E-2	1.815917E-2	-1.978140E-2	-1.165581E+10	-1.157391E+10	1.615320E+7	-8.190036E+7	-1.374743E+11
2.940070E+2	1.045722E+0	1.236294E+10	1.020128E+0	7.653432E+8	1.043487E+0	1.231612E+10	1.045957E+0	7.858769E+8	1.045429E+0	1.242996E+11	1.047008E+0	1.253535E+11	1.045254E+0	1.366157E+11	1.046892E+0	1.377165E+11	-2.559436E-2	2.469790E-3	-2.582893E-2	-2.806415E-2	-2.676430E-2	-1.159760E+10	-1.153024E+10	-2.053371E+7	-6.735288E+7	-1.369511E+11
2.945030E+2	9.967029E-1	1.180524E+10	9.857877E-1	7.405632E+8	1.002754E+0	1.185370E+10	9.525396E-1	7.182675E+8	1.000180E+0	1.191272E+11	1.000760E+0	1.200280E+11	1.000413E+0	1.309809E+11	1.000395E+0	1.318333E+11	-1.091517E-2	-5.021438E-2	3.324812E-2	3.929921E-2	-1.460738E-2	-1.106468E+10	-1.113543E+10	2.229565E+7	7.075046E+7	-1.310927E+11
2.950050E+2	9.797351E-1	1.161220E+10	9.826414E-1	7.382927E+8	9.869422E-1	1.167419E+10	1.005875E+0	7.568684E+8	9.906711E-1	1.180402E+11	9.842842E-1	1.181308E+11	9.903342E-1	1.297144E+11	9.838752E-1	1.297430E+11	2.906273E-3	1.893286E-2	-2.323366E-2	-1.602659E-2	-1.233794E-3	-1.087390E+10	-1.091732E+10	-1.857567E+7	4.341893E+7	-1.290047E+11
2.955100E+2	9.965607E-1	1.180362E+10	1.012092E+0	7.595445E+8	9.911144E-1	1.172156E+10	9.955405E-1	7.493889E+8	9.966280E-1	1.187211E+11	9.943479E-1	1.192897E+11	9.961299E-1	1.304427E+11	9.945468E-1	1.310933E+11	1.553118E-2	4.426068E-3	1.655132E-2	1.110511E-2	1.754501E-2	-1.104408E+10	-1.097217E+10	1.015558E+7	-7.191066E+7	-1.303337E+11
2.960060E+2	9.654157E-1	1.144928E+10	9.648065E-1	7.254229E+8	9.540027E-1	1.130024E+10	9.254295E-1	6.986469E+8	9.581857E-1	1.143268E+11	9.573493E-1	1.150292E+11	9.578078E-1	1.256270E+11	9.580746E-1	1.264785E+11	-6.091925E-4	-2.857322E-2	3.937708E-2	2.796402E-2	6.731966E-3	-1.072386E+10	-1.060159E+10	2.677605E+7	-1.222656E+8	-1.257530E+11
2.965070E+2	9.577796E-1	1.136240E+10	9.165578E-1	6.906061E+8	9.682711E-1	1.146222E+10	9.422085E-1	7.107905E+8	9.663948E-1	1.152652E+11	9.664060E-1	1.160721E+11	9.665643E-1	1.267274E+11	9.656303E-1	1.274345E+11	-4.122188E-2	-2.606258E-2	-2.565072E-2	-1.515930E-2	-4.907257E-2	-1.067180E+10	-1.075143E+10	-2.018442E+7	7.963482E+7	-1.267439E+11
2.970020E+2	9.722272E-1	1.152678E+10	9.636435E-1	7.245837E+8	9.772053E-1	1.156365E+10	9.492736E-1	7.159038E+8	9.824296E-1	1.170981E+11	9.808020E-1	1.177298E+11	9.819577E-1	1.286618E+11	9.800309E-1	1.292566E+11	-8.583704E-3	-2.793175E-2	1.436992E-2	1.934805E-2	-1.638745E-2	-1.080219E+10	-1.084775E+10	8.679883E+6	4.555426E+7	-1.285320E+11
2.975020E+2	1.005228E+0	1.190223E+10	9.699053E-1	7.291023E+8	1.001516E+0	1.183964E+10	1.006276E+0	7.571583E+8	9.975243E-1	1.188236E+11	9.989434E-1	1.198188E+11	9.978849E-1	1.306632E+11	9.995084E-1	1.317211E+11	-3.532251E-2	4.759945E-3	-3.637030E-2	-4.008245E-2	-2.960316E-2	-1.117313E+10	-1.108248E+10	-2.805606E+7	-9.064889E+7	-1.309920E+11
2.980050E+2	1.001132E+0	1.185564E+10	1.010094E+0	7.581031E+8	1.016338E+0	1.200791E+10	1.029435E+0	7.739194E+8	1.001967E+0	1.193314E+11	1.003770E+0	1.203746E+11	1.003265E+0	1.313393E+11	1.003532E+0	1.322302E+11	8.962003E-3	1.309632E-2	-1.934026E-2	-4.134319E-3	6.561856E-3	-1.109753E+10	-1.123399E+10	-1.581627E+7	1.364615E+8	-1.314721E+11
2.985020E+2	9.763035E-1	1.157315E+10	9.739962E-1	7.320543E+8	9.658645E-1	1.143490E+10	9.564164E-1	7.210733E+8	9.729005E-1	1.160088E+11	9.731987E-1	1.168543E+11	9.722648E-1	1.274437E+11	9.734779E-1	1.284274E+11	-2.307361E-3	-9.448102E-3	1.757981E-2	7.140741E-3	5.182850E-4	-1.084110E+10	-1.071383E+10	1.098098E+7	-1.272704E+8	-1.276954E+11
2.990040E+2	1.026083E+0	1.213950E+10	1.027582E+0	7.707226E+8	1.020187E+0	1.205161E+10	1.022517E+0	7.689129E+8	1.031157E+0	1.226681E+11	1.027441E+0	1.231004E+11	1.030166E+0	1.347197E+11	1.027319E+0	1.352399E+11	1.499508E-3	2.329581E-3	5.065221E-3	-8.300723E-4	2.632135E-4	-1.136878E+10	-1.128270E+10	1.809708E+6	-8.607915E+7	-1.344692E+11
2.995040E+2	1.011219E+0	1.197039E+10	1.037354E+0	7.777742E+8	1.012185E+0	1.196076E+10	1.006253E+0	7.571417E+8	1.014550E+0	1.207698E+11	1.013562E+0	1.215022E+11	1.014336E+0	1.327306E+11	1.013351E+0	1.334726E+11	2.613538E-2	-5.931959E-3	3.110163E-2	3.206734E-2	2.400309E-2	-1.119262E+10	-1.120362E+10	2.063246E+7	1.099878E+7	-1.326948E+11
3.000040E+2	9.800347E-1	1.161560E+10	9.810677E-1	7.371572E+8	9.839096E-1	1.163976E+10	9.791038E-1	7.374931E+8	9.819012E-1	1.170377E+11	9.830853E-1	1.179927E+11	9.820826E-1	1.286775E+11	9.828110E-1	1.296084E+11	1.032974E-3	-4.805787E-3	1.963901E-3	5.838761E-3	-1.743288E-3	-1.087845E+10	-1.090227E+10	-3.358893E+5	2.382192E+7	-1.288712E+11
