Photon Energy (eV)	X ref norm	X ref	X pump norm	X pump	Y ref norm	Y ref	Y pump norm	Y pump	X all norm	X all	Y all norm	Y all	X all Y ref norm	X all Y ref	Y all X ref norm	Y all X ref	BC(X hist) norm	BC(Y hist) norm	StS norm	BCSC norm	BCLR norm	BC(X hist)	BC(Y hist)	StS	BCSC	BCLR	
5.300160E+2	-3.734615E-3	9.455120E+8	-4.747183E-3	7.470946E+8	-5.537873E-3	8.904259E+8	-6.600190E-3	7.355462E+8	-5.324371E-3	6.356224E+9	-5.596160E-3	6.349689E+9	-5.351221E-3	7.246650E+9	-5.363050E-3	7.295201E+9	-1.012568E-3	-1.062317E-3	1.853007E-3	4.974862E-5	6.158666E-4	-1.984175E+8	-1.548798E+8	1.154841E+7	-4.353768E+7	-6.548106E+9
5.305080E+2	-4.302423E-3	9.326183E+8	-4.104868E-3	7.589668E+8	-3.630412E-3	9.337370E+8	-3.786941E-3	7.874556E+8	-4.157733E-3	6.540370E+9	-4.055157E-3	6.594138E+9	-4.091416E-3	7.474107E+9	-4.086120E-3	7.526757E+9	1.975547E-4	-1.565295E-4	-3.179266E-4	3.540842E-4	-1.874761E-5	-1.736515E+8	-1.462814E+8	-2.848877E+7	-2.737009E+7	-6.767790E+9
5.310100E+2	-1.895059E-3	9.872845E+8	-1.490235E-3	8.072945E+8	-2.973622E-3	9.486502E+8	-3.917035E-3	7.850552E+8	-1.939107E-3	6.890565E+9	-2.656256E-3	6.816046E+9	-2.069209E-3	7.839215E+9	-2.560936E-3	7.803330E+9	4.048240E-4	-9.434123E-4	2.426799E-3	1.348236E-3	1.070701E-3	-1.799899E+8	-1.635950E+8	2.223938E+7	-1.639493E+7	-6.996036E+9
5.315180E+2	-8.729631E-4	1.010494E+9	-1.440131E-3	8.082206E+8	1.830698E-4	1.020326E+9	-1.188274E-3	8.354057E+8	-7.299607E-4	7.081420E+9	-3.322210E-4	7.184708E+9	-6.151367E-4	8.101746E+9	-3.999350E-4	8.195202E+9	-5.671678E-4	-1.371344E-3	-2.518569E-4	8.041761E-4	-1.040196E-3	-2.022735E+8	-1.849208E+8	-2.718501E+7	-1.735270E+7	-7.386981E+9
5.320070E+2	3.461884E-3	1.108929E+9	3.024122E-3	8.907359E+8	2.866591E-3	1.081259E+9	5.239519E-3	9.540099E+8	3.495492E-3	7.748379E+9	3.407218E-3	7.777895E+9	3.416401E-3	8.829638E+9	3.414063E-3	8.886824E+9	-4.377618E-4	2.372928E-3	-2.215396E-3	-2.810690E-3	-3.899407E-4	-2.181934E+8	-1.272489E+8	-6.327400E+7	-9.094454E+7	-7.996089E+9
5.325070E+2	7.343176E-3	1.197065E+9	8.758295E-3	9.967238E+8	9.092247E-3	1.222619E+9	1.025292E-2	1.046516E+9	8.655679E-3	8.562879E+9	9.232577E-3	8.701972E+9	8.710582E-3	9.785499E+9	8.995978E-3	9.899037E+9	1.415119E-3	1.160674E-3	-1.494626E-3	2.544447E-4	-2.376833E-4	-2.003415E+8	-1.761033E+8	-4.979235E+7	-2.423826E+7	-8.902314E+9
5.330280E+2	2.194768E-2	1.528703E+9	2.248442E-2	1.250431E+9	2.082780E-2	1.489088E+9	1.862935E-2	1.201076E+9	2.171025E-2	1.062345E+10	1.964683E-2	1.035399E+10	2.159927E-2	1.211254E+10	1.993495E-2	1.188269E+10	5.367391E-4	-2.198455E-3	3.855073E-3	2.735194E-3	2.549472E-3	-2.782715E+8	-2.880123E+8	4.935520E+7	9.740866E+6	-1.063226E+10
5.331580E+2	2.469772E-2	1.591150E+9	2.819153E-2	1.355919E+9	2.527944E-2	1.590168E+9	2.397890E-2	1.299785E+9	2.587642E-2	1.128106E+10	2.509441E-2	1.121814E+10	2.580134E-2	1.287122E+10	2.504474E-2	1.280929E+10	3.493815E-3	-1.300539E-3	4.212633E-3	4.794354E-3	3.146795E-3	-2.352313E+8	-2.903830E+8	5.613411E+7	5.515170E+7	-1.145337E+10
5.333130E+2	3.265408E-2	1.771822E+9	3.557798E-2	1.492447E+9	3.383047E-2	1.784329E+9	3.187004E-2	1.445390E+9	3.422236E-2	1.259841E+10	3.434641E-2	1.268578E+10	3.417308E-2	1.438273E+10	3.413449E-2	1.445760E+10	2.923896E-3	-1.960434E-3	3.707938E-3	4.884330E-3	1.443488E-3	-2.793758E+8	-3.389383E+8	4.705624E+7	5.956252E+7	-1.296516E+10
5.334630E+2	4.170251E-2	1.977293E+9	4.708948E-2	1.705220E+9	4.334967E-2	2.000473E+9	4.435330E-2	1.675729E+9	4.636056E-2	1.451434E+10	4.482500E-2	1.434800E+10	4.598191E-2	1.651481E+10	4.443399E-2	1.632529E+10	5.386974E-3	1.003628E-3	2.736185E-3	4.383346E-3	2.655496E-3	-2.720730E+8	-3.247441E+8	2.949136E+7	5.267108E+7	-1.462007E+10
5.336030E+2	5.679648E-2	2.320045E+9	5.988036E-2	1.941641E+9	5.578656E-2	2.282867E+9	5.922386E-2	1.950117E+9	5.925829E-2	1.655016E+10	5.852962E-2	1.652196E+10	5.882168E-2	1.883302E+10	5.831259E-2	1.884201E+10	3.083883E-3	3.437300E-3	6.565008E-4	-3.534173E-4	1.567772E-3	-3.784043E+8	-3.327494E+8	-8.476185E+6	-4.565498E+7	-1.690037E+10
5.337580E+2	7.885830E-2	2.821023E+9	8.370024E-2	2.381917E+9	7.919190E-2	2.814311E+9	7.873554E-2	2.310142E+9	8.332668E-2	2.034919E+10	7.978970E-2	1.989445E+10	8.280668E-2	2.316350E+10	7.967307E-2	2.271548E+10	4.841935E-3	-4.563570E-4	4.964697E-3	5.298292E-3	4.027167E-3	-4.391059E+8	-5.041688E+8	7.177441E+7	6.506285E+7	-2.033356E+10
5.339090E+2	1.112120E-1	3.555707E+9	1.207082E-1	3.065955E+9	1.129573E-1	3.580993E+9	1.128087E-1	2.938853E+9	1.204987E-1	2.621654E+10	1.139323E-1	2.531049E+10	1.195503E-1	2.979753E+10	1.135916E-1	2.886620E+10	9.496201E-3	-1.486254E-4	7.899508E-3	9.644826E-3	7.116572E-3	-4.897515E+8	-6.421404E+8	1.271026E+8	1.523889E+8	-2.580024E+10
5.340740E+2	1.816962E-1	5.156255E+9	1.915836E-1	4.375985E+9	1.817280E-1	5.142510E+9	1.832028E-1	4.237749E+9	1.951054E-1	3.799270E+10	1.845120E-1	3.650655E+10	1.934230E-1	4.313521E+10	1.841594E-1	4.166280E+10	9.887408E-3	1.474755E-3	8.380860E-3	8.412653E-3	7.424267E-3	-7.802699E+8	-9.047608E+8	1.382359E+8	1.244909E+8	-3.728682E+10
5.342090E+2	3.007457E-1	7.859617E+9	3.256932E-1	6.854807E+9	3.039414E-1	7.917503E+9	2.975163E-1	6.347038E+9	3.261161E-1	5.867184E+10	3.021887E-1	5.517361E+10	3.233274E-1	6.658934E+10	3.020080E-1	6.303323E+10	2.494753E-2	-6.425073E-3	2.817690E-2	3.137261E-2	2.368526E-2	-1.004811E+9	-1.570465E+9	5.077684E+8	5.656545E+8	-5.617842E+10
5.343600E+2	5.559594E-1	1.365498E+10	5.798789E-1	1.155306E+10	5.554010E-1	1.362718E+10	5.548568E-1	1.109543E+10	5.862042E-1	9.972496E+10	5.564465E-1	9.550654E+10	5.823303E-1	1.133521E+11	5.563855E-1	1.091615E+11	2.391946E-2	-5.441738E-4	2.502208E-2	2.446363E-2	2.349343E-2	-2.101922E+9	-2.531749E+9	4.576313E+8	4.298265E+8	-9.760846E+10
5.345050E+2	8.946362E-1	2.134562E+10	9.254211E-1	1.793991E+10	8.954671E-1	2.134876E+10	8.974692E-1	1.741724E+10	9.283901E-1	1.537367E+11	8.972563E-1	1.495692E+11	9.242497E-1	1.750854E+11	8.969282E-1	1.709148E+11	3.078491E-2	2.002119E-3	2.795189E-2	2.878279E-2	2.849290E-2	-3.405710E+9	-3.931525E+9	5.226686E+8	5.258154E+8	-1.529749E+11
5.346620E+2	1.320882E+0	3.102477E+10	1.312994E+0	2.510363E+10	1.318968E+0	3.096483E+10	1.297375E+0	2.479621E+10	1.330879E+0	2.172669E+11	1.306124E+0	2.144280E+11	1.329381E+0	2.482317E+11	1.307972E+0	2.454528E+11	-7.888628E-3	-2.159297E-2	1.561894E-2	1.370434E-2	5.021372E-3	-5.921143E+9	-6.168617E+9	3.074161E+8	2.474740E+8	-2.203491E+11
5.348070E+2	1.701534E+0	3.966856E+10	1.653966E+0	3.140600E+10	1.706435E+0	3.976272E+10	1.662311E+0	3.152994E+10	1.683558E+0	2.729348E+11	1.674972E+0	2.729382E+11	1.686435E+0	3.126975E+11	1.678298E+0	3.126068E+11	-4.756786E-2	-4.412401E-2	-8.345504E-3	-3.443855E-3	-2.433202E-2	-8.262556E+9	-8.232777E+9	-1.239388E+8	-2.977920E+7	-2.812008E+11
5.349530E+2	1.977776E+0	4.594144E+10	1.922454E+0	3.636862E+10	1.969343E+0	4.573233E+10	1.914665E+0	3.618632E+10	1.928973E+0	3.116719E+11	1.930588E+0	3.134867E+11	1.934050E+0	3.574042E+11	1.936497E+0	3.594282E+11	-5.532194E-2	-5.467781E-2	7.789061E-3	-6.441320E-4	-1.404314E-2	-9.572821E+9	-9.546014E+9	1.823020E+8	-2.680659E+7	-3.230596E+11
5.351140E+2	2.068337E+0	4.799788E+10	1.985141E+0	3.752729E+10	2.070335E+0	4.802547E+10	2.000264E+0	3.776576E+10	2.010736E+0	3.245776E+11	2.022411E+0	3.280525E+11	2.018232E+0	3.726031E+11	2.028162E+0	3.760504E+11	-8.319590E-2	-7.007155E-2	-1.512257E-2	-1.312435E-2	-4.302066E-2	-1.047059E+10	-1.025971E+10	-2.384670E+8	-2.108777E+8	-3.385231E+11
5.352600E+2	1.941517E+0	4.511808E+10	1.871557E+0	3.542785E+10	1.933189E+0	4.491142E+10	1.880184E+0	3.555008E+10	1.884791E+0	3.046981E+11	1.892189E+0	3.073955E+11	1.890878E+0	3.496095E+11	1.898366E+0	3.525136E+11	-6.996060E-2	-5.300478E-2	-8.627444E-3	-1.695582E-2	-2.680959E-2	-9.690226E+9	-9.361332E+9	-1.222287E+8	-3.288936E+8	-3.170857E+11
5.354010E+2	1.710073E+0	3.986246E+10	1.656101E+0	3.144547E+10	1.705510E+0	3.974170E+10	1.681452E+0	3.188312E+10	1.668881E+0	2.706181E+11	1.681604E+0	2.739904E+11	1.673488E+0	3.103598E+11	1.685169E+0	3.138528E+11	-5.397135E-2	-2.405751E-2	-2.535080E-2	-2.991384E-2	-2.906774E-2	-8.416987E+9	-7.858577E+9	-4.376490E+8	-5.584109E+8	-2.824074E+11
5.355580E+2	1.453580E+0	3.403805E+10	1.408128E+0	2.686205E+10	1.457672E+0	3.411425E+10	1.426360E+0	2.717622E+10	1.428805E+0	2.327237E+11	1.438945E+0	2.354973E+11	1.432435E+0	2.668380E+11	1.440777E+0	2.695353E+11	-4.545158E-2	-3.131133E-2	-1.823192E-2	-1.414025E-2	-3.264914E-2	-7.175999E+9	-6.938032E+9	-3.141704E+8	-2.379666E+8	-2.426733E+11
5.357040E+2	1.239598E+0	2.917897E+10	1.220341E+0	2.339108E+10	1.242251E+0	2.922288E+10	1.225524E+0	2.347044E+10	1.224728E+0	2.005116E+11	1.230960E+0	2.025046E+11	1.226932E+0	2.297345E+11	1.232041E+0	2.316836E+11	-1.925688E-2	-1.672622E-2	-5.183266E-3	-2.530661E-3	-1.170026E-2	-5.787896E+9	-5.752435E+9	-7.936510E+7	-3.546082E+7	-2.082925E+11
5.358600E+2	1.059918E+0	2.509881E+10	1.047304E+0	2.019274E+10	1.055719E+0	2.498747E+10	1.052941E+0	2.028596E+10	1.054181E+0	1.735919E+11	1.058359E+0	1.751249E+11	1.054375E+0	1.985794E+11	1.058554E+0	2.002237E+11	-1.261320E-2	-2.778811E-3	-5.636216E-3	-9.834390E-3	-1.124963E-2	-4.906066E+9	-4.701511E+9	-9.321982E+7	-2.045545E+8	-1.800310E+11
5.360170E+2	8.804404E-1	2.102326E+10	8.762083E-1	1.703028E+10	8.889019E-1	2.119969E+10	8.865246E-1	1.721529E+10	8.826183E-1	1.465119E+11	8.890426E-1	1.482663E+11	8.834085E-1	1.677116E+11	8.879654E-1	1.692895E+11	-4.232165E-3	-2.377326E-3	-1.031633E-2	-1.854840E-3	-1.175715E-2	-3.992982E+9	-3.984403E+9	-1.850116E+8	-8.578815E+6	-1.522593E+11
5.362680E+2	6.929779E-1	1.676638E+10	6.927689E-1	1.363967E+10	6.926043E-1	1.674253E+10	6.940606E-1	1.366399E+10	6.945271E-1	1.168230E+11	6.943220E-1	1.173777E+11	6.942853E-1	1.335655E+11	6.941537E-1	1.341441E+11	-2.090575E-4	1.456307E-3	-1.291749E-3	-1.665365E-3	-1.384787E-3	-3.126716E+9	-3.078547E+9	-2.431945E+7	-4.816830E+7	-1.205044E+11
5.365250E+2	5.586804E-1	1.371677E+10	5.643389E-1	1.126583E+10	5.556026E-1	1.363176E+10	5.630697E-1	1.124697E+10	5.634191E-1	9.612850E+10	5.607346E-1	9.618677E+10	5.624361E-1	1.097603E+11	5.604774E-1	1.099035E+11	5.658560E-3	7.467081E-3	1.269262E-3	-1.808521E-3	3.861562E-3	-2.450943E+9	-2.384785E+9	1.885584E+7	-6.615817E+7	-9.863771E+10
5.367710E+2	4.874693E-1	1.209972E+10	4.958466E-1	9.999845E+9	4.859639E-1	1.205053E+10	4.927146E-1	9.948794E+9	4.942874E-1	8.521654E+10	4.892109E-1	8.484096E+10	4.932407E-1	9.726707E+10	4.889928E-1	9.694067E+10	8.377337E-3	6.750669E-3	3.131990E-3	1.626668E-3	6.853785E-3	-2.099870E+9	-2.101737E+9	5.105066E+7	1.866294E+6	-8.694083E+10
5.370170E+2	4.682504E-1	1.166330E+10	4.788572E-1	9.685821E+9	4.740230E-1	1.177940E+10	4.692031E-1	9.514965E+9	4.791059E-1	8.282023E+10	4.767464E-1	8.286371E+10	4.784666E-1	9.459963E+10	4.756825E-1	9.452700E+10	1.060680E-2	-4.819873E-3	9.654125E-3	1.542668E-2	3.174751E-3	-1.977475E+9	-2.264433E+9	1.708560E+8	2.869577E+8	-8.484118E+10
5.372640E+2	4.942773E-1	1.225431E+10	5.113536E-1	1.028647E+10	4.971531E-1	1.230459E+10	4.943368E-1	9.978726E+9	5.036499E-1	8.669433E+10	4.983841E-1	8.629610E+10	5.028328E-1	9.899893E+10	4.978698E-1	9.855041E+10	1.707631E-2	-2.816326E-3	1.701679E-2	1.989263E-2	1.348374E-2	-1.967842E+9	-2.325867E+9	3.077425E+8	3.580256E+8	-8.826394E+10
5.375160E+2	5.633464E-1	1.382273E+10	5.633256E-1	1.124710E+10	5.601166E-1	1.373425E+10	5.629611E-1	1.124497E+10	5.691186E-1	9.702813E+10	5.642624E-1	9.674637E+10	5.679865E-1	1.107624E+11	5.641477E-1	1.105691E+11	-2.083594E-5	2.844576E-3	3.644404E-4	-2.865412E-3	-8.220893E-4	-2.575629E+9	-2.489282E+9	2.128081E+6	-8.634704E+7	-9.932200E+10
5.377630E+2	6.655984E-1	1.614465E+10	6.640389E-1	1.310864E+10	6.581725E-1	1.596072E+10	6.597166E-1	1.303028E+10	6.693313E-1	1.128460E+11	6.606538E-1	1.120370E+11	6.679279E-1	1.288067E+11	6.612730E-1	1.281816E+11	-1.559441E-3	1.544061E-3	4.322351E-3	-3.103502E-3	2.765914E-3	-3.036015E+9	-2.930443E+9	7.835801E+7	-1.055717E+8	-1.150730E+11
5.380110E+2	7.725588E-1	1.857350E+10	7.747130E-1	1.515429E+10	7.824742E-1	1.878313E+10	7.717032E-1	1.509663E+10	7.822998E-1	1.306773E+11	7.762558E-1	1.303749E+11	7.823217E-1	1.494604E+11	7.757928E-1	1.489484E+11	2.154148E-3	-1.077104E-2	3.009810E-3	1.292519E-2	-1.079856E-3	-3.419212E+9	-3.686502E+9	5.765517E+7	2.672897E+8	-1.337941E+11
5.382690E+2	9.491279E-1	2.258301E+10	9.456275E-1	1.831339E+10	9.471211E-1	2.252163E+10	9.383959E-1	1.817241E+10	9.542262E-1	1.578147E+11	9.473318E-1	1.575127E+11	9.533326E-1	1.803364E+11	9.475567E-1	1.800957E+11	-3.500366E-3	-8.725137E-3	7.231583E-3	5.224772E-3	-1.929219E-3	-4.269615E+9	-4.349216E+9	1.409840E+8	7.960141E+7	-1.617823E+11
5.385060E+2	1.164782E+0	2.748005E+10	1.159530E+0	2.226708E+10	1.166189E+0	2.749580E+10	1.155875E+0	2.218529E+10	1.168267E+0	1.915995E+11	1.162770E+0	1.916876E+11	1.168005E+0	2.190953E+11	1.163022E+0	2.191677E+11	-5.251486E-3	-1.031339E-2	3.654985E-3	5.061905E-3	-3.491474E-3	-5.212977E+9	-5.310513E+9	8.178456E+7	9.753564E+7	-1.969006E+11
5.387700E+2	1.422945E+0	3.334240E+10	1.410330E+0	2.690275E+10	1.426933E+0	3.341629E+10	1.415046E+0	2.696745E+10	1.420686E+0	2.314423E+11	1.416444E+0	2.319280E+11	1.421472E+0	2.648586E+11	1.417258E+0	2.652704E+11	-1.261496E-2	-1.188650E-2	-4.715735E-3	-7.284592E-4	-6.927593E-3	-6.439650E+9	-6.448835E+9	-6.470281E+7	9.184489E+6	-2.383676E+11
5.390340E+2	1.652110E+0	3.854625E+10	1.607308E+0	3.054359E+10	1.640308E+0	3.826121E+10	1.610126E+0	3.056702E+10	1.625431E+0	2.637598E+11	1.620667E+0	2.643239E+11	1.627302E+0	3.020210E+11	1.624605E+0	3.028702E+11	-4.480247E-2	-3.018197E-2	-2.817898E-3	-1.462050E-2	-1.729681E-2	-8.002660E+9	-7.694191E+9	-2.342681E+7	-3.084692E+8	-2.723266E+11
5.392670E+2	1.849156E+0	4.302074E+10	1.794452E+0	3.400268E+10	1.847873E+0	4.297421E+10	1.804390E+0	3.415154E+10	1.811241E+0	2.930887E+11	1.817801E+0	2.955953E+11	1.815848E+0	3.360629E+11	1.821727E+0	3.386160E+11	-5.470380E-2	-4.348294E-2	-9.937990E-3	-1.122086E-2	-2.727560E-2	-9.018058E+9	-8.822672E+9	-1.488601E+8	-1.953864E+8	-3.046133E+11
5.395160E+2	1.980633E+0	4.600631E+10	1.909901E+0	3.613659E+10	1.990208E+0	4.620609E+10	1.916609E+0	3.622219E+10	1.938984E+0	3.132521E+11	1.940312E+0	3.150292E+11	1.945426E+0	3.594581E+11	1.945361E+0	3.610355E+11	-7.073200E-2	-7.359820E-2	-6.708403E-3	2.866202E-3	-3.546030E-2	-9.869721E+9	-9.983894E+9	-8.560087E+7	1.141730E+8	-3.248989E+11
5.397650E+2	1.995181E+0	4.633667E+10	1.931753E+0	3.654050E+10	1.997493E+0	4.637151E+10	1.931959E+0	3.650542E+10	1.947861E+0	3.146532E+11	1.953351E+0	3.170975E+11	1.954103E+0	3.610247E+11	1.958589E+0	3.634342E+11	-6.342790E-2	-6.553375E-2	-2.059789E-4	2.105847E-3	-2.683562E-2	-9.796172E+9	-9.866086E+9	3.507464E+7	6.991330E+7	-3.268937E+11
5.400140E+2	1.960188E+0	4.554206E+10	1.886486E+0	3.570380E+10	1.959167E+0	4.550127E+10	1.889995E+0	3.573111E+10	1.911605E+0	3.089304E+11	1.920935E+0	3.119553E+11	1.917586E+0	3.544316E+11	1.925850E+0	3.574974E+11	-7.370241E-2	-6.917193E-2	-3.509082E-3	-4.530487E-3	-3.936422E-2	-9.838260E+9	-9.770164E+9	-2.731153E+7	-6.809616E+7	-3.217936E+11
5.402740E+2	1.882084E+0	4.376848E+10	1.810527E+0	3.429981E+10	1.877676E+0	4.365092E+10	1.813153E+0	3.431324E+10	1.835325E+0	2.968902E+11	1.842309E+0	2.994829E+11	1.840651E+0	3.405411E+11	1.847290E+0	3.432514E+11	-7.155728E-2	-6.452256E-2	-2.626322E-3	-7.034719E-3	-3.676264E-2	-9.468672E+9	-9.337683E+9	-1.343608E+7	-1.309889E+8	-3.089516E+11
5.405080E+2	1.796892E+0	4.183395E+10	1.744600E+0	3.308124E+10	1.807075E+0	4.204785E+10	1.742537E+0	3.301024E+10	1.767275E+0	2.861489E+11	1.769722E+0	2.879685E+11	1.772280E+0	3.281967E+11	1.773124E+0	3.298024E+11	-5.229244E-2	-6.453783E-2	2.063074E-3	1.224539E-2	-2.852442E-2	-8.752710E+9	-9.037603E+9	7.099728E+7	2.848929E+8	-2.967212E+11
5.407790E+2	1.728226E+0	4.027468E+10	1.673489E+0	3.176686E+10	1.722895E+0	4.013645E+10	1.684565E+0	3.194057E+10	1.693600E+0	2.745198E+11	1.694377E+0	2.760165E+11	1.697284E+0	3.146563E+11	1.698616E+0	3.162912E+11	-5.473696E-2	-3.832952E-2	-1.107648E-2	-1.640744E-2	-2.512682E-2	-8.507823E+9	-8.195883E+9	-1.737099E+8	-3.119403E+8	-2.845244E+11
5.410130E+2	1.697424E+0	3.957523E+10	1.640243E+0	3.115236E+10	1.689641E+0	3.938138E+10	1.657411E+0	3.143952E+10	1.664396E+0	2.699102E+11	1.662589E+0	2.709740E+11	1.667571E+0	3.092916E+11	1.666951E+0	3.105493E+11	-5.718051E-2	-3.223001E-2	-1.716750E-2	-2.495051E-2	-2.670798E-2	-8.422871E+9	-7.941862E+9	-2.871562E+8	-4.810089E+8	-2.793969E+11
5.412690E+2	1.602046E+0	3.740940E+10	1.542554E+0	2.934671E+10	1.590583E+0	3.713216E+10	1.551360E+0	2.948269E+10	1.563410E+0	2.539702E+11	1.572368E+0	2.566622E+11	1.566827E+0	2.911024E+11	1.576084E+0	2.940716E+11	-5.949194E-2	-3.922315E-2	-8.806093E-3	-2.026880E-2	-3.353052E-2	-8.062685E+9	-7.649471E+9	-1.359768E+8	-4.132135E+8	-2.647249E+11
5.415140E+2	1.460824E+0	3.420255E+10	1.430293E+0	2.727173E+10	1.450701E+0	3.395597E+10	1.418607E+0	2.703315E+10	1.430869E+0	2.330496E+11	1.428613E+0	2.338583E+11	1.433363E+0	2.670055E+11	1.432646E+0	2.680608E+11	-3.053094E-2	-3.209412E-2	1.168654E-2	1.563182E-3	-2.353198E-3	-6.930814E+9	-6.922819E+9	2.385825E+8	-7.994606E+6	-2.407891E+11
5.417760E+2	1.262968E+0	2.970965E+10	1.247019E+0	2.388418E+10	1.268304E+0	2.981445E+10	1.247385E+0	2.387381E+10	1.254330E+0	2.051840E+11	1.255906E+0	2.064618E+11	1.256087E+0	2.349985E+11	1.256790E+0	2.361715E+11	-1.594893E-2	-2.091919E-2	-3.659831E-4	4.970263E-3	-9.771406E-3	-5.825475E+9	-5.940643E+9	1.036984E+7	1.151682E+8	-2.122873E+11
5.420270E+2	1.078990E+0	2.553190E+10	1.078715E+0	2.077332E+10	1.076651E+0	2.546274E+10	1.068799E+0	2.057859E+10	1.077764E+0	1.773143E+11	1.074780E+0	1.777298E+11	1.077624E+0	2.027771E+11	1.075307E+0	2.032617E+11	-2.748892E-4	-7.851105E-3	9.915313E-3	7.576216E-3	3.407792E-3	-4.758577E+9	-4.884153E+9	1.947314E+8	1.255757E+8	-1.824884E+11
5.422670E+2	9.622281E-1	2.288049E+10	9.625450E-1	1.862609E+10	9.608562E-1	2.283350E+10	9.506870E-1	1.839920E+10	9.650585E-1	1.595245E+11	9.605681E-1	1.596124E+11	9.645300E-1	1.823580E+11	9.607760E-1	1.824929E+11	3.168522E-4	-1.016920E-2	1.185804E-2	1.048605E-2	1.768985E-3	-4.254399E+9	-4.434296E+9	2.268877E+8	1.798966E+8	-1.638668E+11
5.425190E+2	8.932407E-1	2.131393E+10	9.020393E-1	1.750773E+10	8.972778E-1	2.138988E+10	8.937890E-1	1.734933E+10	9.026627E-1	1.496758E+11	8.949579E-1	1.492046E+11	9.019855E-1	1.710657E+11	8.947428E-1	1.705185E+11	8.798558E-3	-3.488779E-3	8.250237E-3	1.228734E-2	7.296425E-3	-3.806201E+9	-4.040545E+9	1.583952E+8	2.343448E+8	-1.530108E+11
5.427650E+2	9.362196E-1	2.228989E+10	9.205623E-1	1.785010E+10	9.322278E-1	2.218346E+10	9.219075E-1	1.786817E+10	9.352250E-1	1.548155E+11	9.311080E-1	1.549391E+11	9.348481E-1	1.769990E+11	9.317481E-1	1.772290E+11	-1.565728E-2	-1.032027E-2	-1.345191E-3	-5.337005E-3	-1.118581E-2	-4.439789E+9	-4.315288E+9	-1.806907E+7	-1.245007E+8	-1.593789E+11
5.430070E+2	1.040467E+0	2.465714E+10	1.032203E+0	1.991361E+10	1.037498E+0	2.457373E+10	1.022760E+0	1.972907E+10	1.041138E+0	1.715332E+11	1.033360E+0	1.711594E+11	1.040680E+0	1.961069E+11	1.034250E+0	1.958166E+11	-8.264608E-3	-1.473808E-2	9.443257E-3	6.473471E-3	-2.047554E-3	-4.743524E+9	-4.844659E+9	1.845436E+8	1.011351E+8	-1.759029E+11
5.432590E+2	1.180462E+0	2.783611E+10	1.173498E+0	2.252525E+10	1.188086E+0	2.799300E+10	1.163232E+0	2.232104E+10	1.184554E+0	1.941704E+11	1.179413E+0	1.943277E+11	1.184998E+0	2.221634E+11	1.179544E+0	2.221638E+11	-6.964029E-3	-2.485361E-2	1.026577E-2	1.788958E-2	-6.046326E-3	-5.310869E+9	-5.671963E+9	2.042091E+8	3.610941E+8	-1.996386E+11
5.435220E+2	1.368131E+0	3.209768E+10	1.341988E+0	2.563954E+10	1.372799E+0	3.218712E+10	1.342129E+0	2.562200E+10	1.353545E+0	2.208445E+11	1.352293E+0	2.217518E+11	1.355967E+0	2.530317E+11	1.354277E+0	2.538494E+11	-2.614323E-2	-3.066994E-2	-1.414011E-4	4.526710E-3	-1.228892E-2	-6.458146E+9	-6.565119E+9	1.753072E+7	1.069735E+8	-2.282099E+11
5.437640E+2	1.462814E+0	3.424774E+10	1.434976E+0	2.735829E+10	1.472691E+0	3.445528E+10	1.446810E+0	2.755356E+10	1.449802E+0	2.360380E+11	1.456331E+0	2.382552E+11	1.452681E+0	2.704933E+11	1.457143E+0	2.725030E+11	-2.783839E-2	-2.588029E-2	-1.183467E-2	-1.958104E-3	-2.216699E-2	-6.889453E+9	-6.901716E+9	-1.952768E+8	1.226328E+7	-2.451447E+11
5.440120E+2	1.538643E+0	3.596964E+10	1.496232E+0	2.849051E+10	1.548159E+0	3.616886E+10	1.501738E+0	2.856707E+10	1.515987E+0	2.464849E+11	1.521684E+0	2.486222E+11	1.520033E+0	2.826537E+11	1.523808E+0	2.845919E+11	-4.241088E-2	-4.642108E-2	-5.505824E-3	4.010206E-3	-2.757600E-2	-7.479129E+9	-7.601798E+9	-7.655248E+7	1.226681E+8	-2.561014E+11
5.442590E+2	1.547539E+0	3.617166E+10	1.498139E+0	2.852576E+10	1.533479E+0	3.583555E+10	1.496719E+0	2.847446E+10	1.510889E+0	2.456802E+11	1.519159E+0	2.482216E+11	1.513730E+0	2.815158E+11	1.522713E+0	2.843933E+11	-4.940037E-2	-3.676047E-2	1.419757E-3	-1.263991E-2	-2.457393E-2	-7.645901E+9	-7.361091E+9	5.129741E+7	-2.848104E+8	-2.558675E+11
5.445450E+2	1.498604E+0	3.506045E+10	1.450172E+0	2.763917E+10	1.499974E+0	3.507478E+10	1.458462E+0	2.776856E+10	1.475942E+0	2.401641E+11	1.472996E+0	2.408989E+11	1.478965E+0	2.752388E+11	1.476203E+0	2.759593E+11	-4.843160E-2	-4.151208E-2	-8.289901E-3	-6.919522E-3	-2.603082E-2	-7.421277E+9	-7.306224E+9	-1.293869E+8	-1.150521E+8	-2.483202E+11
5.447660E+2	1.438492E+0	3.369543E+10	1.410278E+0	2.690179E+10	1.440320E+0	3.372027E+10	1.407051E+0	2.681993E+10	1.418190E+0	2.310482E+11	1.421620E+0	2.327491E+11	1.420973E+0	2.647684E+11	1.423733E+0	2.664445E+11	-2.821364E-2	-3.326898E-2	3.227054E-3	5.055336E-3	-1.345485E-2	-6.793643E+9	-6.900335E+9	8.185415E+7	1.066917E+8	-2.395428E+11
5.450200E+2	1.350223E+0	3.169104E+10	1.319033E+0	2.521525E+10	1.355780E+0	3.180070E+10	1.321526E+0	2.524184E+10	1.329744E+0	2.170877E+11	1.335633E+0	2.191089E+11	1.333018E+0	2.488884E+11	1.337460E+0	2.508000E+11	-3.119006E-2	-3.425445E-2	-2.492827E-3	3.064395E-3	-1.842683E-2	-6.475781E+9	-6.558857E+9	-2.658651E+7	8.307601E+7	-2.255847E+11
5.452740E+2	1.281315E+0	3.012627E+10	1.256584E+0	2.406097E+10	1.269351E+0	2.983823E+10	1.254801E+0	2.401065E+10	1.262458E+0	2.064670E+11	1.263734E+0	2.077036E+11	1.263325E+0	2.363052E+11	1.265936E+0	2.378299E+11	-2.473088E-2	-1.455002E-2	1.782657E-3	-1.018087E-2	-9.351846E-3	-6.065301E+9	-5.827576E+9	5.031993E+7	-2.377248E+8	-2.137689E+11
5.455340E+2	1.222889E+0	2.879955E+10	1.196482E+0	2.295008E+10	1.221488E+0	2.875143E+10	1.200498E+0	2.300867E+10	1.213453E+0	1.987319E+11	1.210445E+0	1.992503E+11	1.214464E+0	2.274834E+11	1.212003E+0	2.280498E+11	-2.640696E-2	-2.098937E-2	-4.016265E-3	-5.417591E-3	-1.552068E-2	-5.849471E+9	-5.742765E+9	-5.858980E+7	-1.067052E+8	-2.050997E+11
5.457780E+2	1.186233E+0	2.796717E+10	1.183685E+0	2.271354E+10	1.186875E+0	2.796550E+10	1.166895E+0	2.238863E+10	1.182149E+0	1.937908E+11	1.177508E+0	1.940255E+11	1.182744E+0	2.217563E+11	1.178600E+0	2.219927E+11	-2.548033E-3	-1.997932E-2	1.678977E-2	1.743128E-2	5.084657E-3	-5.253625E+9	-5.576871E+9	3.249121E+8	3.232461E+8	-1.992791E+11
5.460110E+2	1.170318E+0	2.760576E+10	1.146725E+0	2.203039E+10	1.158972E+0	2.733194E+10	1.138759E+0	2.186947E+10	1.157364E+0	1.898787E+11	1.150832E+0	1.897940E+11	1.157566E+0	2.172106E+11	1.153272E+0	2.173997E+11	-2.359266E-2	-2.021269E-2	7.965647E-3	-3.379972E-3	-6.547200E-3	-5.575373E+9	-5.462470E+9	1.609172E+8	-1.129023E+8	-1.953693E+11
5.467660E+2	1.221476E+0	2.876746E+10	1.195269E+0	2.292765E+10	1.212178E+0	2.854005E+10	1.183028E+0	2.268631E+10	1.204471E+0	1.973141E+11	1.199146E+0	1.974581E+11	1.205440E+0	2.258542E+11	1.201943E+0	2.262255E+11	-2.620741E-2	-2.915007E-2	1.224033E-2	2.942661E-3	-6.673842E-3	-5.839813E+9	-5.853740E+9	2.413348E+8	1.392643E+7	-2.032979E+11
5.475070E+2	1.318689E+0	3.097495E+10	1.302436E+0	2.490848E+10	1.319423E+0	3.097515E+10	1.297128E+0	2.479166E+10	1.309732E+0	2.139288E+11	1.305640E+0	2.143512E+11	1.310950E+0	2.449040E+11	1.307274E+0	2.453261E+11	-1.625277E-2	-2.229415E-2	5.307343E-3	6.041371E-3	-4.838241E-3	-6.066474E+9	-6.183490E+9	1.168133E+8	1.170151E+8	-2.204176E+11
5.482600E+2	1.388448E+0	3.255904E+10	1.361992E+0	2.600929E+10	1.387931E+0	3.253072E+10	1.370388E+0	2.614344E+10	1.371917E+0	2.237443E+11	1.372045E+0	2.248850E+11	1.373931E+0	2.562750E+11	1.374099E+0	2.574441E+11	-2.645590E-2	-1.754325E-2	-8.396094E-3	-8.912648E-3	-1.210722E-2	-6.549752E+9	-6.387287E+9	-1.341476E+8	-1.624642E+8	-2.314348E+11
5.490490E+2	1.350599E+0	3.169956E+10	1.328812E+0	2.539601E+10	1.361125E+0	3.192205E+10	1.330658E+0	2.541035E+10	1.340372E+0	2.187653E+11	1.342379E+0	2.201790E+11	1.342982E+0	2.506873E+11	1.343408E+0	2.518785E+11	-2.178630E-2	-3.046676E-2	-1.845681E-3	8.680467E-3	-1.459550E-2	-6.303553E+9	-6.511705E+9	-1.433483E+7	2.081521E+8	-2.264825E+11
5.497740E+2	1.302306E+0	3.060294E+10	1.288700E+0	2.465458E+10	1.298446E+0	3.049886E+10	1.285913E+0	2.458471E+10	1.289155E+0	2.106809E+11	1.288739E+0	2.116702E+11	1.290323E+0	2.411798E+11	1.290438E+0	2.422731E+11	-1.360652E-2	-1.253330E-2	2.786818E-3	-1.073218E-3	-1.738496E-3	-5.948357E+9	-5.914143E+9	6.986873E+7	-3.421405E+7	-2.176185E+11
5.505170E+2	1.286834E+0	3.025160E+10	1.266365E+0	2.424177E+10	1.286760E+0	3.023351E+10	1.263529E+0	2.417170E+10	1.271512E+0	2.078961E+11	1.268576E+0	2.084717E+11	1.273429E+0	2.381296E+11	1.270863E+0	2.387233E+11	-2.046868E-2	-2.323049E-2	2.836092E-3	2.761803E-3	-4.497308E-3	-6.009835E+9	-6.061807E+9	7.006843E+7	5.197250E+7	-2.144816E+11
5.512620E+2	1.292523E+0	3.038079E+10	1.275700E+0	2.441431E+10	1.291647E+0	3.034448E+10	1.267664E+0	2.424799E+10	1.278403E+0	2.089839E+11	1.278516E+0	2.100485E+11	1.280069E+0	2.393284E+11	1.280270E+0	2.404293E+11	-1.682275E-2	-2.398332E-2	8.036828E-3	7.160561E-3	-4.569799E-3	-5.966478E+9	-6.096490E+9	1.663278E+8	1.300121E+8	-2.160150E+11
5.520150E+2	1.293214E+0	3.039647E+10	1.274956E+0	2.440056E+10	1.299423E+0	3.052104E+10	1.286048E+0	2.458722E+10	1.282770E+0	2.096731E+11	1.279935E+0	2.102735E+11	1.284864E+0	2.401942E+11	1.281597E+0	2.406700E+11	-1.825717E-2	-1.337439E-2	-1.109201E-2	-4.882783E-3	-6.641047E-3	-5.995908E+9	-5.933818E+9	-1.866570E+8	-6.208977E+7	-2.162694E+11
5.527590E+2	1.275867E+0	3.000256E+10	1.252550E+0	2.398640E+10	1.269822E+0	2.984891E+10	1.261083E+0	2.412657E+10	1.262021E+0	2.063980E+11	1.263103E+0	2.076035E+11	1.263002E+0	2.362469E+11	1.264701E+0	2.376060E+11	-2.331700E-2	-8.738179E-3	-8.533658E-3	-1.457882E-2	-1.215159E-2	-6.016152E+9	-5.722337E+9	-1.401626E+8	-2.938147E+8	-2.136196E+11
5.535380E+2	1.189019E+0	2.803042E+10	1.169599E+0	2.245318E+10	1.201709E+0	2.830232E+10	1.174304E+0	2.252533E+10	1.181671E+0	1.937153E+11	1.184175E+0	1.950831E+11	1.184191E+0	2.220177E+11	1.184781E+0	2.231135E+11	-1.941978E-2	-2.740466E-2	-4.705080E-3	7.984877E-3	-1.518233E-2	-5.577242E+9	-5.776991E+9	-7.215370E+7	1.997489E+8	-2.006603E+11
5.542530E+2	1.122341E+0	2.651630E+10	1.107060E+0	2.129723E+10	1.121655E+0	2.648461E+10	1.108717E+0	2.131513E+10	1.113626E+0	1.829750E+11	1.116279E+0	1.843127E+11	1.114636E+0	2.094596E+11	1.117038E+0	2.108290E+11	-1.528103E-2	-1.293814E-2	-1.657036E-3	-2.342890E-3	-9.978140E-3	-5.219073E+9	-5.169481E+9	-1.789859E+7	-4.959171E+7	-1.895318E+11
5.550140E+2	1.048834E+0	2.484712E+10	1.034884E+0	1.996317E+10	1.040824E+0	2.464926E+10	1.025114E+0	1.977251E+10	1.036183E+0	1.707510E+11	1.034852E+0	1.713960E+11	1.036766E+0	1.954003E+11	1.036602E+0	1.962431E+11	-1.394958E-2	-1.571024E-2	9.770439E-3	1.760660E-3	-1.718235E-3	-4.883945E+9	-4.876749E+9	1.906659E+8	-7.196086E+6	-1.762799E+11
5.557600E+2	9.770735E-1	2.321760E+10	9.695837E-1	1.875619E+10	9.801682E-1	2.327200E+10	9.652493E-1	1.866790E+10	9.713184E-1	1.605126E+11	9.729597E-1	1.615780E+11	9.724314E-1	1.837846E+11	9.734748E-1	1.847956E+11	-7.489818E-3	-1.491890E-2	4.334449E-3	7.429081E-3	-3.891108E-3	-4.461406E+9	-4.604096E+9	8.828771E+7	1.426901E+8	-1.660395E+11
5.560130E+2	9.422778E-1	2.242746E+10	9.459492E-1	1.831934E+10	9.416755E-1	2.239798E+10	9.343240E-1	1.809727E+10	9.423422E-1	1.559389E+11	9.388473E-1	1.561668E+11	9.422584E-1	1.783369E+11	9.392769E-1	1.785943E+11	3.671378E-3	-7.351537E-3	1.162519E-2	1.102292E-2	6.672328E-3	-4.108119E+9	-4.300704E+9	2.220641E+8	1.925851E+8	-1.602749E+11
5.565030E+2	9.441918E-1	2.247092E+10	9.393770E-1	1.819786E+10	9.476472E-1	2.253357E+10	9.343390E-1	1.809755E+10	9.387425E-1	1.553707E+11	9.333467E-1	1.552942E+11	9.398624E-1	1.779043E+11	9.347048E-1	1.777652E+11	-4.814765E-3	-1.330815E-2	5.038022E-3	8.493380E-3	4.672247E-3	-4.273058E+9	-4.436019E+9	1.003103E+8	1.629611E+8	-1.595673E+11
5.570220E+2	9.353655E-1	2.227049E+10	9.376902E-1	1.816668E+10	9.406278E-1	2.237419E+10	9.327175E-1	1.806763E+10	9.392494E-1	1.554507E+11	9.360935E-1	1.557300E+11	9.394228E-1	1.778249E+11	9.360024E-1	1.780005E+11	2.324659E-3	-7.910317E-3	4.972674E-3	1.023498E-2	1.687794E-3	-4.103811E+9	-4.306557E+9	9.905092E+7	2.027460E+8	-1.598338E+11
5.575300E+2	9.947014E-1	2.361789E+10	9.993444E-1	1.930627E+10	1.004778E+0	2.383080E+10	9.932380E-1	1.918434E+10	9.970088E-1	1.645677E+11	9.973022E-1	1.654395E+11	9.979859E-1	1.883985E+11	9.969765E-1	1.890574E+11	4.642922E-3	-1.154039E-2	6.106364E-3	1.618332E-2	2.367850E-3	-4.311616E+9	-4.646457E+9	1.219281E+8	3.348410E+8	-1.697511E+11
5.580060E+2	1.010238E+0	2.397068E+10	1.009914E+0	1.950164E+10	1.004043E+0	2.381409E+10	1.005311E+0	1.940711E+10	1.009312E+0	1.665096E+11	1.009729E+0	1.674108E+11	1.008649E+0	1.903237E+11	1.009793E+0	1.913815E+11	-3.231479E-4	1.268530E-3	4.603368E-3	-1.591678E-3	1.214596E-4	-4.469037E+9	-4.406979E+9	9.453096E+7	-6.205760E+7	-1.718799E+11
5.585100E+2	1.023342E+0	2.426825E+10	1.021283E+0	1.971178E+10	1.016586E+0	2.409891E+10	1.008997E+0	1.947513E+10	1.018546E+0	1.679672E+11	1.014783E+0	1.682125E+11	1.018299E+0	1.920661E+11	1.015855E+0	1.924807E+11	-2.058459E-3	-7.588955E-3	1.228614E-2	5.530496E-3	5.428838E-3	-4.556469E+9	-4.623781E+9	2.366530E+8	6.731237E+7	-1.727689E+11
5.590100E+2	1.023237E+0	2.426586E+10	1.022626E+0	1.973661E+10	1.016984E+0	2.410794E+10	1.018621E+0	1.965270E+10	1.019773E+0	1.681608E+11	1.016319E+0	1.684562E+11	1.019422E+0	1.922687E+11	1.017185E+0	1.927220E+11	-6.101356E-4	1.637049E-3	4.005596E-3	-2.247184E-3	5.440917E-3	-4.529253E+9	-4.455236E+9	8.390483E+7	-7.401750E+7	-1.729854E+11
5.595110E+2	1.013205E+0	2.403806E+10	1.008649E+0	1.947826E+10	1.023138E+0	2.424768E+10	1.022300E+0	1.972060E+10	1.017220E+0	1.677579E+11	1.020338E+0	1.690937E+11	1.017965E+0	1.920056E+11	1.019445E+0	1.931318E+11	-4.555823E-3	-8.378411E-4	-1.365126E-2	-3.717982E-3	-1.079586E-2	-4.559807E+9	-4.527085E+9	-2.423397E+8	-3.272157E+7	-1.736535E+11
5.600240E+2	1.002249E+0	2.378927E+10	1.004695E+0	1.940518E+10	9.986752E-1	2.369222E+10	1.005255E+0	1.940608E+10	1.007773E+0	1.662668E+11	1.004373E+0	1.665612E+11	1.006629E+0	1.899590E+11	1.004107E+0	1.903505E+11	2.446541E-3	6.579862E-3	-5.597331E-4	-4.133321E-3	5.881016E-4	-4.384096E+9	-4.286141E+9	-9.032621E+5	-9.795460E+7	-1.709453E+11
5.605090E+2	9.632095E-1	2.290277E+10	9.654793E-1	1.868032E+10	9.658824E-1	2.294762E+10	9.738779E-1	1.882712E+10	9.618988E-1	1.590258E+11	9.652547E-1	1.603558E+11	9.623998E-1	1.819734E+11	9.649986E-1	1.832586E+11	2.269782E-3	7.995500E-3	-8.398605E-3	-5.725718E-3	4.807464E-4	-4.222448E+9	-4.120508E+9	-1.467902E+8	-1.019397E+8	-1.645782E+11
5.610070E+2	9.645208E-1	2.293255E+10	9.673520E-1	1.871494E+10	9.746916E-1	2.314765E+10	9.656375E-1	1.867506E+10	9.654771E-1	1.595906E+11	9.692025E-1	1.609820E+11	9.666359E-1	1.827383E+11	9.686162E-1	1.839146E+11	2.831242E-3	-9.054144E-3	1.714496E-3	1.188539E-2	-1.264201E-3	-4.217609E+9	-4.472582E+9	3.987400E+7	2.549729E+8	-1.651996E+11
