Photon Energy (eV)	X ref norm	X ref	X pump norm	X pump	Y ref norm	Y ref	Y pump norm	Y pump	X all norm	X all	Y all norm	Y all	X all Y ref norm	X all Y ref	Y all X ref norm	Y all X ref	BC(X hist) norm	BC(Y hist) norm	StS norm	BCSC norm	BCLR norm	BC(X hist)	BC(Y hist)	StS	BCSC	BCLR	
5.300160E+2	-3.734615E-3	9.455120E+8	-5.771424E-3	7.256457E+8	-5.537873E-3	8.904259E+8	-4.577512E-3	7.684316E+8	-5.324371E-3	6.356224E+9	-5.596160E-3	6.349689E+9	-5.351221E-3	7.246650E+9	-5.363050E-3	7.295201E+9	-2.036809E-3	9.603609E-4	-1.193912E-3	-2.997170E-3	-4.083738E-4	-2.198663E+8	-1.219944E+8	-4.278583E+7	-9.787192E+7	-6.569555E+9
5.305080E+2	-4.302423E-3	9.326183E+8	-3.965015E-3	7.593030E+8	-3.630412E-3	9.337370E+8	-3.625808E-3	7.861631E+8	-4.157733E-3	6.540370E+9	-4.055157E-3	6.594138E+9	-4.091416E-3	7.474107E+9	-4.086120E-3	7.526757E+9	3.374082E-4	4.603941E-6	-3.392065E-4	3.328043E-4	1.211059E-4	-1.733153E+8	-1.475739E+8	-2.686015E+7	-2.574147E+7	-6.767454E+9
5.310100E+2	-1.895059E-3	9.872845E+8	-2.127142E-3	7.935464E+8	-2.973622E-3	9.486502E+8	-1.181947E-3	8.316956E+8	-1.939107E-3	6.890565E+9	-2.656256E-3	6.816046E+9	-2.069209E-3	7.839215E+9	-2.560936E-3	7.803330E+9	-2.320830E-4	1.791676E-3	-9.451954E-4	-2.023759E-3	4.337940E-4	-1.937380E+8	-1.169546E+8	-3.814917E+7	-7.678348E+7	-7.009784E+9
5.315180E+2	-8.729631E-4	1.010494E+9	-4.297394E-4	8.251726E+8	1.830698E-4	1.020326E+9	-1.775570E-3	8.206356E+8	-7.299607E-4	7.081420E+9	-3.322210E-4	7.184708E+9	-6.151367E-4	8.101746E+9	-3.999350E-4	8.195202E+9	4.432236E-4	-1.958639E-3	1.345830E-3	2.401863E-3	-2.980447E-5	-1.853215E+8	-1.996908E+8	4.537042E+6	1.436936E+7	-7.370029E+9
5.320070E+2	3.461884E-3	1.108929E+9	5.715447E-3	9.396705E+8	2.866591E-3	1.081259E+9	3.296014E-3	9.151261E+8	3.495492E-3	7.748379E+9	3.407218E-3	7.777895E+9	3.416401E-3	8.829638E+9	3.414063E-3	8.886824E+9	2.253562E-3	4.294234E-4	2.419433E-3	1.824139E-3	2.301384E-3	-1.692589E+8	-1.661327E+8	2.454434E+7	-3.126201E+6	-7.947154E+9
5.325070E+2	7.343176E-3	1.197065E+9	6.577873E-3	9.557393E+8	9.092247E-3	1.222619E+9	7.864822E-3	1.000249E+9	8.655679E-3	8.562879E+9	9.232577E-3	8.701972E+9	8.710582E-3	9.785499E+9	8.995978E-3	9.899037E+9	-7.653026E-4	-1.227424E-3	-1.286949E-3	4.621218E-4	-2.418105E-3	-2.413260E+8	-2.223701E+8	-4.450997E+7	-1.895588E+7	-8.943298E+9
5.330280E+2	2.194768E-2	1.528703E+9	2.155532E-2	1.234801E+9	2.082780E-2	1.489088E+9	1.768114E-2	1.183141E+9	2.171025E-2	1.062345E+10	1.964683E-2	1.035399E+10	2.159927E-2	1.211254E+10	1.993495E-2	1.188269E+10	-3.923627E-4	-3.146666E-3	3.874182E-3	2.754303E-3	1.620370E-3	-2.939020E+8	-3.059478E+8	5.166021E+7	1.204588E+7	-1.064789E+10
5.331580E+2	2.469772E-2	1.591150E+9	2.435851E-2	1.287030E+9	2.527944E-2	1.590168E+9	2.471035E-2	1.314104E+9	2.587642E-2	1.128106E+10	2.509441E-2	1.121814E+10	2.580134E-2	1.287122E+10	2.504474E-2	1.280929E+10	-3.392090E-4	-5.690876E-4	-3.518429E-4	2.298785E-4	-6.862297E-4	-3.041201E+8	-2.760634E+8	-2.707430E+7	-2.805671E+7	-1.152226E+10
5.333130E+2	3.265408E-2	1.771822E+9	3.539146E-2	1.492597E+9	3.383047E-2	1.784329E+9	3.435389E-2	1.493777E+9	3.422236E-2	1.259841E+10	3.434641E-2	1.268578E+10	3.417308E-2	1.438273E+10	3.413449E-2	1.445760E+10	2.737381E-3	5.234187E-4	1.037570E-3	2.213962E-3	1.256973E-3	-2.792250E+8	-2.905520E+8	-1.179344E+6	1.132694E+7	-1.296501E+10
5.334630E+2	4.170251E-2	1.977293E+9	4.870558E-2	1.740668E+9	4.334967E-2	2.000473E+9	4.674215E-2	1.724587E+9	4.636056E-2	1.451434E+10	4.482500E-2	1.434800E+10	4.598191E-2	1.651481E+10	4.443399E-2	1.632529E+10	7.003072E-3	3.392478E-3	1.963433E-3	3.610594E-3	4.271594E-3	-2.366255E+8	-2.758860E+8	1.608075E+7	3.926047E+7	-1.458463E+10
5.336030E+2	5.679648E-2	2.320045E+9	5.861640E-2	1.925327E+9	5.578656E-2	2.282867E+9	5.728784E-2	1.921068E+9	5.925829E-2	1.655016E+10	5.852962E-2	1.652196E+10	5.882168E-2	1.883302E+10	5.831259E-2	1.884201E+10	1.819926E-3	1.501281E-3	1.328563E-3	3.186452E-4	3.038155E-4	-3.947181E+8	-3.617990E+8	4.259702E+6	-3.291909E+7	-1.691668E+10
5.337580E+2	7.885830E-2	2.821023E+9	8.545064E-2	2.425306E+9	7.919190E-2	2.814311E+9	7.890397E-2	2.323806E+9	8.332668E-2	2.034919E+10	7.978970E-2	1.989445E+10	8.280668E-2	2.316350E+10	7.967307E-2	2.271548E+10	6.592336E-3	-2.879280E-4	6.546668E-3	6.880264E-3	5.777568E-3	-3.957169E+8	-4.905056E+8	1.015003E+8	9.478873E+7	-2.029017E+10
5.339090E+2	1.112120E-1	3.555707E+9	1.221668E-1	3.109406E+9	1.129573E-1	3.580993E+9	1.136397E-1	2.970979E+9	1.204987E-1	2.621654E+10	1.139323E-1	2.531049E+10	1.195503E-1	2.979753E+10	1.135916E-1	2.886620E+10	1.095481E-2	6.823418E-4	8.527148E-3	1.027247E-2	8.575179E-3	-4.463011E+8	-6.100143E+8	1.384269E+8	1.637132E+8	-2.575679E+10
5.340740E+2	1.816962E-1	5.156255E+9	1.966368E-1	4.496940E+9	1.817280E-1	5.142510E+9	1.844950E-1	4.291110E+9	1.951054E-1	3.799270E+10	1.845120E-1	3.650655E+10	1.934230E-1	4.313521E+10	1.841594E-1	4.166280E+10	1.494061E-2	2.766941E-3	1.214188E-2	1.217367E-2	1.247747E-2	-6.593147E+8	-8.513998E+8	2.058302E+8	1.920852E+8	-3.716586E+10
5.342090E+2	3.007457E-1	7.859617E+9	3.271000E-1	6.927746E+9	3.039414E-1	7.917503E+9	2.976335E-1	6.399035E+9	3.261161E-1	5.867184E+10	3.021887E-1	5.517361E+10	3.233274E-1	6.658934E+10	3.020080E-1	6.303323E+10	2.635433E-2	-6.307958E-3	2.946658E-2	3.266229E-2	2.509206E-2	-9.318714E+8	-1.518469E+9	5.287111E+8	5.865972E+8	-5.610548E+10
5.343600E+2	5.559594E-1	1.365498E+10	5.851984E-1	1.173667E+10	5.554010E-1	1.362718E+10	5.580927E-1	1.125175E+10	5.862042E-1	9.972496E+10	5.564465E-1	9.550654E+10	5.823303E-1	1.133521E+11	5.563855E-1	1.091615E+11	2.923895E-2	2.691688E-3	2.710571E-2	2.654727E-2	2.881292E-2	-1.918318E+9	-2.375432E+9	4.849188E+8	4.571140E+8	-9.742485E+10
5.345050E+2	8.946362E-1	2.134562E+10	9.324713E-1	1.820710E+10	8.954671E-1	2.134876E+10	8.983530E-1	1.759126E+10	9.283901E-1	1.537367E+11	8.972563E-1	1.495692E+11	9.242497E-1	1.750854E+11	8.969282E-1	1.709148E+11	3.783516E-2	2.885899E-3	3.411836E-2	3.494926E-2	3.554315E-2	-3.138521E+9	-3.757503E+9	6.158350E+8	6.189817E+8	-1.527077E+11
5.346620E+2	1.320882E+0	3.102477E+10	1.334812E+0	2.570356E+10	1.318968E+0	3.096483E+10	1.303680E+0	2.514306E+10	1.330879E+0	2.172669E+11	1.306124E+0	2.144280E+11	1.329381E+0	2.482317E+11	1.307972E+0	2.454528E+11	1.392981E-2	-1.528767E-2	3.113208E-2	2.921748E-2	2.683981E-2	-5.321211E+9	-5.821768E+9	5.604988E+8	5.005566E+8	-2.197492E+11
5.348070E+2	1.701534E+0	3.966856E+10	1.681659E+0	3.216605E+10	1.706435E+0	3.976272E+10	1.671252E+0	3.199142E+10	1.683558E+0	2.729348E+11	1.674972E+0	2.729382E+11	1.686435E+0	3.126975E+11	1.678298E+0	3.126068E+11	-1.987476E-2	-3.518388E-2	1.040747E-2	1.530912E-2	3.361077E-3	-7.502509E+9	-7.771300E+9	1.746316E+8	2.687912E+8	-2.804408E+11
5.349530E+2	1.977776E+0	4.594144E+10	1.923065E+0	3.666396E+10	1.969343E+0	4.573233E+10	1.927663E+0	3.676871E+10	1.928973E+0	3.116719E+11	1.930588E+0	3.134867E+11	1.934050E+0	3.574042E+11	1.936497E+0	3.594282E+11	-5.471100E-2	-4.168002E-2	-4.597784E-3	-1.303098E-2	-1.343220E-2	-9.277483E+9	-8.963619E+9	-1.047554E+8	-3.138640E+8	-3.227642E+11
5.351140E+2	2.068337E+0	4.799788E+10	1.997421E+0	3.804935E+10	2.070335E+0	4.802547E+10	1.999365E+0	3.810462E+10	2.010736E+0	3.245776E+11	2.022411E+0	3.280525E+11	2.018232E+0	3.726031E+11	2.028162E+0	3.760504E+11	-7.091631E-2	-7.096983E-2	-1.944700E-3	5.352239E-5	-3.074107E-2	-9.948527E+9	-9.920847E+9	-5.526894E+7	-2.767957E+7	-3.380010E+11
5.352600E+2	1.941517E+0	4.511808E+10	1.877247E+0	3.581026E+10	1.933189E+0	4.491142E+10	1.892807E+0	3.611929E+10	1.884791E+0	3.046981E+11	1.892189E+0	3.073955E+11	1.890878E+0	3.496095E+11	1.898366E+0	3.525136E+11	-6.427068E-2	-4.038237E-2	-1.555993E-2	-2.388831E-2	-2.111967E-2	-9.307818E+9	-8.792123E+9	-3.090297E+8	-5.156946E+8	-3.167033E+11
5.354010E+2	1.710073E+0	3.986246E+10	1.661837E+0	3.179672E+10	1.705510E+0	3.974170E+10	1.670897E+0	3.198482E+10	1.668881E+0	2.706181E+11	1.681604E+0	2.739904E+11	1.673488E+0	3.103598E+11	1.685169E+0	3.138528E+11	-4.823620E-2	-3.461239E-2	-9.060768E-3	-1.362381E-2	-2.333259E-2	-8.065746E+9	-7.756881E+9	-1.881032E+8	-3.088650E+8	-2.820561E+11
5.355580E+2	1.453580E+0	3.403805E+10	1.431905E+0	2.751260E+10	1.457672E+0	3.411425E+10	1.432622E+0	2.754543E+10	1.428805E+0	2.327237E+11	1.438945E+0	2.354973E+11	1.432435E+0	2.668380E+11	1.440777E+0	2.695353E+11	-2.167498E-2	-2.504943E-2	-7.172248E-4	3.374447E-3	-8.872539E-3	-6.525448E+9	-6.568827E+9	-3.282431E+7	4.337959E+7	-2.420227E+11
5.357040E+2	1.239598E+0	2.917897E+10	1.220399E+0	2.357180E+10	1.242251E+0	2.922288E+10	1.226645E+0	2.370780E+10	1.224728E+0	2.005116E+11	1.230960E+0	2.025046E+11	1.226932E+0	2.297345E+11	1.232041E+0	2.316836E+11	-1.919908E-2	-1.560529E-2	-6.246389E-3	-3.593785E-3	-1.164246E-2	-5.607176E+9	-5.515081E+9	-1.359991E+8	-9.209483E+7	-2.081118E+11
5.358600E+2	1.059918E+0	2.509881E+10	1.051783E+0	2.043013E+10	1.055719E+0	2.498747E+10	1.050437E+0	2.042479E+10	1.054181E+0	1.735919E+11	1.058359E+0	1.751249E+11	1.054375E+0	1.985794E+11	1.058554E+0	2.002237E+11	-8.134463E-3	-5.282743E-3	1.346455E-3	-2.851720E-3	-6.770896E-3	-4.668682E+9	-4.562686E+9	5.339267E+6	-1.059954E+8	-1.797936E+11
5.360170E+2	8.804404E-1	2.102326E+10	8.805252E-1	1.723923E+10	8.889019E-1	2.119969E+10	8.913791E-1	1.746133E+10	8.826183E-1	1.465119E+11	8.890426E-1	1.482663E+11	8.834085E-1	1.677116E+11	8.879654E-1	1.692895E+11	8.479943E-5	2.477180E-3	-1.085387E-2	-2.392381E-3	-7.440185E-3	-3.784032E+9	-3.738366E+9	-2.220981E+8	-4.566536E+7	-1.520503E+11
5.362680E+2	6.929779E-1	1.676638E+10	6.934203E-1	1.375307E+10	6.926043E-1	1.674253E+10	6.985016E-1	1.386776E+10	6.945271E-1	1.168230E+11	6.943220E-1	1.173777E+11	6.942853E-1	1.335655E+11	6.941537E-1	1.341441E+11	4.423746E-4	5.897254E-3	-5.081264E-3	-5.454880E-3	-7.333553E-4	-3.013315E+9	-2.874779E+9	-1.146872E+8	-1.385360E+8	-1.203910E+11
5.365250E+2	5.586804E-1	1.371677E+10	5.635822E-1	1.133391E+10	5.556026E-1	1.363176E+10	5.589976E-1	1.126861E+10	5.634191E-1	9.612850E+10	5.607346E-1	9.618677E+10	5.624361E-1	1.097603E+11	5.604774E-1	1.099035E+11	4.901805E-3	3.395024E-3	4.584564E-3	1.506782E-3	3.104807E-3	-2.382860E+9	-2.363149E+9	6.530286E+7	-1.971115E+7	-9.856963E+10
5.367710E+2	4.874693E-1	1.209972E+10	4.942454E-1	1.004202E+10	4.859639E-1	1.205053E+10	4.873450E-1	9.933619E+9	4.942874E-1	8.521654E+10	4.892109E-1	8.484096E+10	4.932407E-1	9.726707E+10	4.889928E-1	9.694067E+10	6.776134E-3	1.381022E-3	6.900434E-3	5.395112E-3	5.252582E-3	-2.057697E+9	-2.116911E+9	1.083986E+8	5.921421E+7	-8.689865E+10
5.370170E+2	4.682504E-1	1.166330E+10	4.815912E-1	9.806244E+9	4.740230E-1	1.177940E+10	4.781714E-1	9.762703E+9	4.791059E-1	8.282023E+10	4.767464E-1	8.286371E+10	4.784666E-1	9.459963E+10	4.756825E-1	9.452700E+10	1.334078E-2	4.148411E-3	3.419818E-3	9.192369E-3	5.908729E-3	-1.857052E+9	-2.016695E+9	4.354044E+7	1.596422E+8	-8.472076E+10
5.372640E+2	4.942773E-1	1.225431E+10	5.036775E-1	1.021776E+10	4.971531E-1	1.230459E+10	5.021174E-1	1.020885E+10	5.036499E-1	8.669433E+10	4.983841E-1	8.629610E+10	5.028328E-1	9.899893E+10	4.978698E-1	9.855041E+10	9.400268E-3	4.964298E-3	1.560124E-3	4.435970E-3	5.807697E-3	-2.036552E+9	-2.095743E+9	8.908386E+6	5.919145E+7	-8.833265E+10
5.375160E+2	5.633464E-1	1.382273E+10	5.684459E-1	1.142453E+10	5.601166E-1	1.373425E+10	5.653453E-1	1.138687E+10	5.691186E-1	9.702813E+10	5.642624E-1	9.674637E+10	5.679865E-1	1.107624E+11	5.641477E-1	1.105691E+11	5.099441E-3	5.228781E-3	3.100513E-3	-1.293395E-4	4.298188E-3	-2.398195E+9	-2.347377E+9	3.765661E+7	-5.081851E+7	-9.914457E+10
5.377630E+2	6.655984E-1	1.614465E+10	6.678821E-1	1.327724E+10	6.581725E-1	1.596072E+10	6.583328E-1	1.311936E+10	6.693313E-1	1.128460E+11	6.606538E-1	1.120370E+11	6.679279E-1	1.288067E+11	6.612730E-1	1.281816E+11	2.283705E-3	1.602851E-4	9.549273E-3	2.123420E-3	6.609060E-3	-2.867414E+9	-2.841365E+9	1.578805E+8	-2.604923E+7	-1.149044E+11
5.380110E+2	7.725588E-1	1.857350E+10	7.826107E-1	1.541488E+10	7.824742E-1	1.878313E+10	7.763329E-1	1.531786E+10	7.822998E-1	1.306773E+11	7.762558E-1	1.303749E+11	7.823217E-1	1.494604E+11	7.757928E-1	1.489484E+11	1.005191E-2	-6.141307E-3	6.277844E-3	1.619322E-2	6.817909E-3	-3.158622E+9	-3.465272E+9	9.701554E+7	3.066500E+8	-1.335335E+11
5.382690E+2	9.491279E-1	2.258301E+10	9.573546E-1	1.867072E+10	9.471211E-1	2.252163E+10	9.468579E-1	1.849497E+10	9.542262E-1	1.578147E+11	9.473318E-1	1.575127E+11	9.533326E-1	1.803364E+11	9.475567E-1	1.800957E+11	8.226756E-3	-2.632061E-4	1.049677E-2	8.489962E-3	9.797902E-3	-3.912284E+9	-4.026653E+9	1.757512E+8	1.143687E+8	-1.614250E+11
5.385060E+2	1.164782E+0	2.748005E+10	1.166968E+0	2.257626E+10	1.166189E+0	2.749580E+10	1.165978E+0	2.257749E+10	1.168267E+0	1.915995E+11	1.162770E+0	1.916876E+11	1.168005E+0	2.190953E+11	1.163022E+0	2.191677E+11	2.185747E-3	-2.102412E-4	9.890689E-4	2.395988E-3	3.945759E-3	-4.903797E+9	-4.918315E+9	-1.232785E+6	1.451829E+7	-1.965914E+11
5.387700E+2	1.422945E+0	3.334240E+10	1.419117E+0	2.727434E+10	1.426933E+0	3.341629E+10	1.415442E+0	2.722534E+10	1.420686E+0	2.314423E+11	1.416444E+0	2.319280E+11	1.421472E+0	2.648586E+11	1.417258E+0	2.652704E+11	-3.827987E-3	-1.149019E-2	3.674931E-3	7.662208E-3	1.859377E-3	-6.068061E+9	-6.190946E+9	4.899796E+7	1.228853E+8	-2.379960E+11
5.390340E+2	1.652110E+0	3.854625E+10	1.610650E+0	3.084299E+10	1.640308E+0	3.826121E+10	1.625907E+0	3.114658E+10	1.625431E+0	2.637598E+11	1.620667E+0	2.643239E+11	1.627302E+0	3.020210E+11	1.624605E+0	3.028702E+11	-4.146051E-2	-1.440101E-2	-1.525691E-2	-2.705950E-2	-1.395486E-2	-7.703258E+9	-7.114632E+9	-3.035841E+8	-5.886265E+8	-2.720272E+11
5.392670E+2	1.849156E+0	4.302074E+10	1.815563E+0	3.466096E+10	1.847873E+0	4.297421E+10	1.809488E+0	3.456695E+10	1.811241E+0	2.930887E+11	1.817801E+0	2.955953E+11	1.815848E+0	3.360629E+11	1.821727E+0	3.386160E+11	-3.359291E-2	-3.838487E-2	6.074832E-3	4.791962E-3	-6.164711E-3	-8.359780E+9	-8.407263E+9	9.400926E+7	4.748291E+7	-3.039551E+11
5.395160E+2	1.980633E+0	4.600631E+10	1.925828E+0	3.671544E+10	1.990208E+0	4.620609E+10	1.930294E+0	3.681773E+10	1.938984E+0	3.132521E+11	1.940312E+0	3.150292E+11	1.945426E+0	3.594581E+11	1.945361E+0	3.610355E+11	-5.480465E-2	-5.991346E-2	-4.465801E-3	5.108804E-3	-1.953295E-2	-9.290872E+9	-9.388351E+9	-1.022943E+8	9.747955E+7	-3.243201E+11
5.397650E+2	1.995181E+0	4.633667E+10	1.944551E+0	3.706429E+10	1.997493E+0	4.637151E+10	1.939070E+0	3.698124E+10	1.947861E+0	3.146532E+11	1.953351E+0	3.170975E+11	1.954103E+0	3.610247E+11	1.958589E+0	3.634342E+11	-5.062994E-2	-5.842294E-2	5.481172E-3	7.792997E-3	-1.403765E-2	-9.272383E+9	-9.390267E+9	8.304547E+7	1.178841E+8	-3.263699E+11
5.400140E+2	1.960188E+0	4.554206E+10	1.895300E+0	3.614664E+10	1.959167E+0	4.550127E+10	1.908704E+0	3.641548E+10	1.911605E+0	3.089304E+11	1.920935E+0	3.119553E+11	1.917586E+0	3.544316E+11	1.925850E+0	3.574974E+11	-6.488799E-2	-5.046308E-2	-1.340351E-2	-1.442492E-2	-3.054980E-2	-9.395418E+9	-9.085794E+9	-2.688390E+8	-3.096236E+8	-3.213508E+11
5.402740E+2	1.882084E+0	4.376848E+10	1.831413E+0	3.495628E+10	1.877676E+0	4.365092E+10	1.838821E+0	3.511346E+10	1.835325E+0	2.968902E+11	1.842309E+0	2.994829E+11	1.840651E+0	3.405411E+11	1.847290E+0	3.432514E+11	-5.067117E-2	-3.885523E-2	-7.407545E-3	-1.181594E-2	-1.587653E-2	-8.812194E+9	-8.537467E+9	-1.571739E+8	-2.747268E+8	-3.082951E+11
5.405080E+2	1.796892E+0	4.183395E+10	1.762409E+0	3.367059E+10	1.807075E+0	4.204785E+10	1.760385E+0	3.365209E+10	1.767275E+0	2.861489E+11	1.769722E+0	2.879685E+11	1.772280E+0	3.281967E+11	1.773124E+0	3.298024E+11	-3.448363E-2	-4.668978E-2	2.023835E-3	1.220615E-2	-1.071560E-2	-8.163363E+9	-8.395752E+9	1.849371E+7	2.323893E+8	-2.961318E+11
5.407790E+2	1.728226E+0	4.027468E+10	1.701471E+0	3.253519E+10	1.722895E+0	4.013645E+10	1.685122E+0	3.224983E+10	1.693600E+0	2.745198E+11	1.694377E+0	2.760165E+11	1.697284E+0	3.146563E+11	1.698616E+0	3.162912E+11	-2.675481E-2	-3.777346E-2	1.634961E-2	1.101865E-2	2.855333E-3	-7.739490E+9	-7.886617E+9	2.853567E+8	1.471264E+8	-2.837560E+11
5.410130E+2	1.697424E+0	3.957523E+10	1.657089E+0	3.170826E+10	1.689641E+0	3.938138E+10	1.656073E+0	3.170861E+10	1.664396E+0	2.699102E+11	1.662589E+0	2.709740E+11	1.667571E+0	3.092916E+11	1.666951E+0	3.105493E+11	-4.033493E-2	-3.356827E-2	1.016351E-3	-6.766657E-3	-9.862399E-3	-7.866975E+9	-7.672766E+9	-3.562195E+5	-1.942089E+8	-2.788410E+11
5.412690E+2	1.602046E+0	3.740940E+10	1.564309E+0	2.997958E+10	1.590583E+0	3.713216E+10	1.570202E+0	3.010873E+10	1.563410E+0	2.539702E+11	1.572368E+0	2.566622E+11	1.566827E+0	2.911024E+11	1.576084E+0	2.940716E+11	-3.773653E-2	-2.038078E-2	-5.893044E-3	-1.735575E-2	-1.177510E-2	-7.429822E+9	-7.023428E+9	-1.291574E+8	-4.063941E+8	-2.640920E+11
5.415140E+2	1.460824E+0	3.420255E+10	1.421951E+0	2.732714E+10	1.450701E+0	3.395597E+10	1.419145E+0	2.729432E+10	1.430869E+0	2.330496E+11	1.428613E+0	2.338583E+11	1.433363E+0	2.670055E+11	1.432646E+0	2.680608E+11	-3.887273E-2	-3.155594E-2	2.806569E-3	-7.316788E-3	-1.069499E-2	-6.875404E+9	-6.661648E+9	3.282130E+7	-2.137558E+8	-2.407337E+11
5.417760E+2	1.262968E+0	2.970965E+10	1.258512E+0	2.428193E+10	1.268304E+0	2.981445E+10	1.250321E+0	2.414891E+10	1.254330E+0	2.051840E+11	1.255906E+0	2.064618E+11	1.256087E+0	2.349985E+11	1.256790E+0	2.361715E+11	-4.455403E-3	-1.798269E-2	8.191045E-3	1.352729E-2	1.722119E-3	-5.427720E+9	-5.665537E+9	1.330186E+8	2.378170E+8	-2.118896E+11
5.420270E+2	1.078990E+0	2.553190E+10	1.070047E+0	2.077042E+10	1.076651E+0	2.546274E+10	1.062396E+0	2.064761E+10	1.077764E+0	1.773143E+11	1.074780E+0	1.777298E+11	1.077624E+0	2.027771E+11	1.075307E+0	2.032617E+11	-8.942625E-3	-1.425458E-2	7.651048E-3	5.311951E-3	-5.259944E-3	-4.761473E+9	-4.815133E+9	1.228162E+8	5.366048E+7	-1.824913E+11
5.422670E+2	9.622281E-1	2.288049E+10	9.654509E-1	1.882157E+10	9.608562E-1	2.283350E+10	9.641161E-1	1.881652E+10	9.650585E-1	1.595245E+11	9.605681E-1	1.596124E+11	9.645300E-1	1.823580E+11	9.607760E-1	1.824929E+11	3.222736E-3	3.259933E-3	1.334790E-3	-3.719716E-5	4.674869E-3	-4.058913E+9	-4.016979E+9	5.057062E+6	-4.193411E+7	-1.636713E+11
5.425190E+2	8.932407E-1	2.131393E+10	9.032899E-1	1.766338E+10	8.972778E-1	2.138988E+10	8.888645E-1	1.741448E+10	9.026627E-1	1.496758E+11	8.949579E-1	1.492046E+11	9.019855E-1	1.710657E+11	8.947428E-1	1.705185E+11	1.004915E-2	-8.413332E-3	1.442539E-2	1.846249E-2	8.547022E-3	-3.650546E+9	-3.975401E+9	2.489061E+8	3.248556E+8	-1.528552E+11
5.427650E+2	9.362196E-1	2.228989E+10	9.422330E-1	1.838898E+10	9.322278E-1	2.218346E+10	9.278524E-1	1.814087E+10	9.352250E-1	1.548155E+11	9.311080E-1	1.549391E+11	9.348481E-1	1.769990E+11	9.317481E-1	1.772290E+11	6.013481E-3	-4.375368E-3	1.438066E-2	1.038885E-2	1.048495E-2	-3.900911E+9	-4.042581E+9	2.481021E+8	1.416705E+8	-1.588400E+11
5.430070E+2	1.040467E+0	2.465714E+10	1.042133E+0	2.025032E+10	1.037498E+0	2.457373E+10	1.034393E+0	2.012587E+10	1.041138E+0	1.715332E+11	1.033360E+0	1.711594E+11	1.040680E+0	1.961069E+11	1.034250E+0	1.958166E+11	1.665503E-3	-3.104667E-3	7.739956E-3	4.770170E-3	7.882556E-3	-4.406813E+9	-4.447856E+9	1.244517E+8	4.104318E+7	-1.755662E+11
5.432590E+2	1.180462E+0	2.783611E+10	1.178220E+0	2.278592E+10	1.188086E+0	2.799300E+10	1.184161E+0	2.291626E+10	1.184554E+0	1.941704E+11	1.179413E+0	1.943277E+11	1.184998E+0	2.221634E+11	1.179544E+0	2.221638E+11	-2.241482E-3	-3.924310E-3	-5.940981E-3	1.682828E-3	-1.323780E-3	-5.050194E+9	-5.076738E+9	-1.303406E+8	2.654440E+7	-1.993779E+11
5.435220E+2	1.368131E+0	3.209768E+10	1.338459E+0	2.577150E+10	1.372799E+0	3.218712E+10	1.348764E+0	2.598303E+10	1.353545E+0	2.208445E+11	1.352293E+0	2.217518E+11	1.355967E+0	2.530317E+11	1.354277E+0	2.538494E+11	-2.967223E-2	-2.403512E-2	-1.030522E-2	-5.637110E-3	-1.581793E-2	-6.326183E+9	-6.204094E+9	-2.115320E+8	-1.220892E+8	-2.280779E+11
5.437640E+2	1.462814E+0	3.424774E+10	1.450170E+0	2.785292E+10	1.472691E+0	3.445528E+10	1.447981E+0	2.783159E+10	1.449802E+0	2.360380E+11	1.456331E+0	2.382552E+11	1.452681E+0	2.704933E+11	1.457143E+0	2.725030E+11	-1.264418E-2	-2.470924E-2	2.188506E-3	1.206507E-2	-6.972778E-3	-6.394821E+9	-6.623689E+9	2.132715E+7	2.288673E+8	-2.446501E+11
5.440120E+2	1.538643E+0	3.596964E+10	1.506320E+0	2.889912E+10	1.548159E+0	3.616886E+10	1.518534E+0	2.914609E+10	1.515987E+0	2.464849E+11	1.521684E+0	2.486222E+11	1.520033E+0	2.826537E+11	1.523808E+0	2.845919E+11	-3.232220E-2	-2.962432E-2	-1.221390E-2	-2.697873E-3	-1.748732E-2	-7.070524E+9	-7.022778E+9	-2.469672E+8	-4.774663E+7	-2.556928E+11
5.442590E+2	1.547539E+0	3.617166E+10	1.510396E+0	2.897505E+10	1.533479E+0	3.583555E+10	1.523748E+0	2.924322E+10	1.510889E+0	2.456802E+11	1.519159E+0	2.482216E+11	1.513730E+0	2.815158E+11	1.522713E+0	2.843933E+11	-3.714331E-2	-9.731326E-3	-1.335232E-2	-2.741199E-2	-1.231687E-2	-7.196611E+9	-6.592329E+9	-2.681745E+8	-6.042823E+8	-2.554182E+11
5.445450E+2	1.498604E+0	3.506045E+10	1.470529E+0	2.823225E+10	1.499974E+0	3.507478E+10	1.459910E+0	2.805383E+10	1.475942E+0	2.401641E+11	1.472996E+0	2.408989E+11	1.478965E+0	2.752388E+11	1.476203E+0	2.759593E+11	-2.807463E-2	-4.006438E-2	1.061937E-2	1.198975E-2	-5.673837E-3	-6.828194E+9	-7.020950E+9	1.784210E+8	1.927557E+8	-2.477271E+11
5.447660E+2	1.438492E+0	3.369543E+10	1.422315E+0	2.733392E+10	1.440320E+0	3.372027E+10	1.416517E+0	2.724536E+10	1.418190E+0	2.310482E+11	1.421620E+0	2.327491E+11	1.420973E+0	2.647684E+11	1.423733E+0	2.664445E+11	-1.617705E-2	-2.380315E-2	5.797816E-3	7.626098E-3	-1.418258E-3	-6.361514E+9	-6.474905E+9	8.855261E+7	1.133902E+8	-2.391106E+11
5.450200E+2	1.350223E+0	3.169104E+10	1.335996E+0	2.572561E+10	1.355780E+0	3.180070E+10	1.319088E+0	2.543014E+10	1.329744E+0	2.170877E+11	1.335633E+0	2.191089E+11	1.333018E+0	2.488884E+11	1.337460E+0	2.508000E+11	-1.422738E-2	-3.669190E-2	1.690730E-2	2.246452E-2	-1.464157E-3	-5.965425E+9	-6.370560E+9	2.954726E+8	4.051351E+8	-2.250743E+11
5.452740E+2	1.281315E+0	3.012627E+10	1.257957E+0	2.427158E+10	1.269351E+0	2.983823E+10	1.266047E+0	2.444190E+10	1.262458E+0	2.064670E+11	1.263734E+0	2.077036E+11	1.263325E+0	2.363052E+11	1.265936E+0	2.378299E+11	-2.335779E-2	-3.304563E-3	-8.089704E-3	-2.005323E-2	-7.978752E-3	-5.854689E+9	-5.396330E+9	-1.703144E+8	-4.583591E+8	-2.135583E+11
5.455340E+2	1.222889E+0	2.879955E+10	1.213950E+0	2.345164E+10	1.221488E+0	2.875143E+10	1.205443E+0	2.331277E+10	1.213453E+0	1.987319E+11	1.210445E+0	1.992503E+11	1.214464E+0	2.274834E+11	1.212003E+0	2.280498E+11	-8.939239E-3	-1.604480E-2	8.506888E-3	7.105561E-3	1.947040E-3	-5.347911E+9	-5.438666E+9	1.388698E+8	9.075431E+7	-2.045982E+11
5.457780E+2	1.186233E+0	2.796717E+10	1.174142E+0	2.270992E+10	1.186875E+0	2.796550E+10	1.170407E+0	2.266001E+10	1.182149E+0	1.937908E+11	1.177508E+0	1.940255E+11	1.182744E+0	2.217563E+11	1.178600E+0	2.219927E+11	-1.209153E-2	-1.646707E-2	3.734036E-3	4.375548E-3	-4.458836E-3	-5.257243E+9	-5.305492E+9	4.991509E+7	4.824902E+7	-1.992828E+11
5.460110E+2	1.170318E+0	2.760576E+10	1.152092E+0	2.229910E+10	1.158972E+0	2.733194E+10	1.156153E+0	2.239442E+10	1.157364E+0	1.898787E+11	1.150832E+0	1.897940E+11	1.157566E+0	2.172106E+11	1.153272E+0	2.173997E+11	-1.822542E-2	-2.819356E-3	-4.060441E-3	-1.540606E-2	-1.179953E-3	-5.306663E+9	-4.937521E+9	-9.532323E+7	-3.691427E+8	-1.951006E+11
5.467660E+2	1.221476E+0	2.876746E+10	1.201067E+0	2.321160E+10	1.212178E+0	2.854005E+10	1.203153E+0	2.327010E+10	1.204471E+0	1.973141E+11	1.199146E+0	1.974581E+11	1.205440E+0	2.258542E+11	1.201943E+0	2.262255E+11	-2.040930E-2	-9.025716E-3	-2.085916E-3	-1.138359E-2	-8.757369E-4	-5.555864E+9	-5.269957E+9	-5.849833E+7	-2.859067E+8	-2.030139E+11
5.475070E+2	1.318689E+0	3.097495E+10	1.304679E+0	2.514211E+10	1.319423E+0	3.097515E+10	1.303138E+0	2.513295E+10	1.309732E+0	2.139288E+11	1.305640E+0	2.143512E+11	1.310950E+0	2.449040E+11	1.307274E+0	2.453261E+11	-1.400976E-2	-1.628491E-2	1.541126E-3	2.275155E-3	-2.595226E-3	-5.832842E+9	-5.842201E+9	9.156271E+6	9.358122E+6	-2.201840E+11
5.482600E+2	1.388448E+0	3.255904E+10	1.372883E+0	2.641291E+10	1.387931E+0	3.253072E+10	1.365722E+0	2.629899E+10	1.371917E+0	2.237443E+11	1.372045E+0	2.248850E+11	1.373931E+0	2.562750E+11	1.374099E+0	2.574441E+11	-1.556450E-2	-2.220932E-2	7.161369E-3	6.644815E-3	-1.215818E-3	-6.146134E+9	-6.231738E+9	1.139203E+8	8.560369E+7	-2.310312E+11
5.490490E+2	1.350599E+0	3.169956E+10	1.340259E+0	2.580503E+10	1.361125E+0	3.192205E+10	1.331469E+0	2.566080E+10	1.340372E+0	2.187653E+11	1.342379E+0	2.201790E+11	1.342982E+0	2.506873E+11	1.343408E+0	2.518785E+11	-1.034017E-2	-2.965604E-2	8.789723E-3	1.931587E-2	-3.149381E-3	-5.894529E+9	-6.261250E+9	1.442343E+8	3.667212E+8	-2.260735E+11
5.497740E+2	1.302306E+0	3.060294E+10	1.294361E+0	2.494987E+10	1.298446E+0	3.049886E+10	1.291259E+0	2.491164E+10	1.289155E+0	2.106809E+11	1.288739E+0	2.116702E+11	1.290323E+0	2.411798E+11	1.290438E+0	2.422731E+11	-7.945107E-3	-7.186966E-3	3.101894E-3	-7.581412E-4	3.922915E-3	-5.653074E+9	-5.587219E+9	3.822776E+7	-6.585502E+7	-2.173232E+11
5.505170E+2	1.286834E+0	3.025160E+10	1.266718E+0	2.443482E+10	1.286760E+0	3.023351E+10	1.264115E+0	2.440591E+10	1.271512E+0	2.078961E+11	1.268576E+0	2.084717E+11	1.273429E+0	2.381296E+11	1.270863E+0	2.387233E+11	-2.011582E-2	-2.264440E-2	2.602866E-3	2.528577E-3	-4.144450E-3	-5.816779E+9	-5.827593E+9	2.890940E+7	1.081347E+7	-2.142885E+11
5.512620E+2	1.292523E+0	3.038079E+10	1.267015E+0	2.444036E+10	1.291647E+0	3.034448E+10	1.290436E+0	2.489630E+10	1.278403E+0	2.089839E+11	1.278516E+0	2.100485E+11	1.280069E+0	2.393284E+11	1.280270E+0	2.404293E+11	-2.550785E-2	-1.211154E-3	-2.342043E-2	-2.429669E-2	-1.325489E-2	-5.940432E+9	-5.448176E+9	-4.559399E+8	-4.922556E+8	-2.159889E+11
5.520150E+2	1.293214E+0	3.039647E+10	1.275872E+0	2.460537E+10	1.299423E+0	3.052104E+10	1.272592E+0	2.456384E+10	1.282770E+0	2.096731E+11	1.279935E+0	2.102735E+11	1.284864E+0	2.401942E+11	1.281597E+0	2.406700E+11	-1.734179E-2	-2.683084E-2	3.279823E-3	9.489050E-3	-5.725667E-3	-5.791095E+9	-5.957191E+9	4.152892E+7	1.660961E+8	-2.160646E+11
5.527590E+2	1.275867E+0	3.000256E+10	1.255016E+0	2.421678E+10	1.269822E+0	2.984891E+10	1.262347E+0	2.437298E+10	1.262021E+0	2.063980E+11	1.263103E+0	2.076035E+11	1.263002E+0	2.362469E+11	1.264701E+0	2.376060E+11	-2.085082E-2	-7.474087E-3	-7.331576E-3	-1.337674E-2	-9.685415E-3	-5.785774E+9	-5.475930E+9	-1.561916E+8	-3.098437E+8	-2.133893E+11
5.535380E+2	1.189019E+0	2.803042E+10	1.194312E+0	2.308574E+10	1.201709E+0	2.830232E+10	1.186677E+0	2.296314E+10	1.181671E+0	1.937153E+11	1.184175E+0	1.950831E+11	1.184191E+0	2.220177E+11	1.184781E+0	2.231135E+11	5.293369E-3	-1.503110E-2	7.634509E-3	2.032447E-2	9.530823E-3	-4.944679E+9	-5.339183E+9	1.226014E+8	3.945040E+8	-2.000278E+11
5.542530E+2	1.122341E+0	2.651630E+10	1.114693E+0	2.160227E+10	1.121655E+0	2.648461E+10	1.123732E+0	2.179037E+10	1.113626E+0	1.829750E+11	1.116279E+0	1.843127E+11	1.114636E+0	2.094596E+11	1.117038E+0	2.108290E+11	-7.647866E-3	2.076943E-3	-9.038954E-3	-9.724808E-3	-2.344975E-3	-4.914037E+9	-4.694236E+9	-1.881078E+8	-2.198010E+8	-1.892268E+11
5.550140E+2	1.048834E+0	2.484712E+10	1.043172E+0	2.026969E+10	1.040824E+0	2.464926E+10	1.033379E+0	2.010698E+10	1.036183E+0	1.707510E+11	1.034852E+0	1.713960E+11	1.036766E+0	1.954003E+11	1.036602E+0	1.962431E+11	-5.661384E-3	-7.444876E-3	9.793271E-3	1.783492E-3	6.569961E-3	-4.577428E+9	-4.542275E+9	1.627085E+8	-3.515343E+7	-1.759734E+11
5.557600E+2	9.770735E-1	2.321760E+10	9.724413E-1	1.895182E+10	9.801682E-1	2.327200E+10	9.783595E-1	1.908189E+10	9.713184E-1	1.605126E+11	9.729597E-1	1.615780E+11	9.724314E-1	1.837846E+11	9.734748E-1	1.847956E+11	-4.632255E-3	-1.808631E-3	-5.918256E-3	-2.823624E-3	-1.033546E-3	-4.265775E+9	-4.190105E+9	-1.300718E+8	-7.566947E+7	-1.658438E+11
5.560130E+2	9.422778E-1	2.242746E+10	9.372186E-1	1.829555E+10	9.416755E-1	2.239798E+10	9.355248E-1	1.828382E+10	9.423422E-1	1.559389E+11	9.388473E-1	1.561668E+11	9.422584E-1	1.783369E+11	9.392769E-1	1.785943E+11	-5.059239E-3	-6.150746E-3	1.693786E-3	1.091508E-3	-2.058288E-3	-4.131911E+9	-4.114156E+9	1.172444E+7	-1.775457E+7	-1.602987E+11
5.565030E+2	9.441918E-1	2.247092E+10	9.374555E-1	1.829996E+10	9.476472E-1	2.253357E+10	9.267748E-1	1.812080E+10	9.387425E-1	1.553707E+11	9.333467E-1	1.552942E+11	9.398624E-1	1.779043E+11	9.347048E-1	1.777652E+11	-6.736293E-3	-2.087237E-2	1.068072E-2	1.413608E-2	2.750719E-3	-4.170959E+9	-4.412773E+9	1.791635E+8	2.418143E+8	-1.594652E+11
5.570220E+2	9.353655E-1	2.227049E+10	9.360166E-1	1.827315E+10	9.406278E-1	2.237419E+10	9.409687E-1	1.838525E+10	9.392494E-1	1.554507E+11	9.360935E-1	1.557300E+11	9.394228E-1	1.778249E+11	9.360024E-1	1.780005E+11	6.510605E-4	3.409339E-4	-4.952175E-3	3.101266E-4	1.419572E-5	-3.997343E+9	-3.988938E+9	-1.120998E+8	-8.404736E+6	-1.597273E+11
5.575300E+2	9.947014E-1	2.361789E+10	1.001564E+0	1.949445E+10	1.004778E+0	2.383080E+10	9.928932E-1	1.935267E+10	9.970088E-1	1.645677E+11	9.973022E-1	1.654395E+11	9.979859E-1	1.883985E+11	9.969765E-1	1.890574E+11	6.862991E-3	-1.188522E-2	8.671258E-3	1.874821E-2	4.587919E-3	-4.123441E+9	-4.478127E+9	1.417726E+8	3.546855E+8	-1.695629E+11
5.580060E+2	1.010238E+0	2.397068E+10	1.011436E+0	1.967837E+10	1.004043E+0	2.381409E+10	1.009077E+0	1.965419E+10	1.009312E+0	1.665096E+11	1.009729E+0	1.674108E+11	1.008649E+0	1.903237E+11	1.009793E+0	1.913815E+11	1.197982E-3	5.034043E-3	2.358985E-3	-3.836061E-3	1.642589E-3	-4.292314E+9	-4.159899E+9	2.417376E+7	-1.324148E+8	-1.717031E+11
5.585100E+2	1.023342E+0	2.426825E+10	1.009385E+0	1.964017E+10	1.016586E+0	2.409891E+10	1.021309E+0	1.988211E+10	1.018546E+0	1.679672E+11	1.014783E+0	1.682125E+11	1.018299E+0	1.920661E+11	1.015855E+0	1.924807E+11	-1.395645E-2	4.723072E-3	-1.192387E-2	-1.867952E-2	-6.469150E-3	-4.628083E+9	-4.216806E+9	-2.419369E+8	-4.112775E+8	-1.728405E+11
5.590100E+2	1.023237E+0	2.426586E+10	1.015720E+0	1.975820E+10	1.016984E+0	2.410794E+10	1.012321E+0	1.971465E+10	1.019773E+0	1.681608E+11	1.016319E+0	1.684562E+11	1.019422E+0	1.922687E+11	1.017185E+0	1.927220E+11	-7.516053E-3	-4.662397E-3	3.399124E-3	-2.853656E-3	-1.465000E-3	-4.507656E+9	-4.393290E+9	4.355620E+7	-1.143661E+8	-1.729638E+11
5.595110E+2	1.013205E+0	2.403806E+10	1.022073E+0	1.987657E+10	1.023138E+0	2.424768E+10	1.014988E+0	1.976433E+10	1.017220E+0	1.677579E+11	1.020338E+0	1.690937E+11	1.017965E+0	1.920056E+11	1.019445E+0	1.931318E+11	8.868449E-3	-8.150170E-3	7.085339E-3	1.701862E-2	2.628411E-3	-4.161491E+9	-4.483350E+9	1.122402E+8	3.218583E+8	-1.732552E+11
5.600240E+2	1.002249E+0	2.378927E+10	1.015937E+0	1.976223E+10	9.986752E-1	2.369222E+10	1.001872E+0	1.951996E+10	1.007773E+0	1.662668E+11	1.004373E+0	1.665612E+11	1.006629E+0	1.899590E+11	1.004107E+0	1.903505E+11	1.368806E-2	3.196525E-3	1.406512E-2	1.049154E-2	1.182962E-2	-4.027037E+9	-4.172264E+9	2.422785E+8	1.452272E+8	-1.705882E+11
5.605090E+2	9.632095E-1	2.290277E+10	9.547092E-1	1.862143E+10	9.658824E-1	2.294762E+10	9.726279E-1	1.897510E+10	9.618988E-1	1.590258E+11	9.652547E-1	1.603558E+11	9.623998E-1	1.819734E+11	9.649986E-1	1.832586E+11	-8.500334E-3	6.745518E-3	-1.791874E-2	-1.524585E-2	-1.028937E-2	-4.281339E+9	-3.972519E+9	-3.536706E+8	-3.088200E+8	-1.646371E+11
5.610070E+2	9.645208E-1	2.293255E+10	9.707391E-1	1.892010E+10	9.746916E-1	2.314765E+10	9.678051E-1	1.888525E+10	9.654771E-1	1.595906E+11	9.692025E-1	1.609820E+11	9.666359E-1	1.827383E+11	9.686162E-1	1.839146E+11	6.218340E-3	-6.886590E-3	2.934040E-3	1.310493E-2	2.122897E-3	-4.012443E+9	-4.262399E+9	3.485724E+7	2.499561E+8	-1.649945E+11
