Photon Energy (eV)	X ref norm	X ref	X pump norm	X pump	Y ref norm	Y ref	Y pump norm	Y pump	X all norm	X all	Y all norm	Y all	X all Y ref norm	X all Y ref	Y all X ref norm	Y all X ref	BC(X hist) norm	BC(Y hist) norm	StS norm	BCSC norm	BCLR norm	BC(X hist)	BC(Y hist)	StS	BCSC	BCLR	
1.130000E+3	5.294726E-1	2.687650E+10	1.502482E+0	1.077753E+9	2.627034E-1	2.716750E+10	2.918795E-1	1.106338E+9	2.944230E-1	1.944435E+11	2.040519E-1	1.892886E+11	2.902465E-1	2.216110E+11	2.370378E-1	2.161651E+11	9.730095E-1	2.917613E-2	1.210603E+0	9.438333E-1	1.265444E+0	-2.579875E+10	-2.606117E+10	-2.858460E+7	2.624146E+8	-2.150873E+11
1.430000E+3	-3.325408E-1	2.763535E+10	-1.158348E+0	1.207666E+9	-1.218835E-1	2.760014E+10	-9.114782E-1	1.171743E+9	-3.162205E-1	1.989737E+11	-1.580451E-1	1.921145E+11	-2.906321E-1	2.265738E+11	-1.757326E-1	2.197499E+11	-8.258076E-1	-7.895947E-1	-2.468702E-1	-3.621292E-2	-9.826158E-1	-2.642768E+10	-2.642840E+10	3.592290E+7	7.186461E+5	-2.185422E+11
1.730000E+3	5.385402E-2	2.729520E+10	-1.307059E-2	1.151749E+9	1.685374E-1	2.727344E+10	2.892905E-1	1.106479E+9	1.785919E-1	1.953028E+11	5.519688E-2	1.904503E+11	1.772680E-1	2.225762E+11	5.506076E-2	2.177455E+11	-6.692461E-2	1.207531E-1	-3.023611E-1	-1.876777E-1	-6.813135E-2	-2.614345E+10	-2.616696E+10	4.527005E+7	2.350714E+7	-2.165938E+11
1.780000E+3	-2.562250E-1	2.756817E+10	-4.348060E-1	1.172339E+9	-1.113882E-1	2.758834E+10	-3.178948E-1	1.139480E+9	-8.013199E-2	1.972222E+11	2.268454E-3	1.908634E+11	-8.424749E-2	2.248105E+11	-2.393337E-2	2.184316E+11	-1.785811E-1	-2.065066E-1	-1.169113E-1	2.792555E-2	-4.108727E-1	-2.639583E+10	-2.644886E+10	3.285912E+7	5.303006E+7	-2.172592E+11
1.880000E+3	5.439117E-3	2.733782E+10	1.037429E-1	1.146045E+9	-1.979692E-1	2.768573E+10	6.482029E-1	1.086971E+9	-7.666244E-2	1.971964E+11	-1.034721E-1	1.916886E+11	-9.263491E-2	2.248822E+11	-9.243250E-2	2.190264E+11	9.830381E-2	8.461721E-1	-5.444600E-1	-7.478683E-1	1.961754E-1	-2.619177E+10	-2.659876E+10	5.907436E+7	4.069907E+8	-2.178804E+11
1.980000E+3	4.398908E-1	2.695536E+10	9.827435E-1	1.103129E+9	2.105181E-1	2.722621E+10	6.862302E-1	1.084904E+9	2.494240E-1	1.947773E+11	3.510141E-1	1.881416E+11	2.443012E-1	2.220035E+11	3.600229E-1	2.150970E+11	5.428527E-1	4.757121E-1	2.965133E-1	6.714060E-2	6.227206E-1	-2.585224E+10	-2.614131E+10	1.822488E+7	2.890696E+8	-2.139939E+11
2.030000E+3	1.667951E+0	2.587429E+10	2.355105E+0	1.036125E+9	1.192468E+0	2.612157E+10	1.897810E+0	1.019052E+9	1.337128E+0	1.867079E+11	1.292228E+0	1.807960E+11	1.318081E+0	2.128295E+11	1.330313E+0	2.066703E+11	6.871538E-1	7.053421E-1	4.572946E-1	-1.818827E-2	1.024792E+0	-2.483816E+10	-2.510252E+10	1.707252E+7	2.643565E+8	-2.056342E+11
2.055000E+3	1.454776E+0	2.606195E+10	1.992232E+0	1.053842E+9	7.486902E-1	2.662080E+10	1.871069E+0	1.020506E+9	1.152967E+0	1.880742E+11	1.145958E+0	1.819376E+11	1.099736E+0	2.146950E+11	1.177261E+0	2.079995E+11	5.374567E-1	1.122379E+0	1.211631E-1	-5.849225E-1	8.149716E-1	-2.500811E+10	-2.560029E+10	3.333599E+7	5.921843E+8	-2.069457E+11
2.080000E+3	1.210349E+0	2.627712E+10	1.003361E+0	1.102122E+9	1.067090E+0	2.626261E+10	1.015971E+0	1.066982E+9	1.018245E+0	1.890736E+11	9.875854E-1	1.831736E+11	1.024676E+0	2.153363E+11	1.010165E+0	2.094507E+11	-2.069874E-1	-5.111824E-2	-1.261041E-2	-1.558692E-1	-6.804419E-3	-2.517500E+10	-2.519563E+10	3.514036E+7	2.063427E+7	-2.083486E+11
2.105000E+3	1.222344E+0	2.626656E+10	1.502445E+0	1.077755E+9	1.102362E+0	2.622293E+10	1.513867E+0	1.039920E+9	9.780481E-1	1.893719E+11	9.459418E-1	1.834986E+11	9.944165E-1	2.155948E+11	9.739589E-1	2.097651E+11	2.801013E-1	4.115054E-1	-1.142197E-2	-1.314041E-1	5.284864E-1	-2.518881E+10	-2.518301E+10	3.783471E+7	-5.790769E+6	-2.086874E+11
2.130000E+3	1.705417E+0	2.584130E+10	9.669185E-1	1.103902E+9	1.497924E+0	2.577795E+10	2.701595E+0	9.753649E+8	1.468326E+0	1.857346E+11	1.375235E+0	1.801482E+11	1.472223E+0	2.115126E+11	1.408703E+0	2.059895E+11	-7.384984E-1	1.203671E+0	-1.734677E+0	-1.942169E+0	-4.417845E-1	-2.473740E+10	-2.480258E+10	1.285367E+8	6.518159E+7	-2.048856E+11
2.155000E+3	9.123678E-1	2.653944E+10	1.668710E+0	1.069637E+9	4.502664E-1	2.695651E+10	1.026388E+0	1.066416E+9	7.031781E-1	1.914110E+11	5.251715E-1	1.867824E+11	6.698772E-1	2.183675E+11	5.644191E-1	2.133219E+11	7.563421E-1	5.761213E-1	6.423222E-1	1.802208E-1	1.104291E+0	-2.546980E+10	-2.589009E+10	3.221499E+6	4.202908E+8	-2.122522E+11
2.180000E+3	5.196211E-1	2.688518E+10	7.841191E-1	1.112827E+9	3.221769E-1	2.710060E+10	2.143090E+0	1.005721E+9	5.542132E-1	1.925162E+11	5.189932E-1	1.868307E+11	5.236609E-1	2.196168E+11	5.190568E-1	2.137158E+11	2.644980E-1	1.820913E+0	-1.358971E+0	-1.556415E+0	2.650623E-1	-2.577235E+10	-2.609488E+10	1.071058E+8	3.225283E+8	-2.126030E+11
2.205000E+3	7.047723E-1	2.672219E+10	4.991865E-1	1.126738E+9	3.887936E-1	2.702566E+10	1.467011E+0	1.042467E+9	3.352433E-1	1.941406E+11	4.334287E-1	1.874984E+11	3.422943E-1	2.211663E+11	4.609331E-1	2.142206E+11	-2.055858E-1	1.078217E+0	-9.678240E-1	-1.283803E+0	3.825342E-2	-2.559545E+10	-2.598319E+10	8.427107E+7	3.877446E+8	-2.130939E+11
2.230000E+3	5.689026E-1	2.684179E+10	-1.176998E-1	1.156857E+9	3.118054E-1	2.711227E+10	-4.465548E-1	1.146473E+9	4.754193E-1	1.931007E+11	4.942030E-1	1.870241E+11	4.538763E-1	2.202130E+11	5.017748E-1	2.138659E+11	-6.866024E-1	-7.583602E-1	3.288550E-1	7.175781E-2	-6.194746E-1	-2.568494E+10	-2.596579E+10	1.038378E+7	2.808568E+8	-2.127091E+11
2.280000E+3	5.450572E-1	2.686279E+10	4.656092E-1	1.128377E+9	5.993254E-1	2.678882E+10	-1.136165E-1	1.128377E+9	4.332981E-1	1.934132E+11	5.489110E-1	1.865972E+11	4.551590E-1	2.202020E+11	5.485204E-1	2.134600E+11	-7.944801E-2	-7.129419E-1	5.792257E-1	6.334939E-1	-8.291124E-2	-2.573441E+10	-2.566045E+10	1.665701E+2	-7.396227E+7	-2.123316E+11
2.380000E+3	2.849732E-1	2.709174E+10	-2.435510E-1	1.163002E+9	2.237064E-1	2.721137E+10	1.401059E-1	1.114587E+9	3.258992E-1	1.942100E+11	3.463345E-1	1.881782E+11	3.124435E-1	2.214213E+11	3.401147E-1	2.152699E+11	-5.285242E-1	-8.360053E-2	-3.836568E-1	-4.449236E-1	-5.836657E-1	-2.592874E+10	-2.609679E+10	4.841454E+7	1.680470E+8	-2.141069E+11
2.480000E+3	5.160106E-1	2.688836E+10	4.238736E-1	1.130415E+9	5.257380E-1	2.687160E+10	-1.159974E+0	1.185249E+9	6.386520E-1	1.918897E+11	6.255104E-1	1.859994E+11	6.237846E-1	2.187613E+11	6.144111E-1	2.128877E+11	-9.213708E-2	-1.685712E+0	1.583847E+0	1.593575E+0	-1.905375E-1	-2.575794E+10	-2.568636E+10	-5.483377E+7	-7.158452E+7	-2.117573E+11
2.530000E+3	1.855245E+0	2.570941E+10	3.171497E+0	9.962652E+8	1.723316E+0	2.552440E+10	2.979345E+0	9.602686E+8	1.753343E+0	1.836202E+11	1.622488E+0	1.782185E+11	1.749389E+0	2.091446E+11	1.646081E+0	2.039280E+11	1.316252E+0	1.256029E+0	1.921522E-1	6.022326E-2	1.525416E+0	-2.471314E+10	-2.456413E+10	3.599657E+7	-1.490163E+8	-2.029317E+11
2.830000E+3	8.599631E-1	2.658557E+10	4.069214E-1	1.131243E+9	1.192708E+0	2.612130E+10	9.424071E-1	1.070980E+9	1.004819E+0	1.891732E+11	1.030780E+0	1.828365E+11	1.029559E+0	2.152945E+11	1.013466E+0	2.094220E+11	-4.530416E-1	-2.503009E-1	-5.354857E-1	-2.027407E-1	-6.065442E-1	-2.545433E+10	-2.505032E+10	6.026256E+7	-4.040063E+8	-2.082908E+11
3.130000E+3	1.483808E+0	2.603639E+10	1.241259E+0	1.090507E+9	1.334531E+0	2.596176E+10	2.098116E+0	1.008165E+9	1.277287E+0	1.871519E+11	1.374887E+0	1.801509E+11	1.284824E+0	2.131136E+11	1.385927E+0	2.061873E+11	-2.425491E-1	7.635844E-1	-8.568570E-1	-1.006133E+0	-1.446687E-1	-2.494588E+10	-2.495359E+10	8.234197E+7	7.709007E+6	-2.050968E+11
