Photon Energy (eV)	X ref norm	X ref	X pump norm	X pump	Y ref norm	Y ref	Y pump norm	Y pump	X all norm	X all	Y all norm	Y all	X all Y ref norm	X all Y ref	Y all X ref norm	Y all X ref	BC(X hist) norm	BC(Y hist) norm	StS norm	BCSC norm	BCLR norm	BC(X hist)	BC(Y hist)	StS	BCSC	BCLR	
1.130000E+3	5.294726E-1	2.687650E+10	2.422789E-1	1.130936E+9	2.627034E-1	2.716750E+10	-7.234204E-1	1.130937E+9	2.944230E-1	1.944435E+11	2.040519E-1	1.892886E+11	2.902465E-1	2.216110E+11	2.370378E-1	2.161651E+11	-2.871937E-1	-9.861239E-1	9.656993E-1	6.989301E-1	5.241109E-3	-2.574557E+10	-2.603657E+10	-4.186601E+2	2.909988E+8	-2.150342E+11
1.430000E+3	-3.325408E-1	2.763535E+10	-4.745760E-1	1.187148E+9	-1.218835E-1	2.760014E+10	1.919591E-1	1.091128E+9	-3.162205E-1	1.989737E+11	-1.580451E-1	1.921145E+11	-2.906321E-1	2.265738E+11	-1.757326E-1	2.197499E+11	-1.420352E-1	3.138426E-1	-6.665351E-1	-4.558778E-1	-2.988434E-1	-2.644820E+10	-2.650901E+10	9.602029E+7	6.081604E+7	-2.185627E+11
1.730000E+3	5.385402E-2	2.729520E+10	1.587360E-1	1.137487E+9	1.685374E-1	2.727344E+10	4.815291E-1	1.078535E+9	1.785919E-1	1.953028E+11	5.519688E-2	1.904503E+11	1.772680E-1	2.225762E+11	5.506076E-2	2.177455E+11	1.048820E-1	3.129917E-1	-3.227931E-1	-2.081097E-1	1.036753E-1	-2.615771E+10	-2.619490E+10	5.895187E+7	3.718896E+7	-2.166080E+11
1.780000E+3	-2.562250E-1	2.756817E+10	-2.288693E-1	1.167881E+9	-1.113882E-1	2.758834E+10	-1.035880E+0	1.144525E+9	-8.013199E-2	1.972222E+11	2.268454E-3	1.908634E+11	-8.424749E-2	2.248105E+11	-2.393337E-2	2.184316E+11	2.735566E-2	-9.244920E-1	8.070109E-1	9.518477E-1	-2.049359E-1	-2.640028E+10	-2.644381E+10	2.335644E+7	4.352739E+7	-2.172637E+11
1.880000E+3	5.439117E-3	2.733782E+10	3.024305E-1	1.126219E+9	-1.979692E-1	2.768573E+10	1.085812E+0	1.052256E+9	-7.666244E-2	1.971964E+11	-1.034721E-1	1.916886E+11	-9.263491E-2	2.248822E+11	-9.243250E-2	2.190264E+11	2.969913E-1	1.283782E+0	-7.833820E-1	-9.867903E-1	3.948630E-1	-2.621160E+10	-2.663348E+10	7.396330E+7	4.218796E+8	-2.179002E+11
1.980000E+3	4.398908E-1	2.695536E+10	1.157533E-1	1.140858E+9	2.105181E-1	2.722621E+10	-2.355993E-2	1.100501E+9	2.494240E-1	1.947773E+11	3.510141E-1	1.881416E+11	2.443012E-1	2.220035E+11	3.600229E-1	2.150970E+11	-3.241376E-1	-2.340780E-1	1.393132E-1	-9.005954E-2	-2.442697E-1	-2.581451E+10	-2.612571E+10	4.035689E+7	3.112016E+8	-2.139561E+11
2.030000E+3	1.667951E+0	2.587429E+10	1.092636E+0	1.064255E+9	1.192468E+0	2.612157E+10	2.071812E+0	1.009377E+9	1.337128E+0	1.867079E+11	1.292228E+0	1.807960E+11	1.318081E+0	2.128295E+11	1.330313E+0	2.066703E+11	-5.753149E-1	8.793439E-1	-9.791759E-1	-1.454659E+0	-2.376767E-1	-2.481003E+10	-2.511219E+10	5.487858E+7	3.021626E+8	-2.056061E+11
2.055000E+3	1.454776E+0	2.606195E+10	1.549173E-1	1.137787E+9	7.486902E-1	2.662080E+10	2.798218E+0	9.777863E+8	1.152967E+0	1.880742E+11	1.145958E+0	1.819376E+11	1.099736E+0	2.146950E+11	1.177261E+0	2.079995E+11	-1.299858E+0	2.049528E+0	-2.643301E+0	-3.349386E+0	-1.022344E+0	-2.492416E+10	-2.564301E+10	1.600003E+8	7.188486E+8	-2.068617E+11
2.080000E+3	1.210349E+0	2.627712E+10	9.058330E-1	1.078903E+9	1.067090E+0	2.626261E+10	6.080522E-1	1.073033E+9	1.018245E+0	1.890736E+11	9.875854E-1	1.831736E+11	1.024676E+0	2.153363E+11	1.010165E+0	2.094507E+11	-3.045156E-1	-4.590376E-1	2.977808E-1	1.545220E-1	-1.043325E-1	-2.519822E+10	-2.518958E+10	5.870329E+6	-8.635760E+6	-2.083718E+11
2.105000E+3	1.222344E+0	2.626656E+10	1.023828E+0	1.069651E+9	1.102362E+0	2.622293E+10	1.599319E+0	1.029924E+9	9.780481E-1	1.893719E+11	9.459418E-1	1.834986E+11	9.944165E-1	2.155948E+11	9.739589E-1	2.097651E+11	-1.985160E-1	4.969574E-1	-5.754912E-1	-6.954734E-1	4.986914E-2	-2.519691E+10	-2.519301E+10	3.972627E+7	-3.899210E+6	-2.086955E+11
2.130000E+3	1.705417E+0	2.584130E+10	4.882638E-1	1.111647E+9	1.497924E+0	2.577795E+10	2.618680E+0	9.855941E+8	1.468326E+0	1.857346E+11	1.375235E+0	1.801482E+11	1.472223E+0	2.115126E+11	1.408703E+0	2.059895E+11	-1.217153E+0	1.120756E+0	-2.130416E+0	-2.337909E+0	-9.204392E-1	-2.472966E+10	-2.479236E+10	1.260530E+8	6.269789E+7	-2.048779E+11
2.155000E+3	9.123678E-1	2.653944E+10	3.553241E-1	1.122072E+9	4.502664E-1	2.695651E+10	-4.968925E-1	1.121085E+9	7.031781E-1	1.914110E+11	5.251715E-1	1.867824E+11	6.698772E-1	2.183675E+11	5.644191E-1	2.133219E+11	-5.570437E-1	-9.471589E-1	8.522166E-1	3.901151E-1	-2.090950E-1	-2.541737E+10	-2.583542E+10	9.864339E+5	4.180557E+8	-2.121998E+11
2.180000E+3	5.196211E-1	2.688518E+10	7.857694E-1	1.088318E+9	3.221769E-1	2.710060E+10	-1.443538E+0	1.162253E+9	5.542132E-1	1.925162E+11	5.189932E-1	1.868307E+11	5.236609E-1	2.196168E+11	5.190568E-1	2.137158E+11	2.661483E-1	-1.765715E+0	2.229308E+0	2.031864E+0	2.667126E-1	-2.579686E+10	-2.593835E+10	-7.393511E+7	1.414873E+8	-2.126275E+11
2.205000E+3	7.047723E-1	2.672219E+10	5.035225E-1	1.110451E+9	3.887936E-1	2.702566E+10	9.517071E-1	1.058088E+9	3.352433E-1	1.941406E+11	4.334287E-1	1.874984E+11	3.422943E-1	2.211663E+11	4.609331E-1	2.142206E+11	-2.012498E-1	5.629135E-1	-4.481846E-1	-7.641633E-1	4.258938E-2	-2.561174E+10	-2.596757E+10	5.236260E+7	3.558361E+8	-2.131102E+11
2.230000E+3	5.689026E-1	2.684179E+10	1.055074E+0	1.067201E+9	3.118054E-1	2.711227E+10	1.218448E+0	1.046488E+9	4.754193E-1	1.931007E+11	4.942030E-1	1.870241E+11	4.538763E-1	2.202130E+11	5.017748E-1	2.138659E+11	4.861712E-1	9.066429E-1	-1.633744E-1	-4.204716E-1	5.532990E-1	-2.577459E+10	-2.606578E+10	2.071267E+7	2.911857E+8	-2.127987E+11
2.280000E+3	5.450572E-1	2.686279E+10	1.518853E+0	1.030833E+9	5.993254E-1	2.678882E+10	1.003098E+0	1.055853E+9	4.332981E-1	1.934132E+11	5.489110E-1	1.865972E+11	4.551590E-1	2.202020E+11	5.485204E-1	2.134600E+11	9.737959E-1	4.037729E-1	5.157548E-1	5.700230E-1	9.703327E-1	-2.583195E+10	-2.573297E+10	-2.501992E+7	-9.898235E+7	-2.124291E+11
2.380000E+3	2.849732E-1	2.709174E+10	3.342350E-1	1.123725E+9	2.237064E-1	2.721137E+10	5.918499E-1	1.073738E+9	3.258992E-1	1.942100E+11	3.463345E-1	1.881782E+11	3.124435E-1	2.214213E+11	3.401147E-1	2.152699E+11	4.926174E-2	3.681435E-1	-2.576149E-1	-3.188818E-1	-5.879737E-3	-2.596802E+10	-2.613764E+10	4.998774E+7	1.696202E+8	-2.141462E+11
2.480000E+3	5.160106E-1	2.688836E+10	5.617529E-1	1.105884E+9	5.257380E-1	2.687160E+10	2.156039E+0	1.005714E+9	6.386520E-1	1.918897E+11	6.255104E-1	1.859994E+11	6.237846E-1	2.187613E+11	6.144111E-1	2.128877E+11	4.574222E-2	1.630301E+0	-1.594287E+0	-1.584559E+0	-5.265823E-2	-2.578247E+10	-2.586589E+10	1.001709E+8	8.342010E+7	-2.117818E+11
2.530000E+3	1.855245E+0	2.570941E+10	1.978653E+0	9.947779E+8	1.723316E+0	2.552440E+10	2.102452E-1	1.090333E+9	1.753343E+0	1.836202E+11	1.622488E+0	1.782185E+11	1.749389E+0	2.091446E+11	1.646081E+0	2.039280E+11	1.234074E-1	-1.513071E+0	1.768407E+0	1.636478E+0	3.325715E-1	-2.471463E+10	-2.443406E+10	-9.555509E+7	-2.805679E+8	-2.029332E+11
2.830000E+3	8.599631E-1	2.658557E+10	1.315811E+0	1.046755E+9	1.192708E+0	2.612130E+10	8.889067E-1	1.060819E+9	1.004819E+0	1.891732E+11	1.030780E+0	1.828365E+11	1.029559E+0	2.152945E+11	1.013466E+0	2.094220E+11	4.558476E-1	-3.038014E-1	4.269040E-1	7.596490E-1	3.023451E-1	-2.553881E+10	-2.506048E+10	-1.406430E+7	-4.783331E+8	-2.083753E+11
3.130000E+3	1.483808E+0	2.603639E+10	8.095488E-1	1.086453E+9	1.334531E+0	2.596176E+10	1.152959E+0	1.049336E+9	1.277287E+0	1.871519E+11	1.374887E+0	1.801509E+11	1.284824E+0	2.131136E+11	1.385927E+0	2.061873E+11	-6.742590E-1	-1.815725E-1	-3.434100E-1	-4.926865E-1	-5.763786E-1	-2.494994E+10	-2.491242E+10	3.711756E+7	-3.751540E+7	-2.051009E+11
