Photon Energy (eV)	X ref norm	X ref	X pump norm	X pump	Y ref norm	Y ref	Y pump norm	Y pump	X all norm	X all	Y all norm	Y all	X all Y ref norm	X all Y ref	Y all X ref norm	Y all X ref	BC(X hist) norm	BC(Y hist) norm	StS norm	BCSC norm	BCLR norm	BC(X hist)	BC(Y hist)	StS	BCSC	BCLR	
2.790060E+2	7.345043E-4	7.117371E+8	7.619426E-3	3.394402E+7	-2.840649E-3	6.947002E+8	-1.166101E-3	2.867680E+7	-3.348886E-3	4.708538E+9	-2.517509E-3	4.876556E+9	-3.284970E-3	5.403239E+9	-2.111717E-3	5.588293E+9	6.884921E-3	1.674548E-3	8.785526E-3	5.210373E-3	9.731142E-3	-6.777931E+8	-6.660234E+8	5.267224E+6	-1.176972E+7	-5.554349E+9
2.795020E+2	-1.500920E-3	6.868459E+8	1.032166E-2	3.520475E+7	-3.317384E-3	6.893905E+8	-1.314765E-2	2.308510E+7	-1.678754E-3	4.837849E+9	-2.625705E-3	4.868105E+9	-1.884829E-3	5.527239E+9	-2.485352E-3	5.554951E+9	1.182258E-2	-9.830267E-3	2.346931E-2	2.165284E-2	1.280701E-2	-6.516411E+8	-6.663054E+8	1.211965E+7	1.466424E+7	-5.519747E+9
2.800000E+2	-3.897722E-3	6.601577E+8	-7.318477E-3	2.697473E+7	-4.197364E-3	6.795895E+8	5.024947E-3	3.156611E+7	-3.689598E-3	4.682159E+9	-2.901187E-3	4.846590E+9	-3.753455E-3	5.361748E+9	-3.025536E-3	5.506748E+9	-3.420755E-3	9.222310E-3	-1.234342E-2	-1.264307E-2	-4.292941E-3	-6.331830E+8	-6.480234E+8	-4.591381E+6	1.484047E+7	-5.479773E+9
2.805030E+2	-2.946617E-3	6.707482E+8	-1.449996E-5	3.038241E+7	-3.270896E-3	6.899082E+8	7.401998E-3	3.267546E+7	-4.053327E-3	4.653997E+9	-4.165754E-3	4.747827E+9	-3.954929E-3	5.343905E+9	-4.013628E-3	5.418575E+9	2.932117E-3	1.067289E-2	-7.416498E-3	-7.740776E-3	3.999128E-3	-6.403658E+8	-6.572328E+8	-2.293057E+6	1.686703E+7	-5.388193E+9
2.810020E+2	-2.019641E-3	6.810700E+8	-9.713974E-3	2.585711E+7	-2.146889E-3	7.024271E+8	1.410646E-3	2.987935E+7	-2.272721E-3	4.791861E+9	-3.351651E-3	4.811409E+9	-2.256896E-3	5.494288E+9	-3.185440E-3	5.492479E+9	-7.694333E-3	3.557534E-3	-1.112462E-2	-1.125187E-2	-6.528534E-3	-6.552128E+8	-6.725477E+8	-4.022235E+6	1.733489E+7	-5.466622E+9
2.815070E+2	-5.284073E-4	6.976747E+8	-2.115333E-2	2.052007E+7	2.429833E-3	7.534012E+8	-2.108658E-2	1.938006E+7	2.512043E-3	5.162322E+9	1.522224E-3	5.192059E+9	2.501704E-3	5.915723E+9	1.266343E-3	5.889734E+9	-2.062492E-2	-2.351641E-2	-6.675127E-5	2.891489E-3	-2.241967E-2	-6.771547E+8	-7.340211E+8	1.140011E+6	5.686646E+7	-5.869214E+9
2.820010E+2	3.436692E-3	7.418258E+8	3.524813E-4	3.055362E+7	7.581322E-3	8.107769E+8	2.855370E-3	3.055359E+7	5.633153E-3	5.403975E+9	6.467315E-3	5.578272E+9	5.878155E-3	6.214752E+9	6.089149E-3	6.320098E+9	-3.084211E-3	-4.725952E-3	-2.502889E-3	1.641741E-3	-5.736667E-3	-7.112722E+8	-7.802233E+8	3.516544E+1	6.895111E+7	-6.289544E+9
2.825040E+2	6.722110E-3	7.784087E+8	1.990672E-2	3.967667E+7	5.762026E-3	7.905141E+8	1.870737E-2	3.795160E+7	6.898091E-3	5.501913E+9	7.572267E-3	5.664569E+9	6.755219E-3	6.292427E+9	7.466183E-3	6.442978E+9	1.318461E-2	1.294534E-2	1.199347E-3	2.392625E-4	1.244054E-2	-7.387320E+8	-7.525625E+8	1.725069E+6	1.383053E+7	-6.403301E+9
2.830020E+2	1.073046E-2	8.230413E+8	-2.368683E-3	2.928406E+7	1.360675E-2	8.778862E+8	5.056569E-3	3.158087E+7	1.071160E-2	5.797175E+9	1.006019E-2	5.858876E+9	1.107570E-2	6.675061E+9	1.014383E-2	6.681918E+9	-1.309914E-2	-8.550178E-3	-7.425252E-3	-4.548964E-3	-1.251251E-2	-7.937572E+8	-8.463053E+8	-2.296809E+6	5.254806E+7	-6.652634E+9
2.835040E+2	1.707490E-2	8.936861E+8	1.820650E-2	3.888343E+7	1.487980E-2	8.920650E+8	8.484292E-3	3.318056E+7	1.612583E-2	6.216372E+9	1.601428E-2	6.323891E+9	1.596913E-2	7.108437E+9	1.614662E-2	7.217577E+9	1.131596E-3	-6.395503E-3	9.722203E-3	7.527099E-3	2.059873E-3	-8.548027E+8	-8.588844E+8	5.702863E+6	4.081727E+6	-7.178694E+9
2.840020E+2	5.024768E-2	1.263062E+9	3.647505E-2	4.740663E+7	4.379903E-2	1.214158E+9	3.440167E-2	4.527601E+7	4.585350E-2	8.518043E+9	4.546600E-2	8.624077E+9	4.559513E-2	9.732202E+9	4.606267E-2	9.887139E+9	-1.377263E-2	-9.397355E-3	2.073377E-3	-4.375276E-3	-9.587619E-3	-1.215656E+9	-1.168882E+9	2.130624E+6	-4.677335E+7	-9.839732E+9
2.841010E+2	5.537063E-2	1.320106E+9	6.512520E-2	6.077338E+7	5.228591E-2	1.308683E+9	4.435464E-2	4.992099E+7	5.487411E-2	9.216466E+9	5.230497E-2	9.158201E+9	5.454862E-2	1.052515E+10	5.268751E-2	1.047831E+10	9.754566E-3	-7.931265E-3	2.077056E-2	1.768583E-2	1.243769E-2	-1.259333E+9	-1.258762E+9	1.085240E+7	-5.710028E+5	-1.041753E+10
2.842010E+2	6.207672E-2	1.394778E+9	5.171767E-2	5.451809E+7	5.633570E-2	1.353788E+9	4.719583E-2	5.124695E+7	5.869413E-2	9.512232E+9	5.955889E-2	9.724734E+9	5.839754E-2	1.086602E+10	5.987307E-2	1.111951E+10	-1.035905E-2	-9.139871E-3	4.521836E-3	-1.219180E-3	-8.155402E-3	-1.340260E+9	-1.302541E+9	3.271140E+6	-3.771864E+7	-1.106499E+10
2.843010E+2	8.032584E-2	1.597980E+9	8.051276E-2	6.795246E+7	7.561591E-2	1.568525E+9	5.339702E-2	5.414099E+7	8.079751E-2	1.122359E+10	7.923565E-2	1.126149E+10	8.014587E-2	1.279212E+10	7.937169E-2	1.285947E+10	1.869171E-4	-2.221890E-2	2.711574E-2	2.240581E-2	1.141071E-3	-1.530028E+9	-1.514384E+9	1.381146E+7	-1.564385E+7	-1.279152E+10
2.844010E+2	1.370434E-1	2.229525E+9	1.441538E-1	9.764425E+7	1.392652E-1	2.277431E+9	1.157048E-1	8.321957E+7	1.429649E-1	1.603691E+10	1.405561E-1	1.605063E+10	1.424996E-1	1.831435E+10	1.401177E-1	1.828015E+10	7.110474E-3	-2.356044E-2	2.844903E-2	3.067091E-2	4.036082E-3	-2.131881E+9	-2.194212E+9	1.442468E+7	6.233086E+7	-1.818251E+10
2.845030E+2	2.231010E-1	3.187770E+9	2.299826E-1	1.376877E+8	2.336579E-1	3.328747E+9	2.372133E-1	1.399267E+8	2.344907E-1	2.312332E+10	2.281571E-1	2.289229E+10	2.343860E-1	2.645207E+10	2.275262E-1	2.608006E+10	6.881636E-3	3.555409E-3	-7.230644E-3	3.326226E-3	2.456419E-3	-3.050082E+9	-3.188820E+9	-2.238924E+6	1.387380E+8	-2.594237E+10
2.846010E+2	3.837724E-1	4.976833E+9	4.074953E-1	2.205064E+8	3.914826E-1	5.086550E+9	4.122852E-1	2.216314E+8	4.134230E-1	3.697719E+10	3.882254E-1	3.539365E+10	4.106638E-1	4.206374E+10	3.876697E-1	4.037048E+10	2.372289E-2	2.080258E-2	-4.789911E-3	2.920315E-3	1.982557E-2	-4.756327E+9	-4.864919E+9	-1.125016E+6	1.085919E+8	-4.014998E+10
2.847030E+2	8.013153E-1	9.626140E+9	8.608863E-1	4.320363E+8	8.109268E-1	9.758189E+9	7.883939E-1	3.971585E+8	8.538005E-1	7.107350E+10	8.124502E-1	6.852569E+10	8.484087E-1	8.083169E+10	8.110608E-1	7.815183E+10	5.957095E-2	-2.253293E-2	7.249238E-2	8.210388E-2	4.982548E-2	-9.194103E+9	-9.361030E+9	3.487778E+7	1.669269E+8	-7.771979E+10
2.848050E+2	1.092623E+0	1.286983E+10	1.062475E+0	5.260875E+8	1.089748E+0	1.286361E+10	9.957869E-1	4.939473E+8	1.093953E+0	8.966733E+10	1.091559E+0	9.032412E+10	1.093424E+0	1.025309E+11	1.091692E+0	1.031939E+11	-3.014827E-2	-9.396081E-2	6.668783E-2	6.381254E-2	-2.921693E-2	-1.234374E+10	-1.236966E+10	3.214026E+7	2.592211E+7	-1.026679E+11
2.849020E+2	1.240651E+0	1.451811E+10	1.176581E+0	5.793241E+8	1.252636E+0	1.467781E+10	1.233171E+0	6.047328E+8	1.236722E+0	1.007213E+11	1.240282E+0	1.019394E+11	1.238724E+0	1.153991E+11	1.240328E+0	1.164575E+11	-6.406998E-2	-1.946452E-2	-5.658983E-2	-4.460546E-2	-6.374657E-2	-1.393879E+10	-1.407307E+10	-2.540867E+7	1.342853E+8	-1.158782E+11
2.850010E+2	1.199270E+0	1.405733E+10	1.131238E+0	5.581690E+8	1.180273E+0	1.387185E+10	1.202538E+0	5.904363E+8	1.178155E+0	9.618669E+10	1.183176E+0	9.747945E+10	1.178421E+0	1.100585E+11	1.185184E+0	1.115368E+11	-6.803211E-2	2.226464E-2	-7.129974E-2	-9.029675E-2	-5.394657E-2	-1.349916E+10	-1.328141E+10	-3.226725E+7	-2.177487E+8	-1.109786E+11
2.851110E+2	9.512703E-1	1.129588E+10	8.922265E-1	4.466581E+8	9.497330E-1	1.130417E+10	9.138914E-1	4.557273E+8	9.436993E-1	7.803393E+10	9.523621E-1	7.945283E+10	9.444581E-1	8.933810E+10	9.522259E-1	9.074871E+10	-5.904384E-2	-3.584161E-2	-2.166490E-2	-2.320223E-2	-5.999935E-2	-1.084922E+10	-1.084844E+10	-9.069160E+6	-7.770367E+5	-9.030205E+10
2.852010E+2	7.202484E-1	8.723466E+9	7.059358E-1	3.597440E+8	7.102073E-1	8.636406E+9	7.350153E-1	3.722471E+8	7.219478E-1	6.086478E+10	7.237795E-1	6.160049E+10	7.204713E-1	6.950118E+10	7.233389E-1	7.032395E+10	-1.431263E-2	2.480801E-2	-2.907955E-2	-3.912064E-2	-1.740309E-2	-8.363722E+9	-8.264159E+9	-1.250311E+7	-9.956298E+7	-6.996421E+10
2.853020E+2	7.667635E-1	9.241408E+9	7.462233E-1	3.785402E+8	7.595818E-1	9.186324E+9	7.509431E-1	3.796805E+8	7.649753E-1	6.419619E+10	7.615123E-1	6.454742E+10	7.642970E-1	7.338252E+10	7.621675E-1	7.378883E+10	-2.054014E-2	-8.638731E-3	-4.719724E-3	-1.190141E-2	-1.594419E-2	-8.862867E+9	-8.806643E+9	-1.140276E+6	-5.622425E+7	-7.341029E+10
2.854130E+2	6.115765E-1	7.513413E+9	6.226087E-1	3.208677E+8	6.137591E-1	7.562196E+9	6.285662E-1	3.225681E+8	6.214787E-1	5.308594E+10	6.238442E-1	5.379552E+10	6.205079E-1	6.064814E+10	6.223134E-1	6.130893E+10	1.103222E-2	1.480714E-2	-5.957485E-3	-3.774922E-3	2.953588E-4	-7.192546E+9	-7.239628E+9	-1.700407E+6	4.708196E+7	-6.098806E+10
2.855050E+2	5.235041E-1	6.532734E+9	4.841572E-1	2.562731E+8	5.112958E-1	6.420992E+9	5.168190E-1	2.704166E+8	5.271816E-1	4.578497E+10	5.246094E-1	4.604527E+10	5.251838E-1	5.220596E+10	5.244715E-1	5.257800E+10	-3.934687E-2	5.523174E-3	-3.266179E-2	-4.487005E-2	-4.031427E-2	-6.276461E+9	-6.150575E+9	-1.414348E+7	-1.258855E+8	-5.232173E+10
2.856030E+2	4.257821E-1	5.444607E+9	4.226123E-1	2.275593E+8	4.285213E-1	5.499075E+9	3.690528E-1	2.014552E+8	4.276067E-1	3.807537E+10	4.246526E-1	3.823862E+10	4.277218E-1	4.357444E+10	4.247935E-1	4.368323E+10	-3.169745E-3	-5.946851E-2	5.355954E-2	5.629876E-2	-2.181204E-3	-5.217048E+9	-5.297620E+9	2.610409E+7	8.057183E+7	-4.345567E+10
2.858040E+2	4.316805E-1	5.510285E+9	4.171690E-1	2.250197E+8	4.411606E-1	5.639848E+9	4.027537E-1	2.171831E+8	4.401403E-1	3.904577E+10	4.386032E-1	3.932816E+10	4.402686E-1	4.468562E+10	4.377393E-1	4.483845E+10	-1.451141E-2	-3.840695E-2	1.441537E-2	2.389554E-2	-2.057030E-2	-5.285266E+9	-5.422665E+9	7.836576E+6	1.373991E+8	-4.461343E+10
2.860020E+2	6.352815E-1	7.777367E+9	6.635470E-1	3.399675E+8	6.434589E-1	7.892983E+9	6.634637E-1	3.388546E+8	6.405800E-1	5.456487E+10	6.357799E-1	5.472770E+10	6.409421E-1	6.245785E+10	6.357177E-1	6.250507E+10	2.826552E-2	2.000487E-2	8.329365E-5	8.260649E-3	2.782932E-2	-7.437399E+9	-7.554128E+9	1.112976E+6	1.167291E+8	-6.216510E+10
2.862030E+2	9.981758E-1	1.181817E+10	9.540617E-1	4.755074E+8	9.925487E-1	1.178104E+10	9.987282E-1	4.953200E+8	9.996384E-1	8.236503E+10	1.005315E+0	8.358846E+10	9.987468E-1	9.414607E+10	1.004424E+0	9.540663E+10	-4.411406E-2	6.179571E-3	-4.466649E-2	-5.029363E-2	-5.036243E-2	-1.134266E+10	-1.128572E+10	-1.981259E+7	-5.694167E+7	-9.493112E+10
2.864080E+2	9.819666E-1	1.163768E+10	9.748512E-1	4.852067E+8	9.663815E-1	1.148959E+10	9.758816E-1	4.846576E+8	9.730830E-1	8.030897E+10	9.714551E-1	8.094400E+10	9.722402E-1	9.179857E+10	9.727667E-1	9.258167E+10	-7.115378E-3	9.500138E-3	-1.030412E-3	-1.661552E-2	2.084487E-3	-1.115247E+10	-1.100494E+10	5.490890E+5	-1.475335E+8	-9.209647E+10
2.866030E+2	8.376950E-1	1.003122E+10	8.140895E-1	4.102032E+8	8.310690E-1	9.982526E+9	7.719891E-1	3.895025E+8	8.488021E-1	7.068650E+10	8.378397E-1	7.050861E+10	8.465720E-1	8.066903E+10	8.378217E-1	8.053984E+10	-2.360543E-2	-5.907988E-2	4.210044E-2	3.547445E-2	-2.373214E-2	-9.621021E+9	-9.593023E+9	2.070072E+7	-2.799765E+7	-8.012963E+10
2.868020E+2	1.424709E+0	1.656758E+10	1.299423E+0	6.366360E+8	1.401293E+0	1.633350E+10	1.321352E+0	6.458862E+8	1.405340E+0	1.137766E+11	1.412603E+0	1.153977E+11	1.404831E+0	1.301101E+11	1.414114E+0	1.319653E+11	-1.252859E-1	-7.994061E-2	-2.192895E-2	-4.534529E-2	-1.146905E-1	-1.593094E+10	-1.568761E+10	-9.250113E+6	-2.433284E+8	-1.313287E+11
2.870030E+2	1.374200E+0	1.600516E+10	1.262853E+0	6.195741E+8	1.370552E+0	1.599112E+10	1.408746E+0	6.866722E+8	1.373286E+0	1.112948E+11	1.376659E+0	1.125905E+11	1.372942E+0	1.272859E+11	1.376352E+0	1.285957E+11	-1.113470E-1	3.819381E-2	-1.458933E-1	-1.495408E-1	-1.134997E-1	-1.538559E+10	-1.530445E+10	-6.709815E+7	-8.113736E+7	-1.279761E+11
2.872040E+2	1.104724E+0	1.300457E+10	1.085879E+0	5.370066E+8	1.122339E+0	1.322660E+10	1.114785E+0	5.494830E+8	1.122592E+0	9.188471E+10	1.129276E+0	9.326982E+10	1.122560E+0	1.051113E+11	1.126212E+0	1.062744E+11	-1.884573E-2	-7.553561E-3	-2.890698E-2	-1.129216E-2	-4.033371E-2	-1.246757E+10	-1.267712E+10	-1.247643E+7	2.095512E+8	-1.057374E+11
2.874030E+2	8.742818E-1	1.043862E+10	8.889555E-1	4.451320E+8	8.819463E-1	1.054918E+10	8.690618E-1	4.348056E+8	8.863486E-1	7.359355E+10	8.864104E-1	7.430199E+10	8.857950E-1	8.414273E+10	8.848969E-1	8.474060E+10	1.467368E-2	-1.288454E-2	1.989370E-2	2.755823E-2	4.058538E-3	-9.993483E+9	-1.011438E+10	1.032639E+7	1.208927E+8	-8.429547E+10
2.876030E+2	5.908502E-1	7.282628E+9	5.415407E-1	2.830454E+8	5.933759E-1	7.335174E+9	5.415912E-1	2.819776E+8	5.965254E-1	5.115393E+10	5.877909E-1	5.097975E+10	5.961294E-1	5.848910E+10	5.881726E-1	5.826238E+10	-4.930956E-2	-5.178469E-2	-5.057727E-5	2.475124E-3	-4.663199E-2	-6.999582E+9	-7.053197E+9	1.067794E+6	5.361452E+7	-5.797933E+10
2.878020E+2	5.482407E-1	6.808175E+9	5.560182E-1	2.897999E+8	5.382755E-1	6.721483E+9	5.134221E-1	2.688313E+8	5.532215E-1	4.780111E+10	5.498287E-1	4.801489E+10	5.513419E-1	5.452259E+10	5.496305E-1	5.482307E+10	7.777430E-3	-2.485341E-2	4.259606E-2	3.263084E-2	6.387648E-3	-6.518375E+9	-6.452652E+9	2.096861E+7	-6.572273E+7	-5.453327E+10
2.880040E+2	5.573981E-1	6.910141E+9	5.627297E-1	2.929311E+8	5.638705E-1	7.006552E+9	4.890505E-1	2.574572E+8	5.666943E-1	4.884425E+10	5.633651E-1	4.907209E+10	5.663392E-1	5.585080E+10	5.626205E-1	5.598223E+10	5.331611E-3	-7.482003E-2	7.367927E-2	8.015164E-2	1.092368E-4	-6.617210E+9	-6.749095E+9	3.547396E+7	1.318848E+8	-5.568930E+10
2.882090E+2	5.751693E-1	7.108022E+9	5.298521E-1	2.775921E+8	5.641065E-1	7.009181E+9	5.899432E-1	3.045431E+8	5.770317E-1	4.964462E+10	5.748507E-1	4.996912E+10	5.754062E-1	5.665380E+10	5.748905E-1	5.707714E+10	-4.531714E-2	2.583675E-2	-6.009109E-2	-7.115388E-2	-4.503834E-2	-6.830430E+9	-6.704637E+9	-2.695101E+7	-1.257921E+8	-5.679955E+10
2.884090E+2	1.019740E+0	1.205828E+10	1.089838E+0	5.388539E+8	1.008487E+0	1.195855E+10	9.802719E-1	4.867065E+8	1.025816E+0	8.439185E+10	1.010724E+0	8.401089E+10	1.023637E+0	9.635040E+10	1.011849E+0	9.606917E+10	7.009814E-2	-2.821532E-2	1.095662E-1	9.831346E-2	7.798926E-2	-1.151943E+10	-1.147185E+10	5.214738E+7	-4.757777E+7	-9.553031E+10
2.886030E+2	1.357136E+0	1.581516E+10	1.230121E+0	6.043031E+8	1.364092E+0	1.591916E+10	1.371068E+0	6.690880E+8	1.349962E+0	1.094889E+11	1.357149E+0	1.110668E+11	1.351739E+0	1.254081E+11	1.357148E+0	1.268820E+11	-1.270150E-1	6.976193E-3	-1.409466E-1	-1.339912E-1	-1.270268E-1	-1.521086E+10	-1.525008E+10	-6.478495E+7	3.922059E+7	-1.262777E+11
2.887950E+2	1.380153E+0	1.607144E+10	1.333557E+0	6.525611E+8	1.377302E+0	1.606630E+10	1.363621E+0	6.656127E+8	1.368146E+0	1.108968E+11	1.380762E+0	1.129110E+11	1.369298E+0	1.269631E+11	1.380686E+0	1.289824E+11	-4.659578E-2	-1.368070E-2	-3.006435E-2	-3.291508E-2	-4.712943E-2	-1.541888E+10	-1.540068E+10	-1.305168E+7	-1.820008E+7	-1.283298E+11
2.890120E+2	1.183108E+0	1.387737E+10	1.155866E+0	5.696595E+8	1.177759E+0	1.384385E+10	1.230231E+0	6.033607E+8	1.183941E+0	9.663472E+10	1.186493E+0	9.773849E+10	1.183164E+0	1.104786E+11	1.186071E+0	1.116159E+11	-2.724163E-2	5.247192E-2	-7.436489E-2	-7.971355E-2	-3.020419E-2	-1.330771E+10	-1.324049E+10	-3.370122E+7	-6.721651E+7	-1.110462E+11
2.892050E+2	7.420908E-1	8.966680E+9	7.783518E-1	3.935298E+8	7.540057E-1	9.124219E+9	7.051407E-1	3.583049E+8	7.525574E-1	6.323474E+10	7.629484E-1	6.465958E+10	7.527396E-1	7.235896E+10	7.603457E-1	7.362626E+10	3.626094E-2	-4.886501E-2	7.321104E-2	8.512596E-2	1.800603E-2	-8.573150E+9	-8.765914E+9	3.522487E+7	1.927645E+8	-7.323273E+10
2.894050E+2	6.979850E-1	8.475565E+9	7.209231E-1	3.667364E+8	6.894307E-1	8.405003E+9	7.184438E-1	3.645134E+8	7.008192E-1	5.922889E+10	6.970057E-1	5.950945E+10	6.993870E-1	6.763390E+10	6.971279E-1	6.798502E+10	2.293809E-2	2.901314E-2	2.479280E-3	-6.075054E-3	2.379520E-2	-8.108829E+9	-8.040489E+9	2.223031E+6	-6.833952E+7	-6.761828E+10
2.896060E+2	7.131451E-1	8.644372E+9	7.088235E-1	3.610913E+8	7.207642E-1	8.753986E+9	6.883206E-1	3.504551E+8	7.193990E-1	6.066744E+10	7.164534E-1	6.102832E+10	7.195707E-1	6.942143E+10	7.160406E-1	6.967269E+10	-4.321628E-3	-3.244361E-2	2.050289E-2	2.812198E-2	-7.217093E-3	-8.283280E+9	-8.403531E+9	1.063623E+7	1.202502E+8	-6.931160E+10
2.898030E+2	6.186824E-1	7.592537E+9	6.460548E-1	3.318065E+8	6.284153E-1	7.725432E+9	6.411061E-1	3.284204E+8	6.295741E-1	5.371273E+10	6.290887E-1	5.420512E+10	6.294284E-1	6.143816E+10	6.277902E-1	6.179765E+10	2.737243E-2	1.269078E-2	4.948779E-3	1.468165E-2	1.826467E-2	-7.260730E+9	-7.397012E+9	3.386141E+6	1.362812E+8	-6.146585E+10
2.900030E+2	7.135152E-1	8.648492E+9	8.010717E-1	4.041298E+8	7.131247E-1	8.668899E+9	7.520351E-1	3.801901E+8	7.217041E-1	6.084591E+10	7.226776E-1	6.151443E+10	7.206251E-1	6.951481E+10	7.215343E-1	7.016292E+10	8.755650E-2	3.891041E-2	4.903659E-2	4.864609E-2	7.953740E-2	-8.244362E+9	-8.288709E+9	2.393962E+7	4.434633E+7	-6.975879E+10
2.905120E+2	8.888519E-1	1.060085E+10	9.276234E-1	4.631725E+8	8.930124E-1	1.067243E+10	9.012051E-1	4.498067E+8	9.048929E-1	7.502934E+10	8.942636E-1	7.491533E+10	9.033988E-1	8.570177E+10	8.935883E-1	8.551618E+10	3.877148E-2	8.192763E-3	2.641821E-2	3.057871E-2	3.403505E-2	-1.013768E+10	-1.022263E+10	1.336585E+7	8.494583E+7	-8.505301E+10
2.910040E+2	1.155718E+0	1.357239E+10	1.212340E+0	5.960074E+8	1.152080E+0	1.355785E+10	1.163090E+0	5.720265E+8	1.153955E+0	9.431305E+10	1.147301E+0	9.467757E+10	1.153720E+0	1.078709E+11	1.148351E+0	1.082500E+11	5.662205E-2	1.100971E-2	4.925014E-2	4.561234E-2	6.398926E-2	-1.297638E+10	-1.298582E+10	2.398098E+7	9.444847E+6	-1.076540E+11
2.915070E+2	1.274152E+0	1.489114E+10	1.237658E+0	6.078196E+8	1.286835E+0	1.505871E+10	1.284334E+0	6.286102E+8	1.277299E+0	1.038630E+11	1.274042E+0	1.045761E+11	1.278499E+0	1.189217E+11	1.274056E+0	1.194672E+11	-3.649389E-2	-2.500794E-3	-4.667580E-2	-3.399310E-2	-3.639719E-2	-1.428332E+10	-1.443010E+10	-2.079052E+7	1.467740E+8	-1.188594E+11
2.920030E+2	1.136530E+0	1.335872E+10	1.210583E+0	5.951875E+8	1.128923E+0	1.329993E+10	1.112553E+0	5.484413E+8	1.134193E+0	9.278294E+10	1.127945E+0	9.316587E+10	1.133530E+0	1.060829E+11	1.129016E+0	1.065246E+11	7.405315E-2	-1.636921E-2	9.802953E-2	9.042236E-2	8.156682E-2	-1.276354E+10	-1.275148E+10	4.674620E+7	-1.205258E+7	-1.059294E+11
2.925160E+2	9.255725E-1	1.100973E+10	9.342400E-1	4.662595E+8	9.409823E-1	1.120671E+10	9.015631E-1	4.499738E+8	9.364902E-1	7.747577E+10	9.360126E-1	7.817593E+10	9.370551E-1	8.868247E+10	9.347099E-1	8.918567E+10	8.667489E-3	-3.941911E-2	3.267688E-2	4.808660E-2	-4.698545E-4	-1.054347E+10	-1.075673E+10	1.628579E+7	2.132577E+8	-8.871941E+10
2.930070E+2	9.267710E-1	1.102308E+10	8.810676E-1	4.414519E+8	9.115049E-1	1.087840E+10	9.010073E-1	4.497144E+8	9.203230E-1	7.622402E+10	9.221136E-1	7.709042E+10	9.192140E-1	8.710241E+10	9.226948E-1	8.811350E+10	-4.570342E-2	-1.049757E-2	-1.993974E-2	-3.520586E-2	-4.162718E-2	-1.058163E+10	-1.042868E+10	-8.262457E+6	-1.529452E+8	-8.767204E+10
2.935040E+2	9.518480E-1	1.130231E+10	9.197888E-1	4.595173E+8	9.495199E-1	1.130179E+10	9.674199E-1	4.807086E+8	9.532291E-1	7.877178E+10	9.553395E-1	7.968537E+10	9.527627E-1	9.007358E+10	9.549038E-1	9.098768E+10	-3.205923E-2	1.790008E-2	-4.763114E-2	-4.995932E-2	-3.511504E-2	-1.084279E+10	-1.082109E+10	-2.119131E+7	-2.170586E+7	-9.052816E+10
2.940070E+2	8.978777E-1	1.070135E+10	9.121482E-1	4.559526E+8	8.985968E-1	1.073463E+10	9.260195E-1	4.613874E+8	8.979590E-1	7.449248E+10	9.019145E-1	7.551287E+10	8.980392E-1	8.522711E+10	9.014108E-1	8.621422E+10	1.427059E-2	2.742275E-2	-1.387127E-2	-1.315216E-2	1.073743E-2	-1.024540E+10	-1.027324E+10	-5.434755E+6	2.784102E+7	-8.575827E+10
2.945040E+2	9.095434E-1	1.083125E+10	9.059859E-1	4.530776E+8	9.097190E-1	1.085851E+10	8.786222E-1	4.392674E+8	9.047795E-1	7.502056E+10	9.050509E-1	7.575782E+10	9.054007E-1	8.587907E+10	9.056115E-1	8.658907E+10	-3.557453E-3	-3.109686E-2	2.736372E-2	2.753941E-2	3.744045E-4	-1.037817E+10	-1.041924E+10	1.381018E+7	4.106576E+7	-8.613599E+10
2.950120E+2	1.147807E+0	1.348430E+10	1.201079E+0	5.907536E+8	1.155580E+0	1.359683E+10	1.164287E+0	5.725849E+8	1.160571E+0	9.482530E+10	1.156024E+0	9.535890E+10	1.159944E+0	1.084221E+11	1.154999E+0	1.088432E+11	5.327208E-2	8.707014E-3	3.679247E-2	4.456507E-2	4.608022E-2	-1.289355E+10	-1.302424E+10	1.816867E+7	1.306961E+8	-1.082524E+11
2.955070E+2	1.316552E+0	1.536325E+10	1.326411E+0	6.492271E+8	1.311797E+0	1.533673E+10	1.335140E+0	6.523210E+8	1.315485E+0	1.068195E+11	1.315623E+0	1.078235E+11	1.315021E+0	1.221562E+11	1.315739E+0	1.231868E+11	9.859246E-3	2.334321E-2	-8.729652E-3	-1.348396E-2	1.067223E-2	-1.471403E+10	-1.468441E+10	-3.093924E+6	-2.961994E+7	-1.225376E+11
2.960060E+2	1.345969E+0	1.569082E+10	1.307737E+0	6.405149E+8	1.337128E+0	1.561885E+10	1.300185E+0	6.360076E+8	1.340586E+0	1.087630E+11	1.337004E+0	1.094934E+11	1.340151E+0	1.243818E+11	1.338123E+0	1.251843E+11	-3.823197E-2	-3.694254E-2	7.552072E-3	-1.289430E-3	-3.038565E-2	-1.505030E+10	-1.498284E+10	4.507282E+6	-6.745913E+7	-1.245437E+11
2.965040E+2	1.214461E+0	1.422648E+10	1.223783E+0	6.013462E+8	1.226629E+0	1.438815E+10	1.238414E+0	6.071796E+8	1.218576E+0	9.931629E+10	1.217120E+0	1.001305E+11	1.219588E+0	1.137044E+11	1.216788E+0	1.143570E+11	9.322741E-3	1.178484E-2	-1.463074E-2	-2.462097E-3	6.994991E-3	-1.362513E+10	-1.378097E+10	-5.833367E+6	1.558404E+8	-1.137556E+11
2.970040E+2	9.620017E-1	1.141537E+10	9.873448E-1	4.910356E+8	9.702423E-1	1.153259E+10	9.996743E-1	4.957615E+8	9.655018E-1	7.972200E+10	9.632132E-1	8.030030E+10	9.660980E-1	9.125459E+10	9.630620E-1	9.171567E+10	2.534308E-2	2.943200E-2	-1.232956E-2	-4.088920E-3	2.428277E-2	-1.092433E+10	-1.103683E+10	-4.725910E+6	1.124999E+8	-9.122463E+10
2.975040E+2	8.591467E-1	1.027009E+10	9.105984E-1	4.552295E+8	8.740056E-1	1.046074E+10	8.648363E-1	4.328336E+8	8.659216E-1	7.201198E+10	8.713486E-1	7.312566E+10	8.669382E-1	8.247272E+10	8.698261E-1	8.339575E+10	5.145162E-2	-9.169293E-3	4.576202E-2	6.062091E-2	4.077230E-2	-9.814858E+9	-1.002791E+10	2.239587E+7	2.130489E+8	-8.294052E+10
2.980040E+2	9.071480E-1	1.080458E+10	9.215214E-1	4.603257E+8	8.960687E-1	1.070647E+10	9.687874E-1	4.813468E+8	9.041752E-1	7.497377E+10	9.074574E-1	7.594577E+10	9.031557E-1	8.568024E+10	9.074188E-1	8.675035E+10	1.437338E-2	7.271871E-2	-4.726599E-2	-5.834533E-2	1.410259E-2	-1.034425E+10	-1.022513E+10	-2.102115E+7	-1.191272E+8	-8.629002E+10
2.985020E+2	9.140737E-1	1.088169E+10	9.031990E-1	4.517773E+8	9.107176E-1	1.086963E+10	8.789778E-1	4.394333E+8	9.201627E-1	7.621161E+10	9.128850E-1	7.636966E+10	9.189749E-1	8.708124E+10	9.130333E-1	8.725136E+10	-1.087471E-2	-3.173980E-2	2.422121E-2	2.086509E-2	-9.834378E-3	-1.042992E+10	-1.043019E+10	1.234399E+7	2.760164E+5	-8.679958E+10
2.990020E+2	8.617700E-1	1.029930E+10	8.412185E-1	4.228603E+8	8.534030E-1	1.023127E+10	9.124262E-1	4.550435E+8	8.640954E-1	7.187059E+10	8.626246E-1	7.244431E+10	8.627507E-1	8.210186E+10	8.625179E-1	8.274361E+10	-2.055147E-2	5.902325E-2	-7.120770E-2	-7.957471E-2	-2.129944E-2	-9.876437E+9	-9.776231E+9	-3.218318E+7	-1.002058E+8	-8.232075E+10
2.995060E+2	1.215535E+0	1.423844E+10	1.181993E+0	5.818487E+8	1.220438E+0	1.431919E+10	1.163372E+0	5.721578E+8	1.213168E+0	9.889757E+10	1.209604E+0	9.954346E+10	1.214082E+0	1.132168E+11	1.210344E+0	1.137819E+11	-3.354249E-2	-5.706619E-2	1.862110E-2	2.352371E-2	-2.835127E-2	-1.365660E+10	-1.374704E+10	9.690939E+6	9.044091E+7	-1.132001E+11
3.000060E+2	1.242326E+0	1.453676E+10	1.241470E+0	6.095980E+8	1.245367E+0	1.459685E+10	1.211601E+0	5.946660E+8	1.232478E+0	1.003926E+11	1.236080E+0	1.016113E+11	1.234099E+0	1.149895E+11	1.236860E+0	1.161481E+11	-8.563434E-4	-3.376667E-2	2.986936E-2	3.291033E-2	4.610203E-3	-1.392716E+10	-1.400219E+10	1.493199E+7	7.502180E+7	-1.155385E+11
