Photon Energy (eV)	X ref norm	X ref	X pump norm	X pump	Y ref norm	Y ref	Y pump norm	Y pump	X all norm	X all	Y all norm	Y all	X all Y ref norm	X all Y ref	Y all X ref norm	Y all X ref	BC(X hist) norm	BC(Y hist) norm	StS norm	BCSC norm	BCLR norm	BC(X hist)	BC(Y hist)	StS	BCSC	BCLR	
2.790060E+2	7.345043E-4	7.117371E+8	1.717454E-3	3.177379E+7	-2.840649E-3	6.947002E+8	-9.627965E-3	2.581619E+7	-3.348886E-3	4.708538E+9	-2.517509E-3	4.876556E+9	-3.284970E-3	5.403239E+9	-2.111717E-3	5.588293E+9	9.829496E-4	-6.787316E-3	1.134542E-2	7.770265E-3	3.829171E-3	-6.799634E+8	-6.688840E+8	5.957597E+6	-1.107935E+7	-5.556519E+9
2.795020E+2	-1.500920E-3	6.868459E+8	-2.401180E-3	2.991210E+7	-3.317384E-3	6.893905E+8	-1.891265E-3	2.926186E+7	-1.678754E-3	4.837849E+9	-2.625705E-3	4.868105E+9	-1.884829E-3	5.527239E+9	-2.485352E-3	5.554951E+9	-9.002602E-4	1.426120E-3	-5.099150E-4	-2.326380E-3	8.417243E-5	-6.569338E+8	-6.601286E+8	6.502378E+5	3.194824E+6	-5.525039E+9
2.800000E+2	-3.897722E-3	6.601577E+8	5.786149E-3	3.361290E+7	-4.197364E-3	6.795895E+8	-1.244123E-2	2.456325E+7	-3.689598E-3	4.682159E+9	-2.901187E-3	4.846590E+9	-3.753455E-3	5.361748E+9	-3.025536E-3	5.506748E+9	9.683871E-3	-8.243865E-3	1.822738E-2	1.792774E-2	8.811685E-3	-6.265448E+8	-6.550263E+8	9.049646E+6	2.848150E+7	-5.473135E+9
2.805030E+2	-2.946617E-3	6.707482E+8	-2.875638E-3	2.969764E+7	-3.270896E-3	6.899082E+8	-6.711206E-3	2.711522E+7	-4.053327E-3	4.653997E+9	-4.165754E-3	4.747827E+9	-3.954929E-3	5.343905E+9	-4.013628E-3	5.418575E+9	7.097854E-5	-3.440310E-3	3.835568E-3	3.511289E-3	1.137990E-3	-6.410505E+8	-6.627930E+8	2.582420E+6	2.174250E+7	-5.388878E+9
2.810020E+2	-2.019641E-3	6.810700E+8	6.002761E-3	3.371081E+7	-2.146889E-3	7.024271E+8	9.553629E-3	3.435905E+7	-2.272721E-3	4.791861E+9	-3.351651E-3	4.811409E+9	-2.256896E-3	5.494288E+9	-3.185440E-3	5.492479E+9	8.022403E-3	1.170052E-2	-3.550868E-3	-3.678116E-3	9.188202E-3	-6.473591E+8	-6.680680E+8	-6.482353E+5	2.070889E+7	-5.458768E+9
2.815070E+2	-5.284073E-4	6.976747E+8	3.970555E-3	3.279222E+7	2.429833E-3	7.534012E+8	-5.514218E-3	2.764832E+7	2.512043E-3	5.162322E+9	1.522224E-3	5.192059E+9	2.501704E-3	5.915723E+9	1.266343E-3	5.889734E+9	4.498962E-3	-7.944051E-3	9.484774E-3	1.244301E-2	2.704213E-3	-6.648825E+8	-7.257529E+8	5.143905E+6	6.087036E+7	-5.856942E+9
2.820010E+2	3.436692E-3	7.418258E+8	-1.016523E-3	3.053799E+7	7.581322E-3	8.107769E+8	3.015203E-2	4.353290E+7	5.633153E-3	5.403975E+9	6.467315E-3	5.578272E+9	5.878155E-3	6.214752E+9	6.089149E-3	6.320098E+9	-4.453215E-3	2.257071E-2	-3.116855E-2	-2.702392E-2	-7.105671E-3	-7.112878E+8	-7.672440E+8	-1.299492E+7	5.595616E+7	-6.289560E+9
2.825040E+2	6.722110E-3	7.784087E+8	-1.118358E-2	2.594232E+7	5.762026E-3	7.905141E+8	-3.519776E-3	2.853658E+7	6.898091E-3	5.501913E+9	7.572267E-3	5.664569E+9	6.755219E-3	6.292427E+9	7.466183E-3	6.442978E+9	-1.790569E-2	-9.281802E-3	-7.663803E-3	-8.623887E-3	-1.864976E-2	-7.524663E+8	-7.619775E+8	-2.594255E+6	9.511204E+6	-6.417035E+9
2.830020E+2	1.073046E-2	8.230413E+8	7.320756E-5	3.103056E+7	1.360675E-2	8.778862E+8	3.172865E-2	4.423508E+7	1.071160E-2	5.797175E+9	1.006019E-2	5.858876E+9	1.107570E-2	6.675061E+9	1.014383E-2	6.681918E+9	-1.065725E-2	1.812191E-2	-3.165545E-2	-2.877916E-2	-1.007062E-2	-7.920107E+8	-8.336511E+8	-1.320452E+7	4.164036E+7	-6.650887E+9
2.835040E+2	1.707490E-2	8.936861E+8	1.083966E-2	3.589717E+7	1.487980E-2	8.920650E+8	3.882715E-3	3.183341E+7	1.612583E-2	6.216372E+9	1.601428E-2	6.323891E+9	1.596913E-2	7.108437E+9	1.614662E-2	7.217577E+9	-6.235238E-3	-1.099708E-2	6.956947E-3	4.761843E-3	-5.306961E-3	-8.577890E+8	-8.602316E+8	4.063758E+6	2.442623E+6	-7.181680E+9
2.840020E+2	5.024768E-2	1.263062E+9	2.232818E-2	4.109015E+7	4.379903E-2	1.214158E+9	5.906976E-2	5.641192E+7	4.585350E-2	8.518043E+9	4.546600E-2	8.624077E+9	4.559513E-2	9.732202E+9	4.606267E-2	9.887139E+9	-2.791950E-2	1.527073E-2	-3.674158E-2	-4.319023E-2	-2.373449E-2	-1.221972E+9	-1.157746E+9	-1.532177E+7	-6.422574E+7	-9.846049E+9
2.841010E+2	5.537063E-2	1.320106E+9	3.794928E-2	4.815113E+7	5.228591E-2	1.308683E+9	3.893156E-2	4.744302E+7	5.487411E-2	9.216466E+9	5.230497E-2	9.158201E+9	5.454862E-2	1.052515E+10	5.268751E-2	1.047831E+10	-1.742135E-2	-1.335435E-2	-9.822793E-4	-4.067004E-3	-1.473823E-2	-1.271955E+9	-1.261240E+9	7.081068E+5	-1.071529E+7	-1.043016E+10
2.842010E+2	6.207672E-2	1.394778E+9	4.310088E-2	5.047973E+7	5.633570E-2	1.353788E+9	7.608164E-2	6.398846E+7	5.869413E-2	9.512232E+9	5.955889E-2	9.724734E+9	5.839754E-2	1.086602E+10	5.987307E-2	1.111951E+10	-1.897584E-2	1.974594E-2	-3.298076E-2	-3.872178E-2	-1.677219E-2	-1.344298E+9	-1.289799E+9	-1.350873E+7	-5.449850E+7	-1.106903E+10
2.843010E+2	8.032584E-2	1.597980E+9	1.082879E-1	7.994527E+7	7.561591E-2	1.568525E+9	1.022072E-1	7.562393E+7	8.079751E-2	1.122359E+10	7.923565E-2	1.126149E+10	8.014587E-2	1.279212E+10	7.937169E-2	1.285947E+10	2.796208E-2	2.659129E-2	6.080713E-3	1.370783E-3	2.891623E-2	-1.518035E+9	-1.492901E+9	4.321336E+6	-2.513398E+7	-1.277953E+10
2.844010E+2	1.370434E-1	2.229525E+9	1.472870E-1	9.757344E+7	1.392652E-1	2.277431E+9	1.301913E-1	8.808716E+7	1.429649E-1	1.603691E+10	1.405561E-1	1.605063E+10	1.424996E-1	1.831435E+10	1.401177E-1	1.828015E+10	1.024362E-2	-9.073899E-3	1.709563E-2	1.931752E-2	7.169229E-3	-2.131952E+9	-2.189344E+9	9.486283E+6	5.739246E+7	-1.818258E+10
2.845030E+2	2.231010E-1	3.187770E+9	2.304436E-1	1.351615E+8	2.336579E-1	3.328747E+9	2.494779E-1	1.412135E+8	2.344907E-1	2.312332E+10	2.281571E-1	2.289229E+10	2.343860E-1	2.645207E+10	2.275262E-1	2.608006E+10	7.342642E-3	1.581999E-2	-1.903422E-2	-8.477351E-3	2.917425E-3	-3.052609E+9	-3.187534E+9	-6.051963E+6	1.349250E+8	-2.594490E+10
2.846010E+2	3.837724E-1	4.976833E+9	3.717569E-1	1.990373E+8	3.914826E-1	5.086550E+9	4.126400E-1	2.138806E+8	4.134230E-1	3.697719E+10	3.882254E-1	3.539365E+10	4.106638E-1	4.206374E+10	3.876697E-1	4.037048E+10	-1.201552E-2	2.115733E-2	-4.088307E-2	-3.317284E-2	-1.591283E-2	-4.777796E+9	-4.872670E+9	-1.484329E+7	9.487358E+7	-4.017144E+10
2.847030E+2	8.013153E-1	9.626140E+9	8.504605E-1	4.154186E+8	8.109268E-1	9.758189E+9	8.469603E-1	4.073127E+8	8.538005E-1	7.107350E+10	8.124502E-1	6.852569E+10	8.484087E-1	8.083169E+10	8.110608E-1	7.815183E+10	4.914519E-2	3.603346E-2	3.500224E-3	1.311173E-2	3.939972E-2	-9.210721E+9	-9.350876E+9	8.105937E+6	1.401550E+8	-7.773641E+10
2.848050E+2	1.092623E+0	1.286983E+10	1.046222E+0	5.039058E+8	1.089748E+0	1.286361E+10	1.158130E+0	5.458978E+8	1.093953E+0	8.966733E+10	1.091559E+0	9.032412E+10	1.093424E+0	1.025309E+11	1.091692E+0	1.031939E+11	-4.640108E-2	6.838280E-2	-1.119086E-1	-1.147839E-1	-4.546974E-2	-1.236592E+10	-1.231771E+10	-4.199200E+7	-4.821014E+7	-1.026900E+11
2.849020E+2	1.240651E+0	1.451811E+10	1.248230E+0	5.952165E+8	1.252636E+0	1.467781E+10	1.291700E+0	6.053852E+8	1.236722E+0	1.007213E+11	1.240282E+0	1.019394E+11	1.238724E+0	1.153991E+11	1.240328E+0	1.164575E+11	7.578418E-3	3.906395E-2	-4.346990E-2	-3.148553E-2	7.901827E-3	-1.392290E+10	-1.407242E+10	-1.016871E+7	1.495253E+8	-1.158623E+11
2.850010E+2	1.199270E+0	1.405733E+10	1.216559E+0	5.809007E+8	1.180273E+0	1.387185E+10	1.215367E+0	5.713889E+8	1.178155E+0	9.618669E+10	1.183176E+0	9.747945E+10	1.178421E+0	1.100585E+11	1.185184E+0	1.115368E+11	1.728887E-2	3.509366E-2	1.192208E-3	-1.780479E-2	3.137440E-2	-1.347643E+10	-1.330046E+10	9.511796E+6	-1.759697E+8	-1.109559E+11
2.851110E+2	9.512703E-1	1.129588E+10	9.600116E-1	4.649374E+8	9.497330E-1	1.130417E+10	9.595839E-1	4.574716E+8	9.436993E-1	7.803393E+10	9.523621E-1	7.945283E+10	9.444581E-1	8.933810E+10	9.522259E-1	9.074871E+10	8.741293E-3	9.850893E-3	4.277274E-4	-1.109600E-3	7.785788E-3	-1.083094E+10	-1.084670E+10	7.465829E+6	1.575795E+7	-9.028377E+10
2.852010E+2	7.202484E-1	8.723466E+9	6.908617E-1	3.432775E+8	7.102073E-1	8.636406E+9	7.794938E-1	3.772653E+8	7.219478E-1	6.086478E+10	7.237795E-1	6.160049E+10	7.204713E-1	6.950118E+10	7.233389E-1	7.032395E+10	-2.938672E-2	6.928647E-2	-8.863210E-2	-9.867318E-2	-3.247718E-2	-8.380188E+9	-8.259141E+9	-3.398779E+7	-1.210477E+8	-6.998067E+10
2.853020E+2	7.667635E-1	9.241408E+9	7.130511E-1	3.533075E+8	7.595818E-1	9.186324E+9	7.471400E-1	3.628560E+8	7.649753E-1	6.419619E+10	7.615123E-1	6.454742E+10	7.642970E-1	7.338252E+10	7.621675E-1	7.378883E+10	-5.371237E-2	-1.244183E-2	-3.408885E-2	-4.127053E-2	-4.911641E-2	-8.888100E+9	-8.823468E+9	-9.548490E+6	-6.463247E+7	-7.343552E+10
2.854130E+2	6.115765E-1	7.513413E+9	6.112291E-1	3.072824E+8	6.137591E-1	7.562196E+9	6.086515E-1	3.011777E+8	6.214787E-1	5.308594E+10	6.238442E-1	5.379552E+10	6.205079E-1	6.064814E+10	6.223134E-1	6.130893E+10	-3.474313E-4	-5.107571E-3	2.577577E-3	4.760140E-3	-1.108429E-2	-7.206131E+9	-7.261018E+9	6.104641E+6	5.488700E+7	-6.100165E+10
2.855050E+2	5.235041E-1	6.532734E+9	5.343926E-1	2.725511E+8	5.112958E-1	6.420992E+9	5.124858E-1	2.583487E+8	5.271816E-1	4.578497E+10	5.246094E-1	4.604527E+10	5.251838E-1	5.220596E+10	5.244715E-1	5.257800E+10	1.088854E-2	1.189994E-3	2.190681E-2	9.698546E-3	9.921139E-3	-6.260183E+9	-6.162643E+9	1.420245E+7	-9.753960E+7	-5.230545E+10
2.856030E+2	4.257821E-1	5.444607E+9	4.507283E-1	2.347336E+8	4.285213E-1	5.499075E+9	4.823113E-1	2.449099E+8	4.276067E-1	3.807537E+10	4.246526E-1	3.823862E+10	4.277218E-1	4.357444E+10	4.247935E-1	4.368323E+10	2.494619E-2	5.378997E-2	-3.158300E-2	-2.884378E-2	2.593473E-2	-5.209874E+9	-5.254165E+9	-1.017636E+7	4.429138E+7	-4.344850E+10
2.858040E+2	4.316805E-1	5.510285E+9	4.475939E-1	2.333168E+8	4.411606E-1	5.639848E+9	4.427717E-1	2.273003E+8	4.401403E-1	3.904577E+10	4.386032E-1	3.932816E+10	4.402686E-1	4.468562E+10	4.377393E-1	4.483845E+10	1.591347E-2	1.611062E-3	4.822249E-3	1.430241E-2	9.854593E-3	-5.276968E+9	-5.412548E+9	6.016519E+6	1.355791E+8	-4.460513E+10
2.860020E+2	6.352815E-1	7.777367E+9	6.824254E-1	3.394642E+8	6.434589E-1	7.892983E+9	6.633528E-1	3.255399E+8	6.405800E-1	5.456487E+10	6.357799E-1	5.472770E+10	6.409421E-1	6.245785E+10	6.357177E-1	6.250507E+10	4.714389E-2	1.989397E-2	1.907256E-2	2.724992E-2	4.670769E-2	-7.437902E+9	-7.567443E+9	1.392427E+7	1.295404E+8	-6.216560E+10
2.862030E+2	9.981758E-1	1.181817E+10	1.044177E+0	5.029815E+8	9.925487E-1	1.178104E+10	9.794178E-1	4.663050E+8	9.996384E-1	8.236503E+10	1.005315E+0	8.358846E+10	9.987468E-1	9.414607E+10	1.004424E+0	9.540663E+10	4.600126E-2	-1.313083E-2	6.475924E-2	5.913209E-2	3.975288E-2	-1.131518E+10	-1.131473E+10	3.667651E+7	-4.525718E+5	-9.490365E+10
2.864080E+2	9.819666E-1	1.163768E+10	1.039736E+0	5.009738E+8	9.663815E-1	1.148959E+10	1.013378E+0	4.814298E+8	9.730830E-1	8.030897E+10	9.714551E-1	8.094400E+10	9.722402E-1	9.179857E+10	9.727667E-1	9.258167E+10	5.776890E-2	4.699670E-2	2.635731E-2	1.077220E-2	6.696877E-2	-1.113670E+10	-1.100816E+10	1.954401E+7	-1.285386E+8	-9.208070E+10
2.866030E+2	8.376950E-1	1.003122E+10	8.934255E-1	4.348395E+8	8.310690E-1	9.982526E+9	8.768985E-1	4.206462E+8	8.488021E-1	7.068650E+10	8.378397E-1	7.050861E+10	8.465720E-1	8.066903E+10	8.378217E-1	8.053984E+10	5.573054E-2	4.582957E-2	1.652696E-2	9.900971E-3	5.560383E-2	-9.596384E+9	-9.561879E+9	1.419325E+7	-3.450512E+7	-8.010500E+10
2.868020E+2	1.424709E+0	1.656758E+10	1.422537E+0	6.740058E+8	1.401293E+0	1.633350E+10	1.374881E+0	6.424316E+8	1.405340E+0	1.137766E+11	1.412603E+0	1.153977E+11	1.404831E+0	1.301101E+11	1.414114E+0	1.319653E+11	-2.172554E-3	-2.641135E-2	4.765513E-2	2.423880E-2	8.422820E-3	-1.589357E+10	-1.569107E+10	3.157418E+7	-2.025041E+8	-1.312913E+11
2.870030E+2	1.374200E+0	1.600516E+10	1.437550E+0	6.807922E+8	1.370552E+0	1.599112E+10	1.407709E+0	6.570519E+8	1.373286E+0	1.112948E+11	1.376659E+0	1.125905E+11	1.372942E+0	1.272859E+11	1.376352E+0	1.285957E+11	6.335066E-2	3.715669E-2	2.984149E-2	2.619398E-2	6.119792E-2	-1.532437E+10	-1.533407E+10	2.374038E+7	9.701167E+6	-1.279149E+11
2.872040E+2	1.104724E+0	1.300457E+10	1.140585E+0	5.465595E+8	1.122339E+0	1.322660E+10	1.152407E+0	5.433486E+8	1.122592E+0	9.188471E+10	1.129276E+0	9.326982E+10	1.122560E+0	1.051113E+11	1.126212E+0	1.062744E+11	3.586114E-2	3.006781E-2	-1.182148E-2	5.793327E-3	1.437316E-2	-1.245801E+10	-1.268325E+10	3.210859E+6	2.252385E+8	-1.057278E+11
2.874030E+2	8.742818E-1	1.043862E+10	8.802800E-1	4.288975E+8	8.819463E-1	1.054918E+10	8.376733E-1	4.031766E+8	8.863486E-1	7.359355E+10	8.864104E-1	7.430199E+10	8.857950E-1	8.414273E+10	8.848969E-1	8.474060E+10	5.998190E-3	-4.427300E-2	4.260667E-2	5.027120E-2	-4.616955E-3	-1.000972E+10	-1.014600E+10	2.572091E+7	1.362872E+8	-8.431171E+10
2.876030E+2	5.908502E-1	7.282628E+9	5.483687E-1	2.788685E+8	5.933759E-1	7.335174E+9	6.003040E-1	2.974600E+8	5.965254E-1	5.115393E+10	5.877909E-1	5.097975E+10	5.961294E-1	5.848910E+10	5.881726E-1	5.826238E+10	-4.248149E-2	6.928109E-3	-5.193530E-2	-4.940960E-2	-3.980392E-2	-7.003759E+9	-7.037714E+9	-1.859151E+7	3.395522E+7	-5.798351E+10
2.878020E+2	5.482407E-1	6.808175E+9	5.707747E-1	2.889964E+8	5.382755E-1	6.721483E+9	5.103284E-1	2.573878E+8	5.532215E-1	4.780111E+10	5.498287E-1	4.801489E+10	5.513419E-1	5.452259E+10	5.496305E-1	5.482307E+10	2.253394E-2	-2.794707E-2	6.044624E-2	5.048101E-2	2.114416E-2	-6.519178E+9	-6.464095E+9	3.160852E+7	-5.508281E+7	-5.453407E+10
2.880040E+2	5.573981E-1	6.910141E+9	5.737652E-1	2.903481E+8	5.638705E-1	7.006552E+9	5.857807E-1	2.909918E+8	5.666943E-1	4.884425E+10	5.633651E-1	4.907209E+10	5.663392E-1	5.585080E+10	5.626205E-1	5.598223E+10	1.636709E-2	2.191018E-2	-1.201546E-2	-5.543089E-3	1.114472E-2	-6.619793E+9	-6.715560E+9	-6.436755E+5	9.576714E+7	-5.569188E+10
2.882090E+2	5.751693E-1	7.108022E+9	5.672181E-1	2.873887E+8	5.641065E-1	7.009181E+9	5.936417E-1	2.944929E+8	5.770317E-1	4.964462E+10	5.748507E-1	4.996912E+10	5.754062E-1	5.665380E+10	5.748905E-1	5.707714E+10	-7.951179E-3	2.953523E-2	-2.642362E-2	-3.748641E-2	-7.672382E-3	-6.820633E+9	-6.714688E+9	-7.104126E+6	-1.059452E+8	-5.678976E+10
2.884090E+2	1.019740E+0	1.205828E+10	1.032816E+0	4.978460E+8	1.008487E+0	1.195855E+10	1.054610E+0	4.997932E+8	1.025816E+0	8.439185E+10	1.010724E+0	8.401089E+10	1.023637E+0	9.635040E+10	1.011849E+0	9.606917E+10	1.307581E-2	4.612297E-2	-2.179445E-2	-3.304716E-2	2.096694E-2	-1.156043E+10	-1.145876E+10	-1.947214E+6	-1.016724E+8	-9.557132E+10
2.886030E+2	1.357136E+0	1.581516E+10	1.378012E+0	6.538798E+8	1.364092E+0	1.591916E+10	1.402048E+0	6.545307E+8	1.349962E+0	1.094889E+11	1.357149E+0	1.110668E+11	1.351739E+0	1.254081E+11	1.357148E+0	1.268820E+11	2.087541E-2	3.795644E-2	-2.403643E-2	-1.708103E-2	2.086370E-2	-1.516128E+10	-1.526463E+10	-6.509026E+5	1.033546E+8	-1.262281E+11
2.887950E+2	1.380153E+0	1.607144E+10	1.328793E+0	6.316322E+8	1.377302E+0	1.606630E+10	1.357914E+0	6.348748E+8	1.368146E+0	1.108968E+11	1.380762E+0	1.129110E+11	1.369298E+0	1.269631E+11	1.380686E+0	1.289824E+11	-5.135958E-2	-1.938779E-2	-2.912107E-2	-3.197180E-2	-5.189323E-2	-1.543981E+10	-1.543142E+10	-3.242631E+6	-8.391033E+6	-1.283508E+11
2.890120E+2	1.183108E+0	1.387737E+10	1.169173E+0	5.594816E+8	1.177759E+0	1.384385E+10	1.283248E+0	6.016208E+8	1.183941E+0	9.663472E+10	1.186493E+0	9.773849E+10	1.183164E+0	1.104786E+11	1.186071E+0	1.116159E+11	-1.393486E-2	1.054882E-1	-1.140744E-1	-1.194231E-1	-1.689742E-2	-1.331789E+10	-1.324223E+10	-4.213922E+7	-7.565450E+7	-1.110564E+11
2.892050E+2	7.420908E-1	8.966680E+9	7.709694E-1	3.794874E+8	7.540057E-1	9.124219E+9	7.344475E-1	3.572032E+8	7.525574E-1	6.323474E+10	7.629484E-1	6.465958E+10	7.527396E-1	7.235896E+10	7.603457E-1	7.362626E+10	2.887855E-2	-1.955826E-2	3.652190E-2	4.843681E-2	1.062364E-2	-8.587192E+9	-8.767016E+9	2.228427E+7	1.798239E+8	-7.324678E+10
2.894050E+2	6.979850E-1	8.475565E+9	6.938705E-1	3.446375E+8	6.894307E-1	8.405003E+9	7.537608E-1	3.658047E+8	7.008192E-1	5.922889E+10	6.970057E-1	5.950945E+10	6.993870E-1	6.763390E+10	6.971279E-1	6.798502E+10	-4.114563E-3	6.433011E-2	-5.989034E-2	-6.844467E-2	-3.257453E-3	-8.130928E+9	-8.039198E+9	-2.116714E+7	-9.172969E+7	-6.764038E+10
2.896060E+2	7.131451E-1	8.644372E+9	7.046410E-1	3.495060E+8	7.207642E-1	8.753986E+9	7.769576E-1	3.761358E+8	7.193990E-1	6.066744E+10	7.164534E-1	6.102832E+10	7.195707E-1	6.942143E+10	7.160406E-1	6.967269E+10	-8.504134E-3	5.619338E-2	-7.231661E-2	-6.469751E-2	-1.139960E-2	-8.294866E+9	-8.377850E+9	-2.662980E+7	8.298420E+7	-6.932318E+10
2.898030E+2	6.186824E-1	7.592537E+9	6.124852E-1	3.078501E+8	6.284153E-1	7.725432E+9	6.191138E-1	3.058373E+8	6.295741E-1	5.371273E+10	6.290887E-1	5.420512E+10	6.294284E-1	6.143816E+10	6.277902E-1	6.179765E+10	-6.197254E-3	-9.301521E-3	-6.628606E-3	3.104267E-3	-1.530502E-2	-7.284687E+9	-7.419595E+9	2.012857E+6	1.349079E+8	-6.148980E+10
2.900030E+2	7.135152E-1	8.648492E+9	7.482132E-1	3.692013E+8	7.131247E-1	8.668899E+9	7.051064E-1	3.441356E+8	7.217041E-1	6.084591E+10	7.226776E-1	6.151443E+10	7.206251E-1	6.951481E+10	7.215343E-1	7.016292E+10	3.469799E-2	-8.018320E-3	4.310681E-2	4.271631E-2	2.667889E-2	-8.279291E+9	-8.324763E+9	2.506569E+7	4.547241E+7	-6.979372E+10
2.905120E+2	8.888519E-1	1.060085E+10	8.806899E-1	4.290828E+8	8.930124E-1	1.067243E+10	9.345661E-1	4.463295E+8	9.048929E-1	7.502934E+10	8.942636E-1	7.491533E+10	9.033988E-1	8.570177E+10	8.935883E-1	8.551618E+10	-8.161943E-3	4.155368E-2	-5.387613E-2	-4.971562E-2	-1.289837E-2	-1.017177E+10	-1.022610E+10	-1.724666E+7	5.433332E+7	-8.508710E+10
2.910040E+2	1.155718E+0	1.357239E+10	1.154043E+0	5.526428E+8	1.152080E+0	1.355785E+10	1.254439E+0	5.887902E+8	1.153955E+0	9.431305E+10	1.147301E+0	9.467757E+10	1.153720E+0	1.078709E+11	1.148351E+0	1.082500E+11	-1.674780E-3	1.023581E-1	-1.003950E-1	-1.040329E-1	5.692426E-3	-1.301974E+10	-1.296906E+10	-3.614745E+7	-5.068359E+7	-1.076973E+11
2.915070E+2	1.274152E+0	1.489114E+10	1.272108E+0	6.060099E+8	1.286835E+0	1.505871E+10	1.359995E+0	6.358016E+8	1.277299E+0	1.038630E+11	1.274042E+0	1.045761E+11	1.278499E+0	1.189217E+11	1.274056E+0	1.194672E+11	-2.044131E-3	7.315976E-2	-8.788659E-2	-7.520389E-2	-1.947436E-3	-1.428513E+10	-1.442290E+10	-2.979171E+7	1.377728E+8	-1.188612E+11
2.920030E+2	1.136530E+0	1.335872E+10	1.172095E+0	5.608022E+8	1.128923E+0	1.329993E+10	1.109055E+0	5.240412E+8	1.134193E+0	9.278294E+10	1.127945E+0	9.316587E+10	1.133530E+0	1.060829E+11	1.129016E+0	1.065246E+11	3.556487E-2	-1.986739E-2	6.303943E-2	5.543226E-2	4.307854E-2	-1.279792E+10	-1.277588E+10	3.676094E+7	-2.203784E+7	-1.059638E+11
2.925160E+2	9.255725E-1	1.100973E+10	8.994444E-1	4.375601E+8	9.409823E-1	1.120671E+10	9.406034E-1	4.490183E+8	9.364902E-1	7.747577E+10	9.360126E-1	7.817593E+10	9.370551E-1	8.868247E+10	9.347099E-1	8.918567E+10	-2.612808E-2	-3.788171E-4	-4.115899E-2	-2.574927E-2	-3.526543E-2	-1.057217E+10	-1.075769E+10	-1.145818E+7	1.855138E+8	-8.874811E+10
2.930070E+2	9.267710E-1	1.102308E+10	8.912062E-1	4.338363E+8	9.115049E-1	1.087840E+10	9.819296E-1	4.674236E+8	9.203230E-1	7.622402E+10	9.221136E-1	7.709042E+10	9.192140E-1	8.710241E+10	9.226948E-1	8.811350E+10	-3.556483E-2	7.042473E-2	-9.072343E-2	-1.059896E-1	-3.148858E-2	-1.058924E+10	-1.041097E+10	-3.358734E+7	-1.782701E+8	-8.767966E+10
2.935040E+2	9.518480E-1	1.130231E+10	9.890324E-1	4.780552E+8	9.495199E-1	1.130179E+10	1.010242E+0	4.800331E+8	9.532291E-1	7.877178E+10	9.553395E-1	7.968537E+10	9.527627E-1	9.007358E+10	9.549038E-1	9.098768E+10	3.718431E-2	6.072214E-2	-2.120965E-2	-2.353783E-2	3.412851E-2	-1.082425E+10	-1.082176E+10	-1.977827E+6	-2.492370E+6	-9.050962E+10
2.940070E+2	8.978777E-1	1.070135E+10	9.553920E-1	4.628493E+8	8.985968E-1	1.073463E+10	9.745367E-1	4.641311E+8	8.979590E-1	7.449248E+10	9.019145E-1	7.551287E+10	8.980392E-1	8.522711E+10	9.014108E-1	8.621422E+10	5.751432E-2	7.593998E-2	-1.914477E-2	-1.842566E-2	5.398116E-2	-1.023850E+10	-1.027050E+10	-1.281834E+6	3.199394E+7	-8.575137E+10
2.945040E+2	9.095434E-1	1.083125E+10	8.843367E-1	4.307312E+8	9.097190E-1	1.085851E+10	1.022018E+0	4.852775E+8	9.047795E-1	7.502056E+10	9.050509E-1	7.575782E+10	9.054007E-1	8.587907E+10	9.056115E-1	8.658907E+10	-2.520663E-2	1.122985E-1	-1.376809E-1	-1.375052E-1	-2.127477E-2	-1.040052E+10	-1.037323E+10	-5.454631E+7	-2.729073E+7	-8.615834E+10
2.950120E+2	1.147807E+0	1.348430E+10	1.135695E+0	5.443489E+8	1.155580E+0	1.359683E+10	1.172525E+0	5.523087E+8	1.160571E+0	9.482530E+10	1.156024E+0	9.535890E+10	1.159944E+0	1.084221E+11	1.154999E+0	1.088432E+11	-1.211250E-2	1.694535E-2	-3.683045E-2	-2.905785E-2	-1.930436E-2	-1.293995E+10	-1.304452E+10	-7.959831E+6	1.045676E+8	-1.082988E+11
2.955070E+2	1.316552E+0	1.536325E+10	1.315369E+0	6.255643E+8	1.311797E+0	1.533673E+10	1.384738E+0	6.468215E+8	1.315485E+0	1.068195E+11	1.315623E+0	1.078235E+11	1.315021E+0	1.221562E+11	1.315739E+0	1.231868E+11	-1.182729E-3	7.294095E-2	-6.936937E-2	-7.412368E-2	-3.697416E-4	-1.473769E+10	-1.468991E+10	-2.125716E+7	-4.778317E+7	-1.225612E+11
2.960060E+2	1.345969E+0	1.569082E+10	1.414892E+0	6.705502E+8	1.337128E+0	1.561885E+10	1.412835E+0	6.593350E+8	1.340586E+0	1.087630E+11	1.337004E+0	1.094934E+11	1.340151E+0	1.243818E+11	1.338123E+0	1.251843E+11	6.892260E-2	7.570767E-2	2.056435E-3	-6.785067E-3	7.676892E-2	-1.502027E+10	-1.495951E+10	1.121519E+7	-6.075123E+7	-1.245137E+11
2.965040E+2	1.214461E+0	1.422648E+10	1.127672E+0	5.407226E+8	1.226629E+0	1.438815E+10	1.240300E+0	5.824933E+8	1.218576E+0	9.931629E+10	1.217120E+0	1.001305E+11	1.219588E+0	1.137044E+11	1.216788E+0	1.143570E+11	-8.678832E-2	1.367054E-2	-1.126275E-1	-1.004589E-1	-8.911607E-2	-1.368576E+10	-1.380566E+10	-4.177070E+7	1.199031E+8	-1.138162E+11
2.970040E+2	9.620017E-1	1.141537E+10	9.947392E-1	4.806348E+8	9.702423E-1	1.153259E+10	9.841444E-1	4.684100E+8	9.655018E-1	7.972200E+10	9.632132E-1	8.030030E+10	9.660980E-1	9.125459E+10	9.630620E-1	9.171567E+10	3.273749E-2	1.390205E-2	1.059480E-2	1.883544E-2	3.167718E-2	-1.093473E+10	-1.106418E+10	1.222478E+7	1.294506E+8	-9.123504E+10
2.975040E+2	8.591467E-1	1.027009E+10	9.027828E-1	4.390691E+8	8.740056E-1	1.046074E+10	8.469831E-1	4.073228E+8	8.659216E-1	7.201198E+10	8.713486E-1	7.312566E+10	8.669382E-1	8.247272E+10	8.698261E-1	8.339575E+10	4.363607E-2	-2.702256E-2	5.579974E-2	7.065864E-2	3.295675E-2	-9.831019E+9	-1.005342E+10	3.174627E+7	2.223993E+8	-8.295668E+10
2.980040E+2	9.071480E-1	1.080458E+10	8.814726E-1	4.294366E+8	8.960687E-1	1.070647E+10	9.037342E-1	4.325980E+8	9.041752E-1	7.497377E+10	9.074574E-1	7.594577E+10	9.031557E-1	8.568024E+10	9.074188E-1	8.675035E+10	-2.567546E-2	7.665553E-3	-2.226167E-2	-3.334101E-2	-2.594626E-2	-1.037514E+10	-1.027387E+10	-3.161409E+6	-1.012675E+8	-8.632091E+10
2.985020E+2	9.140737E-1	1.088169E+10	9.088999E-1	4.418341E+8	9.107176E-1	1.086963E+10	9.650631E-1	4.599118E+8	9.201627E-1	7.621161E+10	9.128850E-1	7.636966E+10	9.189749E-1	8.708124E+10	9.130333E-1	8.725136E+10	-5.173793E-3	5.434550E-2	-5.616317E-2	-5.951929E-2	-4.133462E-3	-1.043986E+10	-1.040971E+10	-1.807770E+7	-3.014567E+7	-8.680952E+10
2.990020E+2	8.617700E-1	1.029930E+10	8.527878E-1	4.164706E+8	8.534030E-1	1.023127E+10	8.132095E-1	3.922812E+8	8.640954E-1	7.187059E+10	8.626246E-1	7.244431E+10	8.627507E-1	8.210186E+10	8.625179E-1	8.274361E+10	-8.982123E-3	-4.019344E-2	3.957833E-2	3.121132E-2	-9.730098E-3	-9.882826E+9	-9.838993E+9	2.418942E+7	-4.383323E+7	-8.232714E+10
2.995060E+2	1.215535E+0	1.423844E+10	1.219171E+0	5.820813E+8	1.220438E+0	1.431919E+10	1.242751E+0	5.835849E+8	1.213168E+0	9.889757E+10	1.209604E+0	9.954346E+10	1.214082E+0	1.132168E+11	1.210344E+0	1.137819E+11	3.635638E-3	2.231296E-2	-2.357993E-2	-1.867732E-2	8.826852E-3	-1.365636E+10	-1.373561E+10	-1.503544E+6	7.924643E+7	-1.131998E+11
3.000060E+2	1.242326E+0	1.453676E+10	1.234886E+0	5.891849E+8	1.245367E+0	1.459685E+10	1.228259E+0	5.771309E+8	1.232478E+0	1.003926E+11	1.236080E+0	1.016113E+11	1.234099E+0	1.149895E+11	1.236860E+0	1.161481E+11	-7.440330E-3	-1.710801E-2	6.626707E-3	9.667677E-3	-1.973784E-3	-1.394758E+10	-1.401972E+10	1.205398E+7	7.214380E+7	-1.155589E+11
