Photon Energy (eV)	X ref norm	X ref	X pump norm	X pump	Y ref norm	Y ref	Y pump norm	Y pump	X all norm	X all	Y all norm	Y all	X all Y ref norm	X all Y ref	Y all X ref norm	Y all X ref	BC(X hist) norm	BC(Y hist) norm	StS norm	BCSC norm	BCLR norm	BC(X hist)	BC(Y hist)	StS	BCSC	BCLR	
2.790060E+2	7.345043E-4	7.117371E+8	4.805169E-3	3.074133E+7	-2.840649E-3	6.947002E+8	-9.099018E-3	2.781357E+7	-3.348886E-3	4.708538E+9	-2.517509E-3	4.876556E+9	-3.284970E-3	5.403239E+9	-2.111717E-3	5.588293E+9	4.070665E-3	-6.258369E-3	1.390419E-2	1.032903E-2	6.916886E-3	-6.809958E+8	-6.668866E+8	2.927763E+6	-1.410918E+7	-5.557551E+9
2.795020E+2	-1.500920E-3	6.868459E+8	-1.220987E-2	2.301420E+7	-3.317384E-3	6.893905E+8	-2.141342E-3	3.092535E+7	-1.678754E-3	4.837849E+9	-2.625705E-3	4.868105E+9	-1.884829E-3	5.527239E+9	-2.485352E-3	5.554951E+9	-1.070895E-2	1.176042E-3	-1.006853E-2	-1.188500E-2	-9.724521E-3	-6.638317E+8	-6.584651E+8	-7.911148E+6	-5.366562E+6	-5.531937E+9
2.800000E+2	-3.897722E-3	6.601577E+8	-1.407949E-2	2.216514E+7	-4.197364E-3	6.795895E+8	-1.373506E-2	2.574012E+7	-3.689598E-3	4.682159E+9	-2.901187E-3	4.846590E+9	-3.753455E-3	5.361748E+9	-3.025536E-3	5.506748E+9	-1.018177E-2	-9.537697E-3	-3.444326E-4	-6.440743E-4	-1.105396E-2	-6.379925E+8	-6.538494E+8	-3.574981E+6	1.585687E+7	-5.484583E+9
2.805030E+2	-2.946617E-3	6.707482E+8	2.059428E-2	3.791172E+7	-3.270896E-3	6.899082E+8	-2.514264E-3	3.075857E+7	-4.053327E-3	4.653997E+9	-4.165754E-3	4.747827E+9	-3.954929E-3	5.343905E+9	-4.013628E-3	5.418575E+9	2.354089E-2	7.566311E-4	2.310854E-2	2.278426E-2	2.460790E-2	-6.328364E+8	-6.591497E+8	7.153155E+6	2.631324E+7	-5.380664E+9
2.810020E+2	-2.019641E-3	6.810700E+8	-4.345426E-3	2.658573E+7	-2.146889E-3	7.024271E+8	1.008172E-3	3.233396E+7	-2.272721E-3	4.791861E+9	-3.351651E-3	4.811409E+9	-2.256896E-3	5.494288E+9	-3.185440E-3	5.492479E+9	-2.325785E-3	3.155060E-3	-5.353598E-3	-5.480845E-3	-1.159986E-3	-6.544842E+8	-6.700931E+8	-5.748230E+6	1.560889E+7	-5.465893E+9
2.815070E+2	-5.284073E-4	6.976747E+8	1.400497E-2	3.491929E+7	2.429833E-3	7.534012E+8	-5.958369E-3	2.921821E+7	2.512043E-3	5.162322E+9	1.522224E-3	5.192059E+9	2.501704E-3	5.915723E+9	1.266343E-3	5.889734E+9	1.453338E-2	-8.388202E-3	1.996334E-2	2.292158E-2	1.273863E-2	-6.627554E+8	-7.241830E+8	5.701078E+6	6.142753E+7	-5.854815E+9
2.820010E+2	3.436692E-3	7.418258E+8	-1.105878E-3	2.805692E+7	7.581322E-3	8.107769E+8	2.522423E-2	4.316445E+7	5.633153E-3	5.403975E+9	6.467315E-3	5.578272E+9	5.878155E-3	6.214752E+9	6.089149E-3	6.320098E+9	-4.542571E-3	1.764290E-2	-2.633011E-2	-2.218548E-2	-7.195027E-3	-7.137689E+8	-7.676124E+8	-1.510754E+7	5.384354E+7	-6.292041E+9
2.825040E+2	6.722110E-3	7.784087E+8	-7.663745E-3	2.507876E+7	5.762026E-3	7.905141E+8	7.215657E-3	3.511022E+7	6.898091E-3	5.501913E+9	7.572267E-3	5.664569E+9	6.755219E-3	6.292427E+9	7.466183E-3	6.442978E+9	-1.438586E-2	1.453631E-3	-1.487940E-2	-1.583949E-2	-1.512993E-2	-7.533299E+8	-7.554039E+8	-1.003146E+7	2.074000E+6	-6.417899E+9
2.830020E+2	1.073046E-2	8.230413E+8	4.313187E-2	4.814683E+7	1.360675E-2	8.778862E+8	-2.781908E-3	3.063886E+7	1.071160E-2	5.797175E+9	1.006019E-2	5.858876E+9	1.107570E-2	6.675061E+9	1.014383E-2	6.681918E+9	3.240141E-2	-1.638865E-2	4.591377E-2	4.879006E-2	3.298804E-2	-7.748945E+8	-8.472473E+8	1.750797E+7	7.235284E+7	-6.633771E+9
2.835040E+2	1.707490E-2	8.936861E+8	3.271511E-2	4.341622E+7	1.487980E-2	8.920650E+8	1.239740E-2	3.742773E+7	1.612583E-2	6.216372E+9	1.601428E-2	6.323891E+9	1.596913E-2	7.108437E+9	1.614662E-2	7.217577E+9	1.564021E-2	-2.482392E-3	2.031770E-2	1.812260E-2	1.656849E-2	-8.502699E+8	-8.546373E+8	5.988488E+6	4.367353E+6	-7.174161E+9
2.840020E+2	5.024768E-2	1.263062E+9	4.052349E-2	4.696228E+7	4.379903E-2	1.214158E+9	5.953638E-2	5.851038E+7	4.585350E-2	8.518043E+9	4.546600E-2	8.624077E+9	4.559513E-2	9.732202E+9	4.606267E-2	9.887139E+9	-9.724188E-3	1.573735E-2	-1.901288E-2	-2.546154E-2	-5.539176E-3	-1.216100E+9	-1.155648E+9	-1.154810E+7	-6.045207E+7	-9.840177E+9
2.841010E+2	5.537063E-2	1.320106E+9	6.130883E-2	5.640163E+7	5.228591E-2	1.308683E+9	5.482145E-2	5.640165E+7	5.487411E-2	9.216466E+9	5.230497E-2	9.158201E+9	5.454862E-2	1.052515E+10	5.268751E-2	1.047831E+10	5.938195E-3	2.535543E-3	6.487377E-3	3.402652E-3	8.621321E-3	-1.263704E+9	-1.252281E+9	-2.389235E+1	-1.142342E+7	-1.042191E+10
2.842010E+2	6.207672E-2	1.394778E+9	7.046060E-2	6.055777E+7	5.633570E-2	1.353788E+9	5.356316E-2	5.583889E+7	5.869413E-2	9.512232E+9	5.955889E-2	9.724734E+9	5.839754E-2	1.086602E+10	5.987307E-2	1.111951E+10	8.383884E-3	-2.772542E-3	1.689744E-2	1.115643E-2	1.058753E-2	-1.334220E+9	-1.297949E+9	4.718882E+6	-3.627090E+7	-1.105895E+10
2.843010E+2	8.032584E-2	1.597980E+9	8.974318E-2	6.931467E+7	7.561591E-2	1.568525E+9	7.300546E-2	6.453435E+7	8.079751E-2	1.122359E+10	7.923565E-2	1.126149E+10	8.014587E-2	1.279212E+10	7.937169E-2	1.285947E+10	9.417340E-3	-2.610456E-3	1.673773E-2	1.202780E-2	1.037149E-2	-1.528666E+9	-1.503991E+9	4.780317E+6	-2.467500E+7	-1.279016E+10
2.844010E+2	1.370434E-1	2.229525E+9	1.538987E-1	9.844993E+7	1.392652E-1	2.277431E+9	1.524170E-1	1.000507E+8	1.429649E-1	1.603691E+10	1.405561E-1	1.605063E+10	1.424996E-1	1.831435E+10	1.401177E-1	1.828015E+10	1.685532E-2	1.315177E-2	1.481659E-3	3.703547E-3	1.378093E-2	-2.131075E+9	-2.177381E+9	-1.600808E+6	4.630537E+7	-1.818170E+10
2.845030E+2	2.231010E-1	3.187770E+9	2.536648E-1	1.437572E+8	2.336579E-1	3.328747E+9	2.645872E-1	1.502182E+8	2.344907E-1	2.312332E+10	2.281571E-1	2.289229E+10	2.343860E-1	2.645207E+10	2.275262E-1	2.608006E+10	3.056374E-2	3.092927E-2	-1.092240E-2	-3.655278E-4	2.613853E-2	-3.044013E+9	-3.178529E+9	-6.461012E+6	1.345159E+8	-2.593630E+10
2.846010E+2	3.837724E-1	4.976833E+9	3.939789E-1	2.074788E+8	3.914826E-1	5.086550E+9	4.542292E-1	2.350346E+8	4.134230E-1	3.697719E+10	3.882254E-1	3.539365E+10	4.106638E-1	4.206374E+10	3.876697E-1	4.037048E+10	1.020647E-2	6.274657E-2	-6.025032E-2	-5.254010E-2	6.309153E-3	-4.769354E+9	-4.851515E+9	-2.755582E+7	8.216106E+7	-4.016300E+10
2.847030E+2	8.013153E-1	9.626140E+9	8.307991E-1	4.058542E+8	8.109268E-1	9.758189E+9	8.034991E-1	3.912436E+8	8.538005E-1	7.107350E+10	8.124502E-1	6.852569E+10	8.484087E-1	8.083169E+10	8.110608E-1	7.815183E+10	2.948381E-2	-7.427755E-3	2.730005E-2	3.691156E-2	1.973834E-2	-9.220285E+9	-9.366945E+9	1.461055E+7	1.466596E+8	-7.774597E+10
2.848050E+2	1.092623E+0	1.286983E+10	1.132403E+0	5.428232E+8	1.089748E+0	1.286361E+10	1.180745E+0	5.599648E+8	1.093953E+0	8.966733E+10	1.091559E+0	9.032412E+10	1.093424E+0	1.025309E+11	1.091692E+0	1.031939E+11	3.978016E-2	9.099732E-2	-4.834187E-2	-5.121715E-2	4.071151E-2	-1.232700E+10	-1.230364E+10	-1.714167E+7	-2.335982E+7	-1.026511E+11
2.849020E+2	1.240651E+0	1.451811E+10	1.270865E+0	6.057036E+8	1.252636E+0	1.467781E+10	1.281185E+0	6.048860E+8	1.236722E+0	1.007213E+11	1.240282E+0	1.019394E+11	1.238724E+0	1.153991E+11	1.240328E+0	1.164575E+11	3.021370E-2	2.854891E-2	-1.031958E-2	1.664788E-3	3.053711E-2	-1.391241E+10	-1.407292E+10	8.176705E+5	1.605116E+8	-1.158518E+11
2.850010E+2	1.199270E+0	1.405733E+10	1.201473E+0	5.741904E+8	1.180273E+0	1.387185E+10	1.188743E+0	5.635421E+8	1.178155E+0	9.618669E+10	1.183176E+0	9.747945E+10	1.178421E+0	1.100585E+11	1.185184E+0	1.115368E+11	2.203536E-3	8.470549E-3	1.272999E-2	-6.267014E-3	1.628907E-2	-1.348314E+10	-1.330831E+10	1.064832E+7	-1.748332E+8	-1.109626E+11
2.851110E+2	9.512703E-1	1.129588E+10	1.016297E+0	4.900954E+8	9.497330E-1	1.130417E+10	1.013544E+0	4.851853E+8	9.436993E-1	7.803393E+10	9.523621E-1	7.945283E+10	9.444581E-1	8.933810E+10	9.522259E-1	9.074871E+10	6.502685E-2	6.381135E-2	2.752827E-3	1.215500E-3	6.407134E-2	-1.080578E+10	-1.081898E+10	4.910119E+6	1.320224E+7	-9.025861E+10
2.852010E+2	7.202484E-1	8.723466E+9	7.298081E-1	3.599906E+8	7.102073E-1	8.636406E+9	7.929991E-1	3.865476E+8	7.219478E-1	6.086478E+10	7.237795E-1	6.160049E+10	7.204713E-1	6.950118E+10	7.233389E-1	7.032395E+10	9.559736E-3	8.279179E-2	-6.319097E-2	-7.323206E-2	6.469274E-3	-8.363475E+9	-8.249859E+9	-2.655695E+7	-1.136168E+8	-6.996396E+10
2.853020E+2	7.667635E-1	9.241408E+9	7.179780E-1	3.546182E+8	7.595818E-1	9.186324E+9	7.563336E-1	3.701491E+8	7.649753E-1	6.419619E+10	7.615123E-1	6.454742E+10	7.642970E-1	7.338252E+10	7.621675E-1	7.378883E+10	-4.878547E-2	-3.248215E-3	-3.835557E-2	-4.553726E-2	-4.418951E-2	-8.886789E+9	-8.816175E+9	-1.553097E+7	-7.061495E+7	-7.343421E+10
2.854130E+2	6.115765E-1	7.513413E+9	6.219357E-1	3.110020E+8	6.137591E-1	7.562196E+9	6.082495E-1	3.039193E+8	6.214787E-1	5.308594E+10	6.238442E-1	5.379552E+10	6.205079E-1	6.064814E+10	6.223134E-1	6.130893E+10	1.035920E-2	-5.509627E-3	1.368627E-2	1.586883E-2	-3.776568E-4	-7.202411E+9	-7.258276E+9	7.082671E+6	5.586503E+7	-6.099793E+10
2.855050E+2	5.235041E-1	6.532734E+9	5.449128E-1	2.760232E+8	5.112958E-1	6.420992E+9	5.148770E-1	2.621590E+8	5.271816E-1	4.578497E+10	5.246094E-1	4.604527E+10	5.251838E-1	5.220596E+10	5.244715E-1	5.257800E+10	2.140876E-2	3.581196E-3	3.003583E-2	1.782757E-2	2.044136E-2	-6.256711E+9	-6.158833E+9	1.386419E+7	-9.787786E+7	-5.230198E+10
2.856030E+2	4.257821E-1	5.444607E+9	4.595524E-1	2.372580E+8	4.285213E-1	5.499075E+9	4.093824E-1	2.149771E+8	4.276067E-1	3.807537E+10	4.246526E-1	3.823862E+10	4.277218E-1	4.357444E+10	4.247935E-1	4.368323E+10	3.377034E-2	-1.913887E-2	5.016999E-2	5.290921E-2	3.475888E-2	-5.207349E+9	-5.284098E+9	2.228090E+7	7.674864E+7	-4.344597E+10
2.858040E+2	4.316805E-1	5.510285E+9	4.483544E-1	2.321726E+8	4.411606E-1	5.639848E+9	4.252590E-1	2.220778E+8	4.401403E-1	3.904577E+10	4.386032E-1	3.932816E+10	4.402686E-1	4.468562E+10	4.377393E-1	4.483845E+10	1.667395E-2	-1.590158E-2	2.309536E-2	3.257553E-2	1.061507E-2	-5.278113E+9	-5.417770E+9	1.009477E+7	1.396573E+8	-4.460627E+10
2.860020E+2	6.352815E-1	7.777367E+9	6.013653E-1	3.016602E+8	6.434589E-1	7.892983E+9	6.677493E-1	3.305303E+8	6.405800E-1	5.456487E+10	6.357799E-1	5.472770E+10	6.409421E-1	6.245785E+10	6.357177E-1	6.250507E+10	-3.391618E-2	2.429047E-2	-6.638401E-2	-5.820666E-2	-3.435238E-2	-7.475706E+9	-7.562452E+9	-2.887007E+7	8.674607E+7	-6.220341E+10
2.862030E+2	9.981758E-1	1.181817E+10	9.796970E-1	4.734739E+8	9.925487E-1	1.178104E+10	1.066789E+0	5.089986E+8	9.996384E-1	8.236503E+10	1.005315E+0	8.358846E+10	9.987468E-1	9.414607E+10	1.004424E+0	9.540663E+10	-1.847881E-2	7.424016E-2	-8.709183E-2	-9.271897E-2	-2.472719E-2	-1.134469E+10	-1.127204E+10	-3.552461E+7	-7.265369E+7	-9.493316E+10
2.864080E+2	9.819666E-1	1.163768E+10	9.990806E-1	4.822767E+8	9.663815E-1	1.148959E+10	9.720479E-1	4.666262E+8	9.730830E-1	8.030897E+10	9.714551E-1	8.094400E+10	9.722402E-1	9.179857E+10	9.727667E-1	9.258167E+10	1.711401E-2	5.666423E-3	2.703270E-2	1.144759E-2	2.631388E-2	-1.115540E+10	-1.102297E+10	1.565053E+7	-1.324321E+8	-9.209940E+10
2.866030E+2	8.376950E-1	1.003122E+10	8.870912E-1	4.314184E+8	8.310690E-1	9.982526E+9	8.804819E-1	4.256738E+8	8.488021E-1	7.068650E+10	8.378397E-1	7.050861E+10	8.465720E-1	8.066903E+10	8.378217E-1	8.053984E+10	4.939624E-2	4.941291E-2	6.609319E-3	-1.667328E-5	4.926953E-2	-9.599806E+9	-9.556852E+9	5.744613E+6	-4.295376E+7	-8.010842E+10
2.868020E+2	1.424709E+0	1.656758E+10	1.406294E+0	6.672065E+8	1.401293E+0	1.633350E+10	1.387148E+0	6.522773E+8	1.405340E+0	1.137766E+11	1.412603E+0	1.153977E+11	1.404831E+0	1.301101E+11	1.414114E+0	1.319653E+11	-1.841546E-2	-1.414520E-2	1.914607E-2	-4.270266E-3	-7.820088E-3	-1.590037E+10	-1.568122E+10	1.492920E+7	-2.191491E+8	-1.312981E+11
2.870030E+2	1.374200E+0	1.600516E+10	1.376019E+0	6.534577E+8	1.370552E+0	1.599112E+10	1.391065E+0	6.540292E+8	1.373286E+0	1.112948E+11	1.376659E+0	1.125905E+11	1.372942E+0	1.272859E+11	1.376352E+0	1.285957E+11	1.819267E-3	2.051264E-2	-1.504586E-2	-1.869337E-2	-3.334757E-4	-1.535170E+10	-1.533709E+10	-5.715639E+5	-1.461077E+7	-1.279422E+11
2.872040E+2	1.104724E+0	1.300457E+10	1.140862E+0	5.466645E+8	1.122339E+0	1.322660E+10	1.151007E+0	5.466645E+8	1.122592E+0	9.188471E+10	1.129276E+0	9.326982E+10	1.122560E+0	1.051113E+11	1.126212E+0	1.062744E+11	3.613754E-2	2.866759E-2	-1.014486E-2	7.469951E-3	1.464956E-2	-1.245791E+10	-1.267994E+10	1.747722E+1	2.220277E+8	-1.057277E+11
2.874030E+2	8.742818E-1	1.043862E+10	8.234460E-1	4.025149E+8	8.819463E-1	1.054918E+10	8.774864E-1	4.243341E+8	8.863486E-1	7.359355E+10	8.864104E-1	7.430199E+10	8.857950E-1	8.414273E+10	8.848969E-1	8.474060E+10	-5.083575E-2	-4.459880E-3	-5.404040E-2	-4.637587E-2	-6.145090E-2	-1.003610E+10	-1.012485E+10	-2.181920E+7	8.874712E+7	-8.433809E+10
2.876030E+2	5.908502E-1	7.282628E+9	5.957360E-1	2.991038E+8	5.933759E-1	7.335174E+9	6.038886E-1	3.019690E+8	5.965254E-1	5.115393E+10	5.877909E-1	5.097975E+10	5.961294E-1	5.848910E+10	5.881726E-1	5.826238E+10	4.885812E-3	1.051271E-2	-8.152596E-3	-5.626895E-3	7.563388E-3	-6.983524E+9	-7.033206E+9	-2.865172E+6	4.968155E+7	-5.796328E+10
2.878020E+2	5.482407E-1	6.808175E+9	5.202526E-1	2.648241E+8	5.382755E-1	6.721483E+9	4.872940E-1	2.498226E+8	5.532215E-1	4.780111E+10	5.498287E-1	4.801489E+10	5.513419E-1	5.452259E+10	5.496305E-1	5.482307E+10	-2.798809E-2	-5.098152E-2	3.295866E-2	2.299343E-2	-2.937787E-2	-6.543350E+9	-6.471661E+9	1.500149E+7	-7.168984E+7	-5.455825E+10
2.880040E+2	5.573981E-1	6.910141E+9	5.481612E-1	2.774984E+8	5.638705E-1	7.006552E+9	6.392828E-1	3.177988E+8	5.666943E-1	4.884425E+10	5.633651E-1	4.907209E+10	5.663392E-1	5.585080E+10	5.626205E-1	5.598223E+10	-9.236925E-3	7.541234E-2	-9.112164E-2	-8.464927E-2	-1.445930E-2	-6.632643E+9	-6.688753E+9	-4.030044E+7	5.611037E+7	-5.570473E+10
2.882090E+2	5.751693E-1	7.108022E+9	5.667915E-1	2.859591E+8	5.641065E-1	7.009181E+9	5.629257E-1	2.836485E+8	5.770317E-1	4.964462E+10	5.748507E-1	4.996912E+10	5.754062E-1	5.665380E+10	5.748905E-1	5.707714E+10	-8.377768E-3	-1.180786E-3	3.865812E-3	-7.196982E-3	-8.098971E-3	-6.822063E+9	-6.725532E+9	2.310552E+6	-9.653057E+7	-5.679119E+10
2.884090E+2	1.019740E+0	1.205828E+10	1.095845E+0	5.262209E+8	1.008487E+0	1.195855E+10	1.039064E+0	4.965989E+8	1.025816E+0	8.439185E+10	1.010724E+0	8.401089E+10	1.023637E+0	9.635040E+10	1.011849E+0	9.606917E+10	7.610519E-2	3.057697E-2	5.678093E-2	4.552822E-2	8.399632E-2	-1.153206E+10	-1.146196E+10	2.962203E+7	-7.010313E+7	-9.554294E+10
2.886030E+2	1.357136E+0	1.581516E+10	1.394680E+0	6.619325E+8	1.364092E+0	1.591916E+10	1.320221E+0	6.223445E+8	1.349962E+0	1.094889E+11	1.357149E+0	1.110668E+11	1.351739E+0	1.254081E+11	1.357148E+0	1.268820E+11	3.754426E-2	-4.387096E-2	7.445981E-2	8.141522E-2	3.753255E-2	-1.515323E+10	-1.529682E+10	3.958795E+7	1.435935E+8	-1.262200E+11
2.887950E+2	1.380153E+0	1.607144E+10	1.455165E+0	6.894009E+8	1.377302E+0	1.606630E+10	1.409067E+0	6.620805E+8	1.368146E+0	1.108968E+11	1.380762E+0	1.129110E+11	1.369298E+0	1.269631E+11	1.380686E+0	1.289824E+11	7.501294E-2	3.176495E-2	4.609871E-2	4.324798E-2	7.447929E-2	-1.538204E+10	-1.540422E+10	2.732038E+7	2.217198E+7	-1.282930E+11
2.890120E+2	1.183108E+0	1.387737E+10	1.292301E+0	6.154386E+8	1.177759E+0	1.384385E+10	1.140899E+0	5.421438E+8	1.183941E+0	9.663472E+10	1.186493E+0	9.773849E+10	1.183164E+0	1.104786E+11	1.186071E+0	1.116159E+11	1.091935E-1	-3.686057E-2	1.514027E-1	1.460540E-1	1.062309E-1	-1.326193E+10	-1.330171E+10	7.329479E+7	3.977950E+7	-1.110004E+11
2.892050E+2	7.420908E-1	8.966680E+9	7.716377E-1	3.789869E+8	7.540057E-1	9.124219E+9	7.510166E-1	3.677712E+8	7.525574E-1	6.323474E+10	7.629484E-1	6.465958E+10	7.527396E-1	7.235896E+10	7.603457E-1	7.362626E+10	2.954686E-2	-2.989091E-3	2.062104E-2	3.253595E-2	1.129194E-2	-8.587693E+9	-8.756448E+9	1.121574E+7	1.687554E+8	-7.324728E+10
2.894050E+2	6.979850E-1	8.475565E+9	7.207794E-1	3.558904E+8	6.894307E-1	8.405003E+9	6.924618E-1	3.415828E+8	7.008192E-1	5.922889E+10	6.970057E-1	5.950945E+10	6.993870E-1	6.763390E+10	6.971279E-1	6.798502E+10	2.279439E-2	3.031071E-3	2.831766E-2	1.976332E-2	2.365150E-2	-8.119675E+9	-8.063420E+9	1.430757E+7	-5.625498E+7	-6.762913E+10
2.896060E+2	7.131451E-1	8.644372E+9	7.379451E-1	3.636859E+8	7.207642E-1	8.753986E+9	7.056529E-1	3.474825E+8	7.193990E-1	6.066744E+10	7.164534E-1	6.102832E+10	7.195707E-1	6.942143E+10	7.160406E-1	6.967269E+10	2.479999E-2	-1.511134E-2	3.229225E-2	3.991134E-2	2.190453E-2	-8.280686E+9	-8.406503E+9	1.620346E+7	1.258175E+8	-6.930900E+10
2.898030E+2	6.186824E-1	7.592537E+9	6.576538E-1	3.272228E+8	6.284153E-1	7.725432E+9	6.495348E-1	3.223839E+8	6.295741E-1	5.371273E+10	6.290887E-1	5.420512E+10	6.294284E-1	6.143816E+10	6.277902E-1	6.179765E+10	3.897139E-2	2.111947E-2	8.119049E-3	1.785192E-2	2.986362E-2	-7.265314E+9	-7.403048E+9	4.838880E+6	1.377339E+8	-6.147043E+10
2.900030E+2	7.135152E-1	8.648492E+9	6.869721E-1	3.405373E+8	7.131247E-1	8.668899E+9	6.860246E-1	3.387038E+8	7.217041E-1	6.084591E+10	7.226776E-1	6.151443E+10	7.206251E-1	6.951481E+10	7.215343E-1	7.016292E+10	-2.654311E-2	-2.710008E-2	9.474679E-4	5.569696E-4	-3.456220E-2	-8.307955E+9	-8.330195E+9	1.833449E+6	2.224016E+7	-6.982238E+10
2.905120E+2	8.888519E-1	1.060085E+10	9.384205E-1	4.547288E+8	8.930124E-1	1.067243E+10	8.855567E-1	4.279435E+8	9.048929E-1	7.502934E+10	8.942636E-1	7.491533E+10	9.033988E-1	8.570177E+10	8.935883E-1	8.551618E+10	4.956858E-2	-7.455720E-3	5.286379E-2	5.702430E-2	4.483215E-2	-1.014612E+10	-1.024449E+10	2.678536E+7	9.836534E+7	-8.506145E+10
2.910040E+2	1.155718E+0	1.357239E+10	1.088896E+0	5.230652E+8	1.152080E+0	1.355785E+10	1.067353E+0	5.092508E+8	1.153955E+0	9.431305E+10	1.147301E+0	9.467757E+10	1.153720E+0	1.078709E+11	1.148351E+0	1.082500E+11	-6.682184E-2	-8.472753E-2	2.154350E-2	1.790569E-2	-5.945463E-2	-1.304932E+10	-1.304860E+10	1.381439E+7	-7.217417E+5	-1.077269E+11
2.915070E+2	1.274152E+0	1.489114E+10	1.292926E+0	6.157221E+8	1.286835E+0	1.505871E+10	1.290179E+0	6.089086E+8	1.277299E+0	1.038630E+11	1.274042E+0	1.045761E+11	1.278499E+0	1.189217E+11	1.274056E+0	1.194672E+11	1.877336E-2	3.344014E-3	2.746641E-3	1.542934E-2	1.887005E-2	-1.427542E+10	-1.444980E+10	6.813476E+6	1.743780E+8	-1.188515E+11
2.920030E+2	1.136530E+0	1.335872E+10	1.103461E+0	5.296794E+8	1.128923E+0	1.329993E+10	1.127926E+0	5.363420E+8	1.134193E+0	9.278294E+10	1.127945E+0	9.316587E+10	1.133530E+0	1.060829E+11	1.129016E+0	1.065246E+11	-3.306889E-2	-9.961211E-4	-2.446560E-2	-3.207277E-2	-2.555522E-2	-1.282905E+10	-1.276358E+10	-6.662569E+6	-6.546135E+7	-1.059949E+11
2.925160E+2	9.255725E-1	1.100973E+10	8.657640E-1	4.217330E+8	9.409823E-1	1.120671E+10	9.658304E-1	4.638455E+8	9.364902E-1	7.747577E+10	9.360126E-1	7.817593E+10	9.370551E-1	8.868247E+10	9.347099E-1	8.918567E+10	-5.980857E-2	2.484818E-2	-1.000665E-1	-8.465675E-2	-6.894591E-2	-1.058800E+10	-1.074286E+10	-4.211251E+7	1.548594E+8	-8.876393E+10
2.930070E+2	9.267710E-1	1.102308E+10	9.224587E-1	4.474800E+8	9.115049E-1	1.087840E+10	8.932194E-1	4.313706E+8	9.203230E-1	7.622402E+10	9.221136E-1	7.709042E+10	9.192140E-1	8.710241E+10	9.226948E-1	8.811350E+10	-4.312257E-3	-1.828550E-2	2.923936E-2	1.397324E-2	-2.360140E-4	-1.057560E+10	-1.044703E+10	1.610948E+7	-1.285732E+8	-8.766602E+10
2.935040E+2	9.518480E-1	1.130231E+10	9.542738E-1	4.619284E+8	9.495199E-1	1.130179E+10	9.690924E-1	4.653044E+8	9.532291E-1	7.877178E+10	9.553395E-1	7.968537E+10	9.527627E-1	9.007358E+10	9.549038E-1	9.098768E+10	2.425745E-3	1.957259E-2	-1.481867E-2	-1.714685E-2	-6.300603E-4	-1.084038E+10	-1.083649E+10	-3.376012E+6	-3.890555E+6	-9.052575E+10
2.940070E+2	8.978777E-1	1.070135E+10	8.858843E-1	4.308703E+8	8.985968E-1	1.073463E+10	8.835316E-1	4.270378E+8	8.979590E-1	7.449248E+10	9.019145E-1	7.551287E+10	8.980392E-1	8.522711E+10	9.014108E-1	8.621422E+10	-1.199334E-2	-1.506513E-2	2.352678E-3	3.071789E-3	-1.552650E-2	-1.027048E+10	-1.030759E+10	3.832537E+6	3.710831E+7	-8.578335E+10
2.945040E+2	9.095434E-1	1.083125E+10	8.549837E-1	4.168372E+8	9.097190E-1	1.085851E+10	9.349968E-1	4.500553E+8	9.047795E-1	7.502056E+10	9.050509E-1	7.575782E+10	9.054007E-1	8.587907E+10	9.056115E-1	8.658907E+10	-5.455969E-2	2.527779E-2	-8.001317E-2	-7.983748E-2	-5.062783E-2	-1.041441E+10	-1.040845E+10	-3.321806E+7	-5.962479E+6	-8.617223E+10
2.950120E+2	1.147807E+0	1.348430E+10	1.173110E+0	5.613096E+8	1.155580E+0	1.359683E+10	1.196642E+0	5.670748E+8	1.160571E+0	9.482530E+10	1.156024E+0	9.535890E+10	1.159944E+0	1.084221E+11	1.154999E+0	1.088432E+11	2.530291E-2	4.106251E-2	-2.353220E-2	-1.575960E-2	1.811105E-2	-1.292299E+10	-1.302975E+10	-5.765186E+6	1.067623E+8	-1.082819E+11
2.955070E+2	1.316552E+0	1.536325E+10	1.301515E+0	6.196230E+8	1.311797E+0	1.533673E+10	1.344380E+0	6.331498E+8	1.315485E+0	1.068195E+11	1.315623E+0	1.078235E+11	1.315021E+0	1.221562E+11	1.315739E+0	1.231868E+11	-1.503621E-2	3.258288E-2	-4.286478E-2	-4.761909E-2	-1.422322E-2	-1.474363E+10	-1.470358E+10	-1.352680E+7	-4.005281E+7	-1.225672E+11
2.960060E+2	1.345969E+0	1.569082E+10	1.378484E+0	6.545771E+8	1.337128E+0	1.561885E+10	1.321035E+0	6.227087E+8	1.340586E+0	1.087630E+11	1.337004E+0	1.094934E+11	1.340151E+0	1.243818E+11	1.338123E+0	1.251843E+11	3.251480E-2	-1.609274E-2	5.744905E-2	4.860754E-2	4.036112E-2	-1.503624E+10	-1.499614E+10	3.186837E+7	-4.009804E+7	-1.245297E+11
2.965040E+2	1.214461E+0	1.422648E+10	1.124237E+0	5.391144E+8	1.226629E+0	1.438815E+10	1.252583E+0	5.920941E+8	1.218576E+0	9.931629E+10	1.217120E+0	1.001305E+11	1.219588E+0	1.137044E+11	1.216788E+0	1.143570E+11	-9.022406E-2	2.595399E-2	-1.283467E-1	-1.161781E-1	-9.255181E-2	-1.368736E+10	-1.379606E+10	-5.297966E+7	1.086941E+8	-1.138179E+11
2.970040E+2	9.620017E-1	1.141537E+10	9.492435E-1	4.596439E+8	9.702423E-1	1.153259E+10	9.383677E-1	4.515629E+8	9.655018E-1	7.972200E+10	9.632132E-1	8.030030E+10	9.660980E-1	9.125459E+10	9.630620E-1	9.171567E+10	-1.275820E-2	-3.187462E-2	1.087577E-2	1.911641E-2	-1.381851E-2	-1.095573E+10	-1.108103E+10	8.081025E+6	1.253068E+8	-9.125603E+10
2.975040E+2	8.591467E-1	1.027009E+10	8.500628E-1	4.146025E+8	8.740056E-1	1.046074E+10	9.092276E-1	4.385302E+8	8.659216E-1	7.201198E+10	8.713486E-1	7.312566E+10	8.669382E-1	8.247272E+10	8.698261E-1	8.339575E+10	-9.083925E-3	3.522202E-2	-5.916484E-2	-4.430594E-2	-1.976325E-2	-9.855485E+9	-1.002221E+10	-2.392767E+7	1.667253E+8	-8.298115E+10
2.980040E+2	9.071480E-1	1.080458E+10	9.081068E-1	4.409623E+8	8.960687E-1	1.070647E+10	9.207149E-1	4.436678E+8	9.041752E-1	7.497377E+10	9.074574E-1	7.594577E+10	9.031557E-1	8.568024E+10	9.074188E-1	8.675035E+10	9.588056E-4	2.464623E-2	-1.260808E-2	-2.368743E-2	6.880096E-4	-1.036362E+10	-1.026280E+10	-2.705457E+6	-1.008115E+8	-8.630938E+10
2.985020E+2	9.140737E-1	1.088169E+10	9.545078E-1	4.620346E+8	9.107176E-1	1.086963E+10	8.793396E-1	4.251629E+8	9.201627E-1	7.621161E+10	9.128850E-1	7.636966E+10	9.189749E-1	8.708124E+10	9.130333E-1	8.725136E+10	4.043408E-2	-3.137801E-2	7.516820E-2	7.181208E-2	4.147441E-2	-1.041966E+10	-1.044446E+10	3.687174E+7	2.480377E+7	-8.678932E+10
2.990020E+2	8.617700E-1	1.029930E+10	8.756803E-1	4.262363E+8	8.534030E-1	1.023127E+10	9.381563E-1	4.514684E+8	8.640954E-1	7.187059E+10	8.626246E-1	7.244431E+10	8.627507E-1	8.210186E+10	8.625179E-1	8.274361E+10	1.391033E-2	8.475336E-2	-6.247602E-2	-7.084303E-2	1.316235E-2	-9.873061E+9	-9.779806E+9	-2.523206E+7	-9.325471E+7	-8.231738E+10
2.995060E+2	1.215535E+0	1.423844E+10	1.198797E+0	5.729748E+8	1.220438E+0	1.431919E+10	1.184865E+0	5.618074E+8	1.213168E+0	9.889757E+10	1.209604E+0	9.954346E+10	1.214082E+0	1.132168E+11	1.210344E+0	1.137819E+11	-1.673844E-2	-3.557298E-2	1.393194E-2	1.883454E-2	-1.154723E-2	-1.366547E+10	-1.375739E+10	1.116744E+7	9.191741E+7	-1.132089E+11
3.000060E+2	1.242326E+0	1.453676E+10	1.212846E+0	5.793549E+8	1.245367E+0	1.459685E+10	1.167697E+0	5.541291E+8	1.232478E+0	1.003926E+11	1.236080E+0	1.016113E+11	1.234099E+0	1.149895E+11	1.236860E+0	1.161481E+11	-2.948085E-2	-7.767062E-2	4.514881E-2	4.818978E-2	-2.401430E-2	-1.395741E+10	-1.404272E+10	2.522582E+7	8.531564E+7	-1.155687E+11
