Photon Energy (eV)	X ref norm	X ref	X pump norm	X pump	Y ref norm	Y ref	Y pump norm	Y pump	X all norm	X all	Y all norm	Y all	X all Y ref norm	X all Y ref	Y all X ref norm	Y all X ref	BC(X hist) norm	BC(Y hist) norm	StS norm	BCSC norm	BCLR norm	BC(X hist)	BC(Y hist)	StS	BCSC	BCLR	
5.300220E+2	-6.260368E-3	1.227409E+9	-7.381511E-3	2.519951E+8	-5.061654E-3	1.261860E+9	-5.035509E-3	2.715468E+8	-6.102764E-3	8.693860E+9	-6.054453E-3	8.725242E+9	-5.971238E-3	9.955720E+9	-6.080367E-3	9.952652E+9	-1.121143E-3	2.614479E-5	-2.346002E-3	-1.147288E-3	-1.301144E-3	-9.754142E+8	-9.903132E+8	-1.955169E+7	1.489897E+7	-9.700656E+9
5.305130E+2	-3.095652E-3	1.315520E+9	-2.703965E-3	2.794255E+8	-4.772515E-3	1.269902E+9	-2.538526E-3	2.861060E+8	-4.054621E-3	9.087830E+9	-4.939014E-3	8.940958E+9	-4.145315E-3	1.035773E+10	-4.707031E-3	1.025648E+10	3.916873E-4	2.233989E-3	-1.654387E-4	-1.842302E-3	2.003066E-3	-1.036095E+9	-9.837963E+8	-6.680510E+6	-5.229844E+7	-9.977052E+9
5.310150E+2	-2.567544E-3	1.330224E+9	-2.872073E-3	2.784397E+8	-1.983904E-3	1.347467E+9	-1.892276E-3	2.898741E+8	-2.901186E-3	9.309698E+9	-2.251790E-3	9.460642E+9	-2.785303E-3	1.065716E+10	-2.291527E-3	1.079087E+10	-3.045289E-4	9.162799E-5	-9.797971E-4	-3.961569E-4	-5.805454E-4	-1.051784E+9	-1.057592E+9	-1.143444E+7	5.808491E+6	-1.051243E+10
5.315130E+2	-1.082419E-3	1.371572E+9	8.879303E-4	3.004893E+8	-9.329600E-4	1.376698E+9	-1.994899E-3	2.892758E+8	8.823677E-5	9.884727E+9	3.290318E-5	9.902480E+9	-4.077424E-5	1.126142E+10	-1.074579E-4	1.127405E+10	1.970349E-3	-1.061939E-3	2.882829E-3	3.032287E-3	9.953882E-4	-1.071083E+9	-1.087422E+9	1.121358E+7	1.633982E+7	-1.097356E+10
5.320220E+2	4.303300E-3	1.521519E+9	4.218646E-3	3.200215E+8	2.011174E-3	1.458588E+9	1.985026E-3	3.124816E+8	3.356625E-3	1.051342E+10	3.249865E-3	1.052461E+10	3.186650E-3	1.197200E+10	3.382438E-3	1.204613E+10	-8.465424E-5	-2.614830E-5	2.233620E-3	-5.850593E-5	8.362081E-4	-1.201498E+9	-1.146107E+9	7.539975E+6	-5.539097E+7	-1.172611E+10
5.325170E+2	8.702682E-3	1.644005E+9	7.850973E-3	3.413225E+8	1.073986E-2	1.701374E+9	9.476184E-3	3.561604E+8	9.613711E-3	1.171699E+10	9.962490E-3	1.182277E+10	9.755980E-3	1.341837E+10	9.803945E-3	1.346677E+10	-8.517098E-4	-1.263675E-3	-1.625212E-3	4.119650E-4	-1.952973E-3	-1.302683E+9	-1.345213E+9	-1.483792E+7	4.253046E+7	-1.312545E+10
5.330280E+2	2.227583E-2	2.021904E+9	2.272672E-2	4.285578E+8	2.197792E-2	2.013956E+9	1.975628E-2	4.161007E+8	2.293870E-2	1.428011E+10	2.322086E-2	1.438681E+10	2.281732E-2	1.629407E+10	2.310193E-2	1.640872E+10	4.508864E-4	-2.221641E-3	2.970436E-3	2.672527E-3	-3.752083E-4	-1.593346E+9	-1.597856E+9	1.245708E+7	4.509534E+6	-1.598016E+10
5.331630E+2	3.087125E-2	2.261214E+9	3.028342E-2	4.728723E+8	3.102064E-2	2.265476E+9	3.258302E-2	4.908898E+8	3.137036E-2	1.590198E+10	3.116273E-2	1.592269E+10	3.132618E-2	1.816746E+10	3.112605E-2	1.818391E+10	-5.878237E-4	1.562375E-3	-2.299594E-3	-2.150199E-3	-8.426230E-4	-1.788342E+9	-1.774587E+9	-1.801745E+7	-1.375535E+7	-1.771104E+10
5.333130E+2	3.914280E-2	2.491508E+9	3.807692E-2	5.185755E+8	3.694356E-2	2.430221E+9	3.501828E-2	5.050891E+8	4.150572E-2	1.785156E+10	3.960484E-2	1.755532E+10	4.092937E-2	2.028178E+10	3.954669E-2	2.004683E+10	-1.065882E-3	-1.925288E-3	3.058645E-3	8.594055E-4	-1.469770E-3	-1.972933E+9	-1.925131E+9	1.348639E+7	-4.780120E+7	-1.952825E+10
5.334520E+2	5.401043E-2	2.905447E+9	5.291098E-2	6.055663E+8	4.908311E-2	2.767878E+9	4.708615E-2	5.754534E+8	5.421719E-2	2.029667E+10	5.160016E-2	1.987510E+10	5.356858E-2	2.306455E+10	5.190349E-2	2.278055E+10	-1.099449E-3	-1.996966E-3	5.824833E-3	8.975166E-4	1.007492E-3	-2.299881E+9	-2.192424E+9	3.011294E+7	-1.074565E+8	-2.217498E+10
5.336080E+2	7.061652E-2	3.367788E+9	7.038002E-2	7.080094E+8	6.824238E-2	3.300786E+9	7.011757E-2	7.097431E+8	7.356494E-2	2.401830E+10	7.032911E-2	2.349710E+10	7.289253E-2	2.731908E+10	7.036528E-2	2.686489E+10	-2.365032E-4	1.875185E-3	2.624520E-4	-2.111688E-3	1.474071E-5	-2.659779E+9	-2.591043E+9	-1.733651E+6	-6.873548E+7	-2.615688E+10
5.337580E+2	9.833541E-2	4.139527E+9	9.492505E-2	8.519481E+8	1.012866E-1	4.219901E+9	1.027077E-1	8.997671E+8	1.052539E-1	3.011380E+10	1.007253E-1	2.937544E+10	1.047527E-1	3.433370E+10	1.004245E-1	3.351496E+10	-3.410358E-3	1.421096E-3	-7.782677E-3	-4.831454E-3	-5.499458E-3	-3.287579E+9	-3.320134E+9	-4.781904E+7	3.255415E+7	-3.266302E+10
5.339190E+2	1.653779E-1	6.006099E+9	1.603103E-1	1.235384E+9	1.666969E-1	6.039265E+9	1.677154E-1	1.278809E+9	1.781306E-1	4.413196E+10	1.681131E-1	4.240761E+10	1.766862E-1	5.017123E+10	1.677689E-1	4.841371E+10	-5.067615E-3	1.018518E-3	-7.405185E-3	-6.086133E-3	-7.458632E-3	-4.770715E+9	-4.760456E+9	-4.342433E+7	-1.025882E+7	-4.717833E+10
5.340690E+2	2.721310E-1	8.978281E+9	2.752814E-1	1.909606E+9	2.731750E-1	9.000916E+9	2.770131E-1	1.916092E+9	2.968440E-1	6.696701E+10	2.732923E-1	6.274828E+10	2.938538E-1	7.596793E+10	2.731462E-1	7.172656E+10	3.150460E-3	3.838066E-3	-1.731636E-3	-6.876060E-4	2.135281E-3	-7.068675E+9	-7.084824E+9	-6.486219E+6	1.614853E+7	-6.981695E+10
5.342040E+2	4.677257E-1	1.442396E+10	4.731747E-1	3.070105E+9	4.689153E-1	1.444537E+10	4.743239E-1	3.066556E+9	5.015969E-1	1.063521E+11	4.716001E-1	1.010991E+11	4.974681E-1	1.207975E+11	4.711125E-1	1.155231E+11	5.449064E-3	5.408579E-3	-1.149182E-3	4.048487E-5	2.062243E-3	-1.135385E+10	-1.137881E+10	3.549173E+6	2.495593E+7	-1.124530E+11
5.343650E+2	7.937848E-1	2.350198E+10	7.809122E-1	4.874759E+9	7.984493E-1	2.361124E+10	7.974137E-1	4.950401E+9	8.356905E-1	1.706165E+11	7.978441E-1	1.641917E+11	8.309857E-1	1.942277E+11	7.973332E-1	1.876936E+11	-1.287260E-2	-1.035634E-3	-1.650152E-2	-1.183696E-2	-1.642106E-2	-1.862722E+10	-1.866084E+10	-7.564144E+7	3.361823E+7	-1.828189E+11
5.345160E+2	1.222060E+0	3.542586E+10	1.227918E+0	7.496120E+9	1.221989E+0	3.539186E+10	1.231066E+0	7.478905E+9	1.253165E+0	2.509197E+11	1.216952E+0	2.452431E+11	1.249227E+0	2.863115E+11	1.217595E+0	2.806690E+11	5.858182E-3	9.076891E-3	-3.148304E-3	-3.218710E-3	1.032333E-2	-2.792974E+10	-2.791295E+10	1.721430E+7	-1.678592E+7	-2.731729E+11
5.346620E+2	1.584709E+0	4.552260E+10	1.572838E+0	9.518822E+9	1.584585E+0	4.547733E+10	1.585358E+0	9.544681E+9	1.594886E+0	3.166512E+11	1.572231E+0	3.139508E+11	1.593585E+0	3.621285E+11	1.573801E+0	3.594734E+11	-1.187081E-2	7.731674E-4	-1.252022E-2	-1.264398E-2	-9.632963E-4	-3.600378E+10	-3.593265E+10	-2.585869E+7	-7.113045E+7	-3.499545E+11
5.348280E+2	1.969929E+0	5.624776E+10	1.971506E+0	1.185672E+10	1.968312E+0	5.615057E+10	1.969660E+0	1.178544E+10	1.944379E+0	3.838777E+11	1.935370E+0	3.841785E+11	1.947403E+0	4.400282E+11	1.939719E+0	4.404262E+11	1.577259E-3	1.347803E-3	1.845955E-3	2.294562E-4	3.178686E-2	-4.439104E+10	-4.436513E+10	7.128160E+7	-2.590666E+7	-4.285695E+11
5.349740E+2	2.120942E+0	6.045222E+10	2.093184E+0	1.257027E+10	2.121897E+0	6.042249E+10	2.110981E+0	1.260944E+10	2.072994E+0	4.086173E+11	2.076352E+0	4.114431E+11	2.079172E+0	4.690398E+11	2.081964E+0	4.718953E+11	-2.775790E-2	-1.091678E-2	-1.779652E-2	-1.684113E-2	1.122046E-2	-4.788194E+10	-4.781305E+10	-3.916585E+7	-6.889337E+7	-4.593250E+11
5.351090E+2	2.070284E+0	5.904181E+10	2.065174E+0	1.240601E+10	2.070428E+0	5.899088E+10	2.073260E+0	1.238950E+10	2.016867E+0	3.978210E+11	2.033274E+0	4.031122E+11	2.023634E+0	4.568119E+11	2.037932E+0	4.621540E+11	-5.109969E-3	2.831969E-3	-8.085938E-3	-7.941939E-3	2.724240E-2	-4.663580E+10	-4.660138E+10	1.651409E+7	-3.441499E+7	-4.497480E+11
5.352600E+2	1.830194E+0	5.235731E+10	1.810312E+0	1.091144E+10	1.817737E+0	5.196237E+10	1.812129E+0	1.086692E+10	1.780291E+0	3.523146E+11	1.796558E+0	3.573336E+11	1.785022E+0	4.042770E+11	1.800791E+0	4.096909E+11	-1.988167E-2	-5.608013E-3	-1.816770E-3	-1.427366E-2	9.520911E-3	-4.144588E+10	-4.109545E+10	4.451728E+7	-3.504214E+8	-3.987795E+11
5.354110E+2	1.560843E+0	4.485815E+10	1.536013E+0	9.302870E+9	1.566737E+0	4.498090E+10	1.558180E+0	9.386215E+9	1.535245E+0	3.051788E+11	1.547392E+0	3.091472E+11	1.539223E+0	3.501597E+11	1.549085E+0	3.540053E+11	-2.483043E-2	-8.557074E-3	-2.216744E-2	-1.627336E-2	-1.307193E-2	-3.555528E+10	-3.559469E+10	-8.334436E+7	3.941220E+7	-3.447024E+11
5.355630E+2	1.295582E+0	3.747284E+10	1.281930E+0	7.812862E+9	1.303908E+0	3.767040E+10	1.298985E+0	7.874922E+9	1.280935E+0	2.562613E+11	1.292006E+0	2.597579E+11	1.283838E+0	2.939317E+11	1.292456E+0	2.972307E+11	-1.365208E-2	-4.922889E-3	-1.705509E-2	-8.729188E-3	-1.052562E-2	-2.965998E+10	-2.979548E+10	-6.206012E+7	1.354957E+8	-2.894178E+11
5.357190E+2	1.134027E+0	3.297487E+10	1.130060E+0	6.922253E+9	1.131298E+0	3.286931E+10	1.136893E+0	6.929807E+9	1.124237E+0	2.261197E+11	1.130989E+0	2.286187E+11	1.125129E+0	2.589890E+11	1.131371E+0	2.615936E+11	-3.966981E-3	5.594612E-3	-6.833024E-3	-9.561593E-3	-1.311536E-3	-2.605262E+10	-2.593951E+10	-7.553370E+6	-1.131136E+8	-2.546714E+11
5.358650E+2	9.617131E-1	2.817738E+10	9.483330E-1	5.856560E+9	9.666600E-1	2.828996E+10	9.857948E-1	6.048797E+9	9.628965E-1	1.950851E+11	9.661718E-1	1.967447E+11	9.633720E-1	2.233751E+11	9.656107E-1	2.249220E+11	-1.338012E-2	1.913479E-2	-3.746179E-2	-3.251492E-2	-1.727767E-2	-2.232082E+10	-2.224116E+10	-1.922379E+8	-7.965789E+7	-2.190655E+11
5.360120E+2	8.124095E-1	2.402052E+10	8.214052E-1	5.112221E+9	8.152746E-1	2.407923E+10	8.176296E-1	5.068274E+9	8.178958E-1	1.671936E+11	8.138724E-1	1.672914E+11	8.175647E-1	1.912729E+11	8.136883E-1	1.913119E+11	8.995683E-3	2.354940E-3	3.775626E-3	6.640743E-3	7.716918E-3	-1.890830E+10	-1.901095E+10	4.394738E+7	1.026536E+8	-1.861997E+11
5.362730E+2	6.052364E-1	1.825248E+10	5.950079E-1	3.784567E+9	6.132599E-1	1.846026E+10	6.061873E-1	3.835414E+9	6.129257E-1	1.277667E+11	6.137827E-1	1.285959E+11	6.129679E-1	1.462270E+11	6.127072E-1	1.468484E+11	-1.022846E-2	-7.072596E-3	-1.117945E-2	-3.155864E-3	-1.769926E-2	-1.446791E+10	-1.462485E+10	-5.084698E+7	1.569315E+8	-1.430638E+11
5.365140E+2	5.335937E-1	1.625783E+10	5.331087E-1	3.421574E+9	5.282317E-1	1.609523E+10	5.163482E-1	3.311587E+9	5.371717E-1	1.131951E+11	5.352054E-1	1.133998E+11	5.360422E-1	1.292903E+11	5.350026E-1	1.296576E+11	-4.849407E-4	-1.188351E-2	1.676056E-2	1.139857E-2	-1.893857E-3	-1.283626E+10	-1.278364E+10	1.099865E+8	-5.261639E+7	-1.262361E+11
5.367710E+2	5.212014E-1	1.591281E+10	5.095984E-1	3.283703E+9	5.229304E-1	1.594777E+10	5.157901E-1	3.308333E+9	5.318882E-1	1.121788E+11	5.232938E-1	1.110962E+11	5.307565E-1	1.281266E+11	5.230305E-1	1.270090E+11	-1.160299E-2	-7.140238E-3	-6.191690E-3	-4.462756E-3	-1.343207E-2	-1.262911E+10	-1.263944E+10	-2.463026E+7	1.033279E+7	-1.237253E+11
5.370010E+2	5.471597E-1	1.663553E+10	5.366352E-1	3.442254E+9	5.422589E-1	1.648539E+10	5.400511E-1	3.449792E+9	5.580661E-1	1.172142E+11	5.521795E-1	1.166824E+11	5.560692E-1	1.336996E+11	5.515477E-1	1.333180E+11	-1.052455E-2	-2.207755E-3	-3.415979E-3	-8.316794E-3	-1.491257E-2	-1.319328E+10	-1.303560E+10	-7.538798E+6	-1.576805E+8	-1.298757E+11
5.372640E+2	6.350145E-1	1.908155E+10	6.322642E-1	4.003048E+9	6.389628E-1	1.917518E+10	6.429138E-1	4.049555E+9	6.435329E-1	1.336541E+11	6.365359E-1	1.329962E+11	6.429556E-1	1.528293E+11	6.363444E-1	1.520777E+11	-2.750269E-3	3.950995E-3	-1.064958E-2	-6.701264E-3	-4.080262E-3	-1.507850E+10	-1.512562E+10	-4.650755E+7	4.711518E+7	-1.480747E+11
5.375160E+2	7.501230E-1	2.228636E+10	7.323144E-1	4.589769E+9	7.536561E-1	2.236533E+10	7.616658E-1	4.741965E+9	7.612785E-1	1.563030E+11	7.519425E-1	1.553147E+11	7.603156E-1	1.786684E+11	7.517135E-1	1.776011E+11	-1.780856E-2	8.009639E-3	-2.935134E-2	-2.581820E-2	-1.939906E-2	-1.769659E+10	-1.762337E+10	-1.521956E+8	-7.322728E+7	-1.730113E+11
5.377580E+2	8.525019E-1	2.513676E+10	8.648918E-1	5.367238E+9	8.500550E-1	2.504663E+10	8.630767E-1	5.333263E+9	8.566169E-1	1.746418E+11	8.480912E-1	1.739090E+11	8.557879E-1	1.996884E+11	8.486463E-1	1.990457E+11	1.238993E-2	1.302168E-2	1.815079E-3	-6.317524E-4	1.624552E-2	-1.976952E+10	-1.971337E+10	3.397495E+7	-5.615084E+7	-1.936785E+11
5.380160E+2	9.831609E-1	2.877452E+10	9.679453E-1	5.971571E+9	9.873598E-1	2.886572E+10	9.771613E-1	5.998458E+9	9.934277E-1	2.009579E+11	9.858793E-1	2.005559E+11	9.926611E-1	2.298237E+11	9.855372E-1	2.293304E+11	-1.521561E-2	-1.019844E-2	-9.216077E-3	-5.017171E-3	-1.759194E-2	-2.280295E+10	-2.286726E+10	-2.688718E+7	6.430959E+7	-2.233588E+11
5.382690E+2	1.130195E+0	3.286818E+10	1.115054E+0	6.834253E+9	1.139486E+0	3.309707E+10	1.147282E+0	6.990382E+9	1.142811E+0	2.296926E+11	1.132221E+0	2.288570E+11	1.142391E+0	2.627896E+11	1.131966E+0	2.617251E+11	-1.514123E-2	7.795312E-3	-3.222825E-2	-2.293654E-2	-1.691224E-2	-2.603393E+10	-2.610669E+10	-1.561292E+8	7.275389E+7	-2.548909E+11
5.385170E+2	1.381517E+0	3.986542E+10	1.369188E+0	8.324567E+9	1.364616E+0	3.935897E+10	1.365361E+0	8.261943E+9	1.376115E+0	2.745695E+11	1.366782E+0	2.742190E+11	1.374662E+0	3.139284E+11	1.368637E+0	3.140844E+11	-1.232907E-2	7.453845E-4	3.826759E-3	-1.307445E-2	5.515295E-4	-3.154085E+10	-3.109703E+10	6.262350E+7	-4.438232E+8	-3.057598E+11
5.387650E+2	1.590798E+0	4.569213E+10	1.575675E+0	9.535461E+9	1.583841E+0	4.545663E+10	1.567776E+0	9.442167E+9	1.580777E+0	3.139372E+11	1.572343E+0	3.139725E+11	1.581164E+0	3.593938E+11	1.574666E+0	3.596646E+11	-1.512259E-2	-1.606438E-2	7.898837E-3	9.417906E-4	1.009640E-3	-3.615667E+10	-3.601446E+10	9.329422E+7	-1.422073E+8	-3.501292E+11
5.390240E+2	1.785356E+0	5.110895E+10	1.751266E+0	1.056517E+10	1.770687E+0	5.065369E+10	1.797088E+0	1.077922E+10	1.760566E+0	3.485204E+11	1.751947E+0	3.487062E+11	1.761845E+0	3.991741E+11	1.756151E+0	3.998151E+11	-3.409019E-2	2.640133E-2	-4.582250E-2	-6.049152E-2	-4.885688E-3	-4.054378E+10	-3.987447E+10	-2.140487E+8	-6.693067E+8	-3.892500E+11
5.392720E+2	1.947613E+0	5.562645E+10	1.941507E+0	1.168080E+10	1.924946E+0	5.494434E+10	1.930349E+0	1.155623E+10	1.906568E+0	3.766046E+11	1.901949E+0	3.777152E+11	1.908890E+0	4.315489E+11	1.907696E+0	4.333416E+11	-6.106018E-3	5.403668E-3	1.115757E-2	-1.150969E-2	3.381105E-2	-4.394565E+10	-4.338812E+10	1.245685E+8	-5.575369E+8	-4.216608E+11
5.395160E+2	2.046359E+0	5.837570E+10	2.023676E+0	1.216266E+10	2.020967E+0	5.761514E+10	1.996807E+0	1.194372E+10	2.000580E+0	3.946881E+11	1.998086E+0	3.963072E+11	2.003156E+0	4.523033E+11	2.004161E+0	4.546829E+11	-2.268261E-2	-2.416017E-2	2.686961E-2	1.477558E-3	1.951511E-2	-4.621304E+10	-4.567142E+10	2.189378E+8	-5.416221E+8	-4.425202E+11
5.397810E+2	2.073180E+0	5.912245E+10	2.048989E+0	1.231110E+10	2.066298E+0	5.887602E+10	2.033406E+0	1.215712E+10	2.028756E+0	4.001078E+11	2.029572E+0	4.023963E+11	2.033499E+0	4.589839E+11	2.035060E+0	4.615188E+11	-2.419085E-2	-3.289245E-2	1.558338E-2	8.701594E-3	1.392895E-2	-4.681135E+10	-4.671890E+10	1.539802E+8	-9.244692E+7	-4.492077E+11
5.400240E+2	2.031027E+0	5.794884E+10	2.012765E+0	1.209867E+10	2.028223E+0	5.781697E+10	2.039504E+0	1.219267E+10	1.987296E+0	3.921328E+11	1.993181E+0	3.953587E+11	1.992466E+0	4.499498E+11	1.997944E+0	4.533075E+11	-1.826255E-2	1.128049E-2	-2.673896E-2	-2.954305E-2	1.482041E-2	-4.585017E+10	-4.562430E+10	-9.400473E+7	-2.258742E+8	-4.412088E+11
5.402850E+2	1.928480E+0	5.509375E+10	1.903268E+0	1.145655E+10	1.939016E+0	5.533569E+10	1.974746E+0	1.181509E+10	1.892225E+0	3.738455E+11	1.896560E+0	3.766729E+11	1.898136E+0	4.291812E+11	1.900577E+0	4.317667E+11	-2.521180E-2	3.573071E-2	-7.147839E-2	-6.094251E-2	2.691167E-3	-4.363719E+10	-4.352060E+10	-3.585412E+8	-1.165967E+8	-4.203101E+11
5.405130E+2	1.810514E+0	5.180940E+10	1.789688E+0	1.079049E+10	1.804235E+0	5.158682E+10	1.806458E+0	1.083385E+10	1.778936E+0	3.520540E+11	1.776038E+0	3.533651E+11	1.782133E+0	4.036408E+11	1.780377E+0	4.051745E+11	-2.082636E-2	2.222875E-3	-1.676980E-2	-2.304923E-2	9.311466E-3	-4.101891E+10	-4.075296E+10	-4.336153E+7	-2.659453E+8	-3.943840E+11
5.407680E+2	1.726108E+0	4.945938E+10	1.722328E+0	1.039547E+10	1.715574E+0	4.912074E+10	1.697131E+0	1.019639E+10	1.693650E+0	3.356488E+11	1.694938E+0	3.376812E+11	1.696420E+0	3.847696E+11	1.698861E+0	3.871405E+11	-3.779750E-3	-1.844325E-2	2.519750E-2	1.466350E-2	2.346748E-2	-3.906391E+10	-3.892434E+10	1.990780E+8	-1.395671E+8	-3.767451E+11
5.410290E+2	1.630374E+0	4.679399E+10	1.624169E+0	9.819844E+9	1.643373E+0	4.711249E+10	1.645182E+0	9.893498E+9	1.616838E+0	3.208736E+11	1.617384E+0	3.226830E+11	1.620190E+0	3.679861E+11	1.619019E+0	3.694770E+11	-6.204283E-3	1.809307E-3	-2.101276E-2	-8.013590E-3	5.150636E-3	-3.697414E+10	-3.721899E+10	-7.365416E+7	2.448516E+8	-3.596571E+11
5.412790E+2	1.554787E+0	4.468952E+10	1.544940E+0	9.355220E+9	1.547038E+0	4.443296E+10	1.559624E+0	9.394632E+9	1.532503E+0	3.046514E+11	1.530191E+0	3.058207E+11	1.534339E+0	3.490844E+11	1.533286E+0	3.505102E+11	-9.846822E-3	1.258629E-2	-1.468417E-2	-2.243312E-2	1.165319E-2	-3.533430E+10	-3.503833E+10	-3.941207E+7	-2.959680E+8	-3.411550E+11
5.415140E+2	1.403332E+0	4.047277E+10	1.406964E+0	8.546094E+9	1.397894E+0	4.028460E+10	1.390283E+0	8.407254E+9	1.387146E+0	2.766914E+11	1.386852E+0	2.781003E+11	1.388504E+0	3.169760E+11	1.388926E+0	3.185730E+11	3.632000E-3	-7.611454E-3	1.668099E-2	1.124345E-2	1.803791E-2	-3.192668E+10	-3.187734E+10	1.388403E+8	-4.933721E+7	-3.100270E+11
5.417760E+2	1.212922E+0	3.517144E+10	1.189116E+0	7.268578E+9	1.210354E+0	3.506822E+10	1.206448E+0	7.335363E+9	1.203203E+0	2.413092E+11	1.203502E+0	2.426421E+11	1.204106E+0	2.763774E+11	1.204688E+0	2.778136E+11	-2.380549E-2	-3.905931E-3	-1.733145E-2	-1.989956E-2	-1.557119E-2	-2.790287E+10	-2.773286E+10	-6.678538E+7	-1.700116E+8	-2.705450E+11
5.420160E+2	1.052760E+0	3.071227E+10	1.047987E+0	6.440955E+9	1.045213E+0	3.047488E+10	1.056309E+0	6.459944E+9	1.049752E+0	2.117921E+11	1.050988E+0	2.131473E+11	1.049178E+0	2.422670E+11	1.051211E+0	2.438596E+11	-4.773430E-3	1.109593E-2	-8.322066E-3	-1.586936E-2	-3.224411E-3	-2.427132E+10	-2.401493E+10	-1.898909E+7	-2.563872E+8	-2.374186E+11
5.422670E+2	9.554628E-1	2.800336E+10	9.589994E-1	5.919110E+9	9.479819E-1	2.777044E+10	9.572098E-1	5.882126E+9	9.573934E-1	1.940266E+11	9.468563E-1	1.930092E+11	9.562045E-1	2.217970E+11	9.479394E-1	2.210126E+11	3.536620E-3	9.227839E-3	1.789649E-3	-5.691220E-3	1.105998E-2	-2.208425E+10	-2.188831E+10	3.698396E+7	-1.959406E+8	-2.150935E+11
5.425300E+2	9.439953E-1	2.768408E+10	9.415633E-1	5.816860E+9	9.324715E-1	2.733902E+10	9.410183E-1	5.787718E+9	9.448338E-1	1.916107E+11	9.351138E-1	1.907383E+11	9.432720E-1	2.189497E+11	9.362315E-1	2.184224E+11	-2.431943E-3	8.546750E-3	5.450566E-4	-1.097869E-2	5.331758E-3	-2.186722E+10	-2.155130E+10	2.914212E+7	-3.159243E+8	-2.126056E+11
5.427650E+2	1.016230E+0	2.969523E+10	1.012700E+0	6.234024E+9	1.008388E+0	2.945061E+10	9.923023E-1	6.086741E+9	1.025650E+0	2.071560E+11	1.010035E+0	2.052273E+11	1.023469E+0	2.366066E+11	1.010814E+0	2.349225E+11	-3.530501E-3	-1.608573E-2	2.039769E-2	1.255523E-2	1.885637E-3	-2.346121E+10	-2.336387E+10	1.472838E+8	-9.733836E+7	-2.286885E+11
5.430170E+2	1.145295E+0	3.328859E+10	1.124473E+0	6.889493E+9	1.145688E+0	3.326957E+10	1.160940E+0	7.070019E+9	1.155845E+0	2.321997E+11	1.146364E+0	2.315921E+11	1.154562E+0	2.654692E+11	1.146229E+0	2.648807E+11	-2.082129E-2	1.525151E-2	-3.646665E-2	-3.607280E-2	-2.175599E-2	-2.639910E+10	-2.619955E+10	-1.805261E+8	-1.995414E+8	-2.579912E+11
5.432800E+2	1.293617E+0	3.741814E+10	1.277186E+0	7.785039E+9	1.308375E+0	3.779465E+10	1.303815E+0	7.903082E+9	1.297765E+0	2.594986E+11	1.290417E+0	2.594506E+11	1.299106E+0	2.972932E+11	1.290820E+0	2.968687E+11	-1.643167E-2	-4.560450E-3	-2.662910E-2	-1.187122E-2	-1.363401E-2	-2.963310E+10	-2.989157E+10	-1.180427E+8	2.584697E+8	-2.890837E+11
5.435540E+2	1.458553E+0	4.201022E+10	1.461374E+0	8.865171E+9	1.451709E+0	4.178144E+10	1.446557E+0	8.735373E+9	1.440496E+0	2.869535E+11	1.438222E+0	2.880348E+11	1.441913E+0	3.287349E+11	1.440781E+0	3.300450E+11	2.821392E-3	-5.152141E-3	1.481710E-2	7.973533E-3	2.059352E-2	-3.314505E+10	-3.304607E+10	1.297979E+8	-9.897800E+7	-3.211798E+11
5.437640E+2	1.514942E+0	4.358018E+10	1.499147E+0	9.086679E+9	1.525735E+0	4.384044E+10	1.539534E+0	9.277494E+9	1.504114E+0	2.991907E+11	1.507004E+0	3.013365E+11	1.506845E+0	3.430311E+11	1.508003E+0	3.449167E+11	-1.579518E-2	1.379879E-2	-4.038705E-2	-2.959397E-2	-8.856193E-3	-3.449350E+10	-3.456295E+10	-1.908146E+8	6.944469E+7	-3.358301E+11
5.440120E+2	1.584869E+0	4.552707E+10	1.567093E+0	9.485134E+9	1.580737E+0	4.537029E+10	1.579882E+0	9.512753E+9	1.558038E+0	3.095633E+11	1.562690E+0	3.121057E+11	1.560906E+0	3.549336E+11	1.565481E+0	3.576328E+11	-1.777609E-2	-8.546037E-4	-1.278895E-2	-1.692149E-2	1.611808E-3	-3.604194E+10	-3.585754E+10	-2.761833E+7	-1.843970E+8	-3.481476E+11
5.442860E+2	1.582498E+0	4.546106E+10	1.566508E+0	9.481701E+9	1.578588E+0	4.531052E+10	1.588045E+0	9.560350E+9	1.564306E+0	3.107689E+11	1.564417E+0	3.124397E+11	1.566110E+0	3.560795E+11	1.566693E+0	3.579007E+11	-1.599052E-2	9.457442E-3	-2.153769E-2	-2.544797E-2	-1.848276E-4	-3.597936E+10	-3.575017E+10	-7.864941E+7	-2.291819E+8	-3.484190E+11
5.445290E+2	1.556566E+0	4.473907E+10	1.560174E+0	9.444557E+9	1.550368E+0	4.452561E+10	1.547244E+0	9.322446E+9	1.538736E+0	3.058504E+11	1.542020E+0	3.081082E+11	1.540206E+0	3.503760E+11	1.543850E+0	3.528473E+11	3.607467E-3	-3.124816E-3	1.293021E-2	6.732284E-3	1.632345E-2	-3.529451E+10	-3.520316E+10	1.221107E+8	-9.135229E+7	-3.434027E+11
5.447660E+2	1.463938E+0	4.216016E+10	1.460869E+0	8.862208E+9	1.466393E+0	4.218986E+10	1.478978E+0	8.924409E+9	1.446997E+0	2.882040E+11	1.451124E+0	2.905298E+11	1.449448E+0	3.303939E+11	1.452736E+0	3.326900E+11	-3.069283E-3	1.258496E-2	-1.810893E-2	-1.565424E-2	8.132654E-3	-3.329795E+10	-3.326545E+10	-6.220139E+7	-3.249507E+7	-3.238277E+11
5.450200E+2	1.373468E+0	3.964131E+10	1.368001E+0	8.317604E+9	1.367360E+0	3.943528E+10	1.348245E+0	8.162140E+9	1.356777E+0	2.708499E+11	1.354329E+0	2.718107E+11	1.358114E+0	3.102852E+11	1.356738E+0	3.114520E+11	-5.467150E-3	-1.911503E-2	1.975628E-2	1.364788E-2	1.126291E-2	-3.132371E+10	-3.127314E+10	1.554642E+8	-5.056690E+7	-3.031344E+11
5.452740E+2	1.291138E+0	3.734912E+10	1.272617E+0	7.758248E+9	1.284963E+0	3.714346E+10	1.268987E+0	7.700009E+9	1.272819E+0	2.547001E+11	1.278427E+0	2.571318E+11	1.274353E+0	2.918436E+11	1.280027E+0	2.944810E+11	-1.852128E-2	-1.597673E-2	3.630460E-3	-2.544551E-3	-7.409372E-3	-2.959087E+10	-2.944345E+10	5.823900E+7	-1.474230E+8	-2.867227E+11
5.455290E+2	1.232922E+0	3.572828E+10	1.218362E+0	7.440084E+9	1.225718E+0	3.549557E+10	1.213650E+0	7.377357E+9	1.225332E+0	2.455658E+11	1.222824E+0	2.463787E+11	1.225381E+0	2.810614E+11	1.224095E+0	2.821070E+11	-1.455950E-2	-1.206783E-2	4.712249E-3	-2.491668E-3	-5.732245E-3	-2.828819E+10	-2.811821E+10	6.272637E+7	-1.699831E+8	-2.746669E+11
5.457990E+2	1.200274E+0	3.481930E+10	1.178424E+0	7.205875E+9	1.202017E+0	3.483633E+10	1.198784E+0	7.290675E+9	1.198210E+0	2.403487E+11	1.195704E+0	2.411340E+11	1.198691E+0	2.751850E+11	1.196279E+0	2.759533E+11	-2.184964E-2	-3.233433E-3	-2.035939E-2	-1.861621E-2	-1.785504E-2	-2.761343E+10	-2.754566E+10	-8.479918E+7	-6.776697E+7	-2.687475E+11
5.460060E+2	1.189567E+0	3.452119E+10	1.197635E+0	7.318533E+9	1.192301E+0	3.456610E+10	1.187412E+0	7.224372E+9	1.185206E+0	2.378474E+11	1.183871E+0	2.388457E+11	1.186102E+0	2.724135E+11	1.184588E+0	2.733669E+11	8.068388E-3	-4.889053E-3	1.022266E-2	1.295744E-2	1.304686E-2	-2.720266E+10	-2.734172E+10	9.416063E+7	1.390626E+8	-2.660484E+11
5.467710E+2	1.240606E+0	3.594221E+10	1.222070E+0	7.461826E+9	1.236749E+0	3.580238E+10	1.231813E+0	7.483259E+9	1.237665E+0	2.479382E+11	1.234093E+0	2.485580E+11	1.237550E+0	2.837405E+11	1.234912E+0	2.845002E+11	-1.853589E-2	-4.935809E-3	-9.742940E-3	-1.360008E-2	-1.284233E-2	-2.848038E+10	-2.831912E+10	-2.143335E+7	-1.612609E+8	-2.770384E+11
5.475120E+2	1.328423E+0	3.838720E+10	1.316359E+0	8.014763E+9	1.330829E+0	3.841919E+10	1.338767E+0	8.106881E+9	1.331131E+0	2.659167E+11	1.328301E+0	2.667770E+11	1.331093E+0	3.043359E+11	1.328316E+0	3.051642E+11	-1.206427E-2	7.938412E-3	-2.240829E-2	-2.000268E-2	-1.195731E-2	-3.037243E+10	-3.031231E+10	-9.211803E+7	-6.011948E+7	-2.971495E+11
5.482600E+2	1.406173E+0	4.055187E+10	1.405333E+0	8.536531E+9	1.415040E+0	4.076149E+10	1.421758E+0	8.590772E+9	1.399323E+0	2.790337E+11	1.396871E+0	2.800378E+11	1.401309E+0	3.197952E+11	1.398042E+0	3.205897E+11	-8.396499E-4	6.717668E-3	-1.642418E-2	-7.557318E-3	7.291693E-3	-3.201534E+10	-3.217072E+10	-5.424130E+7	1.553764E+8	-3.120532E+11
5.490490E+2	1.399138E+0	4.035601E+10	1.391436E+0	8.455036E+9	1.394249E+0	4.018319E+10	1.404284E+0	8.488887E+9	1.384761E+0	2.762327E+11	1.384169E+0	2.775813E+11	1.385960E+0	3.164159E+11	1.386053E+0	3.179373E+11	-7.701623E-3	1.003495E-2	-1.284724E-2	-1.773658E-2	5.383875E-3	-3.190097E+10	-3.169430E+10	-3.385145E+7	-2.066676E+8	-3.094823E+11
5.497850E+2	1.381361E+0	3.986107E+10	1.360891E+0	8.275907E+9	1.372656E+0	3.958260E+10	1.368825E+0	8.282137E+9	1.370054E+0	2.734036E+11	1.368436E+0	2.745388E+11	1.370382E+0	3.129862E+11	1.370063E+0	3.143998E+11	-2.047083E-2	-3.831098E-3	-7.934335E-3	-1.663973E-2	-9.172131E-3	-3.158517E+10	-3.130046E+10	-6.230491E+6	-2.847093E+8	-3.061239E+11
5.505170E+2	1.344442E+0	3.883318E+10	1.352556E+0	8.227031E+9	1.349798E+0	3.894680E+10	1.343843E+0	8.136473E+9	1.340960E+0	2.678073E+11	1.337341E+0	2.685252E+11	1.342076E+0	3.067541E+11	1.338234E+0	3.073584E+11	8.113932E-3	-5.955206E-3	8.713490E-3	1.406914E-2	1.432176E-2	-3.060615E+10	-3.081033E+10	9.055864E+7	2.041793E+8	-2.991314E+11
5.512620E+2	1.309618E+0	3.786362E+10	1.299888E+0	7.918173E+9	1.313525E+0	3.793788E+10	1.332491E+0	8.070285E+9	1.308076E+0	2.614820E+11	1.304939E+0	2.622591E+11	1.308764E+0	2.994198E+11	1.305528E+0	3.001227E+11	-9.729909E-3	1.896650E-2	-3.260284E-2	-2.869641E-2	-5.639917E-3	-2.994545E+10	-2.986759E+10	-1.521122E+8	-7.786127E+7	-2.922045E+11
5.520260E+2	1.272280E+0	3.682408E+10	1.264358E+0	7.709812E+9	1.272495E+0	3.679666E+10	1.278150E+0	7.753435E+9	1.264384E+0	2.530775E+11	1.263933E+0	2.543289E+11	1.265408E+0	2.898742E+11	1.264984E+0	2.911530E+11	-7.922831E-3	5.654505E-3	-1.379198E-2	-1.357734E-2	-6.262748E-4	-2.911427E+10	-2.904322E+10	-4.362343E+7	-7.105038E+7	-2.834432E+11
5.527650E+2	1.231059E+0	3.567641E+10	1.221179E+0	7.456600E+9	1.233884E+0	3.572270E+10	1.230554E+0	7.475918E+9	1.229377E+0	2.463438E+11	1.227618E+0	2.473058E+11	1.229946E+0	2.820665E+11	1.228051E+0	2.829822E+11	-9.880015E-3	-3.330195E-3	-9.374942E-3	-6.549820E-3	-6.871946E-3	-2.821981E+10	-2.824678E+10	-1.931755E+7	2.697745E+7	-2.755256E+11
5.535440E+2	1.175915E+0	3.414112E+10	1.175166E+0	7.186768E+9	1.178507E+0	3.418241E+10	1.190081E+0	7.239934E+9	1.172602E+0	2.354230E+11	1.173424E+0	2.368252E+11	1.173348E+0	2.696054E+11	1.173737E+0	2.709663E+11	-7.493465E-4	1.157445E-2	-1.491536E-2	-1.232379E-2	1.428747E-3	-2.695435E+10	-2.694247E+10	-5.316590E+7	-1.187886E+7	-2.637795E+11
5.542580E+2	1.103686E+0	3.213014E+10	1.096753E+0	6.726933E+9	1.122120E+0	3.261404E+10	1.139379E+0	6.944305E+9	1.112015E+0	2.237688E+11	1.111893E+0	2.249257E+11	1.113292E+0	2.563829E+11	1.110860E+0	2.570558E+11	-6.933200E-3	1.725883E-2	-4.262650E-2	-2.419203E-2	-1.410704E-2	-2.540320E+10	-2.566973E+10	-2.173724E+8	2.665286E+8	-2.503289E+11
5.550190E+2	1.036075E+0	3.024774E+10	1.045583E+0	6.426859E+9	1.037377E+0	3.025692E+10	1.029905E+0	6.305993E+9	1.031303E+0	2.082434E+11	1.026743E+0	2.084586E+11	1.032070E+0	2.385003E+11	1.027917E+0	2.387063E+11	9.507982E-3	-7.471439E-3	1.567767E-2	1.697942E-2	1.766550E-2	-2.382088E+10	-2.395093E+10	1.208659E+8	1.300512E+8	-2.322794E+11
5.557660E+2	9.628750E-1	2.820973E+10	9.581774E-1	5.914289E+9	9.749120E-1	2.851949E+10	9.711609E-1	5.963471E+9	9.643123E-1	1.953575E+11	9.626404E-1	1.960617E+11	9.656514E-1	2.238770E+11	9.626699E-1	2.242714E+11	-4.697621E-3	-3.751074E-3	-1.298355E-2	-9.465464E-4	-4.492515E-3	-2.229544E+10	-2.255601E+10	-4.918195E+7	2.605763E+8	-2.183571E+11
5.560240E+2	9.549975E-1	2.799041E+10	9.542690E-1	5.891370E+9	9.477701E-1	2.776454E+10	9.519973E-1	5.851734E+9	9.547853E-1	1.935249E+11	9.516990E-1	1.939458E+11	9.538991E-1	2.212895E+11	9.521141E-1	2.219362E+11	-7.285158E-4	4.227177E-3	2.271717E-3	-4.955693E-3	2.154896E-3	-2.209904E+10	-2.191281E+10	3.963606E+7	-1.862261E+8	-2.160448E+11
5.565200E+2	9.581768E-1	2.807892E+10	9.657159E-1	5.958497E+9	9.587446E-1	2.806980E+10	9.445734E-1	5.808447E+9	9.587593E-1	1.942893E+11	9.567516E-1	1.949229E+11	9.587575E-1	2.223591E+11	9.569310E-1	2.230018E+11	7.539092E-3	-1.417125E-2	2.114246E-2	2.171034E-2	8.784868E-3	-2.212042E+10	-2.226135E+10	1.500500E+8	1.409255E+8	-2.170433E+11
5.570560E+2	9.886956E-1	2.892862E+10	9.716005E-1	5.993006E+9	9.879768E-1	2.888288E+10	9.869327E-1	6.055432E+9	9.881964E-1	1.999517E+11	9.889986E-1	2.011591E+11	9.881686E-1	2.288346E+11	9.889604E-1	2.300878E+11	-1.709513E-2	-1.044083E-3	-1.533220E-2	-1.605105E-2	-1.735994E-2	-2.293561E+10	-2.282745E+10	-6.242590E+7	-1.081642E+8	-2.240947E+11
5.575360E+2	1.011692E+0	2.956888E+10	1.000871E+0	6.164655E+9	1.012600E+0	2.956778E+10	1.019318E+0	6.244261E+9	1.008624E+0	2.038810E+11	1.008512E+0	2.049328E+11	1.009126E+0	2.334487E+11	1.008912E+0	2.345017E+11	-1.082156E-2	6.717455E-3	-1.844717E-2	-1.753902E-2	-8.041363E-3	-2.340423E+10	-2.332352E+10	-7.960643E+7	-8.071090E+7	-2.283370E+11
5.580170E+2	1.002091E+0	2.930156E+10	9.995930E-1	6.157161E+9	9.992700E-1	2.919700E+10	1.006596E+0	6.170083E+9	1.005407E+0	2.032623E+11	1.007170E+0	2.046734E+11	1.004632E+0	2.324593E+11	1.006531E+0	2.339749E+11	-2.497775E-3	7.325930E-3	-7.003013E-3	-9.823704E-3	-6.938081E-3	-2.314440E+10	-2.302691E+10	-1.292166E+7	-1.174834E+8	-2.278178E+11
5.585160E+2	1.008218E+0	2.947215E+10	1.014613E+0	6.245241E+9	1.005352E+0	2.936616E+10	1.004991E+0	6.160724E+9	1.003271E+0	2.028514E+11	1.004499E+0	2.041569E+11	1.003534E+0	2.322176E+11	1.004967E+0	2.336290E+11	6.394521E-3	-3.611201E-4	9.621831E-3	6.755641E-3	9.645140E-3	-2.322691E+10	-2.320544E+10	8.451700E+7	-2.147568E+7	-2.273838E+11
5.590160E+2	1.000029E+0	2.924414E+10	1.007843E+0	6.205542E+9	1.006559E+0	2.939975E+10	1.002545E+0	6.146462E+9	1.003496E+0	2.028946E+11	1.003118E+0	2.038898E+11	1.003883E+0	2.322944E+11	1.002729E+0	2.331339E+11	7.814448E-3	-4.014548E-3	5.298218E-3	1.182900E-2	5.113582E-3	-2.303860E+10	-2.325328E+10	5.908012E+7	2.146819E+8	-2.269284E+11
5.595110E+2	1.000411E+0	2.925481E+10	1.010490E+0	6.221064E+9	1.014227E+0	2.961301E+10	1.009073E+0	6.184526E+9	1.008554E+0	2.038675E+11	1.011736E+0	2.055563E+11	1.009271E+0	2.334806E+11	1.010310E+0	2.348111E+11	1.007847E-2	-5.153662E-3	1.416979E-3	1.523213E-2	1.795327E-4	-2.303374E+10	-2.342848E+10	3.653852E+7	3.947422E+8	-2.285900E+11
5.600520E+2	1.023644E+0	2.990163E+10	1.014807E+0	6.246378E+9	1.017412E+0	2.970161E+10	1.017289E+0	6.232432E+9	1.019999E+0	2.060690E+11	1.017051E+0	2.065842E+11	1.019672E+0	2.357706E+11	1.017881E+0	2.364858E+11	-8.837232E-3	-1.227440E-4	-2.482567E-3	-8.714488E-3	-3.073912E-3	-2.365525E+10	-2.346917E+10	1.394620E+7	-1.860794E+8	-2.302394E+11
5.605150E+2	1.011515E+0	2.956395E+10	1.005138E+0	6.189679E+9	1.002619E+0	2.929014E+10	9.992077E-1	6.127004E+9	1.009629E+0	2.040743E+11	1.004703E+0	2.041963E+11	1.008743E+0	2.333644E+11	1.005561E+0	2.337602E+11	-6.377068E-3	-3.411004E-3	5.930216E-3	-2.966064E-3	-4.225880E-4	-2.337427E+10	-2.316314E+10	6.267437E+7	-2.111321E+8	-2.275706E+11
5.610180E+2	9.955276E-1	2.911883E+10	1.009330E+0	6.214261E+9	9.952396E-1	2.908489E+10	1.009475E+0	6.186868E+9	9.940647E-1	2.010805E+11	9.974603E-1	2.027956E+11	9.942131E-1	2.301654E+11	9.972171E-1	2.319144E+11	1.380224E-2	1.423503E-2	-1.447520E-4	-4.327833E-4	1.211276E-2	-2.290457E+10	-2.289802E+10	2.739359E+7	-6.546000E+6	-2.257001E+11
