Photon Energy (eV)	X ref norm	X ref	X pump norm	X pump	Y ref norm	Y ref	Y pump norm	Y pump	X all norm	X all	Y all norm	Y all	X all Y ref norm	X all Y ref	Y all X ref norm	Y all X ref	BC(X hist) norm	BC(Y hist) norm	StS norm	BCSC norm	BCLR norm	BC(X hist)	BC(Y hist)	StS	BCSC	BCLR	
2.790040E+2	-4.938166E-3	6.706756E+8	-1.505598E-2	2.428132E+7	7.874568E-4	7.368284E+8	-7.183292E-3	2.543758E+7	-5.688559E-3	4.653497E+9	-2.417321E-3	4.916651E+9	-4.878835E-3	5.390326E+9	-2.731012E-3	5.587327E+9	-1.011781E-2	-7.970748E-3	-7.872685E-3	-2.147062E-3	-1.232496E-2	-6.463942E+8	-7.113908E+8	-1.156251E+6	6.499658E+7	-5.563046E+9
2.795020E+2	-2.104517E-3	6.969122E+8	-5.827668E-4	2.983964E+7	-5.349768E-3	6.800299E+8	-3.015264E-3	2.702460E+7	-2.416781E-3	4.865387E+9	-2.546745E-3	4.908220E+9	-2.783505E-3	5.545417E+9	-2.491714E-3	5.605132E+9	1.521750E-3	2.334504E-3	2.432497E-3	-8.127536E-4	1.908948E-3	-6.670726E+8	-6.530053E+8	2.815033E+6	-1.406726E+7	-5.575292E+9
2.799980E+2	-4.464479E-3	6.750614E+8	-1.362961E-2	2.482911E+7	-4.794437E-3	6.851694E+8	-1.174523E-2	2.370056E+7	-4.358773E-3	4.739618E+9	-6.112281E-3	4.675937E+9	-4.413246E-3	5.424787E+9	-5.907230E-3	5.350999E+9	-9.165128E-3	-6.950794E-3	-1.884375E-3	-2.214333E-3	-7.722377E-3	-6.502323E+8	-6.614688E+8	1.128550E+6	1.123649E+7	-5.326170E+9
2.805030E+2	-4.216304E-3	6.773593E+8	2.373935E-4	3.015461E+7	-9.991118E-4	7.202942E+8	8.054202E-4	2.847938E+7	-1.242250E-3	4.941453E+9	-1.078523E-3	5.003869E+9	-1.211849E-3	5.661747E+9	-1.468986E-3	5.681229E+9	4.453698E-3	1.804532E-3	-5.680267E-4	2.649166E-3	1.706379E-3	-6.472046E+8	-6.918148E+8	1.675235E+6	4.461013E+7	-5.651074E+9
2.810040E+2	-4.192527E-3	6.775794E+8	-9.619531E-4	2.969401E+7	-4.220940E-3	6.904769E+8	8.409653E-3	3.137479E+7	-1.955156E-3	4.895283E+9	-1.194750E-3	4.996298E+9	-2.238457E-3	5.585760E+9	-1.567790E-3	5.673877E+9	3.230574E-3	1.263059E-2	-9.371606E-3	-9.400020E-3	6.058373E-4	-6.478854E+8	-6.591021E+8	-1.680772E+6	1.121675E+7	-5.644183E+9
2.815070E+2	1.693007E-4	7.179654E+8	1.349953E-2	3.524783E+7	-2.901397E-3	7.026890E+8	-5.205987E-4	2.797448E+7	-2.671896E-4	5.004601E+9	-9.529618E-4	5.012049E+9	-5.965558E-4	5.707290E+9	-8.133085E-4	5.730015E+9	1.333023E-2	2.380798E-3	1.402013E-2	1.094944E-2	1.431284E-2	-6.827176E+8	-6.747145E+8	7.273345E+6	-8.003065E+6	-5.694767E+9
2.820030E+2	7.406118E-3	7.849708E+8	-2.033985E-3	2.928231E+7	8.503979E-3	8.082429E+8	1.030887E-2	3.209794E+7	6.624734E-3	5.450942E+9	6.620261E-3	5.505419E+9	6.859704E-3	6.259185E+9	6.718053E-3	6.290390E+9	-9.440103E-3	1.804895E-3	-1.234286E-2	-1.124500E-2	-8.752037E-3	-7.556885E+8	-7.761450E+8	-2.815629E+6	2.045649E+7	-6.261107E+9
2.825060E+2	1.234057E-2	8.306587E+8	1.852736E-2	3.717872E+7	8.974219E-3	8.125949E+8	2.940439E-3	2.929231E+7	9.303973E-3	5.624458E+9	7.682320E-3	5.574608E+9	9.262743E-3	6.437053E+9	8.261989E-3	6.405267E+9	6.186785E-3	-6.033780E-3	1.558692E-2	1.222057E-2	1.026537E-2	-7.934800E+8	-7.833025E+8	7.886405E+6	-1.017744E+7	-6.368088E+9
2.830030E+2	6.474906E-3	7.763487E+8	-9.470117E-3	2.642653E+7	1.124490E-2	8.336094E+8	-9.112318E-3	2.470307E+7	6.882859E-3	5.467659E+9	8.187504E-3	5.607519E+9	7.428264E-3	6.301269E+9	7.974390E-3	6.383868E+9	-1.594502E-2	-2.035722E-2	-3.577997E-4	4.412195E-3	-1.744451E-2	-7.499222E+8	-8.089064E+8	1.723451E+6	5.898418E+7	-6.357441E+9
2.835020E+2	1.733030E-2	8.768583E+8	1.802839E-2	3.698710E+7	1.594243E-2	8.770839E+8	1.081412E-2	3.229032E+7	1.765908E-2	6.165559E+9	1.822035E-2	6.261125E+9	1.744444E-2	7.042643E+9	1.810959E-2	7.137983E+9	6.980935E-4	-5.128310E-3	7.214270E-3	5.826403E-3	-8.119928E-5	-8.398713E+8	-8.447936E+8	4.696776E+6	4.922366E+6	-7.100996E+9
2.840030E+2	5.964668E-2	1.268664E+9	6.037363E-2	5.324942E+7	5.813435E-2	1.267560E+9	8.334034E-2	5.990559E+7	5.626107E-2	8.665539E+9	5.382365E-2	8.580558E+9	5.649529E-2	9.933098E+9	5.454826E-2	9.849222E+9	7.269513E-4	2.520599E-2	-2.296671E-2	-2.447904E-2	5.825369E-3	-1.215415E+9	-1.207654E+9	-6.656167E+6	-7.760460E+6	-9.795972E+9
2.841010E+2	5.877232E-2	1.260568E+9	4.596835E-2	4.771720E+7	5.159450E-2	1.207035E+9	8.667634E-2	6.117582E+7	6.032099E-2	8.928471E+9	5.967239E-2	8.961583E+9	5.922988E-2	1.013551E+10	5.956038E-2	1.022215E+10	-1.280397E-2	3.508184E-2	-4.070799E-2	-4.788581E-2	-1.359203E-2	-1.212851E+9	-1.145859E+9	-1.345862E+7	-6.699189E+7	-1.017443E+10
2.842010E+2	9.430183E-2	1.589534E+9	9.370562E-2	6.605029E+7	9.047445E-2	1.566859E+9	9.947814E-2	6.605026E+7	9.963982E-2	1.147488E+10	9.913364E-2	1.153235E+10	9.849384E-2	1.304173E+10	9.853238E-2	1.312188E+10	-5.962027E-4	9.003688E-3	-5.772515E-3	-9.599890E-3	-4.826752E-3	-1.523484E+9	-1.500809E+9	3.012386E+1	-2.267521E+7	-1.305583E+10
2.843010E+2	1.316696E-1	1.935521E+9	1.667493E-1	9.410211E+7	1.343137E-1	1.972581E+9	1.211214E-1	7.429122E+7	1.382815E-1	1.397742E+10	1.369483E-1	1.399584E+10	1.377854E-1	1.595000E+10	1.362914E-1	1.593136E+10	3.507977E-2	-1.319227E-2	4.562790E-2	4.827203E-2	3.045795E-2	-1.841419E+9	-1.898289E+9	1.981089E+7	5.687067E+7	-1.583726E+10
2.844040E+2	1.765092E-1	2.350689E+9	1.416675E-1	8.446964E+7	1.712734E-1	2.314633E+9	1.593560E-1	8.884952E+7	1.831950E-1	1.688615E+10	1.799194E-1	1.679526E+10	1.817044E-1	1.920079E+10	1.794950E-1	1.914595E+10	-3.484171E-2	-1.191736E-2	-1.768853E-2	-2.292435E-2	-3.782753E-2	-2.266219E+9	-2.225784E+9	-4.379884E+6	-4.043572E+7	-1.906148E+10
2.845030E+2	2.417596E-1	2.954840E+9	2.449897E-1	1.241497E+8	2.501247E-1	3.044382E+9	2.470997E-1	1.222591E+8	2.572279E-1	2.168075E+10	2.520768E-1	2.149607E+10	2.563398E-1	2.472513E+10	2.507929E-1	2.445091E+10	3.230148E-3	-3.024941E-3	-2.110014E-3	6.255089E-3	-5.803188E-3	-2.830690E+9	-2.922123E+9	1.890614E+6	9.143347E+7	-2.432676E+10
2.846010E+2	3.756826E-1	4.194827E+9	3.311433E-1	1.572362E+8	3.696624E-1	4.150674E+9	4.055651E-1	1.825967E+8	3.977858E-1	3.078369E+10	3.727969E-1	2.936057E+10	3.942694E-1	3.493437E+10	3.731560E-1	3.355540E+10	-4.453927E-2	3.590269E-2	-7.442179E-2	-8.044196E-2	-4.201271E-2	-4.037591E+9	-3.968077E+9	-2.536052E+7	-6.951317E+7	-3.339816E+10
2.847030E+2	7.232246E-1	7.412704E+9	7.344841E-1	3.121358E+8	7.386168E-1	7.565255E+9	6.856693E-1	2.892499E+8	7.576177E-1	5.408747E+10	7.314479E-1	5.272545E+10	7.552420E-1	6.165273E+10	7.304246E-1	6.013816E+10	1.125945E-2	-5.294750E-2	4.881480E-2	6.420696E-2	4.059424E-3	-7.100568E+9	-7.276005E+9	2.288587E+7	1.754372E+8	-5.982602E+10
2.848030E+2	1.392844E+0	1.361268E+10	1.260000E+0	5.139555E+8	1.419786E+0	1.386931E+10	1.399591E+0	5.610845E+8	1.417069E+0	9.679548E+10	1.405244E+0	9.662097E+10	1.417409E+0	1.106648E+11	1.403701E+0	1.102337E+11	-1.328448E-1	-2.019529E-2	-1.395911E-1	-1.126495E-1	-1.437016E-1	-1.309873E+10	-1.330822E+10	-4.712898E+7	2.094930E+8	-1.097197E+11
2.849020E+2	1.609010E+0	1.561416E+10	1.558805E+0	6.287092E+8	1.614945E+0	1.567546E+10	1.573849E+0	6.274357E+8	1.579463E+0	1.073126E+11	1.596901E+0	1.091067E+11	1.583900E+0	1.229881E+11	1.598408E+0	1.247209E+11	-5.020566E-2	-4.109568E-2	-1.504460E-2	-9.109975E-3	-3.960287E-2	-1.498545E+10	-1.504802E+10	1.273436E+6	6.257163E+7	-1.240922E+11
2.850030E+2	1.423229E+0	1.389402E+10	1.408761E+0	5.710861E+8	1.431719E+0	1.397975E+10	1.410742E+0	5.653304E+8	1.413734E+0	9.657949E+10	1.425476E+0	9.793897E+10	1.415983E+0	1.105592E+11	1.425196E+0	1.118330E+11	-1.446824E-2	-2.097764E-2	-1.980760E-3	6.509398E-3	-1.643506E-2	-1.332293E+10	-1.341442E+10	5.755683E+6	9.148617E+7	-1.112619E+11
2.851080E+2	1.337187E+0	1.309735E+10	1.274985E+0	5.197106E+8	1.322553E+0	1.296944E+10	1.376238E+0	5.521926E+8	1.330740E+0	9.120455E+10	1.337153E+0	9.218505E+10	1.329716E+0	1.041740E+11	1.337157E+0	1.052824E+11	-6.220166E-2	5.368499E-2	-1.012526E-1	-1.158866E-1	-6.217202E-2	-1.257764E+10	-1.241724E+10	-3.248196E+7	-1.603983E+8	-1.047627E+11
2.852010E+2	1.271995E+0	1.249375E+10	1.284256E+0	5.232709E+8	1.280442E+0	1.257971E+10	1.268514E+0	5.111755E+8	1.284744E+0	8.822575E+10	1.279394E+0	8.842229E+10	1.284206E+0	1.008055E+11	1.278474E+0	1.009160E+11	1.226029E-2	-1.192771E-2	1.574132E-2	2.418800E-2	5.781892E-3	-1.197048E+10	-1.206854E+10	1.209535E+7	9.805962E+7	-1.003928E+11
2.853000E+2	9.588256E-1	9.594123E+9	9.065208E-1	3.782050E+8	9.527653E-1	9.547146E+9	9.944138E-1	4.068083E+8	9.624534E-1	6.735324E+10	9.548183E-1	6.727727E+10	9.612421E-1	7.690038E+10	9.553170E-1	7.687139E+10	-5.230478E-2	4.164849E-2	-8.789299E-2	-9.395327E-2	-4.879618E-2	-9.215918E+9	-9.140338E+9	-2.860326E+7	-7.558001E+7	-7.649319E+10
2.854130E+2	6.992473E-1	7.190699E+9	6.634782E-1	2.848666E+8	6.981803E-1	7.191026E+9	7.576548E-1	3.166593E+8	7.085349E-1	5.090873E+10	7.051849E-1	5.101451E+10	7.072402E-1	5.809975E+10	7.044460E-1	5.820520E+10	-3.576903E-2	5.947444E-2	-9.417652E-2	-9.524347E-2	-4.096775E-2	-6.905832E+9	-6.874367E+9	-3.179270E+7	-3.146548E+7	-5.792034E+10
2.855050E+2	5.256990E-1	5.583823E+9	5.542805E-1	2.429302E+8	5.323356E-1	5.656175E+9	4.907232E-1	2.150218E+8	5.301956E-1	3.935894E+10	5.292836E-1	3.955514E+10	5.304632E-1	4.501512E+10	5.288375E-1	4.513897E+10	2.858147E-2	-4.161246E-2	6.355731E-2	7.019393E-2	2.544295E-2	-5.340893E+9	-5.441153E+9	2.790840E+7	1.002602E+8	-4.489604E+10
2.856030E+2	3.671482E-1	4.115808E+9	3.612293E-1	1.687905E+8	3.546790E-1	4.012007E+9	3.759720E-1	1.713288E+8	3.631789E-1	2.854245E+10	3.577281E-1	2.837889E+10	3.621162E-1	3.255446E+10	3.589003E-1	3.249470E+10	-5.918968E-3	2.129292E-2	-1.474271E-2	-2.721189E-2	2.328932E-3	-3.947017E+9	-3.840678E+9	-2.538311E+6	-1.063390E+8	-3.232591E+10
2.858030E+2	4.578104E-1	4.955245E+9	4.562458E-1	2.052807E+8	4.724691E-1	5.102125E+9	4.568700E-1	2.021317E+8	4.653578E-1	3.515986E+10	4.648196E-1	3.535553E+10	4.662470E-1	4.026198E+10	4.639474E-1	4.031078E+10	-1.564658E-3	-1.559915E-2	-6.242357E-4	1.403449E-2	-7.701615E-3	-4.749964E+9	-4.899993E+9	3.149024E+6	1.500290E+8	-4.010550E+10
2.860040E+2	8.265925E-1	8.369783E+9	8.272568E-1	3.477644E+8	8.264956E-1	8.378552E+9	8.442731E-1	3.496404E+8	8.279546E-1	5.864270E+10	8.208021E-1	5.854657E+10	8.277722E-1	6.702125E+10	8.215226E-1	6.691635E+10	6.642678E-4	1.777753E-2	-1.701634E-2	-1.711326E-2	5.734161E-3	-8.022019E+9	-8.028912E+9	-1.875978E+6	6.892879E+6	-6.656859E+10
2.862020E+2	1.224528E+0	1.205425E+10	1.194491E+0	4.887975E+8	1.231857E+0	1.213007E+10	1.274742E+0	5.135468E+8	1.205457E+0	8.309088E+10	1.223250E+0	8.476466E+10	1.208758E+0	9.522095E+10	1.223409E+0	9.681891E+10	-3.003735E-2	4.288507E-2	-8.025107E-2	-7.292242E-2	-2.891805E-2	-1.156546E+10	-1.161652E+10	-2.474929E+7	5.106757E+7	-9.633012E+10
2.864060E+2	1.093384E+0	1.084000E+10	1.106710E+0	4.550859E+8	1.093695E+0	1.085141E+10	1.148589E+0	4.655123E+8	1.088233E+0	7.549912E+10	1.092710E+0	7.626042E+10	1.088916E+0	8.635053E+10	1.092794E+0	8.710042E+10	1.332519E-2	5.489397E-2	-4.187900E-2	-4.156878E-2	1.391592E-2	-1.038491E+10	-1.038590E+10	-1.042646E+7	9.882111E+5	-8.664533E+10
2.866050E+2	1.426019E+0	1.391985E+10	1.371965E+0	5.569549E+8	1.426034E+0	1.392713E+10	1.433457E+0	5.739797E+8	1.414684E+0	9.664103E+10	1.406871E+0	9.672695E+10	1.416103E+0	1.105682E+11	1.409254E+0	1.106468E+11	-5.405450E-2	7.423164E-3	-6.149264E-2	-6.147767E-2	-3.728902E-2	-1.336290E+10	-1.335315E+10	-1.702487E+7	-9.741805E+6	-1.100898E+11
2.868020E+2	1.826962E+0	1.763216E+10	1.855903E+0	7.428072E+8	1.821402E+0	1.758617E+10	1.853231E+0	7.338140E+8	1.798941E+0	1.215267E+11	1.820574E+0	1.236783E+11	1.801750E+0	1.391128E+11	1.821369E+0	1.413104E+11	2.894091E-2	3.182896E-2	2.671507E-3	-2.888046E-3	3.453423E-2	-1.688935E+10	-1.685235E+10	8.993213E+6	-3.700114E+7	-1.405676E+11
2.870010E+2	1.556019E+0	1.512351E+10	1.438552E+0	5.825272E+8	1.564844E+0	1.521178E+10	1.596071E+0	6.358970E+8	1.538178E+0	1.046389E+11	1.552612E+0	1.062215E+11	1.541512E+0	1.198506E+11	1.553036E+0	1.213450E+11	-1.174666E-1	3.122708E-2	-1.575191E-1	-1.486937E-1	-1.144835E-1	-1.454098E+10	-1.457589E+10	-5.336981E+7	3.490467E+7	-1.207624E+11
2.872050E+2	1.202809E+0	1.185315E+10	1.237077E+0	5.051524E+8	1.169350E+0	1.155158E+10	1.167824E+0	4.728363E+8	1.190835E+0	8.214389E+10	1.192864E+0	8.278514E+10	1.188148E+0	9.369547E+10	1.194102E+0	9.463829E+10	3.426851E-2	-1.526250E-3	6.925357E-2	3.579476E-2	4.297555E-2	-1.134800E+10	-1.107875E+10	3.231612E+7	-2.692535E+8	-9.413314E+10
2.874030E+2	8.248200E-1	8.353372E+9	8.641196E-1	3.619212E+8	8.291623E-1	8.403231E+9	8.346794E-1	3.459874E+8	8.289555E-1	5.870752E+10	8.268768E-1	5.894231E+10	8.289813E-1	6.711075E+10	8.266208E-1	6.729569E+10	3.929963E-2	5.517171E-3	2.944021E-2	3.378246E-2	3.749882E-2	-7.991450E+9	-8.057244E+9	1.593381E+7	6.579351E+7	-6.693377E+10
2.876020E+2	6.584670E-1	6.813116E+9	6.038930E-1	2.619834E+8	6.544930E-1	6.786710E+9	6.409828E-1	2.722350E+8	6.586926E-1	4.768079E+10	6.595502E-1	4.804156E+10	6.581675E-1	5.446750E+10	6.594154E-1	5.485468E+10	-5.457405E-2	-1.351020E-2	-3.708979E-2	-4.106385E-2	-5.552242E-2	-6.551133E+9	-6.514475E+9	-1.025158E+7	-3.665748E+7	-5.459270E+10
2.878020E+2	6.561551E-1	6.791711E+9	6.065663E-1	2.630101E+8	6.517091E-1	6.760947E+9	6.437248E-1	2.732791E+8	6.536964E-1	4.735722E+10	6.479059E-1	4.728298E+10	6.534479E-1	5.411816E+10	6.489324E-1	5.407469E+10	-4.958883E-2	-7.984306E-3	-3.715854E-2	-4.160452E-2	-4.236613E-2	-6.528700E+9	-6.487668E+9	-1.026899E+7	-4.103268E+7	-5.381168E+10
2.880040E+2	6.526794E-1	6.759529E+9	6.270102E-1	2.708614E+8	6.506346E-1	6.751002E+9	6.208661E-1	2.645753E+8	6.483395E-1	4.701029E+10	6.495341E-1	4.738905E+10	6.486265E-1	5.376130E+10	6.499255E-1	5.414858E+10	-2.566923E-2	-2.976849E-2	6.144059E-3	4.099256E-3	-2.291537E-2	-6.488667E+9	-6.486427E+9	6.286052E+6	-2.240668E+6	-5.387772E+10
2.882080E+2	7.205788E-1	7.388206E+9	6.626103E-1	2.845333E+8	7.090323E-1	7.291459E+9	6.913246E-1	2.914033E+8	7.187304E-1	5.156901E+10	7.205495E-1	5.201546E+10	7.175178E-1	5.886047E+10	7.205532E-1	5.940367E+10	-5.796845E-2	-1.770772E-2	-2.871427E-2	-4.026073E-2	-5.794285E-2	-7.103673E+9	-7.000055E+9	-6.869968E+6	-1.036178E+8	-5.911913E+10
2.884070E+2	1.007550E+0	1.004526E+10	9.965332E-1	4.127736E+8	1.005209E+0	1.003250E+10	9.617656E-1	3.943771E+8	1.015075E+0	7.076116E+10	1.003689E+0	7.046101E+10	1.013841E+0	8.079365E+10	1.004169E+0	8.050626E+10	-1.101651E-2	-4.344289E-2	3.476757E-2	3.242638E-2	-7.635950E-3	-9.632485E+9	-9.638119E+9	1.839643E+7	5.633998E+6	-8.009349E+10
2.886010E+2	1.461071E+0	1.424440E+10	1.506267E+0	6.085326E+8	1.436216E+0	1.402136E+10	1.404416E+0	5.629220E+8	1.435873E+0	9.801332E+10	1.436123E+0	9.863259E+10	1.435916E+0	1.120347E+11	1.439227E+0	1.128770E+11	4.519579E-2	-3.179941E-2	1.018509E-1	7.699520E-2	6.704001E-2	-1.363586E+10	-1.345844E+10	4.561060E+7	-1.774254E+8	-1.122685E+11
2.887970E+2	1.484771E+0	1.446383E+10	1.371454E+0	5.567586E+8	1.507195E+0	1.467826E+10	1.485105E+0	5.936453E+8	1.481790E+0	1.009870E+11	1.511429E+0	1.035385E+11	1.484966E+0	1.156653E+11	1.508111E+0	1.180024E+11	-1.133170E-1	-2.208984E-2	-1.136516E-1	-9.122717E-2	-1.366577E-1	-1.390707E+10	-1.408461E+10	-3.688673E+7	1.775433E+8	-1.174456E+11
2.890110E+2	1.373038E+0	1.342930E+10	1.377145E+0	5.589441E+8	1.366073E+0	1.337221E+10	1.319509E+0	5.305923E+8	1.358420E+0	9.299721E+10	1.360721E+0	9.372046E+10	1.359377E+0	1.063694E+11	1.362254E+0	1.071498E+11	4.106207E-3	-4.656468E-2	5.763592E-2	5.067089E-2	1.489040E-2	-1.287036E+10	-1.284162E+10	2.835182E+7	-2.874043E+7	-1.065908E+11
2.892050E+2	1.109005E+0	1.098463E+10	1.023636E+0	4.231823E+8	1.091035E+0	1.082680E+10	1.168172E+0	4.729689E+8	1.087541E+0	7.545430E+10	1.089263E+0	7.603587E+10	1.087978E+0	8.628110E+10	1.091720E+0	8.702050E+10	-8.536911E-2	7.713713E-2	-1.445355E-1	-1.625062E-1	-6.808332E-2	-1.056145E+10	-1.035383E+10	-4.978661E+7	-2.076235E+8	-8.659732E+10
2.894050E+2	8.467745E-1	8.556648E+9	8.378207E-1	3.518214E+8	8.549710E-1	8.642085E+9	8.730238E-1	3.605876E+8	8.597925E-1	6.070461E+10	8.577845E-1	6.095585E+10	8.591896E-1	6.934670E+10	8.564144E-1	6.951250E+10	-8.953859E-3	1.805278E-2	-3.520315E-2	-2.700664E-2	-1.859375E-2	-8.204826E+9	-8.281498E+9	-8.766201E+6	7.667145E+7	-6.916067E+10
2.896060E+2	8.035619E-1	8.156543E+9	7.718727E-1	3.264946E+8	8.008600E-1	8.141301E+9	8.268239E-1	3.429963E+8	7.976351E-1	5.667912E+10	7.994929E-1	5.715835E+10	7.980384E-1	6.482042E+10	7.999992E-1	6.531489E+10	-3.168918E-2	2.596385E-2	-5.495122E-2	-5.765303E-2	-2.812652E-2	-7.830049E+9	-7.798305E+9	-1.650176E+7	-3.174366E+7	-6.498840E+10
2.898050E+2	7.590737E-1	7.744629E+9	7.543399E-1	3.197613E+8	7.683882E-1	7.840782E+9	7.064851E-1	2.971758E+8	7.579562E-1	5.410940E+10	7.532450E-1	5.414546E+10	7.592606E-1	6.195018E+10	7.539703E-1	6.189009E+10	-4.733725E-3	-6.190305E-2	4.785483E-2	5.716933E-2	3.696156E-4	-7.424868E+9	-7.543606E+9	2.258545E+7	1.187387E+8	-6.157033E+10
2.900050E+2	7.542249E-1	7.699734E+9	7.968245E-1	3.360771E+8	7.424463E-1	7.600696E+9	7.550629E-1	3.156724E+8	7.500284E-1	5.359597E+10	7.483740E-1	5.382813E+10	7.490804E-1	6.119666E+10	7.491021E-1	6.152786E+10	4.259967E-2	1.261664E-2	4.176163E-2	2.998303E-2	4.772246E-2	-7.363657E+9	-7.285024E+9	2.040469E+7	-7.863305E+7	-6.119179E+10
2.905120E+2	9.167917E-1	9.204933E+9	9.048265E-1	3.775544E+8	9.279077E-1	9.317096E+9	9.658743E-1	3.959415E+8	9.291401E-1	6.519577E+10	9.317450E-1	6.577412E+10	9.289860E-1	7.451287E+10	9.298842E-1	7.497906E+10	-1.196512E-2	3.796662E-2	-6.104777E-2	-4.993174E-2	-2.505770E-2	-8.827379E+9	-8.921154E+9	-1.838716E+7	9.377537E+7	-7.460150E+10
2.910040E+2	1.204879E+0	1.187233E+10	1.177393E+0	4.822311E+8	1.218590E+0	1.200729E+10	1.189229E+0	4.809866E+8	1.212822E+0	8.356787E+10	1.212586E+0	8.406994E+10	1.213543E+0	9.557516E+10	1.211627E+0	9.594226E+10	-2.748669E-2	-2.936162E-2	-1.183597E-2	1.874930E-3	-3.423404E-2	-1.139010E+10	-1.152631E+10	1.244562E+6	1.362102E+8	-9.546003E+10
2.915060E+2	1.443104E+0	1.407803E+10	1.436770E+0	5.818428E+8	1.415033E+0	1.382532E+10	1.373320E+0	5.510818E+8	1.421043E+0	9.705286E+10	1.429772E+0	9.821886E+10	1.420292E+0	1.108782E+11	1.431431E+0	1.122969E+11	-6.333766E-3	-4.171222E-2	6.344956E-2	3.537846E-2	5.339100E-3	-1.349619E+10	-1.327423E+10	3.076094E+7	-2.219576E+8	-1.117151E+11
2.920050E+2	1.322119E+0	1.295785E+10	1.339759E+0	5.445864E+8	1.332258E+0	1.305926E+10	1.316179E+0	5.293246E+8	1.331084E+0	9.122686E+10	1.336468E+0	9.214047E+10	1.331231E+0	1.042861E+11	1.334683E+0	1.050983E+11	1.763937E-2	-1.607896E-2	2.357952E-2	3.371832E-2	5.075858E-3	-1.241326E+10	-1.252993E+10	1.526183E+7	1.166754E+8	-1.045537E+11
2.924990E+2	1.183161E+0	1.167124E+10	1.190350E+0	4.872074E+8	1.170160E+0	1.155908E+10	1.252253E+0	5.049838E+8	1.182515E+0	8.160506E+10	1.179957E+0	8.194430E+10	1.180970E+0	9.316414E+10	1.180356E+0	9.361554E+10	7.189230E-3	8.209254E-2	-6.190235E-2	-7.490331E-2	9.994487E-3	-1.118403E+10	-1.105410E+10	-1.777636E+7	-1.299310E+8	-9.312833E+10
2.930130E+2	1.020592E+0	1.016602E+10	9.269099E-1	3.860353E+8	1.031611E+0	1.027684E+10	1.008114E+0	4.120248E+8	1.025797E+0	7.145554E+10	1.026807E+0	7.196710E+10	1.026524E+0	8.173238E+10	1.026034E+0	8.213311E+10	-9.368195E-2	-2.349678E-2	-8.120390E-2	-7.018517E-2	-9.912386E-2	-9.779980E+9	-9.864816E+9	-2.598945E+7	8.483593E+7	-8.174708E+10
2.935030E+2	1.100752E+0	1.090821E+10	1.091168E+0	4.491174E+8	1.081112E+0	1.073496E+10	1.107126E+0	4.497248E+8	1.084226E+0	7.523958E+10	1.080774E+0	7.548284E+10	1.083836E+0	8.597454E+10	1.083260E+0	8.639105E+10	-9.583179E-3	2.601384E-2	-1.595726E-2	-3.559702E-2	7.908521E-3	-1.045909E+10	-1.028524E+10	-6.073914E+5	-1.738558E+8	-8.594194E+10
2.940070E+2	1.014974E+0	1.011400E+10	1.033658E+0	4.270311E+8	1.025993E+0	1.022485E+10	1.043044E+0	4.253247E+8	1.016200E+0	7.083400E+10	1.019633E+0	7.149974E+10	1.017424E+0	8.105885E+10	1.019053E+0	8.161374E+10	1.868417E-2	1.705050E-2	-9.385325E-3	1.633678E-3	1.460477E-2	-9.686969E+9	-9.799527E+9	1.706389E+6	1.125580E+8	-8.118671E+10
2.945060E+2	9.882436E-1	9.866503E+9	9.009598E-1	3.760694E+8	9.927640E-1	9.917325E+9	9.121726E-1	3.754940E+8	9.903741E-1	6.916147E+10	9.904396E-1	6.959788E+10	9.906729E-1	7.907879E+10	9.901664E-1	7.946438E+10	-8.728373E-2	-8.059140E-2	-1.121280E-2	-6.692337E-3	-8.920653E-2	-9.490434E+9	-9.541831E+9	5.754522E+5	5.139716E+7	-7.908831E+10
2.950050E+2	1.142900E+0	1.129846E+10	1.205382E+0	4.929800E+8	1.156677E+0	1.143430E+10	1.124328E+0	4.562749E+8	1.149252E+0	7.945088E+10	1.148753E+0	7.991145E+10	1.150181E+0	9.088518E+10	1.148025E+0	9.120990E+10	6.248188E-2	-3.234857E-2	8.105340E-2	9.483045E-2	5.735696E-2	-1.080548E+10	-1.097802E+10	3.670513E+7	1.725437E+8	-9.071692E+10
2.955070E+2	1.429377E+0	1.395094E+10	1.428229E+0	5.785628E+8	1.419860E+0	1.387000E+10	1.364747E+0	5.478173E+8	1.422038E+0	9.711730E+10	1.421554E+0	9.768350E+10	1.421766E+0	1.109873E+11	1.422528E+0	1.116344E+11	-1.147878E-3	-5.511369E-2	6.348256E-2	5.396581E-2	5.701839E-3	-1.337238E+10	-1.332218E+10	3.074551E+7	-5.019932E+7	-1.110559E+11
2.960050E+2	1.488699E+0	1.450020E+10	1.444734E+0	5.849013E+8	1.494570E+0	1.456142E+10	1.505413E+0	6.013778E+8	1.482081E+0	1.010059E+11	1.486725E+0	1.019292E+11	1.483643E+0	1.155673E+11	1.486971E+0	1.164294E+11	-4.396477E-2	1.084288E-2	-6.067895E-2	-5.480765E-2	-4.223665E-2	-1.391530E+10	-1.396004E+10	-1.647644E+7	4.474175E+7	-1.158445E+11
2.965070E+2	1.377448E+0	1.347013E+10	1.366488E+0	5.548514E+8	1.381944E+0	1.351909E+10	1.439995E+0	5.764689E+8	1.376361E+0	9.415911E+10	1.376163E+0	9.472641E+10	1.377059E+0	1.076782E+11	1.376323E+0	1.081965E+11	-1.096062E-2	5.805081E-2	-7.350719E-2	-6.901144E-2	-9.835022E-3	-1.291528E+10	-1.294262E+10	-2.161752E+7	2.733833E+7	-1.076417E+11
2.970040E+2	1.257624E+0	1.236069E+10	1.315853E+0	5.354055E+8	1.260064E+0	1.239112E+10	1.239575E+0	5.001565E+8	1.265502E+0	8.697954E+10	1.262947E+0	8.735077E+10	1.264822E+0	9.937066E+10	1.262284E+0	9.971146E+10	5.822864E-2	-2.048879E-2	7.627791E-2	7.871743E-2	5.356843E-2	-1.182528E+10	-1.189096E+10	3.524903E+7	6.567896E+7	-9.917605E+10
2.975020E+2	1.010962E+0	1.007685E+10	9.770910E-1	4.053069E+8	1.010207E+0	1.007876E+10	1.001357E+0	4.094522E+8	1.003101E+0	6.998573E+10	1.006900E+0	7.067021E+10	1.003990E+0	8.006448E+10	1.007405E+0	8.074706E+10	-3.387096E-2	-8.849725E-3	-2.426636E-2	-2.502124E-2	-3.031438E-2	-9.671545E+9	-9.669304E+9	-4.145230E+6	-2.241077E+6	-8.034175E+10
2.980040E+2	1.051872E+0	1.045563E+10	1.066786E+0	4.397536E+8	1.038302E+0	1.033876E+10	1.051233E+0	4.284430E+8	1.048481E+0	7.292464E+10	1.045950E+0	7.321419E+10	1.047208E+0	8.326340E+10	1.046687E+0	8.366982E+10	1.491431E-2	1.293140E-2	1.555294E-2	1.982912E-3	2.009909E-2	-1.001588E+10	-9.910322E+9	1.131057E+7	-1.055584E+8	-8.323007E+10
2.985020E+2	1.049984E+0	1.043815E+10	1.031663E+0	4.262650E+8	1.061806E+0	1.055629E+10	1.097374E+0	4.460118E+8	1.063642E+0	7.390650E+10	1.060447E+0	7.415863E+10	1.063412E+0	8.446279E+10	1.059145E+0	8.459679E+10	-1.832022E-2	3.556818E-2	-6.571083E-2	-5.388840E-2	-2.748179E-2	-1.001189E+10	-1.011028E+10	-1.974680E+7	9.839303E+7	-8.417052E+10
2.990020E+2	1.086676E+0	1.077788E+10	1.148719E+0	4.712192E+8	1.076397E+0	1.069133E+10	1.057184E+0	4.307088E+8	1.080040E+0	7.496847E+10	1.074974E+0	7.510500E+10	1.079584E+0	8.565980E+10	1.076430E+0	8.588288E+10	6.204323E-2	-1.921326E-2	9.153531E-2	8.125649E-2	7.228888E-2	-1.030666E+10	-1.026062E+10	4.051047E+7	-4.604564E+7	-8.541167E+10
2.995040E+2	9.854297E-1	9.840450E+9	9.954762E-1	4.123676E+8	1.002010E+0	1.000290E+10	9.587305E-1	3.932214E+8	9.894726E-1	6.910308E+10	9.938492E-1	6.982000E+10	9.910403E-1	7.910598E+10	9.928015E-1	7.966045E+10	1.004641E-2	-4.327984E-2	3.674571E-2	5.332625E-2	2.674654E-3	-9.428083E+9	-9.609675E+9	1.914617E+7	1.815927E+8	-7.924808E+10
3.000060E+2	8.150770E-1	8.263162E+9	7.802643E-1	3.297173E+8	8.112778E-1	8.237715E+9	8.341211E-1	3.457748E+8	8.152634E-1	5.782078E+10	8.178795E-1	5.835617E+10	8.147651E-1	6.605850E+10	8.175307E-1	6.661933E+10	-3.481276E-2	2.284325E-2	-5.385677E-2	-5.765601E-2	-3.726645E-2	-7.933445E+9	-7.891940E+9	-1.605752E+7	-4.150422E+7	-6.628962E+10
