Photon Energy (eV)	X ref norm	X ref	X pump norm	X pump	Y ref norm	Y ref	Y pump norm	Y pump	X all norm	X all	Y all norm	Y all	X all Y ref norm	X all Y ref	Y all X ref norm	Y all X ref	BC(X hist) norm	BC(Y hist) norm	StS norm	BCSC norm	BCLR norm	BC(X hist)	BC(Y hist)	StS	BCSC	BCLR	
2.790040E+2	-4.938166E-3	6.706756E+8	-9.351565E-3	2.799052E+7	7.874568E-4	7.368284E+8	7.338142E-3	3.244356E+7	-5.688559E-3	4.653497E+9	-2.417321E-3	4.916651E+9	-4.878835E-3	5.390326E+9	-2.731012E-3	5.587327E+9	-4.413399E-3	6.550685E-3	-1.668971E-2	-1.096408E-2	-6.620552E-3	-6.426850E+8	-7.043848E+8	-4.453035E+6	6.169980E+7	-5.559336E+9
2.795020E+2	-2.104517E-3	6.969122E+8	-1.086881E-2	2.740761E+7	-5.349768E-3	6.800299E+8	-7.532614E-4	2.931977E+7	-2.416781E-3	4.865387E+9	-2.546745E-3	4.908220E+9	-2.783505E-3	5.545417E+9	-2.491714E-3	5.605132E+9	-8.764290E-3	4.596507E-3	-1.011555E-2	-1.336080E-2	-8.377093E-3	-6.695046E+8	-6.507101E+8	-1.912164E+6	-1.879446E+7	-5.577724E+9
2.799980E+2	-4.464479E-3	6.750614E+8	-2.248197E-2	2.294590E+7	-4.794437E-3	6.851694E+8	2.548693E-3	3.059453E+7	-4.358773E-3	4.739618E+9	-6.112281E-3	4.675937E+9	-4.413246E-3	5.424787E+9	-5.907230E-3	5.350999E+9	-1.801749E-2	7.343130E-3	-2.503066E-2	-2.536062E-2	-1.657474E-2	-6.521155E+8	-6.545748E+8	-7.648630E+6	2.459309E+6	-5.328053E+9
2.805030E+2	-4.216304E-3	6.773593E+8	3.130572E-3	3.278608E+7	-9.991118E-4	7.202942E+8	-6.473153E-3	2.711154E+7	-1.242250E-3	4.941453E+9	-1.078523E-3	5.003869E+9	-1.211849E-3	5.661747E+9	-1.468986E-3	5.681229E+9	7.346876E-3	-5.474041E-3	9.603725E-3	1.282092E-2	4.599558E-3	-6.445732E+8	-6.931826E+8	5.674547E+6	4.860944E+7	-5.648443E+9
2.810040E+2	-4.192527E-3	6.775794E+8	-5.377618E-6	3.158127E+7	-4.220940E-3	6.904769E+8	-9.620123E-3	2.589661E+7	-1.955156E-3	4.895283E+9	-1.194750E-3	4.996298E+9	-2.238457E-3	5.585760E+9	-1.567790E-3	5.673877E+9	4.187149E-3	-5.399183E-3	9.614746E-3	9.586332E-3	1.562413E-3	-6.459981E+8	-6.645803E+8	5.684661E+6	1.858218E+7	-5.642296E+9
2.815070E+2	1.693007E-4	7.179654E+8	3.265144E-3	3.283779E+7	-2.901397E-3	7.026890E+8	-3.090840E-3	2.841732E+7	-2.671896E-4	5.004601E+9	-9.529618E-4	5.012049E+9	-5.965558E-4	5.707290E+9	-8.133085E-4	5.730015E+9	3.095843E-3	-1.894429E-4	6.355984E-3	3.285286E-3	4.078452E-3	-6.851276E+8	-6.742717E+8	4.420465E+6	-1.085595E+7	-5.697177E+9
2.820030E+2	7.406118E-3	7.849708E+8	8.974860E-3	3.503142E+7	8.503979E-3	8.082429E+8	-1.400569E-2	2.420351E+7	6.624734E-3	5.450942E+9	6.620261E-3	5.505419E+9	6.859704E-3	6.259185E+9	6.718053E-3	6.290390E+9	1.568741E-3	-2.250967E-2	2.298055E-2	2.407841E-2	2.256807E-3	-7.499394E+8	-7.840394E+8	1.082792E+7	3.410003E+7	-6.255358E+9
2.825060E+2	1.234057E-2	8.306587E+8	2.733714E-2	4.208610E+7	8.974219E-3	8.125949E+8	2.405623E-2	3.889778E+7	9.303973E-3	5.624458E+9	7.682320E-3	5.574608E+9	9.262743E-3	6.437053E+9	8.261989E-3	6.405267E+9	1.499657E-2	1.508202E-2	3.280908E-3	-8.544765E-5	1.907515E-2	-7.885726E+8	-7.736971E+8	3.188316E+6	-1.487553E+7	-6.363181E+9
2.830030E+2	6.474906E-3	7.763487E+8	9.120477E-3	3.508737E+7	1.124490E-2	8.336094E+8	7.454026E-3	3.248830E+7	6.882859E-3	5.467659E+9	8.187504E-3	5.607519E+9	7.428264E-3	6.301269E+9	7.974390E-3	6.383868E+9	2.645571E-3	-3.790875E-3	1.666451E-3	6.436446E-3	1.146087E-3	-7.412614E+8	-8.011212E+8	2.599072E+6	5.985980E+7	-6.348781E+9
2.835020E+2	1.733030E-2	8.768583E+8	1.111542E-2	3.585382E+7	1.594243E-2	8.770839E+8	1.101214E-2	3.386195E+7	1.765908E-2	6.165559E+9	1.822035E-2	6.261125E+9	1.744444E-2	7.042643E+9	1.810959E-2	7.137983E+9	-6.214876E-3	-4.930296E-3	1.032870E-4	-1.284579E-3	-6.994168E-3	-8.410045E+8	-8.432220E+8	1.991866E+6	2.217455E+6	-7.102129E+9
2.840030E+2	5.964668E-2	1.268664E+9	7.258649E-2	5.947062E+7	5.813435E-2	1.267560E+9	3.307962E-2	4.238137E+7	5.626107E-2	8.665539E+9	5.382365E-2	8.580558E+9	5.649529E-2	9.933098E+9	5.454826E-2	9.849222E+9	1.293981E-2	-2.505473E-2	3.950687E-2	3.799454E-2	1.803823E-2	-1.209193E+9	-1.225178E+9	1.708925E+7	1.598496E+7	-9.789751E+9
2.841010E+2	5.877232E-2	1.260568E+9	4.877211E-2	5.032128E+7	5.159450E-2	1.207035E+9	8.221482E-2	6.135063E+7	6.032099E-2	8.928471E+9	5.967239E-2	8.961583E+9	5.922988E-2	1.013551E+10	5.956038E-2	1.022215E+10	-1.000021E-2	3.062032E-2	-3.344272E-2	-4.062053E-2	-1.078827E-2	-1.210247E+9	-1.145684E+9	-1.102934E+7	-6.456261E+7	-1.017183E+10
2.842010E+2	9.430183E-2	1.589534E+9	9.158963E-2	6.677151E+7	9.047445E-2	1.566859E+9	9.625639E-2	6.677155E+7	9.963982E-2	1.147488E+10	9.913364E-2	1.153235E+10	9.849384E-2	1.304173E+10	9.853238E-2	1.312188E+10	-2.712199E-3	5.781944E-3	-4.666767E-3	-8.494142E-3	-6.942748E-3	-1.522763E+9	-1.500088E+9	-3.394218E+1	-2.267527E+7	-1.305511E+10
2.843010E+2	1.316696E-1	1.935521E+9	1.269105E-1	8.034157E+7	1.343137E-1	1.972581E+9	1.133102E-1	7.335539E+7	1.382815E-1	1.397742E+10	1.369483E-1	1.399584E+10	1.377854E-1	1.595000E+10	1.362914E-1	1.593136E+10	-4.759105E-3	-2.100348E-2	1.360024E-2	1.624437E-2	-9.380923E-3	-1.855179E+9	-1.899225E+9	6.986174E+6	4.404596E+7	-1.585102E+10
2.844040E+2	1.765092E-1	2.350689E+9	1.715280E-1	9.748334E+7	1.712734E-1	2.314633E+9	2.142328E-1	1.123178E+8	1.831950E-1	1.688615E+10	1.799194E-1	1.679526E+10	1.817044E-1	1.920079E+10	1.794950E-1	1.914595E+10	-4.981226E-3	4.295938E-2	-4.270479E-2	-4.794061E-2	-7.967039E-3	-2.253206E+9	-2.202315E+9	-1.483444E+7	-5.089028E+7	-1.904847E+10
2.845030E+2	2.417596E-1	2.954840E+9	2.641286E-1	1.330599E+8	2.501247E-1	3.044382E+9	2.642541E-1	1.316292E+8	2.572279E-1	2.168075E+10	2.520768E-1	2.149607E+10	2.563398E-1	2.472513E+10	2.507929E-1	2.445091E+10	2.236903E-2	1.412946E-2	-1.255276E-4	8.239575E-3	1.333570E-2	-2.821780E+9	-2.912753E+9	1.430787E+6	9.097364E+7	-2.431785E+10
2.846010E+2	3.756826E-1	4.194827E+9	3.605303E-1	1.700969E+8	3.696624E-1	4.150674E+9	3.489602E-1	1.643310E+8	3.977858E-1	3.078369E+10	3.727969E-1	2.936057E+10	3.942694E-1	3.493437E+10	3.731560E-1	3.355540E+10	-1.515226E-2	-2.070217E-2	1.157009E-2	5.549916E-3	-1.262569E-2	-4.024730E+9	-3.986343E+9	5.765904E+6	-3.838675E+7	-3.338530E+10
2.847030E+2	7.232246E-1	7.412704E+9	7.399247E-1	3.158579E+8	7.386168E-1	7.565255E+9	7.096976E-1	3.035981E+8	7.576177E-1	5.408747E+10	7.314479E-1	5.272545E+10	7.552420E-1	6.165273E+10	7.304246E-1	6.013816E+10	1.670013E-2	-2.891921E-2	3.022717E-2	4.561933E-2	9.500101E-3	-7.096846E+9	-7.261657E+9	1.225982E+7	1.648111E+8	-5.982230E+10
2.848030E+2	1.392844E+0	1.361268E+10	1.435212E+0	5.829830E+8	1.419786E+0	1.386931E+10	1.452134E+0	5.902249E+8	1.417069E+0	9.679548E+10	1.405244E+0	9.662097E+10	1.417409E+0	1.106648E+11	1.403701E+0	1.102337E+11	4.236746E-2	3.234825E-2	-1.692240E-2	1.001922E-2	3.151067E-2	-1.302970E+10	-1.327908E+10	-7.241960E+6	2.493800E+8	-1.096507E+11
2.849020E+2	1.609010E+0	1.561416E+10	1.637216E+0	6.605917E+8	1.614945E+0	1.567546E+10	1.653144E+0	6.678271E+8	1.579463E+0	1.073126E+11	1.596901E+0	1.091067E+11	1.583900E+0	1.229881E+11	1.598408E+0	1.247209E+11	2.820533E-2	3.819846E-2	-1.592775E-2	-9.993127E-3	3.880812E-2	-1.495357E+10	-1.500763E+10	-7.235398E+6	5.406279E+7	-1.240603E+11
2.850030E+2	1.423229E+0	1.389402E+10	1.530199E+0	6.194763E+8	1.431719E+0	1.397975E+10	1.490235E+0	6.049341E+8	1.413734E+0	9.657949E+10	1.425476E+0	9.793897E+10	1.415983E+0	1.105592E+11	1.425196E+0	1.118330E+11	1.069693E-1	5.851529E-2	3.996386E-2	4.845402E-2	1.050025E-1	-1.327454E+10	-1.337481E+10	1.454221E+7	1.002727E+8	-1.112135E+11
2.851080E+2	1.337187E+0	1.309735E+10	1.379417E+0	5.615469E+8	1.322553E+0	1.296944E+10	1.374096E+0	5.600974E+8	1.330740E+0	9.120455E+10	1.337153E+0	9.218505E+10	1.329716E+0	1.041740E+11	1.337157E+0	1.052824E+11	4.223014E-2	5.154353E-2	5.320661E-3	-9.313390E-3	4.225977E-2	-1.253581E+10	-1.240934E+10	1.449498E+6	-1.264669E+8	-1.047209E+11
2.852010E+2	1.271995E+0	1.249375E+10	1.346002E+0	5.487092E+8	1.280442E+0	1.257971E+10	1.292097E+0	5.284407E+8	1.284744E+0	8.822575E+10	1.279394E+0	8.842229E+10	1.284206E+0	1.008055E+11	1.278474E+0	1.009160E+11	7.400686E-2	1.165537E-2	5.390481E-2	6.235149E-2	6.752847E-2	-1.194504E+10	-1.205127E+10	2.026844E+7	1.062327E+8	-1.003673E+11
2.853000E+2	9.588256E-1	9.594123E+9	9.804049E-1	4.082489E+8	9.527653E-1	9.547146E+9	9.438200E-1	3.939840E+8	9.624534E-1	6.735324E+10	9.548183E-1	6.727727E+10	9.612421E-1	7.690038E+10	9.553170E-1	7.687139E+10	2.157930E-2	-8.945243E-3	3.658482E-2	3.052454E-2	2.508790E-2	-9.185874E+9	-9.153162E+9	1.426495E+7	-3.271180E+7	-7.646314E+10
2.854130E+2	6.992473E-1	7.190699E+9	6.801613E-1	2.928972E+8	6.981803E-1	7.191026E+9	7.061739E-1	3.022377E+8	7.085349E-1	5.090873E+10	7.051849E-1	5.101451E+10	7.072402E-1	5.809975E+10	7.044460E-1	5.820520E+10	-1.908597E-2	7.993570E-3	-2.601259E-2	-2.707954E-2	-2.428469E-2	-6.897802E+9	-6.888788E+9	-9.340569E+6	-9.013345E+6	-5.791231E+10
2.855050E+2	5.256990E-1	5.583823E+9	5.282392E-1	2.345296E+8	5.323356E-1	5.656175E+9	5.049779E-1	2.245635E+8	5.301956E-1	3.935894E+10	5.292836E-1	3.955514E+10	5.304632E-1	4.501512E+10	5.288375E-1	4.513897E+10	2.540208E-3	-2.735777E-2	2.326136E-2	2.989798E-2	-5.983107E-4	-5.349293E+9	-5.431611E+9	9.966106E+6	8.231792E+7	-4.490444E+10
2.856030E+2	3.671482E-1	4.115808E+9	3.155386E-1	1.528114E+8	3.546790E-1	4.012007E+9	3.638664E-1	1.700857E+8	3.631789E-1	2.854245E+10	3.577281E-1	2.837889E+10	3.621162E-1	3.255446E+10	3.589003E-1	3.249470E+10	-5.160961E-2	9.187328E-3	-4.832776E-2	-6.079694E-2	-4.336171E-2	-3.962996E+9	-3.841921E+9	-1.727434E+7	-1.210750E+8	-3.234189E+10
2.858030E+2	4.578104E-1	4.955245E+9	4.823697E-1	2.169068E+8	4.724691E-1	5.102125E+9	4.134193E-1	1.892162E+8	4.653578E-1	3.515986E+10	4.648196E-1	3.535553E+10	4.662470E-1	4.026198E+10	4.639474E-1	4.031078E+10	2.455925E-2	-5.904984E-2	6.895037E-2	8.360910E-2	1.842230E-2	-4.738338E+9	-4.912909E+9	2.769062E+7	1.745706E+8	-4.009387E+10
2.860040E+2	8.265925E-1	8.369783E+9	8.275017E-1	3.495044E+8	8.264956E-1	8.378552E+9	8.167403E-1	3.449233E+8	8.279546E-1	5.864270E+10	8.208021E-1	5.854657E+10	8.277722E-1	6.702125E+10	8.215226E-1	6.691635E+10	9.091260E-4	-9.755316E-3	1.076137E-2	1.066444E-2	5.979019E-3	-8.020279E+9	-8.033629E+9	4.581174E+6	1.335003E+7	-6.656685E+10
2.862020E+2	1.224528E+0	1.205425E+10	1.162569E+0	4.782354E+8	1.231857E+0	1.213007E+10	1.267800E+0	5.190604E+8	1.205457E+0	8.309088E+10	1.223250E+0	8.476466E+10	1.208758E+0	9.522095E+10	1.223409E+0	9.681891E+10	-6.195874E-2	3.594312E-2	-1.052305E-1	-9.790186E-2	-6.083945E-2	-1.157602E+10	-1.161101E+10	-4.082498E+7	3.499187E+7	-9.634068E+10
2.864060E+2	1.093384E+0	1.084000E+10	1.044228E+0	4.327695E+8	1.093695E+0	1.085141E+10	1.072642E+0	4.437174E+8	1.088233E+0	7.549912E+10	1.092710E+0	7.626042E+10	1.088916E+0	8.635053E+10	1.092794E+0	8.710042E+10	-4.915620E-2	-2.105226E-2	-2.841416E-2	-2.810394E-2	-4.856547E-2	-1.040723E+10	-1.040770E+10	-1.094797E+7	4.667074E+5	-8.666765E+10
2.866050E+2	1.426019E+0	1.391985E+10	1.537729E+0	6.223693E+8	1.426034E+0	1.392713E+10	1.416227E+0	5.763624E+8	1.414684E+0	9.664103E+10	1.406871E+0	9.672695E+10	1.416103E+0	1.105682E+11	1.409254E+0	1.106468E+11	1.117092E-1	-9.807541E-3	1.215018E-1	1.215168E-1	1.284747E-1	-1.329748E+10	-1.335077E+10	4.600686E+7	5.328992E+7	-1.100244E+11
2.868020E+2	1.826962E+0	1.763216E+10	1.899462E+0	7.613450E+8	1.821402E+0	1.758617E+10	1.905255E+0	7.651577E+8	1.798941E+0	1.215267E+11	1.820574E+0	1.236783E+11	1.801750E+0	1.391128E+11	1.821369E+0	1.413104E+11	7.249977E-2	8.385229E-2	-5.792970E-3	-1.135252E-2	7.809309E-2	-1.687082E+10	-1.682101E+10	-3.812733E+6	-4.980708E+7	-1.405491E+11
2.870010E+2	1.556019E+0	1.512351E+10	1.585838E+0	6.408528E+8	1.564844E+0	1.521178E+10	1.579990E+0	6.395853E+8	1.538178E+0	1.046389E+11	1.552612E+0	1.062215E+11	1.541512E+0	1.198506E+11	1.553036E+0	1.213450E+11	2.981961E-2	1.514586E-2	5.848355E-3	1.467375E-2	3.280275E-2	-1.448266E+10	-1.457220E+10	1.267533E+6	8.954202E+7	-1.207041E+11
2.872050E+2	1.202809E+0	1.185315E+10	1.187727E+0	4.879009E+8	1.169350E+0	1.155158E+10	1.268940E+0	5.195006E+8	1.190835E+0	8.214389E+10	1.192864E+0	8.278514E+10	1.188148E+0	9.369547E+10	1.194102E+0	9.463829E+10	-1.508137E-2	9.959031E-2	-8.121288E-2	-1.146717E-1	-6.374334E-3	-1.136525E+10	-1.103208E+10	-3.159968E+7	-3.331693E+8	-9.415039E+10
2.874030E+2	8.248200E-1	8.353372E+9	8.289018E-1	3.500423E+8	8.291623E-1	8.403231E+9	8.464261E-1	3.563838E+8	8.289555E-1	5.870752E+10	8.268768E-1	5.894231E+10	8.289813E-1	6.711075E+10	8.266208E-1	6.729569E+10	4.081757E-3	1.726383E-2	-1.752432E-2	-1.318207E-2	2.280947E-3	-8.003329E+9	-8.046847E+9	-6.341479E+6	4.351822E+7	-6.694564E+10
2.876020E+2	6.584670E-1	6.813116E+9	7.022433E-1	3.013809E+8	6.544930E-1	6.786710E+9	6.661546E-1	2.867878E+8	6.586926E-1	4.768079E+10	6.595502E-1	4.804156E+10	6.581675E-1	5.446750E+10	6.594154E-1	5.485468E+10	4.377622E-2	1.166162E-2	3.608866E-2	3.211460E-2	4.282786E-2	-6.511735E+9	-6.499923E+9	1.459313E+7	-1.181277E+7	-5.455330E+10
2.878020E+2	6.561551E-1	6.791711E+9	6.488166E-1	2.808547E+8	6.517091E-1	6.760947E+9	6.820581E-1	2.929275E+8	6.536964E-1	4.735722E+10	6.479059E-1	4.728298E+10	6.534479E-1	5.411816E+10	6.489324E-1	5.407469E+10	-7.338575E-3	3.034892E-2	-3.324151E-2	-3.768750E-2	-1.158791E-4	-6.510856E+9	-6.468019E+9	-1.207282E+7	-4.283650E+7	-5.379383E+10
2.880040E+2	6.526794E-1	6.759529E+9	6.483254E-1	2.806660E+8	6.506346E-1	6.751002E+9	6.206228E-1	2.692097E+8	6.483395E-1	4.701029E+10	6.495341E-1	4.738905E+10	6.486265E-1	5.376130E+10	6.499255E-1	5.414858E+10	-4.353967E-3	-3.001178E-2	2.770261E-2	2.565781E-2	-1.600113E-3	-6.478863E+9	-6.481792E+9	1.145633E+7	2.929614E+6	-5.386792E+10
2.882080E+2	7.205788E-1	7.388206E+9	6.629570E-1	2.862874E+8	7.090323E-1	7.291459E+9	7.443128E-1	3.169617E+8	7.187304E-1	5.156901E+10	7.205495E-1	5.201546E+10	7.175178E-1	5.886047E+10	7.205532E-1	5.940367E+10	-5.762174E-2	3.528051E-2	-8.135579E-2	-9.290225E-2	-5.759614E-2	-7.101919E+9	-6.974497E+9	-3.067435E+7	-1.274222E+8	-5.911738E+10
2.884070E+2	1.007550E+0	1.004526E+10	9.944373E-1	4.136401E+8	1.005209E+0	1.003250E+10	1.026296E+0	4.258247E+8	1.015075E+0	7.076116E+10	1.003689E+0	7.046101E+10	1.013841E+0	8.079365E+10	1.004169E+0	8.050626E+10	-1.311240E-2	2.108702E-2	-3.185823E-2	-3.419942E-2	-9.731838E-3	-9.631618E+9	-9.606671E+9	-1.218456E+7	-2.494700E+7	-8.009262E+10
2.886010E+2	1.461071E+0	1.424440E+10	1.528986E+0	6.190104E+8	1.436216E+0	1.402136E+10	1.471750E+0	5.977979E+8	1.435873E+0	9.801332E+10	1.436123E+0	9.863259E+10	1.435916E+0	1.120347E+11	1.439227E+0	1.128770E+11	6.791444E-2	3.553428E-2	5.723583E-2	3.238016E-2	8.975866E-2	-1.362539E+10	-1.342356E+10	2.121253E+7	-2.018235E+8	-1.122580E+11
2.887970E+2	1.484771E+0	1.446383E+10	1.456768E+0	5.912646E+8	1.507195E+0	1.467826E+10	1.491372E+0	6.053731E+8	1.481790E+0	1.009870E+11	1.511429E+0	1.035385E+11	1.484966E+0	1.156653E+11	1.508111E+0	1.180024E+11	-2.800309E-2	-1.582331E-2	-3.460423E-2	-1.217978E-2	-5.134379E-2	-1.387256E+10	-1.407288E+10	-1.410853E+7	2.003215E+8	-1.174111E+11
2.890110E+2	1.373038E+0	1.342930E+10	1.498722E+0	6.073832E+8	1.366073E+0	1.337221E+10	1.481579E+0	6.015924E+8	1.358420E+0	9.299721E+10	1.360721E+0	9.372046E+10	1.359377E+0	1.063694E+11	1.362254E+0	1.071498E+11	1.256836E-1	1.155056E-1	1.714308E-2	1.017806E-2	1.364678E-1	-1.282192E+10	-1.277062E+10	5.790774E+6	-5.130148E+7	-1.065424E+11
2.892050E+2	1.109005E+0	1.098463E+10	1.080453E+0	4.466868E+8	1.091035E+0	1.082680E+10	1.103675E+0	4.556980E+8	1.087541E+0	7.545430E+10	1.089263E+0	7.603587E+10	1.087978E+0	8.628110E+10	1.091720E+0	8.702050E+10	-2.855248E-2	1.264037E-2	-2.322211E-2	-4.119285E-2	-1.126669E-2	-1.053795E+10	-1.037110E+10	-9.011193E+6	-1.668480E+8	-8.657382E+10
2.894050E+2	8.467745E-1	8.556648E+9	8.580595E-1	3.612446E+8	8.549710E-1	8.642085E+9	8.354547E-1	3.521482E+8	8.597925E-1	6.070461E+10	8.577845E-1	6.095585E+10	8.591896E-1	6.934670E+10	8.564144E-1	6.951250E+10	1.128497E-2	-1.951638E-2	2.260484E-2	3.080135E-2	1.645080E-3	-8.195403E+9	-8.289937E+9	9.096399E+6	9.453405E+7	-6.915125E+10
2.896060E+2	8.035619E-1	8.156543E+9	7.720867E-1	3.282143E+8	8.008600E-1	8.141301E+9	8.261699E-1	3.485637E+8	7.976351E-1	5.667912E+10	7.994929E-1	5.715835E+10	7.980384E-1	6.482042E+10	7.999992E-1	6.531489E+10	-3.147517E-2	2.530982E-2	-5.408317E-2	-5.678499E-2	-2.791250E-2	-7.828329E+9	-7.792738E+9	-2.034932E+7	-3.559122E+7	-6.498668E+10
2.898050E+2	7.590737E-1	7.744629E+9	7.106281E-1	3.046023E+8	7.683882E-1	7.840782E+9	7.604296E-1	3.231838E+8	7.579562E-1	5.410940E+10	7.532450E-1	5.414546E+10	7.592606E-1	6.195018E+10	7.539703E-1	6.189009E+10	-4.844552E-2	-7.958518E-3	-4.980150E-2	-4.048700E-2	-4.334218E-2	-7.440027E+9	-7.517598E+9	-1.858150E+7	7.757176E+7	-6.158549E+10
2.900050E+2	7.542249E-1	7.699734E+9	7.797648E-1	3.311642E+8	7.424463E-1	7.600696E+9	7.654736E-1	3.251311E+8	7.500284E-1	5.359597E+10	7.483740E-1	5.382813E+10	7.490804E-1	6.119666E+10	7.491021E-1	6.152786E+10	2.553989E-2	2.302738E-2	1.429110E-2	2.512503E-3	3.066267E-2	-7.368570E+9	-7.275565E+9	6.033067E+6	-9.300468E+7	-6.119670E+10
2.905120E+2	9.167917E-1	9.204933E+9	8.633211E-1	3.632660E+8	9.279077E-1	9.317096E+9	9.351361E-1	3.906314E+8	9.291401E-1	6.519577E+10	9.317450E-1	6.577412E+10	9.289860E-1	7.451287E+10	9.298842E-1	7.497906E+10	-5.347056E-2	7.228382E-3	-7.181497E-2	-6.069894E-2	-6.656314E-2	-8.841667E+9	-8.926464E+9	-2.736537E+7	8.479717E+7	-7.461579E+10
2.910040E+2	1.204879E+0	1.187233E+10	1.294177E+0	5.287984E+8	1.218590E+0	1.200729E+10	1.214139E+0	4.983439E+8	1.212822E+0	8.356787E+10	1.212586E+0	8.406994E+10	1.213543E+0	9.557516E+10	1.211627E+0	9.594226E+10	8.929793E-2	-4.451595E-3	8.003863E-2	9.374953E-2	8.255058E-2	-1.134353E+10	-1.150895E+10	3.045456E+7	1.654202E+8	-9.541346E+10
2.915060E+2	1.443104E+0	1.407803E+10	1.407368E+0	5.722854E+8	1.415033E+0	1.382532E+10	1.511279E+0	6.130587E+8	1.421043E+0	9.705286E+10	1.429772E+0	9.821886E+10	1.420292E+0	1.108782E+11	1.431431E+0	1.122969E+11	-3.573610E-2	9.624672E-2	-1.039117E-1	-1.319828E-1	-2.406323E-2	-1.350575E+10	-1.321226E+10	-4.077323E+7	-2.934917E+8	-1.117246E+11
2.920050E+2	1.322119E+0	1.295785E+10	1.319634E+0	5.385788E+8	1.332258E+0	1.305926E+10	1.408426E+0	5.733509E+8	1.331084E+0	9.122686E+10	1.336468E+0	9.214047E+10	1.331231E+0	1.042861E+11	1.334683E+0	1.050983E+11	-2.484986E-3	7.616785E-2	-8.879164E-2	-7.865283E-2	-1.504849E-2	-1.241927E+10	-1.248591E+10	-3.477202E+7	6.664158E+7	-1.045597E+11
2.924990E+2	1.183161E+0	1.167124E+10	1.162719E+0	4.782930E+8	1.170160E+0	1.155908E+10	1.300914E+0	5.318445E+8	1.182515E+0	8.160506E+10	1.179957E+0	8.194430E+10	1.180970E+0	9.316414E+10	1.180356E+0	9.361554E+10	-2.044207E-2	1.307536E-1	-1.381947E-1	-1.511957E-1	-1.763682E-2	-1.119294E+10	-1.102724E+10	-5.355151E+7	-1.657061E+8	-9.313724E+10
2.930130E+2	1.020592E+0	1.016602E+10	1.063035E+0	4.399948E+8	1.031611E+0	1.027684E+10	1.055682E+0	4.371695E+8	1.025797E+0	7.145554E+10	1.026807E+0	7.196710E+10	1.026524E+0	8.173238E+10	1.026034E+0	8.213311E+10	4.244292E-2	2.407109E-2	7.353112E-3	1.837184E-2	3.700101E-2	-9.726020E+9	-9.839671E+9	2.825294E+6	1.136507E+8	-8.169312E+10
2.935030E+2	1.100752E+0	1.090821E+10	1.080954E+0	4.468792E+8	1.081112E+0	1.073496E+10	1.101703E+0	4.549367E+8	1.084226E+0	7.523958E+10	1.080774E+0	7.548284E+10	1.083836E+0	8.597454E+10	1.083260E+0	8.639105E+10	-1.979782E-2	2.059137E-2	-2.074943E-2	-4.038919E-2	-2.306118E-3	-1.046133E+10	-1.028003E+10	-8.057521E+6	-1.813059E+8	-8.594418E+10
2.940070E+2	1.014974E+0	1.011400E+10	1.020349E+0	4.235953E+8	1.025993E+0	1.022485E+10	1.072290E+0	4.435813E+8	1.016200E+0	7.083400E+10	1.019633E+0	7.149974E+10	1.017424E+0	8.105885E+10	1.019053E+0	8.161374E+10	5.375199E-3	4.629672E-2	-5.194052E-2	-4.092152E-2	1.295791E-3	-9.690405E+9	-9.781270E+9	-1.998599E+7	9.086561E+7	-8.119015E+10
2.945060E+2	9.882436E-1	9.866503E+9	1.032411E+0	4.282295E+8	9.927640E-1	9.917325E+9	1.036858E+0	4.299023E+8	9.903741E-1	6.916147E+10	9.904396E-1	6.959788E+10	9.906729E-1	7.907879E+10	9.901664E-1	7.946438E+10	4.416773E-2	4.409362E-2	-4.446348E-3	7.411920E-5	4.224494E-2	-9.438274E+9	-9.487423E+9	-1.672815E+6	4.914889E+7	-7.903615E+10
2.950050E+2	1.142900E+0	1.129846E+10	1.103427E+0	4.555135E+8	1.156677E+0	1.143430E+10	1.149997E+0	4.735813E+8	1.149252E+0	7.945088E+10	1.148753E+0	7.991145E+10	1.150181E+0	9.088518E+10	1.148025E+0	9.120990E+10	-3.947219E-2	-6.679417E-3	-4.656982E-2	-3.279277E-2	-4.459712E-2	-1.084294E+10	-1.096072E+10	-1.806779E+7	1.177707E+8	-9.075439E+10
2.955070E+2	1.429377E+0	1.395094E+10	1.517004E+0	6.144069E+8	1.419860E+0	1.387000E+10	1.478282E+0	6.003197E+8	1.422038E+0	9.711730E+10	1.421554E+0	9.768350E+10	1.421766E+0	1.109873E+11	1.422528E+0	1.116344E+11	8.762632E-2	5.842163E-2	3.872145E-2	2.920470E-2	9.447604E-2	-1.333653E+10	-1.326968E+10	1.408721E+7	-6.685762E+7	-1.110200E+11
2.960050E+2	1.488699E+0	1.450020E+10	1.452899E+0	5.897783E+8	1.494570E+0	1.456142E+10	1.518537E+0	6.158605E+8	1.482081E+0	1.010059E+11	1.486725E+0	1.019292E+11	1.483643E+0	1.155673E+11	1.486971E+0	1.164294E+11	-3.580010E-2	2.396651E-2	-6.563791E-2	-5.976661E-2	-3.407198E-2	-1.391042E+10	-1.394556E+10	-2.608223E+7	3.513596E+7	-1.158396E+11
2.965070E+2	1.377448E+0	1.347013E+10	1.385675E+0	5.639511E+8	1.381944E+0	1.351909E+10	1.457762E+0	5.923977E+8	1.376361E+0	9.415911E+10	1.376163E+0	9.472641E+10	1.377059E+0	1.076782E+11	1.376323E+0	1.081965E+11	8.226346E-3	7.581821E-2	-7.208762E-2	-6.759187E-2	9.351950E-3	-1.290618E+10	-1.292669E+10	-2.844662E+7	2.050923E+7	-1.076326E+11
2.970040E+2	1.257624E+0	1.236069E+10	1.285223E+0	5.253580E+8	1.260064E+0	1.239112E+10	1.339216E+0	5.466316E+8	1.265502E+0	8.697954E+10	1.262947E+0	8.735077E+10	1.264822E+0	9.937066E+10	1.262284E+0	9.971146E+10	2.759846E-2	7.915279E-2	-5.399384E-2	-5.155432E-2	2.293825E-2	-1.183533E+10	-1.184448E+10	-2.127360E+7	9.156330E+6	-9.918610E+10
2.975020E+2	1.010962E+0	1.007685E+10	1.003091E+0	4.169649E+8	1.010207E+0	1.007876E+10	1.004505E+0	4.174123E+8	1.003101E+0	6.998573E+10	1.006900E+0	7.067021E+10	1.003990E+0	8.006448E+10	1.007405E+0	8.074706E+10	-7.870723E-3	-5.701673E-3	-1.414175E-3	-2.169051E-3	-4.314140E-3	-9.659887E+9	-9.661344E+9	-4.474240E+5	1.456729E+6	-8.033009E+10
2.980040E+2	1.051872E+0	1.045563E+10	1.010232E+0	4.197085E+8	1.038302E+0	1.033876E+10	1.057176E+0	4.377464E+8	1.048481E+0	7.292464E+10	1.045950E+0	7.321419E+10	1.047208E+0	8.326340E+10	1.046687E+0	8.366982E+10	-4.163932E-2	1.887419E-2	-4.694347E-2	-6.051350E-2	-3.645454E-2	-1.003593E+10	-9.901018E+9	-1.803791E+7	-1.349069E+8	-8.325011E+10
2.985020E+2	1.049984E+0	1.043815E+10	1.087558E+0	4.494167E+8	1.061806E+0	1.055629E+10	1.024139E+0	4.249923E+8	1.063642E+0	7.390650E+10	1.060447E+0	7.415863E+10	1.063412E+0	8.446279E+10	1.059145E+0	8.459679E+10	3.757482E-2	-3.766660E-2	6.341899E-2	7.524142E-2	2.841325E-2	-9.988735E+9	-1.013130E+10	2.442440E+7	1.425642E+8	-8.414737E+10
2.990020E+2	1.086676E+0	1.077788E+10	1.045675E+0	4.333252E+8	1.076397E+0	1.069133E+10	1.111208E+0	4.586062E+8	1.080040E+0	7.496847E+10	1.074974E+0	7.510500E+10	1.079584E+0	8.565980E+10	1.076430E+0	8.588288E+10	-4.100101E-2	3.481102E-2	-6.553321E-2	-7.581203E-2	-3.075536E-2	-1.034456E+10	-1.023272E+10	-2.528093E+7	-1.118370E+8	-8.544956E+10
2.995040E+2	9.854297E-1	9.840450E+9	1.042833E+0	4.322333E+8	1.002010E+0	1.000290E+10	9.997484E-1	4.155758E+8	9.894726E-1	6.910308E+10	9.938492E-1	6.982000E+10	9.910403E-1	7.910598E+10	9.928015E-1	7.966045E+10	5.740281E-2	-2.261869E-3	4.308414E-2	5.966468E-2	5.003106E-2	-9.408217E+9	-9.587321E+9	1.665744E+7	1.791040E+8	-7.922821E+10
3.000060E+2	8.150770E-1	8.263162E+9	8.106105E-1	3.430149E+8	8.112778E-1	8.237715E+9	8.032227E-1	3.397046E+8	8.152634E-1	5.782078E+10	8.178795E-1	5.835617E+10	8.147651E-1	6.605850E+10	8.175307E-1	6.661933E+10	-4.466579E-3	-8.055070E-3	7.387728E-3	3.588490E-3	-6.920262E-3	-7.920147E+9	-7.898011E+9	3.310300E+6	-2.213639E+7	-6.627632E+10
