Photon Energy (eV)	X ref norm	X ref	X pump norm	X pump	Y ref norm	Y ref	Y pump norm	Y pump	X all norm	X all	Y all norm	Y all	X all Y ref norm	X all Y ref	Y all X ref norm	Y all X ref	BC(X hist) norm	BC(Y hist) norm	StS norm	BCSC norm	BCLR norm	BC(X hist)	BC(Y hist)	StS	BCSC	BCLR	
5.290170E+2	-5.041686E-3	1.650214E+9	-2.637587E-2	8.649557E+7	-1.494767E-3	1.662562E+9	6.166806E-4	1.027837E+8	-4.290593E-3	1.601084E+10	-3.830638E-3	1.616265E+10	-4.026793E-3	1.767340E+10	-3.944084E-3	1.781286E+10	-2.133418E-2	2.111447E-3	-2.699255E-2	-2.344563E-2	-2.243179E-2	-1.563718E+9	-1.559778E+9	-1.628812E+7	-3.940246E+6	-1.772636E+10
5.295060E+2	-4.615316E-2	1.320300E+9	-4.813719E-2	7.626148E+7	-4.577944E-2	1.306493E+9	-6.433114E-2	7.227769E+7	-4.739620E-2	1.268419E+10	-4.770968E-2	1.275582E+10	-4.724365E-2	1.399068E+10	-4.756387E-2	1.407612E+10	-1.984037E-3	-1.855170E-2	1.619394E-2	1.656766E-2	-5.733225E-4	-1.244038E+9	-1.234215E+9	3.983786E+6	-9.823175E+6	-1.399986E+10
5.300060E+2	-1.812910E-2	1.545189E+9	-9.184936E-3	9.458026E+7	-1.776047E-2	1.531778E+9	-3.393386E-2	8.655530E+7	-2.290924E-2	1.457395E+10	-2.231698E-2	1.472734E+10	-2.242343E-2	1.610573E+10	-2.192468E-2	1.627253E+10	8.944165E-3	-1.617339E-2	2.474892E-2	2.511755E-2	1.273974E-2	-1.450609E+9	-1.445223E+9	8.024961E+6	-5.386061E+6	-1.617795E+10
5.305080E+2	3.116071E-2	1.940733E+9	8.092208E-2	1.369565E+8	3.247915E-2	1.935727E+9	3.449350E-2	1.186956E+8	3.026294E-2	1.867748E+10	3.066917E-2	1.884126E+10	3.047205E-2	2.061321E+10	3.071522E-2	2.078199E+10	4.976136E-2	2.014359E-3	4.642857E-2	4.774700E-2	5.020686E-2	-1.803777E+9	-1.817032E+9	1.826087E+7	1.325501E+7	-2.064503E+10
5.310100E+2	6.520202E-2	2.213910E+9	6.129234E-2	1.277249E+8	5.564506E-2	2.121992E+9	1.078568E-1	1.531544E+8	6.274701E-2	2.118442E+10	6.507918E-2	2.151290E+10	6.207691E-2	2.330641E+10	6.509068E-2	2.372681E+10	-3.909677E-3	5.221178E-2	-4.656449E-2	-5.612146E-2	-3.798340E-3	-2.086185E+9	-1.968837E+9	-2.542953E+7	-1.173479E+8	-2.359908E+10
5.315080E+2	1.852808E-2	1.839358E+9	1.051356E-2	1.038442E+8	1.840921E-2	1.822599E+9	1.893112E-2	1.113860E+8	2.262570E-2	1.808808E+10	2.230917E-2	1.819218E+10	2.222785E-2	1.991068E+10	2.195497E-2	2.003153E+10	-8.014523E-3	5.219160E-4	-8.417563E-3	-8.536439E-3	-1.144142E-2	-1.735514E+9	-1.711213E+9	-7.541761E+6	-2.430114E+7	-1.992769E+10
5.320070E+2	-3.916981E-3	1.659239E+9	-1.957912E-2	8.969200E+7	-3.762099E-3	1.644331E+9	-1.113621E-2	9.726336E+7	-2.981837E-3	1.611184E+10	-5.072946E-3	1.606619E+10	-3.055459E-3	1.775617E+10	-4.964660E-3	1.772543E+10	-1.566214E-2	-7.374107E-3	-8.442918E-3	-8.288036E-3	-1.461446E-2	-1.569547E+9	-1.547068E+9	-7.571361E+6	-2.247947E+7	-1.763574E+10
5.325120E+2	-4.164989E-2	1.356438E+9	-4.945086E-2	7.564368E+7	-3.773663E-2	1.371161E+9	-5.249694E-2	7.783622E+7	-3.805778E-2	1.340488E+10	-3.912727E-2	1.342217E+10	-3.802748E-2	1.477604E+10	-3.936358E-2	1.477860E+10	-7.800966E-3	-1.476031E-2	3.046083E-3	6.959342E-3	-1.008727E-2	-1.280794E+9	-1.293324E+9	-2.192537E+6	1.253023E+7	-1.470296E+10
5.330130E+2	4.445377E-3	1.726346E+9	-2.521628E-2	8.704091E+7	-8.855220E-4	1.667460E+9	3.229958E-3	1.040111E+8	2.339664E-3	1.652252E+10	1.930567E-3	1.660995E+10	2.035351E-3	1.818998E+10	2.166144E-3	1.833630E+10	-2.966165E-2	4.115480E-3	-2.844623E-2	-3.377713E-2	-2.738242E-2	-1.639305E+9	-1.563449E+9	-1.697023E+7	-7.585616E+7	-1.824926E+10
5.332090E+2	5.778328E-2	2.154376E+9	8.459261E-2	1.386827E+8	6.462164E-2	2.194167E+9	2.494187E-2	1.142092E+8	6.038313E-2	2.100199E+10	5.962232E-2	2.108922E+10	6.078305E-2	2.319615E+10	5.945005E-2	2.324360E+10	2.680933E-2	-3.967977E-2	5.965074E-2	6.648910E-2	2.514257E-2	-2.015693E+9	-2.079958E+9	2.447348E+7	6.426533E+7	-2.310491E+10
5.334060E+2	7.811663E-2	2.317548E+9	8.096941E-2	1.369788E+8	8.256398E-2	2.338432E+9	5.116563E-2	1.265265E+8	8.207064E-2	2.267570E+10	8.361192E-2	2.295181E+10	8.211718E-2	2.501414E+10	8.309715E-2	2.526935E+10	2.852783E-3	-3.139835E-2	2.980379E-2	3.425113E-2	-2.127733E-3	-2.180569E+9	-2.211905E+9	1.045223E+7	3.133619E+7	-2.513237E+10
5.336080E+2	4.007936E-2	2.012304E+9	3.567016E-2	1.156751E+8	4.670310E-2	2.050094E+9	3.740008E-2	1.200609E+8	4.320908E-2	1.967659E+10	4.220841E-2	1.973718E+10	4.353876E-2	2.172668E+10	4.200897E-2	2.174948E+10	-4.409199E-3	-9.303020E-3	-1.729923E-3	4.893821E-3	-6.338816E-3	-1.896629E+9	-1.930033E+9	-4.385787E+6	3.340449E+7	-2.163381E+10
5.338150E+2	1.246959E-2	1.790739E+9	-2.244273E-2	8.834528E+7	1.027543E-2	1.757199E+9	-1.719191E-2	9.441899E+7	7.208094E-3	1.689824E+10	4.848868E-3	1.683653E+10	7.497513E-3	1.865544E+10	5.562746E-3	1.862727E+10	-3.491232E-2	-2.746735E-2	-5.250814E-3	-7.444975E-3	-2.800548E-2	-1.702394E+9	-1.662780E+9	-6.073713E+6	-3.961376E+7	-1.853893E+10
5.340070E+2	2.567422E-2	1.896705E+9	6.152620E-2	1.278349E+8	3.117797E-2	1.925265E+9	3.038701E-2	1.167668E+8	3.398487E-2	1.896472E+10	3.299558E-2	1.902188E+10	3.372002E-2	2.088998E+10	3.230974E-2	2.091859E+10	3.585198E-2	-7.909594E-4	3.113920E-2	3.664294E-2	2.921646E-2	-1.768870E+9	-1.808498E+9	1.106804E+7	3.962846E+7	-2.079075E+10
5.342040E+2	1.597702E-1	2.972807E+9	1.418406E-1	1.656058E+8	1.538670E-1	2.911741E+9	1.473372E-1	1.716984E+8	1.559015E-1	2.837355E+10	1.507091E-1	2.816132E+10	1.557095E-1	3.128529E+10	1.515579E-1	3.113413E+10	-1.792959E-2	-6.529792E-3	-5.496613E-3	-1.139980E-2	-9.717284E-3	-2.807201E+9	-2.740042E+9	-6.092587E+6	-6.715880E+7	-3.096852E+10
5.344070E+2	3.154228E-1	4.221898E+9	3.420628E-1	2.597678E+8	3.199809E-1	4.247372E+9	2.873664E-1	2.374701E+8	3.346182E-1	4.216589E+10	3.138639E-1	4.082888E+10	3.332371E-1	4.641326E+10	3.140099E-1	4.505078E+10	2.664002E-2	-3.261448E-2	5.469635E-2	5.925450E-2	2.805284E-2	-3.962130E+9	-4.009902E+9	2.229776E+7	4.777174E+7	-4.479101E+10
5.346150E+2	4.232175E-1	5.086936E+9	4.995295E-1	3.338225E+8	4.126065E-1	4.992123E+9	4.853596E-1	3.304675E+8	4.419861E-1	5.045193E+10	4.207938E-1	4.913106E+10	4.392139E-1	5.544405E+10	4.210208E-1	5.421800E+10	7.631200E-2	7.275307E-2	1.416995E-2	3.558935E-3	7.850871E-2	-4.753113E+9	-4.661656E+9	3.355075E+6	-9.145760E+7	-5.388418E+10
5.348120E+2	6.027508E-1	6.527666E+9	6.104138E-1	3.859701E+8	5.868973E-1	6.393500E+9	5.999011E-1	3.842676E+8	6.171983E-1	6.397382E+10	5.904799E-1	6.230573E+10	6.143393E-1	7.036732E+10	5.916294E-1	6.883339E+10	7.662968E-3	1.300373E-2	1.051270E-2	-5.340764E-3	1.878437E-2	-6.141696E+9	-6.009233E+9	1.702451E+6	-1.324634E+8	-6.844742E+10
5.350150E+2	9.603274E-1	9.397170E+9	9.534588E-1	5.473000E+8	9.616660E-1	9.406810E+9	8.920267E-1	5.214790E+8	9.765037E-1	9.170296E+10	9.493924E-1	9.017218E+10	9.751037E-1	1.011098E+11	9.504167E-1	9.956935E+10	-6.868627E-3	-6.963931E-2	6.143213E-2	6.277068E-2	3.042056E-3	-8.849870E+9	-8.885331E+9	2.582098E+7	3.546067E+7	-9.902205E+10
5.352130E+2	1.714778E+0	1.545153E+10	1.806776E+0	9.486049E+8	1.736261E+0	1.563490E+10	1.643794E+0	8.745844E+8	1.711154E+0	1.483991E+11	1.704334E+0	1.487868E+11	1.713523E+0	1.640340E+11	1.705312E+0	1.642384E+11	9.199857E-2	-9.246646E-2	1.629817E-1	1.844650E-1	1.014643E-1	-1.450293E+10	-1.476032E+10	7.402047E+7	2.573934E+8	-1.632898E+11
5.354010E+2	2.707463E+0	2.341769E+10	2.585126E+0	1.314653E+9	2.677603E+0	2.320372E+10	2.631511E+0	1.338515E+9	2.629518E+0	2.192732E+11	2.641479E+0	2.215481E+11	2.634055E+0	2.424770E+11	2.647660E+0	2.449658E+11	-1.223368E-1	-4.609168E-2	-4.638557E-2	-7.624512E-2	-6.253425E-2	-2.210304E+10	-2.186521E+10	-2.386180E+7	-2.378348E+8	-2.436511E+11
5.356150E+2	2.566215E+0	2.228420E+10	2.561757E+0	1.303664E+9	2.565785E+0	2.230465E+10	2.617778E+0	1.332065E+9	2.508689E+0	2.099483E+11	2.525520E+0	2.125448E+11	2.514076E+0	2.322530E+11	2.529332E+0	2.348290E+11	-4.458062E-3	5.199306E-2	-5.602046E-2	-5.645112E-2	3.242566E-2	-2.098054E+10	-2.097259E+10	-2.840104E+7	-7.954215E+6	-2.335254E+11
5.358080E+2	2.428708E+0	2.118073E+10	2.237818E+0	1.151319E+9	2.395305E+0	2.093392E+10	2.505855E+0	1.279494E+9	2.358420E+0	1.983514E+11	2.381719E+0	2.013800E+11	2.361901E+0	2.192854E+11	2.386121E+0	2.225607E+11	-1.908898E-1	1.105498E-1	-2.680369E-1	-3.014397E-1	-1.483028E-1	-2.002941E+10	-1.965443E+10	-1.281756E+8	-3.749830E+8	-2.214094E+11
5.360170E+2	1.805330E+0	1.617820E+10	1.791871E+0	9.415952E+8	1.785406E+0	1.603006E+10	1.798554E+0	9.472749E+8	1.770802E+0	1.530024E+11	1.778281E+0	1.545282E+11	1.772180E+0	1.690324E+11	1.780815E+0	1.707064E+11	-1.345912E-2	1.314739E-2	-6.682724E-3	-2.660651E-2	1.105612E-2	-1.523661E+10	-1.508278E+10	-5.679697E+6	-1.538270E+8	-1.697648E+11
5.362050E+2	1.874170E+0	1.673064E+10	1.843082E+0	9.656792E+8	1.858336E+0	1.661644E+10	1.901645E+0	9.956971E+8	1.850345E+0	1.591411E+11	1.854608E+0	1.604543E+11	1.851099E+0	1.757575E+11	1.856440E+0	1.771850E+11	-3.108804E-2	4.330963E-2	-5.856323E-2	-7.439767E-2	-1.335804E-2	-1.576496E+10	-1.562074E+10	-3.001787E+7	-1.442119E+8	-1.762193E+11
5.364090E+2	2.005014E+0	1.778064E+10	2.114153E+0	1.093161E+9	2.012323E+0	1.785457E+10	2.043028E+0	1.062105E+9	2.003951E+0	1.709955E+11	2.001558E+0	1.718638E+11	2.004741E+0	1.888501E+11	2.001882E+0	1.896444E+11	1.091393E-1	3.070487E-2	7.112483E-2	7.843446E-2	1.122712E-1	-1.668748E+10	-1.679247E+10	3.105598E+7	1.049903E+8	-1.885512E+11
5.366140E+2	2.018087E+0	1.788555E+10	2.057317E+0	1.066431E+9	2.046787E+0	1.813167E+10	2.016163E+0	1.049486E+9	2.028097E+0	1.728589E+11	2.019578E+0	1.732629E+11	2.029860E+0	1.909906E+11	2.019438E+0	1.911484E+11	3.922995E-2	-3.062427E-2	4.115432E-2	6.985422E-2	3.787862E-2	-1.681912E+10	-1.708219E+10	1.694542E+7	2.630710E+8	-1.900820E+11
5.368080E+2	1.568552E+0	1.427809E+10	1.653023E+0	8.762965E+8	1.541979E+0	1.407279E+10	1.590978E+0	8.497768E+8	1.581910E+0	1.384248E+11	1.558388E+0	1.374555E+11	1.578143E+0	1.524976E+11	1.559340E+0	1.517335E+11	8.447091E-2	4.899925E-2	6.204413E-2	3.547166E-2	9.368219E-2	-1.340179E+10	-1.322301E+10	2.651969E+7	-1.787770E+8	-1.508572E+11
5.370070E+2	1.169041E+0	1.107207E+10	1.163059E+0	6.458725E+8	1.176150E+0	1.113136E+10	1.210122E+0	6.708886E+8	1.191476E+0	1.082933E+11	1.182994E+0	1.083093E+11	1.190030E+0	1.194247E+11	1.181687E+0	1.193814E+11	-5.982260E-3	3.397260E-2	-4.706321E-2	-3.995486E-2	-1.862738E-2	-1.042620E+10	-1.046047E+10	-2.501608E+7	3.426881E+7	-1.187355E+11
5.372010E+2	9.903882E-1	9.638404E+9	1.050118E+0	5.927575E+8	9.809559E-1	9.561910E+9	1.046204E+0	5.938960E+8	1.004965E+0	9.389943E+10	9.890656E-1	9.325246E+10	1.002699E+0	1.034613E+11	9.891895E-1	1.028909E+11	5.972946E-2	6.524778E-2	3.913974E-3	-5.518328E-3	6.092822E-2	-9.045647E+9	-8.968014E+9	-1.138483E+6	-7.763276E+7	-1.022981E+11
5.374220E+2	1.218753E+0	1.147100E+10	1.299579E+0	7.100760E+8	1.211554E+0	1.141603E+10	1.262032E+0	6.952707E+8	1.230339E+0	1.112925E+11	1.206144E+0	1.101068E+11	1.228567E+0	1.227086E+11	1.207325E+0	1.215778E+11	8.082553E-2	5.047784E-2	3.754631E-2	3.034769E-2	9.225315E-2	-1.076093E+10	-1.072076E+10	1.480528E+7	-4.016941E+7	-1.208677E+11
5.376110E+2	1.698079E+0	1.531752E+10	1.735875E+0	9.152611E+8	1.689174E+0	1.525630E+10	1.696211E+0	8.992045E+8	1.718481E+0	1.489646E+11	1.694995E+0	1.480618E+11	1.715716E+0	1.642209E+11	1.695284E+0	1.633793E+11	3.779664E-2	7.036820E-3	3.966434E-2	3.075982E-2	4.059156E-2	-1.440226E+10	-1.435710E+10	1.605661E+7	-4.516265E+7	-1.624640E+11
5.378110E+2	1.909380E+0	1.701319E+10	1.878327E+0	9.822544E+8	1.904853E+0	1.699046E+10	1.946273E+0	1.016658E+9	1.912472E+0	1.639357E+11	1.902755E+0	1.641926E+11	1.911753E+0	1.809261E+11	1.903376E+0	1.812058E+11	-3.105332E-2	4.141963E-2	-6.794551E-2	-7.247295E-2	-2.504883E-2	-1.603094E+10	-1.597380E+10	-3.440401E+7	-5.713584E+7	-1.802235E+11
5.380110E+2	1.805173E+0	1.617694E+10	1.828465E+0	9.588049E+8	1.788932E+0	1.605841E+10	1.870354E+0	9.809994E+8	1.776650E+0	1.534537E+11	1.782688E+0	1.548704E+11	1.777808E+0	1.695121E+11	1.784795E+0	1.710474E+11	2.329187E-2	8.142157E-2	-4.188891E-2	-5.812970E-2	4.367026E-2	-1.521814E+10	-1.507741E+10	-2.219453E+7	-1.407313E+8	-1.700886E+11
5.382110E+2	1.639736E+0	1.484933E+10	1.559044E+0	8.320993E+8	1.629288E+0	1.477480E+10	1.651947E+0	8.784136E+8	1.618710E+0	1.412648E+11	1.630679E+0	1.430682E+11	1.619709E+0	1.560396E+11	1.631527E+0	1.579175E+11	-8.069235E-2	2.265824E-2	-9.290313E-2	-1.033506E-1	-7.248352E-2	-1.401723E+10	-1.389638E+10	-4.631430E+7	-1.208490E+8	-1.570854E+11
5.384110E+2	1.724457E+0	1.552921E+10	1.695473E+0	8.962602E+8	1.732269E+0	1.560280E+10	1.760494E+0	9.293981E+8	1.696100E+0	1.472373E+11	1.708222E+0	1.490887E+11	1.699513E+0	1.628401E+11	1.709743E+0	1.646179E+11	-2.898421E-2	2.822521E-2	-6.502109E-2	-5.720942E-2	-1.426989E-2	-1.463295E+10	-1.467341E+10	-3.313790E+7	4.045974E+7	-1.637217E+11
5.386120E+2	2.046669E+0	1.811491E+10	1.994480E+0	1.036880E+9	2.054008E+0	1.818973E+10	2.013816E+0	1.048384E+9	2.012482E+0	1.716539E+11	2.034789E+0	1.744438E+11	2.016400E+0	1.898436E+11	2.035902E+0	1.925588E+11	-5.218854E-2	-4.019140E-2	-1.933599E-2	-1.199714E-2	-4.142151E-2	-1.707803E+10	-1.714135E+10	-1.150383E+7	6.331471E+7	-1.915219E+11
5.388180E+2	2.390333E+0	2.087278E+10	2.315993E+0	1.188083E+9	2.396659E+0	2.094481E+10	2.455180E+0	1.255692E+9	2.357932E+0	1.983137E+11	2.373084E+0	2.007095E+11	2.361586E+0	2.192585E+11	2.374699E+0	2.215823E+11	-7.434039E-2	5.852089E-2	-1.391872E-1	-1.328613E-1	-5.870645E-2	-1.968469E+10	-1.968911E+10	-6.760897E+7	4.422553E+6	-2.203942E+11
5.390080E+2	2.024707E+0	1.793867E+10	1.878496E+0	9.823338E+8	2.015873E+0	1.788311E+10	2.110778E+0	1.093927E+9	1.993276E+0	1.701717E+11	1.995993E+0	1.714317E+11	1.995408E+0	1.880548E+11	1.998683E+0	1.893704E+11	-1.462109E-1	9.490518E-2	-2.322822E-1	-2.411160E-1	-1.201870E-1	-1.695634E+10	-1.678918E+10	-1.115929E+8	-1.671523E+8	-1.883880E+11
5.392030E+2	1.565492E+0	1.425353E+10	1.569909E+0	8.372090E+8	1.552163E+0	1.415468E+10	1.540958E+0	8.262823E+8	1.545218E+0	1.355931E+11	1.556883E+0	1.373386E+11	1.545874E+0	1.497478E+11	1.557689E+0	1.515921E+11	4.417004E-3	-1.120513E-2	2.895039E-2	1.562213E-2	1.221927E-2	-1.341632E+10	-1.332839E+10	1.092669E+7	-8.792815E+7	-1.507549E+11
5.394100E+2	1.096340E+0	1.048865E+10	1.127190E+0	6.290037E+8	1.121358E+0	1.069080E+10	1.146724E+0	6.411104E+8	1.107206E+0	1.017898E+11	1.109448E+0	1.025991E+11	1.108541E+0	1.124806E+11	1.108220E+0	1.130877E+11	3.085057E-2	2.536643E-2	-1.953395E-2	5.484139E-3	1.897033E-2	-9.859645E+9	-1.004969E+10	-1.210667E+7	1.900474E+8	-1.124587E+11
5.396110E+2	9.761160E-1	9.523871E+9	1.025187E+0	5.810331E+8	9.903433E-1	9.637389E+9	1.027798E+0	5.852509E+8	9.947956E-1	9.311463E+10	9.937542E-1	9.361649E+10	9.943755E-1	1.027520E+11	9.921019E-1	1.031404E+11	4.907132E-2	3.745485E-2	-2.610824E-3	1.161647E-2	3.308539E-2	-8.942838E+9	-9.052138E+9	-4.217837E+6	1.092993E+8	-1.025593E+11
5.398120E+2	1.015031E+0	9.836156E+9	9.972138E-1	5.678775E+8	1.041508E+0	1.004878E+10	1.076531E+0	6.081409E+8	1.029602E+0	9.580076E+10	1.033612E+0	9.671108E+10	1.030725E+0	1.058495E+11	1.031871E+0	1.065472E+11	-1.781671E-2	3.502315E-2	-7.931752E-2	-5.283987E-2	-3.465725E-2	-9.268278E+9	-9.440637E+9	-4.026342E+7	1.723587E+8	-1.059794E+11
5.400460E+2	1.133327E+0	1.078547E+10	1.172473E+0	6.502997E+8	1.128491E+0	1.074816E+10	1.135848E+0	6.360019E+8	1.125708E+0	1.032177E+11	1.126522E+0	1.039247E+11	1.125970E+0	1.139658E+11	1.127159E+0	1.147102E+11	3.914573E-2	7.356534E-3	3.662499E-2	3.178919E-2	4.531368E-2	-1.013517E+10	-1.011216E+10	1.429782E+7	-2.301039E+7	-1.140599E+11
5.402160E+2	8.143898E-1	8.226041E+9	7.878707E-1	4.694259E+8	8.069335E-1	8.162691E+9	7.655370E-1	4.620668E+8	8.136784E-1	7.913703E+10	8.101281E-1	7.935951E+10	8.130420E-1	8.729972E+10	8.105274E-1	8.758556E+10	-2.651918E-2	-4.139645E-2	2.233366E-2	1.487727E-2	-2.265668E-2	-7.756615E+9	-7.700624E+9	7.359079E+6	-5.599141E+7	-8.711613E+10
5.404070E+2	5.720489E-1	6.281288E+9	6.256373E-1	3.931295E+8	5.857509E-1	6.384283E+9	5.871410E-1	3.782742E+8	5.837999E-1	6.139632E+10	5.826080E-1	6.169454E+10	5.839840E-1	6.778060E+10	5.816189E-1	6.797583E+10	5.358841E-2	1.390062E-3	3.849633E-2	5.219834E-2	4.401845E-2	-5.888158E+9	-6.006009E+9	1.485532E+7	1.178503E+8	-6.758270E+10
5.406030E+2	3.773115E-1	4.718546E+9	4.294704E-1	3.008746E+8	3.753435E-1	4.692512E+9	3.661663E-1	2.744824E+8	3.871510E-1	4.622007E+10	3.846997E-1	4.632867E+10	3.860369E-1	5.091258E+10	3.840076E-1	5.104721E+10	5.215895E-2	-9.177193E-3	6.330408E-2	6.133614E-2	4.546286E-2	-4.417672E+9	-4.418030E+9	2.639220E+7	3.581472E+5	-5.074634E+10
5.408060E+2	4.130328E-1	5.005205E+9	4.316004E-1	3.018763E+8	4.127501E-1	4.993278E+9	4.086471E-1	2.944356E+8	4.224163E-1	4.894165E+10	4.173020E-1	4.885996E+10	4.215043E-1	5.393493E+10	4.169021E-1	5.386517E+10	1.856766E-2	-4.102946E-3	2.295330E-2	2.267061E-2	1.469834E-2	-4.703328E+9	-4.698842E+9	7.440679E+6	-4.486310E+6	-5.356329E+10
5.410190E+2	4.855607E-1	5.587232E+9	5.539709E-1	3.594257E+8	4.989206E-1	5.686128E+9	5.706431E-1	3.705252E+8	5.116593E-1	5.582892E+10	5.044438E-1	5.562577E+10	5.104574E-1	6.151505E+10	5.026750E-1	6.121300E+10	6.841014E-2	7.172247E-2	-1.667222E-2	-3.312329E-3	5.129592E-2	-5.227806E+9	-5.315603E+9	-1.109949E+7	8.779661E+7	-6.085358E+10
5.415090E+2	6.356458E-1	6.791645E+9	6.571233E-1	4.079370E+8	6.545608E-1	6.937546E+9	6.098454E-1	3.889385E+8	6.520634E-1	6.666451E+10	6.411253E-1	6.623790E+10	6.522991E-1	7.360205E+10	6.406120E-1	7.302955E+10	2.147741E-2	-4.471544E-2	4.727787E-2	6.619285E-2	1.651126E-2	-6.383708E+9	-6.548607E+9	1.899851E+7	1.648995E+8	-7.262161E+10
5.420110E+2	6.742003E-1	7.101039E+9	7.309951E-1	4.426780E+8	6.740367E-1	7.094140E+9	6.876248E-1	4.254715E+8	6.842230E-1	6.914640E+10	6.854972E-1	6.968300E+10	6.832618E-1	7.624054E+10	6.844390E-1	7.678404E+10	5.679480E-2	1.358811E-2	4.337032E-2	4.320669E-2	4.655616E-2	-6.658361E+9	-6.668669E+9	1.720656E+7	1.030788E+7	-7.634136E+10
5.425510E+2	8.004339E-1	8.114047E+9	7.975241E-1	4.739658E+8	7.887639E-1	8.016599E+9	7.808462E-1	4.692576E+8	8.005513E-1	7.812396E+10	7.989385E-1	7.849074E+10	7.994391E-1	8.614056E+10	7.990786E-1	8.660479E+10	-2.909847E-3	-7.917719E-3	1.667789E-2	5.007872E-3	-1.554552E-3	-7.640081E+9	-7.547342E+9	4.708236E+6	-9.273926E+7	-8.613082E+10
5.430070E+2	7.357188E-1	7.594716E+9	7.704543E-1	4.612352E+8	7.584869E-1	7.773158E+9	7.284594E-1	4.446515E+8	7.640374E-1	7.530602E+10	7.604359E-1	7.550134E+10	7.635136E-1	8.307918E+10	7.581205E-1	8.309606E+10	3.473555E-2	-3.002746E-2	4.199494E-2	6.476300E-2	1.233384E-2	-7.133481E+9	-7.328506E+9	1.658374E+7	1.950253E+8	-8.263482E+10
5.435440E+2	1.025070E+0	9.916722E+9	1.026645E+0	5.817187E+8	1.028379E+0	9.943214E+9	1.075568E+0	6.076885E+8	1.022685E+0	9.526694E+10	1.028537E+0	9.631707E+10	1.023222E+0	1.052102E+11	1.028212E+0	1.062338E+11	1.575127E-3	4.718906E-2	-4.892293E-2	-4.561393E-2	-1.566845E-3	-9.335003E+9	-9.335526E+9	-2.596978E+7	5.224184E+5	-1.056521E+11
5.440010E+2	1.340320E+0	1.244656E+10	1.399178E+0	7.569166E+8	1.313515E+0	1.223584E+10	1.208514E+0	6.701331E+8	1.309224E+0	1.173805E+11	1.309653E+0	1.181433E+11	1.309629E+0	1.296163E+11	1.312526E+0	1.305899E+11	5.885807E-2	-1.050012E-1	1.906645E-1	1.638593E-1	8.665274E-2	-1.168965E+10	-1.156570E+10	8.678347E+7	-1.239425E+8	-1.298329E+11
5.445070E+2	1.492273E+0	1.366596E+10	1.460588E+0	7.857967E+8	1.485822E+0	1.362127E+10	1.462439E+0	7.894017E+8	1.462186E+0	1.291852E+11	1.472497E+0	1.307867E+11	1.464416E+0	1.428064E+11	1.474349E+0	1.444527E+11	-3.168496E-2	-2.338356E-2	-1.850975E-3	-8.301402E-3	-1.376138E-2	-1.288016E+10	-1.283186E+10	-3.604976E+6	-4.830031E+7	-1.436669E+11
5.450090E+2	1.217171E+0	1.145830E+10	1.230638E+0	6.776539E+8	1.211265E+0	1.141370E+10	1.250896E+0	6.900402E+8	1.220873E+0	1.105620E+11	1.213201E+0	1.106546E+11	1.219966E+0	1.219757E+11	1.213573E+0	1.221129E+11	1.346692E-2	3.963177E-2	-2.025880E-2	-2.616484E-2	1.706475E-2	-1.078065E+10	-1.072366E+10	-1.238632E+7	-5.699279E+7	-1.214353E+11
5.455020E+2	9.738423E-1	9.505625E+9	1.037034E+0	5.866045E+8	9.532572E-1	9.339200E+9	9.766631E-1	5.612328E+8	9.667430E-1	9.094969E+10	9.656171E-1	9.143189E+10	9.654705E-1	1.002889E+11	9.663876E-1	1.009375E+11	6.319193E-2	2.340591E-2	6.037109E-2	3.978602E-2	7.064665E-2	-8.919021E+9	-8.777967E+9	2.537174E+7	-1.410538E+8	-1.003509E+11
5.460060E+2	7.726956E-1	7.891450E+9	8.430406E-1	4.953717E+8	7.542481E-1	7.739076E+9	8.134212E-1	4.845580E+8	7.649027E-1	7.537280E+10	7.622704E-1	7.564378E+10	7.638974E-1	8.311188E+10	7.632470E-1	8.353523E+10	7.034502E-2	5.917306E-2	2.961943E-2	1.117196E-2	7.979359E-2	-7.396078E+9	-7.254518E+9	1.081364E+7	-1.415601E+8	-8.303985E+10
5.465160E+2	8.956146E-1	8.877859E+9	9.723796E-1	5.561983E+8	9.065094E-1	8.963327E+9	9.179224E-1	5.336423E+8	9.050400E-1	8.618780E+10	8.946790E-1	8.592416E+10	9.051786E-1	9.515113E+10	8.947666E-1	9.480201E+10	7.676506E-2	1.141292E-2	5.445728E-2	6.535214E-2	7.761305E-2	-8.321660E+9	-8.429684E+9	2.255601E+7	1.080240E+8	-9.424582E+10
5.470110E+2	1.169022E+0	1.107192E+10	1.164477E+0	6.465391E+8	1.172681E+0	1.110347E+10	1.178026E+0	6.558128E+8	1.166270E+0	1.063480E+11	1.162380E+0	1.067088E+11	1.166875E+0	1.174515E+11	1.163002E+0	1.177808E+11	-4.545742E-3	5.344614E-3	-1.354901E-2	-9.890356E-3	1.474302E-3	-1.042538E+10	-1.044765E+10	-9.273617E+6	2.227381E+7	-1.171342E+11
5.475070E+2	1.376808E+0	1.273937E+10	1.455094E+0	7.832132E+8	1.405270E+0	1.297359E+10	1.429065E+0	7.737260E+8	1.392534E+0	1.238098E+11	1.388588E+0	1.242720E+11	1.393736E+0	1.367834E+11	1.387485E+0	1.370113E+11	7.828634E-2	2.379468E-2	2.602933E-2	5.449167E-2	6.760946E-2	-1.195616E+10	-1.219986E+10	9.487177E+6	2.437064E+8	-1.362281E+11
5.480030E+2	1.327342E+0	1.234242E+10	1.313837E+0	7.167818E+8	1.292489E+0	1.206678E+10	1.337558E+0	7.307451E+8	1.309435E+0	1.173967E+11	1.302800E+0	1.176112E+11	1.307836E+0	1.294634E+11	1.305099E+0	1.299536E+11	-1.350494E-2	4.506872E-2	-2.372046E-2	-5.857367E-2	8.738738E-3	-1.162563E+10	-1.133603E+10	-1.396334E+7	-2.896008E+8	-1.292368E+11
5.485390E+2	1.249290E+0	1.171605E+10	1.283509E+0	7.025187E+8	1.258356E+0	1.179233E+10	1.281790E+0	7.045508E+8	1.239506E+0	1.120000E+11	1.245875E+0	1.131915E+11	1.241285E+0	1.237923E+11	1.246195E+0	1.249076E+11	3.421927E-2	2.343363E-2	1.719193E-3	1.078564E-2	3.731392E-2	-1.101354E+10	-1.108778E+10	-2.032167E+6	7.424760E+7	-1.242051E+11
5.490430E+2	1.155186E+0	1.096089E+10	1.168272E+0	6.483240E+8	1.155746E+0	1.096730E+10	1.115897E+0	6.266309E+8	1.143318E+0	1.045767E+11	1.144129E+0	1.052918E+11	1.144490E+0	1.155440E+11	1.145165E+0	1.162527E+11	1.308554E-2	-3.984949E-2	5.237507E-2	5.293503E-2	2.310716E-2	-1.031256E+10	-1.034067E+10	2.169316E+7	2.811008E+7	-1.156044E+11
5.495150E+2	1.454698E+0	1.336442E+10	1.503376E+0	8.059193E+8	1.450248E+0	1.333523E+10	1.471639E+0	7.937229E+8	1.435399E+0	1.271179E+11	1.439674E+0	1.282383E+11	1.436800E+0	1.404531E+11	1.441082E+0	1.416028E+11	4.867810E-2	2.139098E-2	3.173692E-2	2.728712E-2	6.229409E-2	-1.255851E+10	-1.254151E+10	1.219642E+7	-1.699871E+7	-1.407968E+11
5.500050E+2	1.783996E+0	1.600700E+10	1.786359E+0	9.390028E+8	1.785068E+0	1.602734E+10	1.774638E+0	9.360417E+8	1.761055E+0	1.522502E+11	1.771080E+0	1.539691E+11	1.763321E+0	1.682775E+11	1.772290E+0	1.699762E+11	2.362206E-3	-1.043031E-2	1.172047E-2	1.279252E-2	1.406842E-2	-1.506800E+10	-1.509130E+10	2.961044E+6	2.329717E+7	-1.690371E+11
5.504950E+2	1.881789E+0	1.679177E+10	1.888395E+0	9.869892E+8	1.855707E+0	1.659530E+10	1.903010E+0	9.963378E+8	1.845150E+0	1.587401E+11	1.850713E+0	1.601519E+11	1.846146E+0	1.753354E+11	1.853624E+0	1.769437E+11	6.605802E-3	4.730273E-2	-1.461486E-2	-4.069692E-2	3.477072E-2	-1.580479E+10	-1.559897E+10	-9.348678E+6	-2.058195E+8	-1.759567E+11
5.510080E+2	1.590298E+0	1.445260E+10	1.614652E+0	8.582513E+8	1.589420E+0	1.445424E+10	1.591301E+0	8.499284E+8	1.563818E+0	1.370285E+11	1.570018E+0	1.383584E+11	1.566233E+0	1.514827E+11	1.571917E+0	1.528110E+11	2.435459E-2	1.881194E-3	2.335100E-2	2.247340E-2	4.273485E-2	-1.359435E+10	-1.360431E+10	8.322964E+6	9.963686E+6	-1.519527E+11
5.515000E+2	1.252430E+0	1.174125E+10	1.234594E+0	6.795143E+8	1.263882E+0	1.183676E+10	1.259132E+0	6.939084E+8	1.250096E+0	1.128172E+11	1.255299E+0	1.139232E+11	1.251396E+0	1.246540E+11	1.255030E+0	1.256644E+11	-1.783616E-2	-4.750272E-3	-2.453820E-2	-1.308589E-2	-2.043655E-2	-1.106174E+10	-1.114286E+10	-1.439402E+7	8.111811E+7	-1.249849E+11
5.520040E+2	1.019609E+0	9.872897E+9	1.014535E+0	5.760232E+8	1.024638E+0	9.913133E+9	1.031291E+0	5.868916E+8	1.018070E+0	9.491078E+10	1.018894E+0	9.556841E+10	1.018689E+0	1.048239E+11	1.018961E+0	1.054413E+11	-5.074468E-3	6.653279E-3	-1.675672E-2	-1.172775E-2	-4.426821E-3	-9.296874E+9	-9.326242E+9	-1.086843E+7	2.936801E+7	-1.048653E+11
5.525040E+2	1.064726E+0	1.023495E+10	1.050413E+0	5.928964E+8	1.075683E+0	1.032356E+10	1.050382E+0	5.958585E+8	1.064845E+0	9.852067E+10	1.065015E+0	9.914925E+10	1.065868E+0	1.088442E+11	1.064988E+0	1.093842E+11	-1.431250E-2	-2.530070E-2	3.118142E-5	1.098820E-2	-1.457453E-2	-9.642055E+9	-9.727697E+9	-2.962057E+6	8.564179E+7	-1.087913E+11
5.530150E+2	1.193696E+0	1.126992E+10	1.192683E+0	6.598044E+8	1.205131E+0	1.136438E+10	1.151955E+0	6.435675E+8	1.197795E+0	1.087809E+11	1.196392E+0	1.093496E+11	1.198487E+0	1.201453E+11	1.196139E+0	1.206195E+11	-1.012288E-3	-5.317616E-2	4.072806E-2	5.216387E-2	-3.455945E-3	-1.061011E+10	-1.072081E+10	1.623691E+7	1.107008E+8	-1.199597E+11
5.534770E+2	1.184440E+0	1.119564E+10	1.207431E+0	6.667400E+8	1.173731E+0	1.111191E+10	1.199191E+0	6.657540E+8	1.191718E+0	1.083120E+11	1.189571E+0	1.088200E+11	1.190021E+0	1.194239E+11	1.189091E+0	1.200156E+11	2.299079E-2	2.545934E-2	8.240110E-3	-2.468555E-3	1.834008E-2	-1.052890E+10	-1.044616E+10	9.859838E+5	-8.274598E+7	-1.193489E+11
5.540290E+2	1.006875E+0	9.770711E+9	1.020234E+0	5.787038E+8	1.018468E+0	9.863521E+9	1.003265E+0	5.737278E+8	1.009157E+0	9.422298E+10	1.009319E+0	9.482496E+10	1.010036E+0	1.040865E+11	1.009090E+0	1.045957E+11	1.335901E-2	-1.520247E-2	1.696919E-2	2.856148E-2	1.114441E-2	-9.192008E+9	-9.289794E+9	4.975986E+6	9.778595E+7	-1.040170E+11
5.550140E+2	8.927999E-1	8.855271E+9	9.129906E-1	5.282683E+8	8.985017E-1	8.898940E+9	8.821928E-1	5.168601E+8	8.980666E-1	8.564963E+10	8.919740E-1	8.571414E+10	8.981076E-1	9.454857E+10	8.920513E-1	9.456941E+10	2.019071E-2	-1.630889E-2	3.079783E-2	3.649960E-2	2.093927E-2	-8.327003E+9	-8.382080E+9	1.140825E+7	5.507759E+7	-9.404114E+10
5.560300E+2	8.362985E-1	8.401855E+9	8.541457E-1	5.005943E+8	8.317696E-1	8.362384E+9	8.230261E-1	4.890695E+8	8.365924E-1	8.090540E+10	8.373590E-1	8.147375E+10	8.361373E-1	8.926779E+10	8.372596E-1	8.987561E+10	1.784715E-2	-8.743537E-3	3.111959E-2	2.659068E-2	1.688604E-2	-7.901261E+9	-7.873315E+9	1.152479E+7	-2.794593E+7	-8.937501E+10
5.570330E+2	1.028622E+0	9.945222E+9	1.024477E+0	5.806992E+8	1.022654E+0	9.897183E+9	9.796722E-1	5.626462E+8	1.022507E+0	9.525324E+10	1.020250E+0	9.567367E+10	1.022521E+0	1.051504E+11	1.021034E+0	1.056189E+11	-4.144113E-3	-4.298193E-2	4.480524E-2	3.883782E-2	3.443165E-3	-9.364522E+9	-9.334536E+9	1.805307E+7	-2.998603E+7	-1.050382E+11
5.580110E+2	1.228533E+0	1.154948E+10	1.260531E+0	6.917125E+8	1.247217E+0	1.170277E+10	1.271531E+0	6.997322E+8	1.227982E+0	1.111107E+11	1.238244E+0	1.125990E+11	1.229797E+0	1.228134E+11	1.237334E+0	1.241485E+11	3.199837E-2	2.431357E-2	-1.099964E-2	7.684800E-3	2.319697E-2	-1.085777E+10	-1.100304E+10	-8.019710E+6	1.452695E+8	-1.234568E+11
5.590390E+2	1.235336E+0	1.160408E+10	1.170393E+0	6.493216E+8	1.211832E+0	1.141826E+10	1.197738E+0	6.650715E+8	1.210924E+0	1.097942E+11	1.211473E+0	1.105204E+11	1.211010E+0	1.212125E+11	1.213708E+0	1.221245E+11	-6.494283E-2	-1.409443E-2	-2.734450E-2	-5.084840E-2	-4.331489E-2	-1.095475E+10	-1.075319E+10	-1.574988E+7	-2.015680E+8	-1.214752E+11
5.600180E+2	1.010294E+0	9.798144E+9	1.002911E+0	5.705569E+8	1.005575E+0	9.759861E+9	9.781418E-1	5.619273E+8	1.015951E+0	9.474724E+10	1.007751E+0	9.470319E+10	1.014972E+0	1.045071E+11	1.007989E+0	1.045013E+11	-7.382705E-3	-2.743349E-2	2.476937E-2	2.005079E-2	-5.077664E-3	-9.227587E+9	-9.197933E+9	8.629547E+6	-2.965401E+7	-1.039308E+11
5.610130E+2	8.688731E-1	8.663262E+9	8.812315E-1	5.133324E+8	8.658129E-1	8.636108E+9	9.118775E-1	5.308030E+8	8.639504E-1	8.301674E+10	8.659348E-1	8.369242E+10	8.641262E-1	9.165285E+10	8.662100E-1	9.235568E+10	1.235842E-2	4.606462E-2	-3.064594E-2	-3.370620E-2	1.502152E-2	-8.149930E+9	-8.105305E+9	-1.747056E+7	-4.462486E+7	-9.184235E+10
5.620220E+2	7.539841E-1	7.741293E+9	7.355796E-1	4.448341E+8	7.513110E-1	7.715461E+9	7.564437E-1	4.577957E+8	7.518750E-1	7.436740E+10	7.487624E-1	7.459499E+10	7.518218E-1	8.208286E+10	7.492515E-1	8.233629E+10	-1.840450E-2	5.132722E-3	-2.086407E-2	-2.353722E-2	-1.367188E-2	-7.296459E+9	-7.257665E+9	-1.296164E+7	-3.879432E+7	-8.189145E+10
5.629840E+2	8.591981E-1	8.585621E+9	8.674734E-1	5.068621E+8	8.608325E-1	8.596063E+9	7.940195E-1	4.754451E+8	8.638516E-1	8.300911E+10	8.616513E-1	8.335984E+10	8.635667E-1	9.160518E+10	8.614215E-1	9.194546E+10	8.275358E-3	-6.681300E-2	7.345395E-2	7.508836E-2	6.051959E-3	-8.078759E+9	-8.120618E+9	3.141708E+7	4.185921E+7	-9.143860E+10
5.640120E+2	1.064352E+0	1.023195E+10	1.034036E+0	5.851943E+8	1.073404E+0	1.030524E+10	1.126451E+0	6.315883E+8	1.075956E+0	9.937814E+10	1.076967E+0	1.000773E+11	1.075715E+0	1.096834E+11	1.075786E+0	1.103092E+11	-3.031655E-2	5.304711E-2	-9.241575E-2	-8.336367E-2	-4.175017E-2	-9.646760E+9	-9.673647E+9	-4.639402E+7	2.688744E+7	-1.097240E+11
5.650210E+2	1.074922E+0	1.031677E+10	1.136809E+0	6.335276E+8	1.076620E+0	1.033109E+10	1.040056E+0	5.910086E+8	1.083199E+0	9.993707E+10	1.084041E+0	1.006265E+11	1.082578E+0	1.102682E+11	1.083187E+0	1.109433E+11	6.188772E-2	-3.656318E-2	9.675302E-2	9.845090E-2	5.362254E-2	-9.683247E+9	-9.740081E+9	4.251899E+7	5.683412E+7	-1.103097E+11
5.660100E+2	9.795686E-1	9.551578E+9	1.016534E+0	5.769637E+8	9.745489E-1	9.510395E+9	9.918037E-1	5.683443E+8	9.827904E-1	9.218813E+10	9.796309E-1	9.251994E+10	9.820127E-1	1.016985E+11	9.796250E-1	1.020715E+11	3.696575E-2	1.725477E-2	2.473070E-2	1.971098E-2	3.690934E-2	-8.974615E+9	-8.942050E+9	8.619393E+6	-3.256437E+7	-1.014946E+11
5.670200E+2	9.249397E-1	9.113189E+9	8.945007E-1	5.195727E+8	9.328465E-1	9.175088E+9	9.319378E-1	5.402253E+8	9.235206E-1	8.761403E+10	9.255451E-1	8.832064E+10	9.244005E-1	9.678912E+10	9.254884E-1	9.743383E+10	-3.043904E-2	-9.086889E-4	-3.743714E-2	-2.953035E-2	-3.098771E-2	-8.593616E+9	-8.634863E+9	-2.065259E+7	4.124713E+7	-9.691426E+10
