Photon Energy (eV)	X ref norm	X ref	X pump norm	X pump	Y ref norm	Y ref	Y pump norm	Y pump	X all norm	X all	Y all norm	Y all	X all Y ref norm	X all Y ref	Y all X ref norm	Y all X ref	BC(X hist) norm	BC(Y hist) norm	StS norm	BCSC norm	BCLR norm	BC(X hist)	BC(Y hist)	StS	BCSC	BCLR	
5.290170E+2	-5.041686E-3	1.650214E+9	-3.536905E-2	8.688286E+7	-1.494767E-3	1.662562E+9	1.306678E-2	1.092069E+8	-4.290593E-3	1.601084E+10	-3.830638E-3	1.616265E+10	-4.026793E-3	1.767340E+10	-3.944084E-3	1.781286E+10	-3.032736E-2	1.456155E-2	-4.843583E-2	-4.488891E-2	-3.142496E-2	-1.563331E+9	-1.553355E+9	-2.232407E+7	-9.976200E+6	-1.772598E+10
5.295060E+2	-4.615316E-2	1.320300E+9	-6.467036E-2	7.289878E+7	-4.577944E-2	1.306493E+9	-2.954879E-2	8.869357E+7	-4.739620E-2	1.268419E+10	-4.770968E-2	1.275582E+10	-4.724365E-2	1.399068E+10	-4.756387E-2	1.407612E+10	-1.851721E-2	1.623065E-2	-3.512157E-2	-3.474785E-2	-1.710649E-2	-1.247401E+9	-1.217799E+9	-1.579479E+7	-2.960175E+7	-1.400322E+10
5.300060E+2	-1.812910E-2	1.545189E+9	5.096072E-4	1.040060E+8	-1.776047E-2	1.531778E+9	-4.730637E-2	8.014581E+7	-2.290924E-2	1.457395E+10	-2.231698E-2	1.472734E+10	-2.242343E-2	1.610573E+10	-2.192468E-2	1.627253E+10	1.863871E-2	-2.954590E-2	4.781598E-2	4.818461E-2	2.243428E-2	-1.441183E+9	-1.451632E+9	2.386017E+7	1.044915E+7	-1.616852E+10
5.305080E+2	3.116071E-2	1.940733E+9	3.266455E-2	1.193520E+8	3.247915E-2	1.935727E+9	3.414256E-2	1.193519E+8	3.026294E-2	1.867748E+10	3.066917E-2	1.884126E+10	3.047205E-2	2.061321E+10	3.071522E-2	2.078199E+10	1.503841E-3	1.663410E-3	-1.478002E-3	-1.595698E-4	1.949336E-3	-1.821381E+9	-1.816375E+9	1.857262E+1	-5.005837E+6	-2.066264E+10
5.310100E+2	6.520202E-2	2.213910E+9	6.283377E-2	1.337502E+8	5.564506E-2	2.121992E+9	5.253061E-2	1.282032E+8	6.274701E-2	2.118442E+10	6.507918E-2	2.151290E+10	6.207691E-2	2.330641E+10	6.509068E-2	2.372681E+10	-2.368255E-3	-3.114450E-3	1.030316E-2	7.461955E-4	-2.256918E-3	-2.080160E+9	-1.993788E+9	5.547058E+6	-8.637127E+7	-2.359306E+10
5.315080E+2	1.852808E-2	1.839358E+9	3.263045E-2	1.193357E+8	1.840921E-2	1.822599E+9	8.418128E-3	1.069693E+8	2.262570E-2	1.808808E+10	2.230917E-2	1.819218E+10	2.222785E-2	1.991068E+10	2.195497E-2	2.003153E+10	1.410237E-2	-9.991078E-3	2.421233E-2	2.409345E-2	1.067548E-2	-1.720022E+9	-1.715629E+9	1.236641E+7	-4.392964E+6	-1.991220E+10
5.320070E+2	-3.916981E-3	1.659239E+9	1.167721E-2	1.093357E+8	-3.762099E-3	1.644331E+9	5.590862E-3	1.056083E+8	-2.981837E-3	1.611184E+10	-5.072946E-3	1.606619E+10	-3.055459E-3	1.775617E+10	-4.964660E-3	1.772543E+10	1.559419E-2	9.352961E-3	6.086347E-3	6.241229E-3	1.664187E-2	-1.549904E+9	-1.538723E+9	3.727389E+6	-1.118072E+7	-1.761609E+10
5.325120E+2	-4.164989E-2	1.356438E+9	-4.027618E-2	8.454093E+7	-3.773663E-2	1.371161E+9	-3.689376E-2	8.515800E+7	-3.805778E-2	1.340488E+10	-3.912727E-2	1.342217E+10	-3.802748E-2	1.477604E+10	-3.936358E-2	1.477860E+10	1.373712E-3	8.428663E-4	-3.382414E-3	5.308456E-4	-9.125952E-4	-1.271897E+9	-1.286003E+9	-6.170778E+5	1.410569E+7	-1.469406E+10
5.330130E+2	4.445377E-3	1.726346E+9	-7.177460E-3	1.003373E+8	-8.855220E-4	1.667460E+9	-1.960114E-2	9.348196E+7	2.339664E-3	1.652252E+10	1.930567E-3	1.660995E+10	2.035351E-3	1.818998E+10	2.166144E-3	1.833630E+10	-1.162284E-2	-1.871561E-2	1.242368E-2	7.092777E-3	-9.343605E-3	-1.626009E+9	-1.573978E+9	6.855362E+6	-5.203056E+7	-1.823596E+10
5.332090E+2	5.778328E-2	2.154376E+9	5.108621E-2	1.281437E+8	6.462164E-2	2.194167E+9	6.912582E-2	1.361914E+8	6.038313E-2	2.100199E+10	5.962232E-2	2.108922E+10	6.078305E-2	2.319615E+10	5.945005E-2	2.324360E+10	-6.697067E-3	4.504182E-3	-1.803961E-2	-1.120125E-2	-8.363834E-3	-2.026232E+9	-2.057976E+9	-8.047719E+6	3.174413E+7	-2.311545E+10
5.334060E+2	7.811663E-2	2.317548E+9	7.899236E-2	1.414619E+8	8.256398E-2	2.338432E+9	8.787726E-2	1.452176E+8	8.207064E-2	2.267570E+10	8.361192E-2	2.295181E+10	8.211718E-2	2.501414E+10	8.309715E-2	2.526935E+10	8.757263E-4	5.313281E-3	-8.884899E-3	-4.437555E-3	-4.104789E-3	-2.176086E+9	-2.193214E+9	-3.755648E+6	1.712831E+7	-2.512789E+10
5.336080E+2	4.007936E-2	2.012304E+9	2.697924E-2	1.166386E+8	4.670310E-2	2.050094E+9	5.960497E-2	1.316085E+8	4.320908E-2	1.967659E+10	4.220841E-2	1.973718E+10	4.353876E-2	2.172668E+10	4.200897E-2	2.174948E+10	-1.310012E-2	1.290187E-2	-3.262573E-2	-2.600198E-2	-1.502974E-2	-1.895665E+9	-1.918486E+9	-1.496985E+7	2.282043E+7	-2.163285E+10
5.338150E+2	1.246959E-2	1.790739E+9	-1.869227E-2	9.484187E+7	1.027543E-2	1.757199E+9	-7.642112E-3	9.923853E+7	7.208094E-3	1.689824E+10	4.848868E-3	1.683653E+10	7.497513E-3	1.865544E+10	5.562746E-3	1.862727E+10	-3.116186E-2	-1.791754E-2	-1.105015E-2	-1.324431E-2	-2.425501E-2	-1.695898E+9	-1.657961E+9	-4.396666E+6	-3.793672E+7	-1.853243E+10
5.340070E+2	2.567422E-2	1.896705E+9	2.521634E-2	1.157973E+8	3.117797E-2	1.925265E+9	3.329509E-2	1.189440E+8	3.398487E-2	1.896472E+10	3.299558E-2	1.902188E+10	3.372002E-2	2.088998E+10	3.230974E-2	2.091859E+10	-4.578780E-4	2.117127E-3	-8.078748E-3	-2.575004E-3	-7.093397E-3	-1.780907E+9	-1.806321E+9	-3.146712E+6	2.541371E+7	-2.080279E+10
5.342040E+2	1.597702E-1	2.972807E+9	1.334310E-1	1.674428E+8	1.538670E-1	2.911741E+9	1.314339E-1	1.661839E+8	1.559015E-1	2.837355E+10	1.507091E-1	2.816132E+10	1.557095E-1	3.128529E+10	1.515579E-1	3.113413E+10	-2.633926E-2	-2.243318E-2	1.997104E-3	-3.906085E-3	-1.812695E-2	-2.805364E+9	-2.745557E+9	1.258886E+6	-5.980732E+7	-3.096669E+10
5.344070E+2	3.154228E-1	4.221898E+9	3.134754E-1	2.533692E+8	3.199809E-1	4.247372E+9	2.612370E-1	2.286658E+8	3.346182E-1	4.216589E+10	3.138639E-1	4.082888E+10	3.332371E-1	4.641326E+10	3.140099E-1	4.505078E+10	-1.947390E-3	-5.874386E-2	5.223832E-2	5.679647E-2	-5.345734E-4	-3.968528E+9	-4.018706E+9	2.470338E+7	5.017736E+7	-4.479741E+10
5.346150E+2	4.232175E-1	5.086936E+9	4.759782E-1	3.309238E+8	4.126065E-1	4.992123E+9	4.208916E-1	3.055169E+8	4.419861E-1	5.045193E+10	4.207938E-1	4.913106E+10	4.392139E-1	5.544405E+10	4.210208E-1	5.421800E+10	5.276065E-2	8.285138E-3	5.508652E-2	4.447551E-2	5.495735E-2	-4.756012E+9	-4.686606E+9	2.540689E+7	-6.940578E+7	-5.388707E+10
5.348120E+2	6.027508E-1	6.527666E+9	5.929073E-1	3.867283E+8	5.868973E-1	6.393500E+9	6.418247E-1	4.118649E+8	6.171983E-1	6.397382E+10	5.904799E-1	6.230573E+10	6.143393E-1	7.036732E+10	5.916294E-1	6.883339E+10	-9.843533E-3	5.492734E-2	-4.891741E-2	-6.477088E-2	1.277870E-3	-6.140938E+9	-5.981636E+9	-2.513657E+7	-1.593024E+8	-6.844667E+10
5.350150E+2	9.603274E-1	9.397170E+9	1.004752E+0	5.832817E+8	9.616660E-1	9.406810E+9	9.740969E-1	5.718069E+8	9.765037E-1	9.170296E+10	9.493924E-1	9.017218E+10	9.751037E-1	1.011098E+11	9.504167E-1	9.956935E+10	4.442495E-2	1.243088E-2	3.065551E-2	3.199406E-2	5.433563E-2	-8.813889E+9	-8.835003E+9	1.147484E+7	2.111453E+7	-9.898607E+10
5.352130E+2	1.714778E+0	1.545153E+10	1.770401E+0	9.486882E+8	1.736261E+0	1.563490E+10	1.779889E+0	9.596815E+8	1.711154E+0	1.483991E+11	1.704334E+0	1.487868E+11	1.713523E+0	1.640340E+11	1.705312E+0	1.642384E+11	5.562334E-2	4.362763E-2	-9.487603E-3	1.199571E-2	6.508908E-2	-1.450284E+10	-1.467522E+10	-1.099333E+7	1.723796E+8	-1.632897E+11
5.354010E+2	2.707463E+0	2.341769E+10	2.695328E+0	1.390110E+9	2.677603E+0	2.320372E+10	2.730368E+0	1.417203E+9	2.629518E+0	2.192732E+11	2.641479E+0	2.215481E+11	2.634055E+0	2.424770E+11	2.647660E+0	2.449658E+11	-1.213475E-2	5.276510E-2	-3.504030E-2	-6.489985E-2	4.766779E-2	-2.202758E+10	-2.178652E+10	-2.709254E+7	-2.410655E+8	-2.435757E+11
5.356150E+2	2.566215E+0	2.228420E+10	2.476888E+0	1.285860E+9	2.565785E+0	2.230465E+10	2.500378E+0	1.306495E+9	2.508689E+0	2.099483E+11	2.525520E+0	2.125448E+11	2.514076E+0	2.322530E+11	2.529332E+0	2.348290E+11	-8.932744E-2	-6.540680E-2	-2.348998E-2	-2.392064E-2	-5.244372E-2	-2.099835E+10	-2.099816E+10	-2.063544E+7	-1.886114E+5	-2.335432E+11
5.358080E+2	2.428708E+0	2.118073E+10	2.381611E+0	1.240389E+9	2.395305E+0	2.093392E+10	2.372407E+0	1.244895E+9	2.358420E+0	1.983514E+11	2.381719E+0	2.013800E+11	2.361901E+0	2.192854E+11	2.386121E+0	2.225607E+11	-4.709687E-2	-2.289841E-2	9.204322E-3	-2.419846E-2	-4.509847E-3	-1.994034E+10	-1.968902E+10	-4.506403E+6	-2.513138E+8	-2.213203E+11
5.360170E+2	1.805330E+0	1.617820E+10	1.886648E+0	1.004167E+9	1.785406E+0	1.603006E+10	1.873646E+0	1.004812E+9	1.770802E+0	1.530024E+11	1.778281E+0	1.545282E+11	1.772180E+0	1.690324E+11	1.780815E+0	1.707064E+11	8.131833E-2	8.823948E-2	1.300264E-2	-6.921146E-3	1.058336E-1	-1.517404E+10	-1.502524E+10	-6.449593E+5	-1.487923E+8	-1.697023E+11
5.362050E+2	1.874170E+0	1.673064E+10	1.978697E+0	1.048098E+9	1.858336E+0	1.661644E+10	1.832580E+0	9.850450E+8	1.850345E+0	1.591411E+11	1.854608E+0	1.604543E+11	1.851099E+0	1.757575E+11	1.856440E+0	1.771850E+11	1.045271E-1	-2.575584E-2	1.461174E-1	1.302830E-1	1.222571E-1	-1.568254E+10	-1.563140E+10	6.305286E+7	-5.114116E+7	-1.761369E+11
5.364090E+2	2.005014E+0	1.778064E+10	2.018448E+0	1.067069E+9	2.012323E+0	1.785457E+10	2.014745E+0	1.072732E+9	2.003951E+0	1.709955E+11	2.001558E+0	1.718638E+11	2.004741E+0	1.888501E+11	2.001882E+0	1.896444E+11	1.343430E-2	2.421514E-3	3.703157E-3	1.101279E-2	1.656613E-2	-1.671357E+10	-1.678184E+10	-5.662719E+6	6.827161E+7	-1.885773E+11
5.366140E+2	2.018087E+0	1.788555E+10	2.051401E+0	1.082796E+9	2.046787E+0	1.813167E+10	2.138005E+0	1.132064E+9	2.028097E+0	1.728589E+11	2.019578E+0	1.732629E+11	2.029860E+0	1.909906E+11	2.019438E+0	1.911484E+11	3.331382E-2	9.121840E-2	-8.660448E-2	-5.790458E-2	3.196250E-2	-1.680275E+10	-1.699961E+10	-4.926842E+7	1.968571E+8	-1.900656E+11
5.368080E+2	1.568552E+0	1.427809E+10	1.632393E+0	8.828239E+8	1.541979E+0	1.407279E+10	1.511383E+0	8.304341E+8	1.581910E+0	1.384248E+11	1.558388E+0	1.374555E+11	1.578143E+0	1.524976E+11	1.559340E+0	1.517335E+11	6.384156E-2	-3.059617E-2	1.210102E-1	9.443773E-2	7.305284E-2	-1.339526E+10	-1.324236E+10	5.238976E+7	-1.529069E+8	-1.508507E+11
5.370070E+2	1.169041E+0	1.107207E+10	1.237542E+0	6.943807E+8	1.176150E+0	1.113136E+10	1.144842E+0	6.539964E+8	1.191476E+0	1.082933E+11	1.182994E+0	1.083093E+11	1.190030E+0	1.194247E+11	1.181687E+0	1.193814E+11	6.850037E-2	-3.130808E-2	9.270010E-2	9.980845E-2	5.585525E-2	-1.037769E+10	-1.047736E+10	4.038433E+7	9.966921E+7	-1.186870E+11
5.372010E+2	9.903882E-1	9.638404E+9	1.072146E+0	6.154452E+8	9.809559E-1	9.561910E+9	1.049601E+0	6.081517E+8	1.004965E+0	9.389943E+10	9.890656E-1	9.325246E+10	1.002699E+0	1.034613E+11	9.891895E-1	1.028909E+11	8.175737E-2	6.864554E-2	2.254414E-2	1.311183E-2	8.295614E-2	-9.022959E+9	-8.953758E+9	7.293542E+6	-6.920074E+7	-1.022754E+11
5.374220E+2	1.218753E+0	1.147100E+10	1.294961E+0	7.217843E+8	1.211554E+0	1.141603E+10	1.249493E+0	7.043714E+8	1.230339E+0	1.112925E+11	1.206144E+0	1.101068E+11	1.228567E+0	1.227086E+11	1.207325E+0	1.215778E+11	7.620836E-2	3.793900E-2	4.546798E-2	3.826936E-2	8.763597E-2	-1.074922E+10	-1.071166E+10	1.741290E+7	-3.756179E+7	-1.208560E+11
5.376110E+2	1.698079E+0	1.531752E+10	1.754356E+0	9.410306E+8	1.689174E+0	1.525630E+10	1.668259E+0	9.059476E+8	1.718481E+0	1.489646E+11	1.694995E+0	1.480618E+11	1.715716E+0	1.642209E+11	1.695284E+0	1.633793E+11	5.627715E-2	-2.091534E-2	8.609700E-2	7.719248E-2	5.907207E-2	-1.437649E+10	-1.435036E+10	3.508303E+7	-2.613623E+7	-1.624383E+11
5.378110E+2	1.909380E+0	1.701319E+10	1.922142E+0	1.021107E+9	1.904853E+0	1.699046E+10	1.829975E+0	9.837909E+8	1.912472E+0	1.639357E+11	1.902755E+0	1.641926E+11	1.911753E+0	1.809261E+11	1.903376E+0	1.812058E+11	1.276178E-2	-7.487820E-2	9.216743E-2	8.763999E-2	1.876628E-2	-1.599209E+10	-1.600667E+10	3.731589E+7	1.458406E+7	-1.801847E+11
5.380110E+2	1.805173E+0	1.617694E+10	1.728505E+0	9.286935E+8	1.788932E+0	1.605841E+10	1.887814E+0	1.011632E+9	1.776650E+0	1.534537E+11	1.782688E+0	1.548704E+11	1.777808E+0	1.695121E+11	1.784795E+0	1.710474E+11	-7.666762E-2	9.888184E-2	-1.593087E-1	-1.755495E-1	-5.628923E-2	-1.524825E+10	-1.504677E+10	-8.293889E+7	-2.014757E+8	-1.701187E+11
5.382110E+2	1.639736E+0	1.484933E+10	1.715495E+0	9.224844E+8	1.629288E+0	1.477480E+10	1.636570E+0	8.906938E+8	1.618710E+0	1.412648E+11	1.630679E+0	1.430682E+11	1.619709E+0	1.560396E+11	1.631527E+0	1.579175E+11	7.575930E-2	7.281198E-3	7.892556E-2	6.847810E-2	8.396813E-2	-1.392685E+10	-1.388410E+10	3.179062E+7	-4.274407E+7	-1.569950E+11
5.384110E+2	1.724457E+0	1.552921E+10	1.724439E+0	9.267526E+8	1.732269E+0	1.560280E+10	1.665724E+0	9.047275E+8	1.696100E+0	1.472373E+11	1.708222E+0	1.490887E+11	1.699513E+0	1.628401E+11	1.709743E+0	1.646179E+11	-1.819863E-5	-6.654441E-2	5.871454E-2	6.652621E-2	1.469612E-2	-1.460245E+10	-1.469808E+10	2.202514E+7	9.562278E+7	-1.636912E+11
5.386120E+2	2.046669E+0	1.811491E+10	2.017359E+0	1.066549E+9	2.054008E+0	1.818973E+10	2.000716E+0	1.065979E+9	2.012482E+0	1.716539E+11	2.034789E+0	1.744438E+11	2.016400E+0	1.898436E+11	2.035902E+0	1.925588E+11	-2.931019E-2	-5.329122E-2	1.664219E-2	2.398104E-2	-1.854316E-2	-1.704836E+10	-1.712375E+10	5.700685E+5	7.538861E+7	-1.914922E+11
5.388180E+2	2.390333E+0	2.087278E+10	2.290849E+0	1.197072E+9	2.396659E+0	2.094481E+10	2.379303E+0	1.248215E+9	2.357932E+0	1.983137E+11	2.373084E+0	2.007095E+11	2.361586E+0	2.192585E+11	2.374699E+0	2.215823E+11	-9.948464E-2	-1.735599E-2	-8.845461E-2	-8.212865E-2	-8.385071E-2	-1.967570E+10	-1.969659E+10	-5.114254E+7	2.088898E+7	-2.203852E+11
5.390080E+2	2.024707E+0	1.793867E+10	1.993264E+0	1.055050E+9	2.015873E+0	1.788311E+10	2.049136E+0	1.089286E+9	1.993276E+0	1.701717E+11	1.995993E+0	1.714317E+11	1.995408E+0	1.880548E+11	1.998683E+0	1.893704E+11	-3.144278E-2	3.326357E-2	-5.587253E-2	-6.470635E-2	-5.418912E-3	-1.688362E+10	-1.679382E+10	-3.423653E+7	-8.979596E+7	-1.883153E+11
5.392030E+2	1.565492E+0	1.425353E+10	1.678071E+0	9.046236E+8	1.552163E+0	1.415468E+10	1.533790E+0	8.412201E+8	1.545218E+0	1.355931E+11	1.556883E+0	1.373386E+11	1.545874E+0	1.497478E+11	1.557689E+0	1.515921E+11	1.125792E-1	-1.837310E-2	1.442806E-1	1.309523E-1	1.203815E-1	-1.334891E+10	-1.331346E+10	6.340352E+7	-3.545132E+7	-1.506875E+11
5.394100E+2	1.096340E+0	1.048865E+10	1.117626E+0	6.371507E+8	1.121358E+0	1.069080E+10	1.066956E+0	6.165054E+8	1.107206E+0	1.017898E+11	1.109448E+0	1.025991E+11	1.108541E+0	1.124806E+11	1.108220E+0	1.130877E+11	2.128632E-2	-5.440168E-2	5.066991E-2	7.568800E-2	9.406082E-3	-9.851498E+9	-1.007430E+10	2.064531E+7	2.227993E+8	-1.124506E+11
5.396110E+2	9.761160E-1	9.523871E+9	1.016579E+0	5.889259E+8	9.903433E-1	9.637389E+9	9.977121E-1	5.831743E+8	9.947956E-1	9.311463E+10	9.937542E-1	9.361649E+10	9.943755E-1	1.027520E+11	9.921019E-1	1.031404E+11	4.046284E-2	7.368823E-3	1.886672E-2	3.309402E-2	2.447691E-2	-8.934946E+9	-9.054214E+9	5.751634E+6	1.192687E+8	-1.025514E+11
5.398120E+2	1.015031E+0	9.836156E+9	1.024501E+0	5.927068E+8	1.041508E+0	1.004878E+10	1.016332E+0	5.921373E+8	1.029602E+0	9.580076E+10	1.033612E+0	9.671108E+10	1.030725E+0	1.058495E+11	1.031871E+0	1.065472E+11	9.470433E-3	-2.517585E-2	8.168629E-3	3.464628E-2	-7.370098E-3	-9.243449E+9	-9.456640E+9	5.694746E+5	2.131916E+8	-1.059545E+11
5.400460E+2	1.133327E+0	1.078547E+10	1.205924E+0	6.792913E+8	1.128491E+0	1.074816E+10	1.184236E+0	6.729591E+8	1.125708E+0	1.032177E+11	1.126522E+0	1.039247E+11	1.125970E+0	1.139658E+11	1.127159E+0	1.147102E+11	7.259721E-2	5.574456E-2	2.168845E-2	1.685265E-2	7.876516E-2	-1.010618E+10	-1.007520E+10	6.332147E+6	-3.097606E+7	-1.140309E+11
5.402160E+2	8.143898E-1	8.226041E+9	8.376276E-1	5.035213E+8	8.069335E-1	8.162691E+9	7.657465E-1	4.715157E+8	8.136784E-1	7.913703E+10	8.101281E-1	7.935951E+10	8.130420E-1	8.729972E+10	8.105274E-1	8.758556E+10	2.323779E-2	-4.118694E-2	7.188112E-2	6.442473E-2	2.710028E-2	-7.722520E+9	-7.691175E+9	3.200562E+7	-3.134488E+7	-8.708203E+10
5.404070E+2	5.720489E-1	6.281288E+9	6.270097E-1	4.030037E+8	5.857509E-1	6.384283E+9	5.527507E-1	3.689883E+8	5.837999E-1	6.139632E+10	5.826080E-1	6.169454E+10	5.839840E-1	6.778060E+10	5.816189E-1	6.797583E+10	5.496078E-2	-3.300028E-2	7.425905E-2	8.796106E-2	4.539083E-2	-5.878284E+9	-6.015295E+9	3.401538E+7	1.370104E+8	-6.757283E+10
5.406030E+2	3.773115E-1	4.718546E+9	3.951537E-1	2.923502E+8	3.753435E-1	4.692512E+9	3.709119E-1	2.814587E+8	3.871510E-1	4.622007E+10	3.846997E-1	4.632867E+10	3.860369E-1	5.091258E+10	3.840076E-1	5.104721E+10	1.784218E-2	-4.431620E-3	2.424174E-2	2.227380E-2	1.114610E-2	-4.426196E+9	-4.411054E+9	1.089149E+7	-1.514256E+7	-5.075486E+10
5.408060E+2	4.130328E-1	5.005205E+9	4.415030E-1	3.144705E+8	4.127501E-1	4.993278E+9	3.913668E-1	2.913049E+8	4.224163E-1	4.894165E+10	4.173020E-1	4.885996E+10	4.215043E-1	5.393493E+10	4.169021E-1	5.386517E+10	2.847021E-2	-2.138327E-2	5.013617E-2	4.985348E-2	2.460088E-2	-4.690734E+9	-4.701973E+9	2.316561E+7	1.123862E+7	-5.355069E+10
5.410190E+2	4.855607E-1	5.587232E+9	5.198937E-1	3.518825E+8	4.989206E-1	5.686128E+9	5.100354E-1	3.484270E+8	5.116593E-1	5.582892E+10	5.044438E-1	5.562577E+10	5.104574E-1	6.151505E+10	5.026750E-1	6.121300E+10	3.433296E-2	1.111479E-2	9.858280E-3	2.321817E-2	1.721875E-2	-5.235349E+9	-5.337701E+9	3.455509E+6	1.023516E+8	-6.086112E+10
5.415090E+2	6.356458E-1	6.791645E+9	7.028904E-1	4.392178E+8	6.545608E-1	6.937546E+9	5.706900E-1	3.776236E+8	6.520634E-1	6.666451E+10	6.411253E-1	6.623790E+10	6.522991E-1	7.360205E+10	6.406120E-1	7.302955E+10	6.724457E-2	-8.387081E-2	1.322004E-1	1.511154E-1	6.227842E-2	-6.352427E+9	-6.559922E+9	6.159425E+7	2.074953E+8	-7.259033E+10
5.420110E+2	6.742003E-1	7.101039E+9	7.069360E-1	4.411486E+8	6.740367E-1	7.094140E+9	6.790412E-1	4.297794E+8	6.842230E-1	6.914640E+10	6.854972E-1	6.968300E+10	6.832618E-1	7.624054E+10	6.844390E-1	7.678404E+10	3.273565E-2	5.004555E-3	2.789472E-2	2.773109E-2	2.249701E-2	-6.659891E+9	-6.664361E+9	1.136922E+7	4.470537E+6	-7.634289E+10
5.425510E+2	8.004339E-1	8.114047E+9	8.104221E-1	4.905374E+8	7.887639E-1	8.016599E+9	7.993517E-1	4.876918E+8	8.005513E-1	7.812396E+10	7.989385E-1	7.849074E+10	7.994391E-1	8.614056E+10	7.990786E-1	8.660479E+10	9.988209E-3	1.058776E-2	1.107046E-2	-5.995534E-4	1.134350E-2	-7.623509E+9	-7.528907E+9	2.845639E+6	-9.460186E+7	-8.611425E+10
5.430070E+2	7.357188E-1	7.594716E+9	7.809820E-1	4.764871E+8	7.584869E-1	7.773158E+9	7.315594E-1	4.550595E+8	7.640374E-1	7.530602E+10	7.604359E-1	7.550134E+10	7.635136E-1	8.307918E+10	7.581205E-1	8.309606E+10	4.526326E-2	-2.692740E-2	4.942260E-2	7.219067E-2	2.286156E-2	-7.118229E+9	-7.318098E+9	2.142769E+7	1.998692E+8	-8.261957E+10
5.435440E+2	1.025070E+0	9.916722E+9	1.050970E+0	6.053389E+8	1.028379E+0	9.943214E+9	9.427783E-1	5.567314E+8	1.022685E+0	9.526694E+10	1.028537E+0	9.631707E+10	1.023222E+0	1.052102E+11	1.028212E+0	1.062338E+11	2.589946E-2	-8.560083E-2	1.081913E-1	1.115003E-1	2.275749E-2	-9.311383E+9	-9.386483E+9	4.860751E+7	7.509971E+7	-1.056284E+11
5.440010E+2	1.340320E+0	1.244656E+10	1.362731E+0	7.541275E+8	1.313515E+0	1.223584E+10	1.376103E+0	7.653161E+8	1.309224E+0	1.173805E+11	1.309653E+0	1.181433E+11	1.309629E+0	1.296163E+11	1.312526E+0	1.305899E+11	2.241101E-2	6.258834E-2	-1.337208E-2	-4.017733E-2	5.020567E-2	-1.169243E+10	-1.147052E+10	-1.118863E+7	-2.219146E+8	-1.298357E+11
5.445070E+2	1.492273E+0	1.366596E+10	1.618355E+0	8.761243E+8	1.485822E+0	1.362127E+10	1.514087E+0	8.317358E+8	1.462186E+0	1.291852E+11	1.472497E+0	1.307867E+11	1.464416E+0	1.428064E+11	1.474349E+0	1.444527E+11	1.260825E-1	2.826482E-2	1.042681E-1	9.781769E-2	1.440061E-1	-1.278984E+10	-1.278953E+10	4.438848E+7	-3.068530E+5	-1.435766E+11
5.450090E+2	1.217171E+0	1.145830E+10	1.257568E+0	7.039380E+8	1.211265E+0	1.141370E+10	1.295001E+0	7.262769E+8	1.220873E+0	1.105620E+11	1.213201E+0	1.106546E+11	1.219966E+0	1.219757E+11	1.213573E+0	1.221129E+11	4.039684E-2	8.373643E-2	-3.743355E-2	-4.333959E-2	4.399466E-2	-1.075437E+10	-1.068742E+10	-2.233886E+7	-6.694533E+7	-1.214090E+11
5.455020E+2	9.738423E-1	9.505625E+9	1.017863E+0	5.895389E+8	9.532572E-1	9.339200E+9	9.864397E-1	5.777482E+8	9.667430E-1	9.094969E+10	9.656171E-1	9.143189E+10	9.654705E-1	1.002889E+11	9.663876E-1	1.009375E+11	4.402092E-2	3.318249E-2	3.142349E-2	1.083842E-2	5.147564E-2	-8.916086E+9	-8.761452E+9	1.179067E+7	-1.546349E+8	-1.003480E+11
5.460060E+2	7.726956E-1	7.891450E+9	8.329132E-1	5.012713E+8	7.542481E-1	7.739076E+9	7.869460E-1	4.817202E+8	7.649027E-1	7.537280E+10	7.622704E-1	7.564378E+10	7.638974E-1	8.311188E+10	7.632470E-1	8.353523E+10	6.021764E-2	3.269791E-2	4.596720E-2	2.751972E-2	6.966621E-2	-7.390179E+9	-7.257356E+9	1.955109E+7	-1.328226E+8	-8.303396E+10
5.465160E+2	8.956146E-1	8.877859E+9	8.600548E-1	5.142247E+8	9.065094E-1	8.963327E+9	9.139457E-1	5.428526E+8	9.050400E-1	8.618780E+10	8.946790E-1	8.592416E+10	9.051786E-1	9.515113E+10	8.947666E-1	9.480201E+10	-3.555980E-2	7.436224E-3	-5.389089E-2	-4.299603E-2	-3.471182E-2	-8.363634E+9	-8.420474E+9	-2.862793E+7	5.684006E+7	-9.428779E+10
5.470110E+2	1.169022E+0	1.107192E+10	1.228693E+0	6.901575E+8	1.172681E+0	1.110347E+10	1.152388E+0	6.576288E+8	1.166270E+0	1.063480E+11	1.162380E+0	1.067088E+11	1.166875E+0	1.174515E+11	1.163002E+0	1.177808E+11	5.967042E-2	-2.029305E-2	7.630483E-2	7.996348E-2	6.569047E-2	-1.038176E+10	-1.044584E+10	3.252868E+7	6.407610E+7	-1.170906E+11
5.475070E+2	1.376808E+0	1.273937E+10	1.434494E+0	7.883761E+8	1.405270E+0	1.297359E+10	1.361900E+0	7.584793E+8	1.392534E+0	1.238098E+11	1.388588E+0	1.242720E+11	1.393736E+0	1.367834E+11	1.387485E+0	1.370113E+11	5.768556E-2	-4.337019E-2	7.259342E-2	1.010558E-1	4.700869E-2	-1.195099E+10	-1.221511E+10	2.989682E+7	2.641160E+8	-1.362230E+11
5.480030E+2	1.327342E+0	1.234242E+10	1.256588E+0	7.034704E+8	1.292489E+0	1.206678E+10	1.306487E+0	7.318057E+8	1.309435E+0	1.173967E+11	1.302800E+0	1.176112E+11	1.307836E+0	1.294634E+11	1.305099E+0	1.299536E+11	-7.075453E-2	1.399781E-2	-4.989913E-2	-8.475234E-2	-4.851085E-2	-1.163895E+10	-1.133497E+10	-2.833524E+7	-3.039727E+8	-1.292501E+11
5.485390E+2	1.249290E+0	1.171605E+10	1.289932E+0	7.193841E+8	1.258356E+0	1.179233E+10	1.316075E+0	7.364207E+8	1.239506E+0	1.120000E+11	1.245875E+0	1.131915E+11	1.241285E+0	1.237923E+11	1.246195E+0	1.249076E+11	4.064261E-2	5.771833E-2	-2.614217E-2	-1.707572E-2	4.373726E-2	-1.099667E+10	-1.105591E+10	-1.703659E+7	5.924317E+7	-1.241882E+11
5.490430E+2	1.155186E+0	1.096089E+10	1.195236E+0	6.741901E+8	1.155746E+0	1.096730E+10	1.177654E+0	6.697907E+8	1.143318E+0	1.045767E+11	1.144129E+0	1.052918E+11	1.144490E+0	1.155440E+11	1.145165E+0	1.162527E+11	4.004936E-2	2.190729E-2	1.758211E-2	1.814207E-2	5.007099E-2	-1.028670E+10	-1.029751E+10	4.399428E+6	1.081635E+7	-1.155785E+11
5.495150E+2	1.454698E+0	1.336442E+10	1.429053E+0	7.857796E+8	1.450248E+0	1.333523E+10	1.409571E+0	7.814261E+8	1.435399E+0	1.271179E+11	1.439674E+0	1.282383E+11	1.436800E+0	1.404531E+11	1.441082E+0	1.416028E+11	-2.564462E-2	-4.067673E-2	1.948192E-2	1.503211E-2	-1.202863E-2	-1.257864E+10	-1.255380E+10	4.353497E+6	-2.484163E+7	-1.408170E+11
5.500050E+2	1.783996E+0	1.600700E+10	1.881791E+0	1.001849E+9	1.785068E+0	1.602734E+10	1.693669E+0	9.181788E+8	1.761055E+0	1.522502E+11	1.771080E+0	1.539691E+11	1.763321E+0	1.682775E+11	1.772290E+0	1.699762E+11	9.779496E-2	-9.139983E-2	1.881227E-1	1.891948E-1	1.095012E-1	-1.500515E+10	-1.510916E+10	8.367053E+7	1.040067E+8	-1.689743E+11
5.504950E+2	1.881789E+0	1.679177E+10	1.869705E+0	9.960813E+8	1.855707E+0	1.659530E+10	1.854367E+0	9.955322E+8	1.845150E+0	1.587401E+11	1.850713E+0	1.601519E+11	1.846146E+0	1.753354E+11	1.853624E+0	1.769437E+11	-1.208358E-2	-1.340288E-3	1.533877E-2	-1.074329E-2	1.608134E-2	-1.579569E+10	-1.559977E+10	5.491517E+5	-1.959217E+8	-1.759476E+11
5.510080E+2	1.590298E+0	1.445260E+10	1.641261E+0	8.870560E+8	1.589420E+0	1.445424E+10	1.540503E+0	8.444513E+8	1.563818E+0	1.370285E+11	1.570018E+0	1.383584E+11	1.566233E+0	1.514827E+11	1.571917E+0	1.528110E+11	5.096328E-2	-4.891702E-2	1.007579E-1	9.988031E-2	6.934354E-2	-1.356554E+10	-1.360979E+10	4.260472E+7	4.424545E+7	-1.519239E+11
5.515000E+2	1.252430E+0	1.174125E+10	1.269008E+0	7.093978E+8	1.263882E+0	1.183676E+10	1.258783E+0	7.088431E+8	1.250096E+0	1.128172E+11	1.255299E+0	1.139232E+11	1.251396E+0	1.246540E+11	1.255030E+0	1.256644E+11	1.657799E-2	-5.098849E-3	1.022453E-2	2.167684E-2	1.397760E-2	-1.103185E+10	-1.112792E+10	5.547706E+5	9.606691E+7	-1.249550E+11
5.520040E+2	1.019609E+0	9.872897E+9	1.087191E+0	6.226256E+8	1.024638E+0	9.913133E+9	9.958875E-1	5.822960E+8	1.018070E+0	9.491078E+10	1.018894E+0	9.556841E+10	1.018689E+0	1.048239E+11	1.018961E+0	1.054413E+11	6.758195E-2	-2.875045E-2	9.130342E-2	9.633240E-2	6.822960E-2	-9.250271E+9	-9.330837E+9	4.032961E+7	8.056605E+7	-1.048187E+11
5.525040E+2	1.064726E+0	1.023495E+10	1.115533E+0	6.361521E+8	1.075683E+0	1.032356E+10	1.061922E+0	6.140823E+8	1.064845E+0	9.852067E+10	1.065015E+0	9.914925E+10	1.065868E+0	1.088442E+11	1.064988E+0	1.093842E+11	5.080785E-2	-1.376051E-2	5.361134E-2	6.456836E-2	5.054582E-2	-9.598799E+9	-9.709473E+9	2.206979E+7	1.106736E+8	-1.087481E+11
5.530150E+2	1.193696E+0	1.126992E+10	1.169144E+0	6.617377E+8	1.205131E+0	1.136438E+10	1.231539E+0	6.957288E+8	1.197795E+0	1.087809E+11	1.196392E+0	1.093496E+11	1.198487E+0	1.201453E+11	1.196139E+0	1.206195E+11	-2.455168E-2	2.640751E-2	-6.239500E-2	-5.095919E-2	-2.699534E-2	-1.060818E+10	-1.066865E+10	-3.399105E+7	6.047288E+7	-1.199577E+11
5.534770E+2	1.184440E+0	1.119564E+10	1.185298E+0	6.694471E+8	1.173731E+0	1.111191E+10	1.156387E+0	6.595538E+8	1.191718E+0	1.083120E+11	1.189571E+0	1.088200E+11	1.190021E+0	1.194239E+11	1.189091E+0	1.200156E+11	8.577031E-4	-1.734422E-2	2.891059E-2	1.820192E-2	-3.793011E-3	-1.052620E+10	-1.045236E+10	9.893309E+6	-7.383865E+7	-1.193462E+11
5.540290E+2	1.006875E+0	9.770711E+9	1.111510E+0	6.342317E+8	1.018468E+0	9.863521E+9	9.877606E-1	5.783841E+8	1.009157E+0	9.422298E+10	1.009319E+0	9.482496E+10	1.010036E+0	1.040865E+11	1.009090E+0	1.045957E+11	1.046343E-1	-3.070702E-2	1.237490E-1	1.353413E-1	1.024196E-1	-9.136480E+9	-9.285137E+9	5.584766E+7	1.486576E+8	-1.039614E+11
5.550140E+2	8.927999E-1	8.855271E+9	9.213194E-1	5.434633E+8	8.985017E-1	8.898940E+9	9.083433E-1	5.401558E+8	8.980666E-1	8.564963E+10	8.919740E-1	8.571414E+10	8.981076E-1	9.454857E+10	8.920513E-1	9.456941E+10	2.851955E-2	9.841619E-3	1.297615E-2	1.867793E-2	2.926811E-2	-8.311808E+9	-8.358785E+9	3.307441E+6	4.697678E+7	-9.402594E+10
5.560300E+2	8.362985E-1	8.401855E+9	8.931606E-1	5.300244E+8	8.317696E-1	8.362384E+9	8.942348E-1	5.333646E+8	8.365924E-1	8.090540E+10	8.373590E-1	8.147375E+10	8.361373E-1	8.926779E+10	8.372596E-1	8.987561E+10	5.686206E-2	6.246520E-2	-1.074230E-3	-5.603139E-3	5.590095E-2	-7.871831E+9	-7.829020E+9	-3.340165E+6	-4.281089E+7	-8.934558E+10
5.570330E+2	1.028622E+0	9.945222E+9	1.114866E+0	6.358334E+8	1.022654E+0	9.897183E+9	1.001760E+0	5.851226E+8	1.022507E+0	9.525324E+10	1.020250E+0	9.567367E+10	1.022521E+0	1.051504E+11	1.021034E+0	1.056189E+11	8.624419E-2	-2.089448E-2	1.131061E-1	1.071387E-1	9.383147E-2	-9.309388E+9	-9.312060E+9	5.071083E+7	2.671727E+6	-1.049831E+11
5.580110E+2	1.228533E+0	1.154948E+10	1.236197E+0	6.937387E+8	1.247217E+0	1.170277E+10	1.238971E+0	6.993061E+8	1.227982E+0	1.111107E+11	1.238244E+0	1.125990E+11	1.229797E+0	1.228134E+11	1.237334E+0	1.241485E+11	7.663701E-3	-8.246629E-3	-2.774105E-3	1.591033E-2	-1.137704E-3	-1.085574E+10	-1.100347E+10	-5.567456E+6	1.477217E+8	-1.234548E+11
5.590390E+2	1.235336E+0	1.160408E+10	1.169533E+0	6.619236E+8	1.211832E+0	1.141826E+10	1.217581E+0	6.890098E+8	1.210924E+0	1.097942E+11	1.211473E+0	1.105204E+11	1.211010E+0	1.212125E+11	1.213708E+0	1.221245E+11	-6.580246E-2	5.748601E-3	-4.804716E-2	-7.155106E-2	-4.417452E-2	-1.094215E+10	-1.072925E+10	-2.708620E+7	-2.129043E+8	-1.214626E+11
5.600180E+2	1.010294E+0	9.798144E+9	1.016228E+0	5.887584E+8	1.005575E+0	9.759861E+9	1.047974E+0	6.073684E+8	1.015951E+0	9.474724E+10	1.007751E+0	9.470319E+10	1.014972E+0	1.045071E+11	1.007989E+0	1.045013E+11	5.934017E-3	4.239892E-2	-3.174632E-2	-3.646490E-2	8.239057E-3	-9.209386E+9	-9.152492E+9	-1.860994E+7	-5.689350E+7	-1.039126E+11
5.610130E+2	8.688731E-1	8.663262E+9	8.755822E-1	5.216352E+8	8.658129E-1	8.636108E+9	8.959501E-1	5.341903E+8	8.639504E-1	8.301674E+10	8.659348E-1	8.369242E+10	8.641262E-1	9.165285E+10	8.662100E-1	9.235568E+10	6.709104E-3	3.013726E-2	-2.036790E-2	-2.342816E-2	9.372200E-3	-8.141627E+9	-8.101917E+9	-1.255513E+7	-3.970944E+7	-9.183405E+10
5.620220E+2	7.539841E-1	7.741293E+9	7.444239E-1	4.590397E+8	7.513110E-1	7.715461E+9	7.613666E-1	4.694074E+8	7.518750E-1	7.436740E+10	7.487624E-1	7.459499E+10	7.518218E-1	8.208286E+10	7.492515E-1	8.233629E+10	-9.560211E-3	1.005563E-2	-1.694269E-2	-1.961584E-2	-4.827600E-3	-7.282254E+9	-7.246053E+9	-1.036764E+7	-3.620032E+7	-8.187725E+10
5.629840E+2	8.591981E-1	8.585621E+9	8.307588E-1	5.002432E+8	8.608325E-1	8.596063E+9	8.357512E-1	5.052130E+8	8.638516E-1	8.300911E+10	8.616513E-1	8.335984E+10	8.635667E-1	9.160518E+10	8.614215E-1	9.194546E+10	-2.843927E-2	-2.508129E-2	-4.992393E-3	-3.357981E-3	-3.066267E-2	-8.085378E+9	-8.090850E+9	-4.969886E+6	5.472244E+6	-9.144522E+10
5.640120E+2	1.064352E+0	1.023195E+10	1.098077E+0	6.278211E+8	1.073404E+0	1.030524E+10	1.037227E+0	6.021953E+8	1.075956E+0	9.937814E+10	1.076967E+0	1.000773E+11	1.075715E+0	1.096834E+11	1.075786E+0	1.103092E+11	3.372507E-2	-3.617677E-2	6.084977E-2	6.990185E-2	2.229145E-2	-9.604133E+9	-9.703040E+9	2.562577E+7	9.890723E+7	-1.096814E+11
5.650210E+2	1.074922E+0	1.031677E+10	1.131181E+0	6.436198E+8	1.076620E+0	1.033109E+10	1.041793E+0	6.043932E+8	1.083199E+0	9.993707E+10	1.084041E+0	1.006265E+11	1.082578E+0	1.102682E+11	1.083187E+0	1.109433E+11	5.625897E-2	-3.482615E-2	8.938724E-2	9.108512E-2	4.799379E-2	-9.673154E+9	-9.726696E+9	3.922655E+7	5.354167E+7	-1.102997E+11
5.660100E+2	9.795686E-1	9.551578E+9	9.974416E-1	5.797926E+8	9.745489E-1	9.510395E+9	1.028736E+0	5.981077E+8	9.827904E-1	9.218813E+10	9.796309E-1	9.251994E+10	9.820127E-1	1.016985E+11	9.796250E-1	1.020715E+11	1.787296E-2	5.418677E-2	-3.129409E-2	-3.631381E-2	1.781656E-2	-8.971786E+9	-8.912287E+9	-1.831509E+7	-5.949886E+7	-1.014917E+11
5.670200E+2	9.249397E-1	9.113189E+9	9.005778E-1	5.335643E+8	9.328465E-1	9.175088E+9	8.946502E-1	5.335645E+8	9.235206E-1	8.761403E+10	9.255451E-1	8.832064E+10	9.244005E-1	9.678912E+10	9.254884E-1	9.743383E+10	-2.436189E-2	-3.819633E-2	5.927647E-3	1.383444E-2	-2.491057E-2	-8.579624E+9	-8.641524E+9	-2.189145E+2	6.189950E+7	-9.690027E+10
