Photon Energy (eV)	X ref norm	X ref	X pump norm	X pump	Y ref norm	Y ref	Y pump norm	Y pump	X all norm	X all	Y all norm	Y all	X all Y ref norm	X all Y ref	Y all X ref norm	Y all X ref	BC(X hist) norm	BC(Y hist) norm	StS norm	BCSC norm	BCLR norm	BC(X hist)	BC(Y hist)	StS	BCSC	BCLR	
1.550000E+3	8.817340E-1	1.967823E+10	1.633511E+0	1.262549E+9	-5.360426E-1	1.964561E+10	1.187591E+0	1.214079E+9	2.095052E+0	2.032807E+11	-1.013820E-1	1.994229E+11	1.387567E+0	2.229263E+11	3.813346E-2	2.191011E+11	7.517774E-1	1.723634E+0	4.459202E-1	-9.718564E-1	1.595378E+0	-1.841568E+10	-1.843153E+10	4.846953E+7	1.585117E+7	-2.178385E+11
1.850000E+3	-2.618092E+0	1.983833E+10	-6.131320E-1	1.234229E+9	1.692647E+0	1.979737E+10	-1.633164E+0	1.323151E+9	5.728843E+0	2.039534E+11	-3.577946E+0	2.003845E+11	4.643535E+0	2.237508E+11	-3.441732E+0	2.202228E+11	2.004960E+0	-3.325812E+0	1.020032E+0	5.330772E+0	2.828600E+0	-1.860410E+10	-1.847422E+10	-8.892208E+7	-1.298773E+8	-2.189886E+11
2.150000E+3	1.226689E+0	1.966245E+10	8.988395E-1	1.253288E+9	5.089552E-1	1.971677E+10	1.760613E+0	1.191922E+9	-1.027201E+1	2.009910E+11	5.499822E+0	1.978736E+11	-7.373073E+0	2.207077E+11	4.893415E+0	2.175360E+11	-3.278497E-1	1.251658E+0	-8.617734E-1	-1.579507E+0	-3.994576E+0	-1.840916E+10	-1.852485E+10	6.136628E+7	1.156861E+8	-2.162827E+11
2.250000E+3	3.339062E+0	1.956582E+10	-4.571014E+0	1.184339E+9	-4.766572E+0	1.935754E+10	-3.524222E-3	1.260137E+9	-7.155232E+0	2.015680E+11	6.251843E+0	1.976656E+11	-6.512936E+0	2.209256E+11	5.838486E+0	2.172314E+11	-7.910076E+0	4.763048E+0	-4.567490E+0	-1.267312E+1	-1.040950E+1	-1.838148E+10	-1.809740E+10	-7.579757E+7	-2.840815E+8	-2.160470E+11
2.350000E+3	-2.829392E+0	1.984799E+10	2.651795E+0	1.275384E+9	3.101012E+0	1.989327E+10	-1.311516E+0	1.310714E+9	9.603346E+0	2.046708E+11	-8.072337E+0	2.016276E+11	7.854908E+0	2.245640E+11	-7.328303E+0	2.214756E+11	5.481188E+0	-4.412528E+0	3.963311E+0	9.893716E+0	9.980099E+0	-1.857261E+10	-1.858256E+10	-3.532955E+7	9.951042E+6	-2.202003E+11
2.400000E+3	7.193175E+0	1.938952E+10	4.008670E+0	1.292488E+9	-1.773303E+0	1.956136E+10	2.563722E+0	1.160867E+9	-6.054353E+0	2.017718E+11	1.148775E+0	1.990771E+11	-4.903205E+0	2.213332E+11	2.006545E+0	2.184666E+11	-3.184505E+0	4.337025E+0	1.444948E+0	-7.521530E+0	2.002125E+0	-1.809703E+10	-1.840049E+10	1.316208E+8	3.034659E+8	-2.171741E+11
2.425000E+3	1.654180E+1	1.896187E+10	1.034110E+0	1.254993E+9	-6.214781E+0	1.925892E+10	4.371630E-1	1.243097E+9	-3.134292E+1	1.970898E+11	1.640158E+1	1.948581E+11	-2.458612E+1	2.163487E+11	1.642148E+1	2.138200E+11	-1.550769E+1	6.651944E+0	5.969466E-1	-2.215964E+1	-1.538737E+1	-1.770687E+10	-1.801583E+10	1.189660E+7	3.089511E+8	-2.125650E+11
2.450000E+3	1.208660E+1	1.916567E+10	-2.389104E+0	1.211843E+9	-5.928708E+0	1.927840E+10	8.131521E-1	1.228558E+9	-2.329876E+1	1.985791E+11	1.653016E+1	1.948226E+11	-1.862806E+1	2.178575E+11	1.589957E+1	2.139882E+11	-1.447571E+1	6.741860E+0	-3.202257E+0	-2.121757E+1	-1.828867E+1	-1.795383E+10	-1.804984E+10	-1.671511E+7	9.601820E+7	-2.127764E+11
2.475000E+3	1.618756E+1	1.897807E+10	-5.019818E+0	1.178682E+9	-1.229398E+1	1.884496E+10	2.195575E+0	1.175103E+9	-3.449576E+1	1.965061E+11	2.197559E+1	1.933164E+11	-2.852584E+1	2.153510E+11	2.115420E+1	2.122944E+11	-2.120738E+1	1.448956E+1	-7.215393E+0	-3.569694E+1	-2.617402E+1	-1.779939E+10	-1.766986E+10	3.579331E+6	-1.295297E+8	-2.111157E+11
2.500000E+3	2.818586E-1	1.970567E+10	4.533053E+0	1.299098E+9	2.184951E+0	1.983090E+10	9.724376E-1	1.222399E+9	5.823415E-1	2.030006E+11	-6.745935E-1	1.995814E+11	1.013274E+0	2.228315E+11	-5.388619E-1	2.192871E+11	4.251195E+0	-1.212514E+0	3.560616E+0	5.463708E+0	5.071915E+0	-1.840657E+10	-1.860850E+10	7.669938E+7	2.019242E+8	-2.179880E+11
2.525000E+3	4.077435E-1	1.969991E+10	6.053557E+0	1.318264E+9	5.742572E+0	2.007315E+10	2.222494E+0	1.174062E+9	1.932993E+0	2.032507E+11	-2.197414E+0	2.000026E+11	2.957366E+0	2.233238E+11	-1.827712E+0	2.197025E+11	5.645814E+0	-3.520078E+0	3.831063E+0	9.165891E+0	7.881269E+0	-1.838165E+10	-1.889909E+10	1.442025E+8	5.174394E+8	-2.183843E+11
2.550000E+3	-5.985398E-1	1.974594E+10	3.783887E+0	1.289655E+9	-1.402419E+0	1.958662E+10	-7.046572E-1	1.287248E+9	-4.062992E+0	2.021405E+11	1.642860E+0	1.989404E+11	-3.347580E+0	2.217271E+11	1.324779E+0	2.186864E+11	4.382427E+0	6.977618E-1	4.488545E+0	3.684665E+0	2.459108E+0	-1.845629E+10	-1.829937E+10	2.406548E+6	-1.569215E+8	-2.173967E+11
2.575000E+3	-2.165507E+0	1.981762E+10	1.287382E+0	1.258186E+9	1.580620E+0	1.978974E+10	-6.768545E-1	1.286173E+9	3.423130E+0	2.035265E+11	-6.678848E+0	2.012422E+11	2.927690E+0	2.233163E+11	-6.038353E+0	2.210598E+11	3.452889E+0	-2.257475E+0	1.964236E+0	5.710364E+0	7.325735E+0	-1.855944E+10	-1.850357E+10	-2.798738E+7	-5.586772E+7	-2.198016E+11
2.600000E+3	1.763617E+0	1.963789E+10	3.531988E+0	1.286479E+9	3.886069E-1	1.970857E+10	1.120355E+0	1.216679E+9	3.881270E-1	2.029646E+11	2.303884E+0	1.987576E+11	3.882561E-1	2.226732E+11	2.227214E+0	2.183955E+11	1.768370E+0	7.317481E-1	2.411633E+0	1.036622E+0	1.304774E+0	-1.835141E+10	-1.849190E+10	6.980036E+7	1.404867E+8	-2.171090E+11
2.650000E+3	-4.380313E-1	1.973860E+10	1.489068E+0	1.260728E+9	-2.798933E-1	1.966305E+10	-5.204145E-1	1.280124E+9	1.452016E+0	2.031616E+11	1.004881E+0	1.991169E+11	9.863159E-1	2.228247E+11	8.001155E-1	2.188555E+11	1.927099E+0	-2.405211E-1	2.009482E+0	2.167620E+0	6.889525E-1	-1.847787E+10	-1.838293E+10	-1.939590E+7	-9.494399E+7	-2.175947E+11
2.750000E+3	2.337452E-1	1.970787E+10	-2.004154E+0	1.216695E+9	3.866859E+0	1.994542E+10	2.438851E+0	1.165696E+9	3.931748E+0	2.036207E+11	-1.602631E+0	1.998381E+11	3.914299E+0	2.235661E+11	-1.342028E+0	2.195460E+11	-2.237899E+0	-1.428008E+0	-4.443005E+0	-8.098917E-1	-6.621259E-1	-1.849118E+10	-1.877973E+10	5.099935E+7	2.885515E+8	-2.183293E+11
2.850000E+3	5.011416E-1	1.969564E+10	6.329615E+0	1.321744E+9	1.034191E+0	1.975254E+10	4.047278E-1	1.244351E+9	4.996100E+0	2.038178E+11	-3.242868E+0	2.002918E+11	3.930767E+0	2.235703E+11	-2.711550E+0	2.199874E+11	5.828474E+0	-6.294631E-1	5.924888E+0	6.457937E+0	9.041165E+0	-1.837390E+10	-1.850818E+10	7.739339E+7	1.342889E+8	-2.186657E+11
2.950000E+3	-2.466018E+0	1.983137E+10	1.560553E+0	1.261629E+9	2.424417E+0	1.984720E+10	2.100738E-1	1.251878E+9	4.248524E+0	2.036794E+11	-3.466308E+0	2.003536E+11	3.758032E+0	2.235266E+11	-3.324356E+0	2.201850E+11	4.026572E+0	-2.214343E+0	1.350479E+0	6.240915E+0	4.884909E+0	-1.856974E+10	-1.859532E+10	9.751504E+6	2.558219E+7	-2.189234E+11
3.250000E+3	5.563400E-1	1.969311E+10	-2.779025E+0	1.206928E+9	-3.376807E+0	1.945217E+10	1.278433E+0	1.210567E+9	-1.003965E+1	2.010340E+11	7.475839E+0	1.973270E+11	-8.248049E+0	2.204862E+11	6.493883E+0	2.170201E+11	-3.335365E+0	4.655240E+0	-4.057458E+0	-7.990605E+0	-9.272907E+0	-1.848619E+10	-1.824160E+10	-3.638780E+6	-2.445820E+8	-2.158132E+11
3.550000E+3	6.174792E+0	1.943610E+10	1.893010E+0	1.265820E+9	1.051340E+0	1.975370E+10	6.679140E-1	1.234174E+9	1.863274E+0	2.032377E+11	5.835968E+0	1.977806E+11	1.644950E+0	2.229914E+11	5.884051E+0	2.172167E+11	-4.281781E+0	-3.834263E-1	1.225096E+0	-3.898355E+0	-3.991041E+0	-1.817028E+10	-1.851953E+10	3.164583E+7	3.492476E+8	-2.159509E+11
