Photon Energy (eV)	X ref norm	X ref	X pump norm	X pump	Y ref norm	Y ref	Y pump norm	Y pump	X all norm	X all	Y all norm	Y all	X all Y ref norm	X all Y ref	Y all X ref norm	Y all X ref	BC(X hist) norm	BC(Y hist) norm	StS norm	BCSC norm	BCLR norm	BC(X hist)	BC(Y hist)	StS	BCSC	BCLR	
1.550000E+3	8.817340E-1	1.967823E+10	1.127501E+0	1.282528E+9	-5.360426E-1	1.964561E+10	1.232436E+0	1.243503E+9	2.095052E+0	2.032807E+11	-1.013820E-1	1.994229E+11	1.387567E+0	2.229263E+11	3.813346E-2	2.191011E+11	2.457675E-1	1.768479E+0	-1.049350E-1	-1.522712E+0	1.089368E+0	-1.839570E+10	-1.840211E+10	3.902531E+7	6.406954E+6	-2.178186E+11
1.850000E+3	-2.618092E+0	1.983833E+10	-2.220800E-1	1.315562E+9	1.692647E+0	1.979737E+10	-1.768166E+0	1.312385E+9	5.728843E+0	2.039534E+11	-3.577946E+0	2.003845E+11	4.643535E+0	2.237508E+11	-3.441732E+0	2.202228E+11	2.396012E+0	-3.460813E+0	1.546086E+0	5.856825E+0	3.219652E+0	-1.852277E+10	-1.848499E+10	3.177275E+6	-3.777794E+7	-2.189073E+11
2.150000E+3	1.226689E+0	1.966245E+10	5.752920E-1	1.296045E+9	5.089552E-1	1.971677E+10	7.352026E-1	1.254917E+9	-1.027201E+1	2.009910E+11	5.499822E+0	1.978736E+11	-7.373073E+0	2.207077E+11	4.893415E+0	2.175360E+11	-6.513972E-1	2.262475E-1	-1.599107E-1	-8.776446E-1	-4.318123E+0	-1.836641E+10	-1.846185E+10	4.112730E+7	9.544714E+7	-2.162400E+11
2.250000E+3	3.339062E+0	1.956582E+10	1.865219E+0	1.264471E+9	-4.766572E+0	1.935754E+10	-4.967142E-2	1.272935E+9	-7.155232E+0	2.015680E+11	6.251843E+0	1.976656E+11	-6.512936E+0	2.209256E+11	5.838486E+0	2.172314E+11	-1.473843E+0	4.716901E+0	1.914890E+0	-6.190744E+0	-3.973267E+0	-1.830135E+10	-1.808460E+10	-8.464001E+6	-2.167480E+8	-2.159669E+11
2.350000E+3	-2.829392E+0	1.984799E+10	-3.345932E+0	1.392025E+9	3.101012E+0	1.989327E+10	-1.498021E-1	1.275234E+9	9.603346E+0	2.046708E+11	-8.072337E+0	2.016276E+11	7.854908E+0	2.245640E+11	-7.328303E+0	2.214756E+11	-5.165400E-1	-3.250815E+0	-3.196130E+0	2.734275E+0	3.982371E+0	-1.845597E+10	-1.861804E+10	1.167914E+8	1.620720E+8	-2.200836E+11
2.400000E+3	7.193175E+0	1.938952E+10	4.559130E-1	1.298967E+9	-1.773303E+0	1.956136E+10	2.462456E+0	1.215266E+9	-6.054353E+0	2.017718E+11	1.148775E+0	1.990771E+11	-4.903205E+0	2.213332E+11	2.006545E+0	2.184666E+11	-6.737262E+0	4.235759E+0	-2.006544E+0	-1.097302E+1	-1.550632E+0	-1.809055E+10	-1.834609E+10	8.370025E+7	2.555454E+8	-2.171676E+11
2.425000E+3	1.654180E+1	1.896187E+10	7.860237E-1	1.290887E+9	-6.214781E+0	1.925892E+10	4.124593E+0	1.177110E+9	-3.134292E+1	1.970898E+11	1.640158E+1	1.948581E+11	-2.458612E+1	2.163487E+11	1.642148E+1	2.138200E+11	-1.575578E+1	1.033937E+1	-3.338570E+0	-2.609515E+1	-1.563546E+1	-1.767098E+10	-1.808181E+10	1.137762E+8	4.108307E+8	-2.125291E+11
2.450000E+3	1.208660E+1	1.916567E+10	1.240692E+0	1.279758E+9	-5.928708E+0	1.927840E+10	9.550130E-1	1.249871E+9	-2.329876E+1	1.985791E+11	1.653016E+1	1.948226E+11	-1.862806E+1	2.178575E+11	1.589957E+1	2.139882E+11	-1.084591E+1	6.883721E+0	2.856791E-1	-1.772963E+1	-1.465887E+1	-1.788591E+10	-1.802853E+10	2.988619E+7	1.426195E+8	-2.127085E+11
2.475000E+3	1.618756E+1	1.897807E+10	2.027680E+0	1.260494E+9	-1.229398E+1	1.884496E+10	2.629134E+0	1.211440E+9	-3.449576E+1	1.965061E+11	2.197559E+1	1.933164E+11	-2.852584E+1	2.153510E+11	2.115420E+1	2.122944E+11	-1.415988E+1	1.492312E+1	-6.014540E-1	-2.908300E+1	-1.912652E+1	-1.771758E+10	-1.763352E+10	4.905416E+7	-8.405492E+7	-2.110339E+11
2.500000E+3	2.818586E-1	1.970567E+10	-3.540030E-1	1.318791E+9	2.184951E+0	1.983090E+10	-6.937863E-1	1.287721E+9	5.823415E-1	2.030006E+11	-6.745935E-1	1.995814E+11	1.013274E+0	2.228315E+11	-5.388619E-1	2.192871E+11	-6.358616E-1	-2.878738E+0	3.397833E-1	2.242876E+0	1.848590E-1	-1.838688E+10	-1.854317E+10	3.106986E+7	1.562946E+8	-2.179683E+11
2.525000E+3	4.077435E-1	1.969991E+10	-5.521280E-1	1.323641E+9	5.742572E+0	2.007315E+10	-4.333253E-1	1.281742E+9	1.932993E+0	2.032507E+11	-2.197414E+0	2.000026E+11	2.957366E+0	2.233238E+11	-1.827712E+0	2.197025E+11	-9.598715E-1	-6.175897E+0	-1.188027E-1	5.216026E+0	1.275584E+0	-1.837627E+10	-1.879141E+10	4.189854E+7	4.151355E+8	-2.183789E+11
2.550000E+3	-5.985398E-1	1.974594E+10	1.757380E+0	1.267111E+9	-1.402419E+0	1.958662E+10	1.000629E+0	1.248824E+9	-4.062992E+0	2.021405E+11	1.642860E+0	1.989404E+11	-3.347580E+0	2.217271E+11	1.324779E+0	2.186864E+11	2.355920E+0	2.403048E+0	7.567509E-1	-4.712822E-2	4.326004E-1	-1.847883E+10	-1.833779E+10	1.828632E+7	-1.410418E+8	-2.174192E+11
2.575000E+3	-2.165507E+0	1.981762E+10	-1.111363E+0	1.337329E+9	1.580620E+0	1.978974E+10	3.663352E-2	1.270954E+9	3.423130E+0	2.035265E+11	-6.678848E+0	2.012422E+11	2.927690E+0	2.233163E+11	-6.038353E+0	2.210598E+11	1.054144E+0	-1.543987E+0	-1.147997E+0	2.598131E+0	4.926990E+0	-1.848030E+10	-1.851879E+10	6.637541E+7	3.849506E+7	-2.197225E+11
2.600000E+3	1.763617E+0	1.963789E+10	3.659200E-1	1.301169E+9	3.886069E-1	1.970857E+10	-1.544172E-1	1.275340E+9	3.881270E-1	2.029646E+11	2.303884E+0	1.987576E+11	3.882561E-1	2.226732E+11	2.227214E+0	2.183955E+11	-1.397697E+0	-5.430241E-1	5.203373E-1	-8.546731E-1	-1.861294E+0	-1.833672E+10	-1.843324E+10	2.582998E+7	9.651631E+7	-2.170943E+11
2.650000E+3	-4.380313E-1	1.973860E+10	-1.515143E+0	1.347213E+9	-2.798933E-1	1.966305E+10	2.002494E+0	1.225825E+9	1.452016E+0	2.031616E+11	1.004881E+0	1.991169E+11	9.863159E-1	2.228247E+11	8.001155E-1	2.188555E+11	-1.077112E+0	2.282388E+0	-3.517638E+0	-3.359500E+0	-2.315259E+0	-1.839139E+10	-1.843723E+10	1.213871E+8	4.583905E+7	-2.175083E+11
2.750000E+3	2.337452E-1	1.970787E+10	-1.747561E-3	1.310169E+9	3.866859E+0	1.994542E+10	2.310293E+0	1.218760E+9	3.931748E+0	2.036207E+11	-1.602631E+0	1.998381E+11	3.914299E+0	2.235661E+11	-1.342028E+0	2.195460E+11	-2.354927E-1	-1.556566E+0	-2.312040E+0	1.321074E+0	1.340281E+0	-1.839770E+10	-1.872666E+10	9.140939E+7	3.289615E+8	-2.182358E+11
2.850000E+3	5.011416E-1	1.969564E+10	4.265769E-1	1.299685E+9	1.034191E+0	1.975254E+10	-1.126877E+0	1.297663E+9	4.996100E+0	2.038178E+11	-3.242868E+0	2.002918E+11	3.930767E+0	2.235703E+11	-2.711550E+0	2.199874E+11	-7.456471E-2	-2.161068E+0	1.553454E+0	2.086504E+0	3.138127E+0	-1.839595E+10	-1.845487E+10	2.021448E+6	5.891701E+7	-2.186878E+11
2.950000E+3	-2.466018E+0	1.983137E+10	4.720521E-1	1.298572E+9	2.424417E+0	1.984720E+10	1.449218E+0	1.238526E+9	4.248524E+0	2.036794E+11	-3.466308E+0	2.003536E+11	3.758032E+0	2.235266E+11	-3.324356E+0	2.201850E+11	2.938071E+0	-9.751989E-1	-9.771663E-1	3.913269E+0	3.796408E+0	-1.853280E+10	-1.860868E+10	6.004528E+7	7.587597E+7	-2.188864E+11
3.250000E+3	5.563400E-1	1.969311E+10	2.505376E+0	1.248802E+9	-3.376807E+0	1.945217E+10	-3.220283E-1	1.279187E+9	-1.003965E+1	2.010340E+11	7.475839E+0	1.973270E+11	-8.248049E+0	2.204862E+11	6.493883E+0	2.170201E+11	1.949036E+0	3.054779E+0	2.827405E+0	-1.105743E+0	-3.988506E+0	-1.844431E+10	-1.817298E+10	-3.038545E+7	-2.713286E+8	-2.157713E+11
3.550000E+3	6.174792E+0	1.943610E+10	1.597742E+0	1.271018E+9	1.051340E+0	1.975370E+10	2.689395E+0	1.210057E+9	1.863274E+0	2.032377E+11	5.835968E+0	1.977806E+11	1.644950E+0	2.229914E+11	5.884051E+0	2.172167E+11	-4.577049E+0	1.638055E+0	-1.091652E+0	-6.215104E+0	-4.286309E+0	-1.816508E+10	-1.854365E+10	6.096115E+7	3.785629E+8	-2.159457E+11
