Photon Energy (eV)	X ref norm	X ref	X pump norm	X pump	Y ref norm	Y ref	Y pump norm	Y pump	X all norm	X all	Y all norm	Y all	X all Y ref norm	X all Y ref	Y all X ref norm	Y all X ref	BC(X hist) norm	BC(Y hist) norm	StS norm	BCSC norm	BCLR norm	BC(X hist)	BC(Y hist)	StS	BCSC	BCLR	
1.550000E+3	8.817340E-1	1.967823E+10	3.452121E-1	1.205642E+9	-5.360426E-1	1.964561E+10	-1.347506E+0	1.266222E+9	2.095052E+0	2.032807E+11	-1.013820E-1	1.994229E+11	1.387567E+0	2.229263E+11	3.813346E-2	2.191011E+11	-5.365219E-1	-8.114634E-1	1.692718E+0	2.749415E-1	3.070786E-1	-1.847259E+10	-1.837939E+10	-6.057940E+7	-9.319776E+7	-2.178955E+11
1.850000E+3	-2.618092E+0	1.983833E+10	-2.711403E+0	1.169666E+9	1.692647E+0	1.979737E+10	1.092466E+0	1.197062E+9	5.728843E+0	2.039534E+11	-3.577946E+0	2.003845E+11	4.643535E+0	2.237508E+11	-3.441732E+0	2.202228E+11	-9.331074E-2	-6.001815E-1	-3.803869E+0	5.068708E-1	7.303285E-1	-1.866866E+10	-1.860031E+10	-2.739557E+7	-6.835078E+7	-2.190532E+11
2.150000E+3	1.226689E+0	1.966245E+10	1.266106E+0	1.216481E+9	5.089552E-1	1.971677E+10	9.102834E-1	1.202226E+9	-1.027201E+1	2.009910E+11	5.499822E+0	1.978736E+11	-7.373073E+0	2.207077E+11	4.893415E+0	2.175360E+11	3.941646E-2	4.013282E-1	3.558222E-1	-3.619118E-1	-3.627310E+0	-1.844597E+10	-1.851454E+10	1.425547E+7	6.857531E+7	-2.163195E+11
2.250000E+3	3.339062E+0	1.956582E+10	1.762495E+0	1.222324E+9	-4.766572E+0	1.935754E+10	-1.359998E+0	1.266576E+9	-7.155232E+0	2.015680E+11	6.251843E+0	1.976656E+11	-6.512936E+0	2.209256E+11	5.838486E+0	2.172314E+11	-1.576567E+0	3.406574E+0	3.122493E+0	-4.983141E+0	-4.075992E+0	-1.834350E+10	-1.809096E+10	-4.425220E+7	-2.525362E+8	-2.160091E+11
2.350000E+3	-2.829392E+0	1.984799E+10	-6.624091E-1	1.193783E+9	3.101012E+0	1.989327E+10	7.047548E-1	1.208051E+9	9.603346E+0	2.046708E+11	-8.072337E+0	2.016276E+11	7.854908E+0	2.245640E+11	-7.328303E+0	2.214756E+11	2.166983E+0	-2.396258E+0	-1.367164E+0	4.563241E+0	6.665894E+0	-1.865421E+10	-1.868522E+10	-1.426859E+7	3.101200E+7	-2.202819E+11
2.400000E+3	7.193175E+0	1.938952E+10	6.231341E+0	1.274921E+9	-1.773303E+0	1.956136E+10	6.684436E-1	1.209080E+9	-6.054353E+0	2.017718E+11	1.148775E+0	1.990771E+11	-4.903205E+0	2.213332E+11	2.006545E+0	2.184666E+11	-9.618341E-1	2.441746E+0	5.562897E+0	-3.403581E+0	4.224796E+0	-1.811459E+10	-1.835228E+10	6.584100E+7	2.376862E+8	-2.171917E+11
2.425000E+3	1.654180E+1	1.896187E+10	-2.810508E+0	1.168500E+9	-6.214781E+0	1.925892E+10	1.761174E+0	1.178108E+9	-3.134292E+1	1.970898E+11	1.640158E+1	1.948581E+11	-2.458612E+1	2.163487E+11	1.642148E+1	2.138200E+11	-1.935231E+1	7.975955E+0	-4.571682E+0	-2.732827E+1	-1.923199E+1	-1.779337E+10	-1.808081E+10	-9.607777E+6	2.874468E+8	-2.126515E+11
2.450000E+3	1.208660E+1	1.916567E+10	1.348419E+0	1.217450E+9	-5.928708E+0	1.927840E+10	4.498236E+0	1.100527E+9	-2.329876E+1	1.985791E+11	1.653016E+1	1.948226E+11	-1.862806E+1	2.178575E+11	1.589957E+1	2.139882E+11	-1.073818E+1	1.042694E+1	-3.149817E+0	-2.116513E+1	-1.455115E+1	-1.794822E+10	-1.817787E+10	1.169232E+8	2.296565E+8	-2.127708E+11
2.475000E+3	1.618756E+1	1.897807E+10	-1.847518E+0	1.179834E+9	-1.229398E+1	1.884496E+10	1.615226E+0	1.182244E+9	-3.449576E+1	1.965061E+11	2.197559E+1	1.933164E+11	-2.852584E+1	2.153510E+11	2.115420E+1	2.122944E+11	-1.803508E+1	1.390921E+1	-3.462744E+0	-3.194429E+1	-2.300172E+1	-1.779824E+10	-1.766272E+10	-2.410320E+6	-1.355194E+8	-2.111146E+11
2.500000E+3	2.818586E-1	1.970567E+10	1.093111E+0	1.214445E+9	2.184951E+0	1.983090E+10	6.073739E-1	1.210811E+9	5.823415E-1	2.030006E+11	-6.745935E-1	1.995814E+11	1.013274E+0	2.228315E+11	-5.388619E-1	2.192871E+11	8.112526E-1	-1.577577E+0	4.857373E-1	2.388830E+0	1.631973E+0	-1.849123E+10	-1.862008E+10	3.633509E+6	1.288583E+8	-2.180726E+11
2.525000E+3	4.077435E-1	1.969991E+10	-3.076736E+0	1.165366E+9	5.742572E+0	2.007315E+10	3.581161E+0	1.126521E+9	1.932993E+0	2.032507E+11	-2.197414E+0	2.000026E+11	2.957366E+0	2.233238E+11	-1.827712E+0	2.197025E+11	-3.484479E+0	-2.161411E+0	-6.657896E+0	-1.323068E+0	-1.249024E+0	-1.853455E+10	-1.894663E+10	3.884546E+7	4.120824E+8	-2.185372E+11
2.550000E+3	-5.985398E-1	1.974594E+10	2.391481E+0	1.229727E+9	-1.402419E+0	1.958662E+10	1.397623E+0	1.188412E+9	-4.062992E+0	2.021405E+11	1.642860E+0	1.989404E+11	-3.347580E+0	2.217271E+11	1.324779E+0	2.186864E+11	2.990021E+0	2.800042E+0	9.938581E-1	1.899790E-1	1.066701E+0	-1.851622E+10	-1.839820E+10	4.131445E+7	-1.180136E+8	-2.174566E+11
2.575000E+3	-2.165507E+0	1.981762E+10	-1.706705E-1	1.199570E+9	1.580620E+0	1.978974E+10	-9.473339E-1	1.254879E+9	3.423130E+0	2.035265E+11	-6.678848E+0	2.012422E+11	2.927690E+0	2.233163E+11	-6.038353E+0	2.210598E+11	1.994837E+0	-2.527954E+0	7.766635E-1	4.522791E+0	5.867683E+0	-1.861805E+10	-1.853486E+10	-5.530860E+7	-8.318894E+7	-2.198603E+11
2.600000E+3	1.763617E+0	1.963789E+10	4.050442E+0	1.249253E+9	3.886069E-1	1.970857E+10	1.480568E+0	1.186061E+9	3.881270E-1	2.029646E+11	2.303884E+0	1.987576E+11	3.882561E-1	2.226732E+11	2.227214E+0	2.183955E+11	2.286825E+0	1.091961E+0	2.569874E+0	1.194864E+0	1.823229E+0	-1.838864E+10	-1.852251E+10	6.319134E+7	1.338777E+8	-2.171462E+11
2.650000E+3	-4.380313E-1	1.973860E+10	9.550369E+0	1.313986E+9	-2.798933E-1	1.966305E+10	-6.154710E-1	1.245472E+9	1.452016E+0	2.031616E+11	1.004881E+0	1.991169E+11	9.863159E-1	2.228247E+11	8.001155E-1	2.188555E+11	9.988400E+0	-3.355777E-1	1.016584E+1	1.032398E+1	8.750254E+0	-1.842462E+10	-1.841758E+10	6.851367E+7	-7.034421E+6	-2.175415E+11
2.750000E+3	2.337452E-1	1.970787E+10	8.224578E+0	1.298382E+9	3.866859E+0	1.994542E+10	1.540603E+0	1.184360E+9	3.931748E+0	2.036207E+11	-1.602631E+0	1.998381E+11	3.914299E+0	2.235661E+11	-1.342028E+0	2.195460E+11	7.990832E+0	-2.326255E+0	6.683974E+0	1.031709E+1	9.566606E+0	-1.840949E+10	-1.876106E+10	1.140222E+8	3.515743E+8	-2.182476E+11
2.850000E+3	5.011416E-1	1.969564E+10	-1.272801E+0	1.186598E+9	1.034191E+0	1.975254E+10	8.586414E-1	1.203689E+9	4.996100E+0	2.038178E+11	-3.242868E+0	2.002918E+11	3.930767E+0	2.235703E+11	-2.711550E+0	2.199874E+11	-1.773943E+0	-1.755495E-1	-2.131443E+0	-1.598393E+0	1.438749E+0	-1.850904E+10	-1.854885E+10	-1.709100E+7	3.980456E+7	-2.188008E+11
2.950000E+3	-2.466018E+0	1.983137E+10	-8.678058E-1	1.191365E+9	2.424417E+0	1.984720E+10	-1.268391E+0	1.263979E+9	4.248524E+0	2.036794E+11	-3.466308E+0	2.003536E+11	3.758032E+0	2.235266E+11	-3.324356E+0	2.201850E+11	1.598213E+0	-3.692808E+0	4.005849E-1	5.291021E+0	2.456550E+0	-1.864001E+10	-1.858322E+10	-7.261403E+7	-5.678334E+7	-2.189936E+11
3.250000E+3	5.563400E-1	1.969311E+10	2.215645E-1	1.204187E+9	-3.376807E+0	1.945217E+10	3.261305E+0	1.135587E+9	-1.003965E+1	2.010340E+11	7.475839E+0	1.973270E+11	-8.248049E+0	2.204862E+11	6.493883E+0	2.170201E+11	-3.347756E-1	6.638113E+0	-3.039741E+0	-6.972888E+0	-6.272318E+0	-1.848893E+10	-1.831658E+10	6.860000E+7	-1.723432E+8	-2.158159E+11
3.550000E+3	6.174792E+0	1.943610E+10	-1.305535E+0	1.186213E+9	1.051340E+0	1.975370E+10	6.078403E-1	1.210798E+9	1.863274E+0	2.032377E+11	5.835968E+0	1.977806E+11	1.644950E+0	2.229914E+11	5.884051E+0	2.172167E+11	-7.480327E+0	-4.434999E-1	-1.913375E+0	-7.036827E+0	-7.189586E+0	-1.824989E+10	-1.854290E+10	-2.458512E+7	2.930167E+8	-2.160305E+11
