Photon Energy (eV)	X ref norm	X ref	X pump norm	X pump	Y ref norm	Y ref	Y pump norm	Y pump	X all norm	X all	Y all norm	Y all	X all Y ref norm	X all Y ref	Y all X ref norm	Y all X ref	BC(X hist) norm	BC(Y hist) norm	StS norm	BCSC norm	BCLR norm	BC(X hist)	BC(Y hist)	StS	BCSC	BCLR	
2.790010E+2	-4.227047E-3	5.653902E+8	-1.659028E-3	2.873866E+7	-2.773158E-3	5.983890E+8	-3.686517E-3	2.554547E+7	-3.002524E-3	4.459109E+9	-3.003940E-3	4.525936E+9	-2.975722E-3	5.057498E+9	-3.146155E-3	5.091326E+9	2.568020E-3	-9.133586E-4	2.027489E-3	3.481378E-3	1.487127E-3	-5.366516E+8	-5.728436E+8	3.193196E+6	3.619200E+7	-5.062587E+9
2.795040E+2	-1.960667E-3	5.991929E+8	-5.563821E-3	2.615880E+7	-1.949672E-3	6.106492E+8	-1.047180E-2	2.105467E+7	-1.587788E-3	4.618302E+9	-2.513994E-3	4.581475E+9	-1.630074E-3	5.228951E+9	-2.449657E-3	5.180668E+9	-3.603154E-3	-8.522126E-3	4.907976E-3	4.918971E-3	-3.114165E-3	-5.730341E+8	-5.895946E+8	5.104128E+6	1.656045E+7	-5.154509E+9
2.800050E+2	-7.646010E-5	6.272955E+8	1.013350E-3	3.050428E+7	1.046471E-3	6.552563E+8	-3.493296E-5	2.796225E+7	6.177777E-5	4.803919E+9	-9.104516E-5	4.856137E+9	1.768388E-4	5.459175E+9	-8.934930E-5	5.483432E+9	1.089810E-3	-1.081404E-3	1.048283E-3	2.171214E-3	1.102699E-3	-5.967912E+8	-6.272940E+8	2.542035E+6	3.050278E+7	-5.452928E+9
2.805050E+2	7.965998E-4	6.403171E+8	-1.160130E-2	2.216988E+7	6.816198E-4	6.498243E+8	2.697842E-3	2.977092E+7	6.229994E-4	4.867071E+9	3.791034E-4	4.909432E+9	6.298492E-4	5.516895E+9	4.276474E-4	5.549749E+9	-1.239790E-2	2.016223E-3	-1.429914E-2	-1.441412E-2	-1.202894E-2	-6.181472E+8	-6.200534E+8	-7.601043E+6	1.906210E+6	-5.527579E+9
2.810050E+2	-4.890754E-4	6.211414E+8	8.488409E-4	3.039560E+7	-1.228510E-3	6.213860E+8	6.512055E-3	3.229534E+7	-3.047200E-4	4.762679E+9	-1.324924E-4	4.851438E+9	-4.126645E-4	5.384065E+9	-1.739538E-4	5.472580E+9	1.337916E-3	7.740564E-3	-5.663214E-3	-6.402648E-3	1.022795E-3	-5.907458E+8	-5.890907E+8	-1.899743E+6	-1.655177E+6	-5.442184E+9
2.815020E+2	7.573264E-4	6.397313E+8	-7.744771E-3	2.471786E+7	-3.116909E-4	6.350358E+8	2.723864E-3	2.978814E+7	-1.228055E-4	4.783149E+9	-5.971928E-4	4.798761E+9	-1.448767E-4	5.418185E+9	-4.396974E-4	5.438492E+9	-8.502097E-3	3.035555E-3	-1.046864E-2	-1.153765E-2	-7.305074E-3	-6.150135E+8	-6.052476E+8	-5.070287E+6	-9.765846E+6	-5.413774E+9
2.820060E+2	-1.481632E-4	6.262261E+8	1.191520E-2	3.770706E+7	-7.785053E-4	6.280857E+8	-6.555301E-3	2.364678E+7	-3.530588E-5	4.792995E+9	8.933316E-4	4.967724E+9	-1.221485E-4	5.421081E+9	7.722328E-4	5.593950E+9	1.206337E-2	-5.776796E-3	1.847050E-2	1.784016E-2	1.114297E-2	-5.885190E+8	-6.044390E+8	1.406028E+7	1.591994E+7	-5.556243E+9
2.825030E+2	5.347487E-3	7.081928E+8	1.279152E-2	3.828604E+7	5.313445E-3	7.187837E+8	8.814787E-3	3.381939E+7	4.368366E-3	5.288517E+9	5.066229E-3	5.440756E+9	4.478798E-3	6.007301E+9	5.098932E-3	6.148949E+9	7.444036E-3	3.501342E-3	3.976736E-3	3.942694E-3	7.692591E-3	-6.699067E+8	-6.849643E+8	4.466650E+6	1.505756E+7	-6.110663E+9
2.830060E+2	1.110682E-2	7.940922E+8	2.051679E-2	4.339007E+7	1.107209E-2	8.045193E+8	2.425391E-2	4.403769E+7	1.423298E-2	6.398530E+9	1.371290E-2	6.420928E+9	1.386363E-2	7.203050E+9	1.340988E-2	7.215020E+9	9.409979E-3	1.318182E-2	-3.737116E-3	-3.771843E-3	7.106912E-3	-7.507021E+8	-7.604816E+8	-6.476195E+5	9.779487E+6	-7.171630E+9
2.835020E+2	2.787139E-2	1.044133E+9	2.941459E-2	4.926878E+7	2.941893E-2	1.077670E+9	2.322463E-2	4.335647E+7	2.756706E-2	7.898945E+9	2.679501E-2	7.903893E+9	2.778345E-2	8.976616E+9	2.692017E-2	8.948026E+9	1.543200E-3	-6.194304E-3	6.189963E-3	7.737504E-3	2.494424E-3	-9.948642E+8	-1.034314E+9	5.912315E+6	3.944942E+7	-8.898757E+9
2.840000E+2	5.235603E-2	1.409317E+9	6.885931E-2	7.532962E+7	4.888435E-2	1.367474E+9	7.051762E-2	7.465708E+7	5.493966E-2	1.097904E+10	5.240231E-2	1.080669E+10	5.423210E-2	1.234652E+10	5.239693E-2	1.221601E+10	1.650329E-2	2.163327E-2	-1.658305E-3	-5.129981E-3	1.646239E-2	-1.333987E+9	-1.292817E+9	6.725474E+5	-4.117021E+7	-1.214068E+10
2.841010E+2	6.040417E-2	1.529354E+9	5.065911E-2	6.330488E+7	5.437157E-2	1.449169E+9	4.205191E-2	5.581720E+7	5.845390E-2	1.137448E+10	5.731805E-2	1.136393E+10	5.797688E-2	1.282365E+10	5.767689E-2	1.289329E+10	-9.745053E-3	-1.231966E-2	8.607203E-3	2.574610E-3	-7.017774E-3	-1.466049E+9	-1.393352E+9	7.487682E+6	-7.269705E+7	-1.282998E+10
2.842030E+2	7.134081E-2	1.692472E+9	6.680408E-2	7.397174E+7	7.357714E-2	1.735104E+9	8.397027E-2	8.356064E+7	7.886705E-2	1.367146E+10	7.792591E-2	1.370000E+10	7.824892E-2	1.540657E+10	7.716023E-2	1.539247E+10	-4.536734E-3	1.039313E-2	-1.716620E-2	-1.492987E-2	-1.035616E-2	-1.618500E+9	-1.651544E+9	-9.588900E+6	3.304373E+7	-1.531850E+10
2.843040E+2	1.080216E-1	2.239559E+9	7.859656E-2	8.176295E+7	1.066251E-1	2.227127E+9	1.032397E-1	9.631400E+7	1.109313E-1	1.727949E+10	1.077247E-1	1.707794E+10	1.104281E-1	1.950661E+10	1.077592E-1	1.931750E+10	-2.942503E-2	-3.385372E-3	-2.464313E-2	-2.603966E-2	-2.916269E-2	-2.157796E+9	-2.130813E+9	-1.455105E+7	-2.698321E+7	-1.923574E+10
2.844010E+2	1.381751E-1	2.689294E+9	1.301559E-1	1.158278E+8	1.360932E-1	2.665854E+9	1.485377E-1	1.262942E+8	1.432786E-1	2.091936E+10	1.406625E-1	2.081172E+10	1.424390E-1	2.358521E+10	1.403733E-1	2.350101E+10	-8.019200E-3	1.244442E-2	-1.838175E-2	-2.046362E-2	-1.021740E-2	-2.573466E+9	-2.539560E+9	-1.046638E+7	-3.390608E+7	-2.338518E+10
2.845030E+2	1.806774E-1	3.323208E+9	1.862742E-1	1.529048E+8	1.783286E-1	3.294661E+9	1.824148E-1	1.487156E+8	1.860855E-1	2.573620E+10	1.804091E-1	2.531732E+10	1.851791E-1	2.903086E+10	1.804403E-1	2.864053E+10	5.596777E-3	4.086171E-3	3.859408E-3	1.510606E-3	5.833863E-3	-3.170303E+9	-3.145945E+9	4.189174E+6	-2.435815E+7	-2.848762E+10
2.846040E+2	2.413442E-1	4.228043E+9	2.570777E-1	1.996842E+8	2.360110E-1	4.153446E+9	2.371148E-1	1.849185E+8	2.545412E-1	3.343916E+10	2.429387E-1	3.240556E+10	2.523760E-1	3.759261E+10	2.427533E-1	3.663361E+10	1.573353E-2	1.103780E-3	1.996292E-2	1.462975E-2	1.432442E-2	-4.028359E+9	-3.968528E+9	1.476564E+7	-5.983127E+7	-3.643392E+10
2.847020E+2	5.010183E-1	8.101038E+9	5.161024E-1	3.708199E+8	4.995617E-1	8.077231E+9	5.606871E-1	3.990731E+8	5.420955E-1	6.579615E+10	5.127402E-1	6.298980E+10	5.371255E-1	7.387338E+10	5.113773E-1	7.109083E+10	1.508411E-2	6.112543E-2	-4.458474E-2	-4.604132E-2	4.725119E-3	-7.730218E+9	-7.678158E+9	-2.825323E+7	-5.205990E+7	-7.072001E+10
2.848020E+2	1.156947E+0	1.788410E+10	1.122163E+0	7.712399E+8	1.148760E+0	1.774259E+10	1.253791E+0	8.578002E+8	1.181260E+0	1.377180E+11	1.151393E+0	1.353864E+11	1.177462E+0	1.554606E+11	1.152039E+0	1.532705E+11	-3.478395E-2	1.050314E-1	-1.316278E-1	-1.398154E-1	-2.987561E-2	-1.711286E+10	-1.688479E+10	-8.656032E+7	-2.280707E+8	-1.524992E+11
2.848990E+2	1.537414E+0	2.355870E+10	1.577745E+0	1.072240E+9	1.546189E+0	2.365958E+10	1.559470E+0	1.060112E+9	1.549374E+0	1.791399E+11	1.544260E+0	1.799210E+11	1.549001E+0	2.027995E+11	1.543464E+0	2.034797E+11	4.033156E-2	1.328111E-2	1.827581E-2	2.705045E-2	3.428171E-2	-2.248646E+10	-2.259947E+10	1.212785E+7	1.130065E+8	-2.024075E+11
2.850010E+2	1.573664E+0	2.409936E+10	1.574751E+0	1.070261E+9	1.580412E+0	2.416910E+10	1.582371E+0	1.075269E+9	1.571332E+0	1.816107E+11	1.574236E+0	1.833191E+11	1.572393E+0	2.057798E+11	1.574169E+0	2.074184E+11	1.087040E-3	1.959619E-3	-7.620517E-3	-8.725797E-4	5.815379E-4	-2.302910E+10	-2.309383E+10	-5.008049E+6	6.473010E+7	-2.063482E+11
2.851060E+2	1.431314E+0	2.197624E+10	1.509498E+0	1.027149E+9	1.416501E+0	2.172876E+10	1.469954E+0	1.000866E+9	1.430767E+0	1.657937E+11	1.428660E+0	1.668169E+11	1.429100E+0	1.875224E+11	1.428969E+0	1.887931E+11	7.818328E-2	5.345288E-2	3.954406E-2	2.473040E-2	8.052871E-2	-2.094909E+10	-2.072790E+10	2.628273E+7	-2.211954E+8	-1.877660E+11
2.851990E+2	1.186121E+0	1.831923E+10	1.174994E+0	8.061448E+8	1.185165E+0	1.828460E+10	1.232924E+0	8.439892E+8	1.186286E+0	1.382836E+11	1.191652E+0	1.399501E+11	1.186155E+0	1.565682E+11	1.191009E+0	1.582693E+11	-1.112693E-2	4.775878E-2	-5.792963E-2	-5.888571E-2	-1.601509E-2	-1.751308E+10	-1.744061E+10	-3.784441E+7	-7.246984E+7	-1.574632E+11
2.853000E+2	9.821570E-1	1.527714E+10	9.643322E-1	6.669621E+8	9.883731E-1	1.535473E+10	1.031263E+0	7.105209E+8	9.964202E-1	1.169189E+11	9.938465E-1	1.175272E+11	9.954799E-1	1.322737E+11	9.924873E-1	1.328043E+11	-1.782475E-2	4.288946E-2	-6.693032E-2	-6.071421E-2	-2.815510E-2	-1.461018E+10	-1.464421E+10	-4.355882E+7	3.403571E+7	-1.321373E+11
2.854020E+2	7.737266E-1	1.216844E+10	7.505898E-1	5.257441E+8	7.763588E-1	1.219823E+10	8.142554E-1	5.668959E+8	7.856506E-1	9.320212E+10	7.785902E-1	9.312608E+10	7.845648E-1	1.054004E+11	7.780247E-1	1.052945E+11	-2.313676E-2	3.789664E-2	-6.366561E-2	-6.103340E-2	-2.743484E-2	-1.164269E+10	-1.163133E+10	-4.115189E+7	-1.135660E+7	-1.047688E+11
2.855000E+2	5.861663E-1	9.371006E+9	5.916596E-1	4.207400E+8	5.890058E-1	9.408889E+9	6.095862E-1	4.314367E+8	5.962876E-1	7.189410E+10	5.916432E-1	7.193410E+10	5.954368E-1	8.130299E+10	5.910064E-1	8.130510E+10	5.493314E-3	2.058040E-2	-1.792658E-2	-1.508708E-2	6.532562E-4	-8.950266E+9	-8.977452E+9	-1.069670E+7	2.718656E+7	-8.088436E+10
2.856010E+2	4.131596E-1	6.790641E+9	4.241551E-1	3.100710E+8	4.118924E-1	6.771996E+9	4.251417E-1	3.093631E+8	4.251463E-1	5.263646E+10	4.199075E-1	5.246644E+10	4.235976E-1	5.940846E+10	4.191229E-1	5.925708E+10	1.099541E-2	1.324933E-2	-9.866703E-4	-2.253918E-3	5.032164E-3	-6.480570E+9	-6.462633E+9	7.078232E+5	-1.793700E+7	-5.894701E+10
2.858030E+2	3.934507E-1	6.496685E+9	4.269886E-1	3.119431E+8	3.951442E-1	6.522647E+9	4.056861E-1	2.964866E+8	4.032193E-1	5.016913E+10	3.965574E-1	4.981951E+10	4.022758E-1	5.669178E+10	3.961961E-1	5.631619E+10	3.353792E-2	1.054191E-2	2.130247E-2	2.299602E-2	3.079248E-2	-6.184742E+9	-6.226160E+9	1.545651E+7	4.141807E+7	-5.600425E+10
2.860070E+2	8.402930E-1	1.316126E+10	8.371527E-1	5.829355E+8	8.346517E-1	1.306610E+10	8.710730E-1	6.045003E+8	8.620728E-1	1.018015E+11	8.465493E-1	1.008298E+11	8.588686E-1	1.148676E+11	8.458218E-1	1.139911E+11	-3.140268E-3	3.642133E-2	-3.392031E-2	-3.956160E-2	-8.669130E-3	-1.257833E+10	-1.246160E+10	-2.156483E+7	-1.167219E+8	-1.134081E+11
2.862030E+2	1.323057E+0	2.036160E+10	1.348655E+0	9.208817E+8	1.330322E+0	2.044573E+10	1.340096E+0	9.149208E+8	1.328490E+0	1.542850E+11	1.330694E+0	1.557116E+11	1.328704E+0	1.747308E+11	1.329806E+0	1.760732E+11	2.559872E-2	9.773761E-3	8.559279E-3	1.582496E-2	1.884917E-2	-1.944072E+10	-1.953081E+10	5.960886E+6	9.009049E+7	-1.751524E+11
2.864220E+2	1.362513E+0	2.095009E+10	1.364163E+0	9.311274E+8	1.374256E+0	2.109982E+10	1.368021E+0	9.334030E+8	1.374495E+0	1.594617E+11	1.383492E+0	1.616967E+11	1.374467E+0	1.805616E+11	1.381053E+0	1.826468E+11	1.649842E-3	-6.234243E-3	-3.858411E-3	7.884084E-3	-1.688948E-2	-2.001896E+10	-2.016641E+10	-2.275557E+6	1.474534E+8	-1.817156E+11
2.866160E+2	1.228992E+0	1.895864E+10	1.176645E+0	8.072356E+8	1.233042E+0	1.899740E+10	1.264997E+0	8.652169E+8	1.239049E+0	1.442207E+11	1.235564E+0	1.449278E+11	1.238347E+0	1.632181E+11	1.234800E+0	1.638864E+11	-5.234721E-2	3.195552E-2	-8.835207E-2	-8.430273E-2	-5.815461E-2	-1.815141E+10	-1.813218E+10	-5.798124E+7	-1.922841E+7	-1.630792E+11
2.868020E+2	1.389073E+0	2.134622E+10	1.401993E+0	9.561215E+8	1.396654E+0	2.143328E+10	1.427810E+0	9.729739E+8	1.399379E+0	1.622617E+11	1.400151E+0	1.635852E+11	1.399060E+0	1.836950E+11	1.398863E+0	1.849314E+11	1.292044E-2	3.115659E-2	-2.581713E-2	-1.823615E-2	3.130049E-3	-2.039009E+10	-2.046031E+10	-1.685239E+7	7.021092E+7	-1.839753E+11
2.870060E+2	1.402174E+0	2.154163E+10	1.372297E+0	9.365016E+8	1.403715E+0	2.153841E+10	1.417369E+0	9.660637E+8	1.394894E+0	1.617571E+11	1.407086E+0	1.643712E+11	1.395924E+0	1.832955E+11	1.406515E+0	1.859129E+11	-2.987715E-2	1.365465E-2	-4.507224E-2	-4.353179E-2	-3.421729E-2	-2.060512E+10	-2.057234E+10	-2.956207E+7	-3.278059E+7	-1.849764E+11
2.872190E+2	1.173586E+0	1.813228E+10	1.161668E+0	7.973404E+8	1.178932E+0	1.819180E+10	1.162440E+0	7.973401E+8	1.186715E+0	1.383318E+11	1.185041E+0	1.392006E+11	1.185806E+0	1.565236E+11	1.183709E+0	1.573329E+11	-1.191841E-2	-1.649175E-2	-7.721088E-4	4.573341E-3	-2.204122E-2	-1.733493E+10	-1.739446E+10	3.364876E+2	5.952732E+7	-1.565356E+11
2.874030E+2	9.512477E-1	1.481613E+10	9.431464E-1	6.529648E+8	9.602511E-1	1.493605E+10	9.836962E-1	6.790394E+8	9.668449E-1	1.135910E+11	9.631778E-1	1.140506E+11	9.660744E-1	1.285270E+11	9.617906E-1	1.288667E+11	-8.101351E-3	2.344517E-2	-4.054987E-2	-3.154652E-2	-1.864424E-2	-1.416317E+10	-1.425701E+10	-2.607466E+7	9.384108E+7	-1.282138E+11
2.876170E+2	7.543351E-1	1.187922E+10	7.731131E-1	5.406250E+8	7.501147E-1	1.180750E+10	7.611289E-1	5.317344E+8	7.621985E-1	9.056319E+10	7.617827E-1	9.122081E+10	7.607865E-1	1.023707E+11	7.609167E-1	1.031000E+11	1.877799E-2	1.101419E-2	1.198424E-2	7.763799E-3	1.219643E-2	-1.133859E+10	-1.127577E+10	8.890606E+6	-6.282026E+7	-1.025594E+11
2.878020E+2	6.251422E-1	9.952325E+9	6.602738E-1	4.660729E+8	6.327310E-1	1.005988E+10	6.518829E-1	4.594305E+8	6.366176E-1	7.643222E+10	6.329126E-1	7.661233E+10	6.361635E-1	8.649210E+10	6.320091E-1	8.656466E+10	3.513154E-2	1.915189E-2	8.390915E-3	1.597964E-2	2.826463E-2	-9.486252E+9	-9.600446E+9	6.642358E+6	1.141936E+8	-8.609858E+10
2.880020E+2	7.255306E-1	1.144960E+10	7.213567E-1	5.064300E+8	7.300063E-1	1.150813E+10	7.622865E-1	5.325006E+8	7.405610E-1	8.812843E+10	7.410359E-1	8.886900E+10	7.393277E-1	9.963656E+10	7.392330E-1	1.003186E+11	-4.173819E-3	3.228023E-2	-4.092978E-2	-3.645405E-2	-1.787629E-2	-1.094317E+10	-1.097563E+10	-2.607063E+7	3.245659E+7	-9.981217E+10
2.882150E+2	8.600539E-1	1.345599E+10	8.935682E-1	6.202088E+8	8.534281E-1	1.334565E+10	8.898137E-1	6.169038E+8	8.702063E-1	1.027167E+11	8.617171E-1	1.025492E+11	8.682458E-1	1.160624E+11	8.615237E-1	1.160052E+11	3.351424E-2	3.638558E-2	3.754495E-3	-2.871339E-3	3.204448E-2	-1.283578E+10	-1.272875E+10	3.305051E+6	-1.070371E+8	-1.153850E+11
2.884200E+2	9.793120E-1	1.523471E+10	9.557460E-1	6.612892E+8	9.804983E-1	1.523749E+10	9.894578E-1	6.828527E+8	9.991185E-1	1.172225E+11	9.921359E-1	1.173333E+11	9.969427E-1	1.324600E+11	9.906448E-1	1.325680E+11	-2.356603E-2	8.959509E-3	-3.371179E-2	-3.252554E-2	-3.489883E-2	-1.457342E+10	-1.455464E+10	-2.156343E+7	-1.877825E+7	-1.319067E+11
2.886040E+2	1.084051E+0	1.679686E+10	1.082403E+0	7.449703E+8	1.089985E+0	1.686754E+10	1.121809E+0	7.704486E+8	1.096940E+0	1.282299E+11	1.092563E+0	1.287175E+11	1.096127E+0	1.450974E+11	1.091573E+0	1.455144E+11	-1.648042E-3	3.182415E-2	-3.940643E-2	-3.347219E-2	-9.170803E-3	-1.605189E+10	-1.609710E+10	-2.547828E+7	4.520241E+7	-1.447694E+11
2.888230E+2	1.257395E+0	1.938227E+10	1.234027E+0	8.451472E+8	1.262429E+0	1.943492E+10	1.203650E+0	8.246149E+8	1.246867E+0	1.451004E+11	1.257451E+0	1.474089E+11	1.248685E+0	1.645353E+11	1.257445E+0	1.667912E+11	-2.336875E-2	-5.877827E-2	3.037615E-2	3.540952E-2	-2.341822E-2	-1.853712E+10	-1.861030E+10	2.053230E+7	7.317788E+7	-1.659461E+11
2.890230E+2	1.175507E+0	1.816093E+10	1.115007E+0	7.665116E+8	1.183700E+0	1.826279E+10	1.183888E+0	8.115356E+8	1.171914E+0	1.366664E+11	1.186220E+0	1.393342E+11	1.173291E+0	1.549291E+11	1.184974E+0	1.574952E+11	-6.050072E-2	1.887537E-4	-6.888189E-2	-6.068947E-2	-6.996748E-2	-1.739441E+10	-1.745125E+10	-4.502401E+7	5.683791E+7	-1.567287E+11
2.892010E+2	1.004250E+0	1.560666E+10	9.880463E-1	6.826298E+8	1.016203E+0	1.576907E+10	1.080501E+0	7.431088E+8	1.020889E+0	1.196723E+11	1.026786E+0	1.212611E+11	1.020341E+0	1.354413E+11	1.024165E+0	1.368677E+11	-1.620389E-2	6.429786E-2	-9.245422E-2	-8.050175E-2	-3.611893E-2	-1.492403E+10	-1.502596E+10	-6.047899E+7	1.019302E+8	-1.361851E+11
2.894050E+2	8.376106E-1	1.312125E+10	8.599960E-1	5.980279E+8	8.527699E-1	1.333585E+10	8.502325E-1	5.907071E+8	8.513290E-1	1.005926E+11	8.504872E-1	1.012762E+11	8.514974E-1	1.139284E+11	8.489900E-1	1.143975E+11	2.238542E-2	-2.537400E-3	9.763545E-3	2.492282E-2	1.100598E-2	-1.252323E+10	-1.274514E+10	7.320779E+6	2.219174E+8	-1.137994E+11
2.896110E+2	7.734608E-1	1.216447E+10	8.036361E-1	5.607914E+8	7.666215E-1	1.205326E+10	8.033292E-1	5.596645E+8	7.768159E-1	9.220801E+10	7.746539E-1	9.267987E+10	7.756247E-1	1.042613E+11	7.745152E-1	1.048443E+11	3.017535E-2	3.670770E-2	3.069269E-4	-6.532349E-3	2.912095E-2	-1.160368E+10	-1.149360E+10	1.126884E+6	-1.100837E+8	-1.042836E+11
2.898020E+2	8.519296E-1	1.333482E+10	8.663717E-1	6.022403E+8	8.564613E-1	1.339081E+10	7.981907E-1	5.562636E+8	8.609319E-1	1.016731E+11	8.552896E-1	1.018206E+11	8.604096E-1	1.150640E+11	8.548990E-1	1.151554E+11	1.444209E-2	-5.827060E-2	6.818099E-2	7.271270E-2	1.147275E-2	-1.273258E+10	-1.283455E+10	4.597670E+7	1.019665E+8	-1.145532E+11
2.900050E+2	8.763826E-1	1.369953E+10	9.459123E-1	6.547922E+8	8.901198E-1	1.389192E+10	9.323587E-1	6.450620E+8	8.907929E-1	1.050332E+11	8.905554E-1	1.058183E+11	8.907143E-1	1.189252E+11	8.889075E-1	1.195178E+11	6.952967E-2	4.223893E-2	1.355358E-2	2.729074E-2	5.700484E-2	-1.304474E+10	-1.324686E+10	9.730228E+6	2.021203E+8	-1.188630E+11
2.905110E+2	8.651602E-1	1.353215E+10	8.891958E-1	6.173200E+8	8.684123E-1	1.356874E+10	9.063420E-1	6.278429E+8	8.725640E-1	1.029820E+11	8.732660E-1	1.038584E+11	8.720789E-1	1.165508E+11	8.723235E-1	1.173905E+11	2.403557E-2	3.792970E-2	-1.714619E-2	-1.389412E-2	1.687231E-2	-1.291483E+10	-1.294089E+10	-1.052292E+7	2.606263E+7	-1.167732E+11
2.910060E+2	9.353448E-1	1.457894E+10	9.511121E-1	6.582277E+8	9.329360E-1	1.452938E+10	9.879615E-1	6.818624E+8	9.444117E-1	1.110667E+11	9.389115E-1	1.112998E+11	9.430708E-1	1.255961E+11	9.384968E-1	1.258788E+11	1.576729E-2	5.502548E-2	-3.684940E-2	-3.925819E-2	1.261531E-2	-1.392072E+10	-1.384752E+10	-2.363470E+7	-7.320064E+7	-1.252205E+11
2.915140E+2	1.162400E+0	1.796543E+10	1.212619E+0	8.310037E+8	1.162856E+0	1.795246E+10	1.108828E+0	7.618569E+8	1.162376E+0	1.355930E+11	1.165869E+0	1.370274E+11	1.162432E+0	1.535455E+11	1.165466E+0	1.549928E+11	5.021968E-2	-5.402825E-2	1.037919E-1	1.042479E-1	4.715343E-2	-1.713443E+10	-1.719060E+10	6.914676E+7	5.617790E+7	-1.541618E+11
2.920010E+2	1.099071E+0	1.702090E+10	1.118406E+0	7.687574E+8	1.088417E+0	1.684421E+10	1.077878E+0	7.413733E+8	1.103487E+0	1.289666E+11	1.098906E+0	1.294366E+11	1.101726E+0	1.458108E+11	1.098925E+0	1.464575E+11	1.933446E-2	-1.053899E-2	4.052756E-2	2.987345E-2	1.948037E-2	-1.625214E+10	-1.610283E+10	2.738413E+7	-1.493058E+8	-1.456887E+11
2.925020E+2	1.126341E+0	1.742761E+10	1.110434E+0	7.634906E+8	1.139791E+0	1.760906E+10	1.111296E+0	7.634905E+8	1.134690E+0	1.324778E+11	1.137418E+0	1.338022E+11	1.135286E+0	1.500868E+11	1.136130E+0	1.512298E+11	-1.590651E-2	-2.849475E-2	-8.617009E-4	1.258824E-2	-2.569585E-2	-1.666412E+10	-1.684557E+10	5.335687E+1	1.814479E+8	-1.504663E+11
2.930040E+2	1.082545E+0	1.677441E+10	1.109662E+0	7.629806E+8	1.087086E+0	1.682438E+10	1.111436E+0	7.635832E+8	1.094576E+0	1.279639E+11	1.090609E+0	1.284960E+11	1.093700E+0	1.447882E+11	1.089671E+0	1.452704E+11	2.711707E-2	2.435024E-2	-1.773564E-3	2.766829E-3	1.999114E-2	-1.601143E+10	-1.606080E+10	-6.025696E+5	4.936648E+7	-1.445074E+11
2.935110E+2	1.033712E+0	1.604608E+10	1.107581E+0	7.616053E+8	1.044701E+0	1.619335E+10	1.007974E+0	6.951074E+8	1.041814E+0	1.220268E+11	1.043609E+0	1.231681E+11	1.042151E+0	1.382202E+11	1.042458E+0	1.392142E+11	7.386838E-2	-3.672716E-2	9.960691E-2	1.105955E-1	6.512276E-2	-1.528447E+10	-1.549824E+10	6.649794E+7	2.137718E+8	-1.384526E+11
2.940070E+2	9.885603E-1	1.537264E+10	1.013296E+0	6.993119E+8	9.799783E-1	1.522975E+10	9.862386E-1	6.807220E+8	9.892726E-1	1.161146E+11	9.886388E-1	1.169368E+11	9.881866E-1	1.313444E+11	9.886296E-1	1.323095E+11	2.473539E-2	6.260247E-3	2.705710E-2	1.847514E-2	2.466603E-2	-1.467333E+10	-1.454903E+10	1.858985E+7	-1.243023E+8	-1.316102E+11
2.945030E+2	9.868214E-1	1.534671E+10	1.005677E+0	6.942780E+8	9.901403E-1	1.538104E+10	9.912826E-1	6.840604E+8	9.969446E-1	1.169779E+11	9.981177E-1	1.180113E+11	9.961495E-1	1.323590E+11	9.968042E-1	1.333580E+11	1.885518E-2	1.142261E-3	1.439401E-2	1.771292E-2	8.872411E-3	-1.465243E+10	-1.469698E+10	1.021763E+7	4.455373E+7	-1.326638E+11
2.950050E+2	1.041562E+0	1.616316E+10	1.039523E+0	7.166401E+8	1.039007E+0	1.610858E+10	1.029952E+0	7.096534E+8	1.049518E+0	1.228937E+11	1.046016E+0	1.234410E+11	1.048290E+0	1.390023E+11	1.045498E+0	1.396042E+11	-2.039506E-3	-9.055256E-3	9.571241E-3	7.015750E-3	-5.975366E-3	-1.544652E+10	-1.539893E+10	6.986718E+6	-4.759596E+7	-1.388875E+11
2.955100E+2	1.095672E+0	1.697019E+10	1.111188E+0	7.639887E+8	1.102589E+0	1.705520E+10	1.129211E+0	7.753477E+8	1.103687E+0	1.289891E+11	1.099905E+0	1.295498E+11	1.103559E+0	1.460443E+11	1.099413E+0	1.465200E+11	1.551660E-2	2.662222E-2	-1.802304E-2	-1.110562E-2	1.177537E-2	-1.620620E+10	-1.627985E+10	-1.135895E+7	7.364955E+7	-1.457560E+11
2.960030E+2	1.105426E+0	1.711568E+10	1.153439E+0	7.919034E+8	1.106917E+0	1.711963E+10	1.086941E+0	7.473711E+8	1.103268E+0	1.289420E+11	1.104284E+0	1.300462E+11	1.103695E+0	1.460616E+11	1.104417E+0	1.471618E+11	4.801254E-2	-1.997594E-2	6.649816E-2	6.798848E-2	4.902204E-2	-1.632377E+10	-1.637226E+10	4.453228E+7	4.848124E+7	-1.463699E+11
2.964990E+2	1.032357E+0	1.602586E+10	1.033930E+0	7.129451E+8	1.032271E+0	1.600829E+10	1.070105E+0	7.362285E+8	1.037684E+0	1.215622E+11	1.039152E+0	1.226629E+11	1.037052E+0	1.375705E+11	1.038361E+0	1.386887E+11	1.573418E-3	3.783393E-2	-3.617445E-2	-3.626051E-2	-4.431137E-3	-1.531292E+10	-1.527206E+10	-2.328338E+7	-4.085534E+7	-1.379758E+11
2.970040E+2	1.025707E+0	1.592669E+10	1.015796E+0	7.009642E+8	1.031008E+0	1.598949E+10	1.022166E+0	7.045001E+8	1.027678E+0	1.204362E+11	1.026602E+0	1.212403E+11	1.028067E+0	1.364257E+11	1.026498E+0	1.371670E+11	-9.910892E-3	-8.842683E-3	-6.369072E-3	-1.068208E-3	-1.070177E-2	-1.522572E+10	-1.528499E+10	-3.535964E+6	5.927086E+7	-1.364660E+11
2.975020E+2	1.024969E+0	1.591568E+10	1.036344E+0	7.145397E+8	1.022802E+0	1.586732E+10	1.022546E+0	7.047519E+8	1.023924E+0	1.200137E+11	1.022220E+0	1.207436E+11	1.023793E+0	1.358811E+11	1.022540E+0	1.366593E+11	1.137444E-2	-2.565616E-4	1.379791E-2	1.163100E-2	1.380385E-2	-1.520114E+10	-1.516257E+10	9.787780E+6	-3.856715E+7	-1.359447E+11
2.980040E+2	1.005416E+0	1.562404E+10	1.000403E+0	6.907935E+8	1.017172E+0	1.578349E+10	1.015280E+0	6.999431E+8	1.010991E+0	1.185585E+11	1.014945E+0	1.199188E+11	1.011713E+0	1.343420E+11	1.013837E+0	1.355429E+11	-5.013279E-3	-1.891569E-3	-1.487762E-2	-3.121710E-3	-1.343422E-2	-1.493325E+10	-1.508355E+10	-9.149566E+6	1.503021E+8	-1.348521E+11
2.985020E+2	9.881105E-1	1.536593E+10	9.638465E-1	6.666412E+8	9.896834E-1	1.537424E+10	1.017172E+0	7.011951E+8	9.893383E-1	1.161220E+11	9.919063E-1	1.173072E+11	9.893787E-1	1.314963E+11	9.914650E-1	1.326732E+11	-2.426403E-2	2.748840E-2	-5.332533E-2	-5.175243E-2	-2.761847E-2	-1.469929E+10	-1.467305E+10	-3.455387E+7	-2.624695E+7	-1.320065E+11
2.990010E+2	9.505921E-1	1.480635E+10	9.928054E-1	6.857741E+8	9.465345E-1	1.473183E+10	9.379999E-1	6.487956E+8	9.500399E-1	1.117000E+11	9.441898E-1	1.118982E+11	9.496303E-1	1.264318E+11	9.449342E-1	1.267045E+11	4.221334E-2	-8.534606E-3	5.480550E-2	5.074795E-2	4.787120E-2	-1.412058E+10	-1.408304E+10	3.697858E+7	-3.754098E+7	-1.260187E+11
2.995040E+2	1.006699E+0	1.564318E+10	9.916620E-1	6.850187E+8	9.968724E-1	1.548127E+10	9.945699E-1	6.862361E+8	1.002345E+0	1.175856E+11	1.003617E+0	1.186347E+11	1.001706E+0	1.330669E+11	1.003975E+0	1.342779E+11	-1.503722E-2	-2.302449E-3	-2.907890E-3	-1.273478E-2	-1.231298E-2	-1.495816E+10	-1.479504E+10	-1.217400E+6	-1.631280E+8	-1.335928E+11
3.000060E+2	1.024213E+0	1.590440E+10	1.014940E+0	7.003981E+8	1.026935E+0	1.592886E+10	1.012432E+0	6.980582E+8	1.023362E+0	1.199506E+11	1.023122E+0	1.208458E+11	1.023780E+0	1.358794E+11	1.023249E+0	1.367502E+11	-9.273245E-3	-1.450321E-2	2.507424E-3	5.229966E-3	-8.309373E-3	-1.520400E+10	-1.523080E+10	2.339885E+6	2.680009E+7	-1.360498E+11
