Photon Energy (eV)	X ref norm	X ref	X pump norm	X pump	Y ref norm	Y ref	Y pump norm	Y pump	X all norm	X all	Y all norm	Y all	X all Y ref norm	X all Y ref	Y all X ref norm	Y all X ref	BC(X hist) norm	BC(Y hist) norm	StS norm	BCSC norm	BCLR norm	BC(X hist)	BC(Y hist)	StS	BCSC	BCLR	
2.790010E+2	-4.227047E-3	5.653902E+8	4.954697E-3	3.069631E+7	-2.773158E-3	5.983890E+8	1.843924E-3	2.944343E+7	-3.002524E-3	4.459109E+9	-3.003940E-3	4.525936E+9	-2.975722E-3	5.057498E+9	-3.146155E-3	5.091326E+9	9.181744E-3	4.617083E-3	3.110772E-3	4.564662E-3	8.100852E-3	-5.346939E+8	-5.689456E+8	1.252879E+6	3.425168E+7	-5.060630E+9
2.795040E+2	-1.960667E-3	5.991929E+8	-6.131411E-3	2.379782E+7	-1.949672E-3	6.106492E+8	1.829694E-3	2.943416E+7	-1.587788E-3	4.618302E+9	-2.513994E-3	4.581475E+9	-1.630074E-3	5.228951E+9	-2.449657E-3	5.180668E+9	-4.170744E-3	3.779366E-3	-7.961106E-3	-7.950110E-3	-3.681755E-3	-5.753951E+8	-5.812151E+8	-5.636340E+6	5.819985E+6	-5.156870E+9
2.800050E+2	-7.646010E-5	6.272955E+8	-5.273947E-3	2.433139E+7	1.046471E-3	6.552563E+8	-2.169815E-3	2.682685E+7	6.177777E-5	4.803919E+9	-9.104516E-5	4.856137E+9	1.768388E-4	5.459175E+9	-8.934930E-5	5.483432E+9	-5.197487E-3	-3.216286E-3	-3.104132E-3	-1.981201E-3	-5.184597E-3	-6.029641E+8	-6.284294E+8	-2.495460E+6	2.546529E+7	-5.459101E+9
2.805050E+2	7.965998E-4	6.403171E+8	-5.403821E-3	2.425057E+7	6.816198E-4	6.498243E+8	-5.167874E-3	2.487239E+7	6.229994E-4	4.867071E+9	3.791034E-4	4.909432E+9	6.298492E-4	5.516895E+9	4.276474E-4	5.549749E+9	-6.200421E-3	-5.849494E-3	-2.359470E-4	-3.509270E-4	-5.831468E-3	-6.160665E+8	-6.249519E+8	-6.218194E+5	8.885433E+6	-5.525498E+9
2.810050E+2	-4.890754E-4	6.211414E+8	4.572839E-3	3.045870E+7	-1.228510E-3	6.213860E+8	-2.319777E-3	2.672909E+7	-3.047200E-4	4.762679E+9	-1.324924E-4	4.851438E+9	-4.126645E-4	5.384065E+9	-1.739538E-4	5.472580E+9	5.061915E-3	-1.091267E-3	6.892616E-3	6.153182E-3	4.746793E-3	-5.906827E+8	-5.946569E+8	3.729610E+6	3.974176E+6	-5.442121E+9
2.815020E+2	7.573264E-4	6.397313E+8	1.616604E-3	2.861914E+7	-3.116909E-4	6.350358E+8	-2.283587E-3	2.675268E+7	-1.228055E-4	4.783149E+9	-5.971928E-4	4.798761E+9	-1.448767E-4	5.418185E+9	-4.396974E-4	5.438492E+9	8.592773E-4	-1.971896E-3	3.900191E-3	2.831173E-3	2.056301E-3	-6.111122E+8	-6.082831E+8	1.866456E+6	-2.829103E+6	-5.409873E+9
2.820060E+2	-1.481632E-4	6.262261E+8	1.732597E-4	2.772099E+7	-7.785053E-4	6.280857E+8	1.273180E-2	3.654132E+7	-3.530588E-5	4.792995E+9	8.933316E-4	4.967724E+9	-1.221485E-4	5.421081E+9	7.722328E-4	5.593950E+9	3.214229E-4	1.351030E-2	-1.255854E-2	-1.318888E-2	-5.989731E-4	-5.985051E+8	-5.915444E+8	-8.820327E+6	-6.960672E+6	-5.566229E+9
2.825030E+2	5.347487E-3	7.081928E+8	5.491780E-3	3.103052E+7	5.313445E-3	7.187837E+8	-4.464364E-3	2.533101E+7	4.368366E-3	5.288517E+9	5.066229E-3	5.440756E+9	4.478798E-3	6.007301E+9	5.098932E-3	6.148949E+9	1.442927E-4	-9.777809E-3	9.956144E-3	9.922101E-3	3.928478E-4	-6.771623E+8	-6.934527E+8	5.699507E+6	1.629041E+7	-6.117918E+9
2.830060E+2	1.110682E-2	7.940922E+8	2.896134E-2	4.563480E+7	1.107209E-2	8.045193E+8	1.780734E-2	3.985011E+7	1.423298E-2	6.398530E+9	1.371290E-2	6.420928E+9	1.386363E-2	7.203050E+9	1.340988E-2	7.215020E+9	1.785452E-2	6.735255E-3	1.115400E-2	1.111927E-2	1.555146E-2	-7.484574E+8	-7.646692E+8	5.784699E+6	1.621181E+7	-7.169385E+9
2.835020E+2	2.787139E-2	1.044133E+9	1.849486E-2	3.912188E+7	2.941893E-2	1.077670E+9	3.069294E-2	4.825032E+7	2.756706E-2	7.898945E+9	2.679501E-2	7.903893E+9	2.778345E-2	8.976616E+9	2.692017E-2	8.948026E+9	-9.376535E-3	1.274008E-3	-1.219808E-2	-1.065054E-2	-8.425311E-3	-1.005011E+9	-1.029420E+9	-9.128444E+6	2.440866E+7	-8.908904E+9
2.840000E+2	5.235603E-2	1.409317E+9	6.719571E-2	6.942671E+7	4.888435E-2	1.367474E+9	8.365698E-2	8.277798E+7	5.493966E-2	1.097904E+10	5.240231E-2	1.080669E+10	5.423210E-2	1.234652E+10	5.239693E-2	1.221601E+10	1.483969E-2	3.477263E-2	-1.646127E-2	-1.993295E-2	1.479878E-2	-1.339890E+9	-1.284696E+9	-1.335126E+7	-5.519403E+7	-1.214658E+10
2.841010E+2	6.040417E-2	1.529354E+9	4.573921E-2	5.607508E+7	5.437157E-2	1.449169E+9	6.653186E-2	7.161398E+7	5.845390E-2	1.137448E+10	5.731805E-2	1.136393E+10	5.797688E-2	1.282365E+10	5.767689E-2	1.289329E+10	-1.466496E-2	1.216029E-2	-2.079265E-2	-2.682525E-2	-1.193768E-2	-1.473279E+9	-1.377555E+9	-1.553890E+7	-9.572363E+7	-1.283721E+10
2.842030E+2	7.134081E-2	1.692472E+9	8.769963E-2	8.218558E+7	7.357714E-2	1.735104E+9	9.837666E-2	9.237385E+7	7.886705E-2	1.367146E+10	7.792591E-2	1.370000E+10	7.824892E-2	1.540657E+10	7.716023E-2	1.539247E+10	1.635882E-2	2.479953E-2	-1.067704E-2	-8.440707E-3	1.053939E-2	-1.610286E+9	-1.642731E+9	-1.018827E+7	3.244437E+7	-1.531029E+10
2.843040E+2	1.080216E-1	2.239559E+9	1.278588E-1	1.071752E+8	1.066251E-1	2.227127E+9	1.305661E-1	1.133584E+8	1.109313E-1	1.727949E+10	1.077247E-1	1.707794E+10	1.104281E-1	1.950661E+10	1.077592E-1	1.931750E+10	1.983723E-2	2.394107E-2	-2.707305E-3	-4.103835E-3	2.009957E-2	-2.132384E+9	-2.113769E+9	-6.183161E+6	-1.861532E+7	-1.921033E+10
2.844010E+2	1.381751E-1	2.689294E+9	1.279348E-1	1.072225E+8	1.360932E-1	2.665854E+9	1.519266E-1	1.272834E+8	1.432786E-1	2.091936E+10	1.406625E-1	2.081172E+10	1.424390E-1	2.358521E+10	1.403733E-1	2.350101E+10	-1.024028E-2	1.583335E-2	-2.399177E-2	-2.607364E-2	-1.243848E-2	-2.582071E+9	-2.538571E+9	-2.006091E+7	-4.350061E+7	-2.339379E+10
2.845030E+2	1.806774E-1	3.323208E+9	1.791885E-1	1.391159E+8	1.783286E-1	3.294661E+9	2.019277E-1	1.598795E+8	1.860855E-1	2.573620E+10	1.804091E-1	2.531732E+10	1.851791E-1	2.903086E+10	1.804403E-1	2.864053E+10	-1.488933E-3	2.359908E-2	-2.273921E-2	-2.508802E-2	-1.251847E-3	-3.184092E+9	-3.134781E+9	-2.076365E+7	-4.931098E+7	-2.850141E+10
2.846040E+2	2.413442E-1	4.228043E+9	2.322247E-1	1.721185E+8	2.360110E-1	4.153446E+9	2.634581E-1	1.999917E+8	2.545412E-1	3.343916E+10	2.429387E-1	3.240556E+10	2.523760E-1	3.759261E+10	2.427533E-1	3.663361E+10	-9.119490E-3	2.744709E-2	-3.123342E-2	-3.656658E-2	-1.052860E-2	-4.055925E+9	-3.953455E+9	-2.787322E+7	-1.024701E+8	-3.646149E+10
2.847020E+2	5.010183E-1	8.101038E+9	5.311036E-1	3.581003E+8	4.995617E-1	8.077231E+9	5.478322E-1	3.853773E+8	5.420955E-1	6.579615E+10	5.127402E-1	6.298980E+10	5.371255E-1	7.387338E+10	5.113773E-1	7.109083E+10	3.008534E-2	4.827049E-2	-1.672856E-2	-1.818514E-2	1.972635E-2	-7.742937E+9	-7.691854E+9	-2.727693E+7	-5.108360E+7	-7.073273E+10
2.848020E+2	1.156947E+0	1.788410E+10	1.171814E+0	7.567920E+8	1.148760E+0	1.774259E+10	1.196936E+0	8.085331E+8	1.181260E+0	1.377180E+11	1.151393E+0	1.353864E+11	1.177462E+0	1.554606E+11	1.152039E+0	1.532705E+11	1.486695E-2	4.817674E-2	-2.512226E-2	-3.330978E-2	1.977529E-2	-1.712731E+10	-1.693406E+10	-5.174114E+7	-1.932515E+8	-1.525137E+11
2.848990E+2	1.537414E+0	2.355870E+10	1.537743E+0	9.844967E+8	1.546189E+0	2.365958E+10	1.576984E+0	1.056289E+9	1.549374E+0	1.791399E+11	1.544260E+0	1.799210E+11	1.549001E+0	2.027995E+11	1.543464E+0	2.034797E+11	3.291935E-4	3.079539E-2	-3.924082E-2	-3.046619E-2	-5.720654E-3	-2.257420E+10	-2.260329E+10	-7.179220E+7	2.908642E+7	-2.024952E+11
2.850010E+2	1.573664E+0	2.409936E+10	1.572933E+0	1.006394E+9	1.580412E+0	2.416910E+10	1.557815E+0	1.043792E+9	1.571332E+0	1.816107E+11	1.574236E+0	1.833191E+11	1.572393E+0	2.057798E+11	1.574169E+0	2.074184E+11	-7.304066E-4	-2.259717E-2	1.511883E-2	2.186677E-2	-1.235908E-3	-2.309297E+10	-2.312531E+10	-3.739787E+7	3.234028E+7	-2.064121E+11
2.851060E+2	1.431314E+0	2.197624E+10	1.413511E+0	9.071915E+8	1.416501E+0	2.172876E+10	1.449621E+0	9.732598E+8	1.430767E+0	1.657937E+11	1.428660E+0	1.668169E+11	1.429100E+0	1.875224E+11	1.428969E+0	1.887931E+11	-1.780319E-2	3.311987E-2	-3.610940E-2	-5.092306E-2	-1.545776E-2	-2.106905E+10	-2.075550E+10	-6.606825E+7	-3.135464E+8	-1.878859E+11
2.851990E+2	1.186121E+0	1.831923E+10	1.157193E+0	7.476936E+8	1.185165E+0	1.828460E+10	1.226680E+0	8.279230E+8	1.186286E+0	1.382836E+11	1.191652E+0	1.399501E+11	1.186155E+0	1.565682E+11	1.191009E+0	1.582693E+11	-2.892816E-2	4.151491E-2	-6.948699E-2	-7.044307E-2	-3.381632E-2	-1.757153E+10	-1.745668E+10	-8.022942E+7	-1.148549E+8	-1.575216E+11
2.853000E+2	9.821570E-1	1.527714E+10	9.688503E-1	6.304947E+8	9.883731E-1	1.535473E+10	1.009346E+0	6.862418E+8	9.964202E-1	1.169189E+11	9.938465E-1	1.175272E+11	9.954799E-1	1.322737E+11	9.924873E-1	1.328043E+11	-1.330666E-2	2.097331E-2	-4.049608E-2	-3.427997E-2	-2.363700E-2	-1.464664E+10	-1.466849E+10	-5.574708E+7	2.184745E+7	-1.321738E+11
2.854020E+2	7.737266E-1	1.216844E+10	7.883372E-1	5.181677E+8	7.763588E-1	1.219823E+10	8.169854E-1	5.608402E+8	7.856506E-1	9.320212E+10	7.785902E-1	9.312608E+10	7.845648E-1	1.054004E+11	7.780247E-1	1.052945E+11	1.461061E-2	4.062663E-2	-2.864822E-2	-2.601602E-2	1.031253E-2	-1.165027E+10	-1.163739E+10	-4.267251E+7	-1.287722E+7	-1.047764E+11
2.855000E+2	5.861663E-1	9.371006E+9	5.922292E-1	3.961366E+8	5.890058E-1	9.408889E+9	6.019412E-1	4.206513E+8	5.962876E-1	7.189410E+10	5.916432E-1	7.193410E+10	5.954368E-1	8.130299E+10	5.910064E-1	8.130510E+10	6.062865E-3	1.293536E-2	-9.711987E-3	-6.872493E-3	1.222807E-3	-8.974869E+9	-8.988238E+9	-2.451469E+7	1.336857E+7	-8.090897E+10
2.856010E+2	4.131596E-1	6.790641E+9	4.313561E-1	2.960310E+8	4.118924E-1	6.771996E+9	4.370907E-1	3.131840E+8	4.251463E-1	5.263646E+10	4.199075E-1	5.246644E+10	4.235976E-1	5.940846E+10	4.191229E-1	5.925708E+10	1.819649E-2	2.519829E-2	-5.734549E-3	-7.001797E-3	1.223325E-2	-6.494610E+9	-6.458812E+9	-1.715308E+7	-3.579790E+7	-5.896105E+10
2.858030E+2	3.934507E-1	6.496685E+9	3.750080E-1	2.609675E+8	3.951442E-1	6.522647E+9	4.294709E-1	3.082167E+8	4.032193E-1	5.016913E+10	3.965574E-1	4.981951E+10	4.022758E-1	5.669178E+10	3.961961E-1	5.631619E+10	-1.844270E-2	3.432670E-2	-5.446295E-2	-5.276940E-2	-2.118815E-2	-6.235718E+9	-6.214430E+9	-4.724918E+7	-2.128762E+7	-5.605523E+10
2.860070E+2	8.402930E-1	1.316126E+10	8.765592E-1	5.730652E+8	8.346517E-1	1.306610E+10	8.507653E-1	5.828616E+8	8.620728E-1	1.018015E+11	8.465493E-1	1.008298E+11	8.588686E-1	1.148676E+11	8.458218E-1	1.139911E+11	3.626627E-2	1.611363E-2	2.579392E-2	2.015263E-2	3.073740E-2	-1.258820E+10	-1.248324E+10	-9.796392E+6	-1.049534E+8	-1.134180E+11
2.862030E+2	1.323057E+0	2.036160E+10	1.347522E+0	8.661287E+8	1.330322E+0	2.044573E+10	1.315254E+0	8.856655E+8	1.328490E+0	1.542850E+11	1.330694E+0	1.557116E+11	1.328704E+0	1.747308E+11	1.329806E+0	1.760732E+11	2.446503E-2	-1.506797E-2	3.226732E-2	3.953300E-2	1.771547E-2	-1.949547E+10	-1.956006E+10	-1.953687E+7	6.459274E+7	-1.752071E+11
2.864220E+2	1.362513E+0	2.095009E+10	1.376730E+0	8.843036E+8	1.374256E+0	2.109982E+10	1.430799E+0	9.609900E+8	1.374495E+0	1.594617E+11	1.383492E+0	1.616967E+11	1.374467E+0	1.805616E+11	1.381053E+0	1.826468E+11	1.421636E-2	5.654356E-2	-5.406970E-2	-4.232720E-2	-4.322965E-3	-2.006578E+10	-2.013883E+10	-7.668640E+7	7.304251E+7	-1.817625E+11
2.866160E+2	1.228992E+0	1.895864E+10	1.267634E+0	8.164176E+8	1.233042E+0	1.899740E+10	1.279873E+0	8.626002E+8	1.239049E+0	1.442207E+11	1.235564E+0	1.449278E+11	1.238347E+0	1.632181E+11	1.234800E+0	1.638864E+11	3.864229E-2	4.683157E-2	-1.223863E-2	-8.189278E-3	3.283489E-2	-1.814223E+10	-1.813480E+10	-4.618256E+7	-7.429726E+6	-1.630700E+11
2.868020E+2	1.389073E+0	2.134622E+10	1.425728E+0	9.147939E+8	1.396654E+0	2.143328E+10	1.450129E+0	9.735912E+8	1.399379E+0	1.622617E+11	1.400151E+0	1.635852E+11	1.399060E+0	1.836950E+11	1.398863E+0	1.849314E+11	3.665571E-2	5.347521E-2	-2.440048E-2	-1.681950E-2	2.686532E-2	-2.043142E+10	-2.045969E+10	-5.879727E+7	2.826604E+7	-1.840166E+11
2.870060E+2	1.402174E+0	2.154163E+10	1.366601E+0	8.780009E+8	1.403715E+0	2.153841E+10	1.434224E+0	9.632226E+8	1.394894E+0	1.617571E+11	1.407086E+0	1.643712E+11	1.395924E+0	1.832955E+11	1.406515E+0	1.859129E+11	-3.557356E-2	3.050911E-2	-6.762311E-2	-6.608266E-2	-3.991370E-2	-2.066363E+10	-2.057519E+10	-8.522173E+7	-8.844025E+7	-1.850349E+11
2.872190E+2	1.173586E+0	1.813228E+10	1.248143E+0	8.042887E+8	1.178932E+0	1.819180E+10	1.216213E+0	8.210999E+8	1.186715E+0	1.383318E+11	1.185041E+0	1.392006E+11	1.185806E+0	1.565236E+11	1.183709E+0	1.573329E+11	7.455656E-2	3.728147E-2	3.192964E-2	3.727509E-2	6.443375E-2	-1.732799E+10	-1.737070E+10	-1.681116E+7	4.271582E+7	-1.565286E+11
2.874030E+2	9.512477E-1	1.481613E+10	9.105496E-1	5.942162E+8	9.602511E-1	1.493605E+10	9.395947E-1	6.407701E+8	9.668449E-1	1.135910E+11	9.631778E-1	1.140506E+11	9.660744E-1	1.285270E+11	9.617906E-1	1.288667E+11	-4.069809E-2	-2.065637E-2	-2.904508E-2	-2.004173E-2	-5.124098E-2	-1.422192E+10	-1.429528E+10	-4.655390E+7	7.336184E+7	-1.282725E+11
2.876170E+2	7.543351E-1	1.187922E+10	7.815829E-1	5.139648E+8	7.501147E-1	1.180750E+10	7.667789E-1	5.281102E+8	7.621985E-1	9.056319E+10	7.617827E-1	9.122081E+10	7.607865E-1	1.023707E+11	7.609167E-1	1.031000E+11	2.724773E-2	1.666415E-2	1.480401E-2	1.058357E-2	2.066617E-2	-1.136525E+10	-1.127939E+10	-1.414545E+7	-8.585632E+7	-1.025861E+11
2.878020E+2	6.251422E-1	9.952325E+9	6.307824E-1	4.201269E+8	6.327310E-1	1.005988E+10	6.331594E-1	4.410027E+8	6.366176E-1	7.643222E+10	6.329126E-1	7.661233E+10	6.361635E-1	8.649210E+10	6.320091E-1	8.656466E+10	5.640170E-3	4.284619E-4	-2.377021E-3	5.211708E-3	-1.226741E-3	-9.532198E+9	-9.618874E+9	-2.087579E+7	8.667545E+7	-8.614453E+10
2.880020E+2	7.255306E-1	1.144960E+10	7.577227E-1	4.991174E+8	7.300063E-1	1.150813E+10	7.471831E-1	5.153356E+8	7.405610E-1	8.812843E+10	7.410359E-1	8.886900E+10	7.393277E-1	9.963656E+10	7.392330E-1	1.003186E+11	3.219212E-2	1.717680E-2	1.053959E-2	1.501532E-2	1.848965E-2	-1.095048E+10	-1.099279E+10	-1.621818E+7	4.230904E+7	-9.981948E+10
2.882150E+2	8.600539E-1	1.345599E+10	8.632314E-1	5.647718E+8	8.534281E-1	1.334565E+10	8.827919E-1	6.037400E+8	8.702063E-1	1.027167E+11	8.617171E-1	1.025492E+11	8.682458E-1	1.160624E+11	8.615237E-1	1.160052E+11	3.177486E-3	2.936383E-2	-1.956051E-2	-2.618634E-2	1.707731E-3	-1.289122E+10	-1.274191E+10	-3.896821E+7	-1.493103E+8	-1.154404E+11
2.884200E+2	9.793120E-1	1.523471E+10	1.021008E+0	6.629508E+8	9.804983E-1	1.523749E+10	9.960044E-1	6.775441E+8	9.991185E-1	1.172225E+11	9.921359E-1	1.173333E+11	9.969427E-1	1.324600E+11	9.906448E-1	1.325680E+11	4.169632E-2	1.550618E-2	2.500388E-2	2.619014E-2	3.036352E-2	-1.457176E+10	-1.455995E+10	-1.459326E+7	-1.180809E+7	-1.319050E+11
2.886040E+2	1.084051E+0	1.679686E+10	1.083737E+0	7.019849E+8	1.089985E+0	1.686754E+10	1.070323E+0	7.259930E+8	1.096940E+0	1.282299E+11	1.092563E+0	1.287175E+11	1.096127E+0	1.450974E+11	1.091573E+0	1.455144E+11	-3.131309E-4	-1.966166E-2	1.341429E-2	1.934853E-2	-7.835892E-3	-1.609488E+10	-1.614155E+10	-2.400805E+7	4.667263E+7	-1.448124E+11
2.888230E+2	1.257395E+0	1.938227E+10	1.264401E+0	8.144056E+8	1.262429E+0	1.943492E+10	1.265281E+0	8.530874E+8	1.246867E+0	1.451004E+11	1.257451E+0	1.474089E+11	1.248685E+0	1.645353E+11	1.257445E+0	1.667912E+11	7.005770E-3	2.852236E-3	-8.798312E-4	4.153533E-3	6.956300E-3	-1.856787E+10	-1.858183E+10	-3.868183E+7	1.396375E+7	-1.659768E+11
2.890230E+2	1.175507E+0	1.816093E+10	1.190156E+0	7.682053E+8	1.183700E+0	1.826279E+10	1.225906E+0	8.274188E+8	1.171914E+0	1.366664E+11	1.186220E+0	1.393342E+11	1.173291E+0	1.549291E+11	1.184974E+0	1.574952E+11	1.464841E-2	4.220648E-2	-3.575049E-2	-2.755807E-2	5.181646E-3	-1.739272E+10	-1.743537E+10	-5.921345E+7	4.264846E+7	-1.567270E+11
2.892010E+2	1.004250E+0	1.560666E+10	1.009621E+0	6.558650E+8	1.016203E+0	1.576907E+10	1.073546E+0	7.280941E+8	1.020889E+0	1.196723E+11	1.026786E+0	1.212611E+11	1.020341E+0	1.354413E+11	1.024165E+0	1.368677E+11	5.371015E-3	5.734349E-2	-6.392495E-2	-5.197248E-2	-1.454402E-2	-1.495079E+10	-1.504097E+10	-7.222909E+7	9.018015E+7	-1.362119E+11
2.894050E+2	8.376106E-1	1.312125E+10	8.160658E-1	5.354223E+8	8.527699E-1	1.333585E+10	8.114352E-1	5.572220E+8	8.513290E-1	1.005926E+11	8.504872E-1	1.012762E+11	8.514974E-1	1.139284E+11	8.489900E-1	1.143975E+11	-2.154481E-2	-4.133470E-2	4.630606E-3	1.978988E-2	-3.292426E-2	-1.258583E+10	-1.277863E+10	-2.179973E+7	1.927969E+8	-1.138620E+11
2.896110E+2	7.734608E-1	1.216447E+10	7.833598E-1	5.150705E+8	7.666215E-1	1.205326E+10	7.916681E-1	5.443357E+8	7.768159E-1	9.220801E+10	7.746539E-1	9.267987E+10	7.756247E-1	1.042613E+11	7.745152E-1	1.048443E+11	9.898990E-3	2.504655E-2	-8.308285E-3	-1.514756E-2	8.844587E-3	-1.164940E+10	-1.150892E+10	-2.926520E+7	-1.404758E+8	-1.043293E+11
2.898020E+2	8.519296E-1	1.333482E+10	8.324697E-1	5.456299E+8	8.564613E-1	1.339081E+10	8.504387E-1	5.826487E+8	8.609319E-1	1.016731E+11	8.552896E-1	1.018206E+11	8.604096E-1	1.150640E+11	8.548990E-1	1.151554E+11	-1.945987E-2	-6.022626E-3	-1.796895E-2	-1.343725E-2	-2.242922E-2	-1.278919E+10	-1.280816E+10	-3.701881E+7	1.897099E+7	-1.146098E+11
2.900050E+2	8.763826E-1	1.369953E+10	8.600681E-1	5.628033E+8	8.901198E-1	1.389192E+10	8.731232E-1	5.974369E+8	8.907929E-1	1.050332E+11	8.905554E-1	1.058183E+11	8.907143E-1	1.189252E+11	8.889075E-1	1.195178E+11	-1.631459E-2	-1.699662E-2	-1.305513E-2	6.820344E-4	-2.883941E-2	-1.313673E+10	-1.329449E+10	-3.463354E+7	1.577565E+8	-1.189550E+11
2.905110E+2	8.651602E-1	1.353215E+10	8.619382E-1	5.639670E+8	8.684123E-1	1.356874E+10	8.819993E-1	6.032233E+8	8.725640E-1	1.029820E+11	8.732660E-1	1.038584E+11	8.720789E-1	1.165508E+11	8.723235E-1	1.173905E+11	-3.222071E-3	1.358699E-2	-2.006113E-2	-1.680906E-2	-1.038533E-2	-1.296819E+10	-1.296551E+10	-3.925624E+7	-2.670687E+6	-1.168266E+11
2.910060E+2	9.353448E-1	1.457894E+10	9.526189E-1	6.203945E+8	9.329360E-1	1.452938E+10	9.263601E-1	6.321424E+8	9.444117E-1	1.110667E+11	9.389115E-1	1.112998E+11	9.430708E-1	1.255961E+11	9.384968E-1	1.258788E+11	1.727412E-2	-6.575935E-3	2.625884E-2	2.385005E-2	1.412213E-2	-1.395855E+10	-1.389724E+10	-1.174791E+7	-6.131385E+7	-1.252584E+11
2.915140E+2	1.162400E+0	1.796543E+10	1.194915E+0	7.711671E+8	1.162856E+0	1.795246E+10	1.205689E+0	8.142388E+8	1.162376E+0	1.355930E+11	1.165869E+0	1.370274E+11	1.162432E+0	1.535455E+11	1.165466E+0	1.549928E+11	3.251568E-2	4.283295E-2	-1.077332E-2	-1.031727E-2	2.944943E-2	-1.719426E+10	-1.713822E+10	-4.307174E+7	-5.604060E+7	-1.542216E+11
2.920010E+2	1.099071E+0	1.702090E+10	1.046669E+0	6.789188E+8	1.088417E+0	1.684421E+10	1.147444E+0	7.762684E+8	1.103487E+0	1.289666E+11	1.098906E+0	1.294366E+11	1.101726E+0	1.458108E+11	1.098925E+0	1.464575E+11	-5.240203E-2	5.902639E-2	-1.007743E-1	-1.114284E-1	-5.225612E-2	-1.634198E+10	-1.606794E+10	-9.734966E+7	-2.740395E+8	-1.457785E+11
2.925020E+2	1.126341E+0	1.742761E+10	1.139506E+0	7.366879E+8	1.139791E+0	1.760906E+10	1.155601E+0	7.815865E+8	1.134690E+0	1.324778E+11	1.137418E+0	1.338022E+11	1.135286E+0	1.500868E+11	1.136130E+0	1.512298E+11	1.316566E-2	1.581079E-2	-1.609506E-2	-2.645124E-3	3.376323E-3	-1.669092E+10	-1.682747E+10	-4.489855E+7	1.365493E+8	-1.504931E+11
2.930040E+2	1.082545E+0	1.677441E+10	1.106807E+0	7.163402E+8	1.087086E+0	1.682438E+10	1.107925E+0	7.505059E+8	1.094576E+0	1.279639E+11	1.090609E+0	1.284960E+11	1.093700E+0	1.447882E+11	1.089671E+0	1.452704E+11	2.426149E-2	2.083935E-2	-1.118256E-3	3.422137E-3	1.713556E-2	-1.605807E+10	-1.607388E+10	-3.416576E+7	1.580329E+7	-1.445540E+11
2.935110E+2	1.033712E+0	1.604608E+10	1.015948E+0	6.598021E+8	1.044701E+0	1.619335E+10	1.073376E+0	7.279833E+8	1.041814E+0	1.220268E+11	1.043609E+0	1.231681E+11	1.042151E+0	1.382202E+11	1.042458E+0	1.392142E+11	-1.776399E-2	2.867532E-2	-5.742796E-2	-4.643932E-2	-2.650962E-2	-1.538628E+10	-1.546537E+10	-6.818120E+7	7.909265E+7	-1.385544E+11
2.940070E+2	9.885603E-1	1.537264E+10	9.664128E-1	6.289779E+8	9.799783E-1	1.522975E+10	9.798850E-1	6.670357E+8	9.892726E-1	1.161146E+11	9.886388E-1	1.169368E+11	9.881866E-1	1.313444E+11	9.886296E-1	1.323095E+11	-2.214751E-2	-9.331026E-5	-1.347224E-2	-2.205420E-2	-2.221687E-2	-1.474366E+10	-1.456271E+10	-3.805779E+7	-1.809500E+8	-1.316805E+11
2.945030E+2	9.868214E-1	1.534671E+10	9.731605E-1	6.331768E+8	9.901403E-1	1.538104E+10	1.034800E+0	7.028355E+8	9.969446E-1	1.169779E+11	9.981177E-1	1.180113E+11	9.961495E-1	1.323590E+11	9.968042E-1	1.333580E+11	-1.366089E-2	4.466010E-2	-6.163989E-2	-5.832098E-2	-2.364366E-2	-1.471353E+10	-1.467821E+10	-6.965865E+7	-3.532255E+7	-1.327249E+11
2.950050E+2	1.041562E+0	1.616316E+10	1.061945E+0	6.884242E+8	1.039007E+0	1.610858E+10	1.050126E+0	7.128266E+8	1.049518E+0	1.228937E+11	1.046016E+0	1.234410E+11	1.048290E+0	1.390023E+11	1.045498E+0	1.396042E+11	2.038243E-2	1.111947E-2	1.181845E-2	9.262955E-3	1.644657E-2	-1.547474E+10	-1.539575E+10	-2.440241E+7	-7.898509E+7	-1.389158E+11
2.955100E+2	1.095672E+0	1.697019E+10	1.105537E+0	7.155498E+8	1.102589E+0	1.705520E+10	1.161857E+0	7.856646E+8	1.103687E+0	1.289891E+11	1.099905E+0	1.295498E+11	1.103559E+0	1.460443E+11	1.099413E+0	1.465200E+11	9.865097E-3	5.926801E-2	-5.632033E-2	-4.940292E-2	6.123869E-3	-1.625464E+10	-1.626953E+10	-7.011476E+7	1.489374E+7	-1.458044E+11
2.960030E+2	1.105426E+0	1.711568E+10	1.109697E+0	7.181388E+8	1.106917E+0	1.711963E+10	1.114078E+0	7.545171E+8	1.103268E+0	1.289420E+11	1.104284E+0	1.300462E+11	1.103695E+0	1.460616E+11	1.104417E+0	1.471618E+11	4.271002E-3	7.161440E-3	-4.380763E-3	-2.890438E-3	5.280501E-3	-1.639754E+10	-1.636511E+10	-3.637830E+7	-3.242934E+7	-1.464437E+11
2.964990E+2	1.032357E+0	1.602586E+10	1.073891E+0	6.958581E+8	1.032271E+0	1.600829E+10	1.029139E+0	6.991447E+8	1.037684E+0	1.215622E+11	1.039152E+0	1.226629E+11	1.037052E+0	1.375705E+11	1.038361E+0	1.386887E+11	4.153450E-2	-3.131964E-3	4.475253E-2	4.466646E-2	3.552994E-2	-1.533000E+10	-1.530915E+10	-3.286566E+6	-2.085853E+7	-1.379929E+11
2.970040E+2	1.025707E+0	1.592669E+10	9.946778E-1	6.465662E+8	1.031008E+0	1.598949E+10	1.064535E+0	7.222197E+8	1.027678E+0	1.204362E+11	1.026602E+0	1.212403E+11	1.028067E+0	1.364257E+11	1.026498E+0	1.371670E+11	-3.102963E-2	3.352683E-2	-6.985732E-2	-6.455646E-2	-3.182051E-2	-1.528012E+10	-1.526727E+10	-7.565348E+7	-1.284666E+7	-1.365204E+11
2.975020E+2	1.024969E+0	1.591568E+10	1.042751E+0	6.764803E+8	1.022802E+0	1.586732E+10	1.014539E+0	6.896272E+8	1.023924E+0	1.200137E+11	1.022220E+0	1.207436E+11	1.023793E+0	1.358811E+11	1.022540E+0	1.366593E+11	1.778129E-2	-8.263059E-3	2.821126E-2	2.604435E-2	2.021070E-2	-1.523920E+10	-1.517770E+10	-1.314685E+7	-6.150178E+7	-1.359828E+11
2.980040E+2	1.005416E+0	1.562404E+10	1.002937E+0	6.517057E+8	1.017172E+0	1.578349E+10	9.479211E-1	6.461982E+8	1.010991E+0	1.185585E+11	1.014945E+0	1.199188E+11	1.011713E+0	1.343420E+11	1.013837E+0	1.355429E+11	-2.478763E-3	-6.925064E-2	5.501597E-2	6.677188E-2	-1.089970E-2	-1.497233E+10	-1.513729E+10	5.507518E+6	1.649592E+8	-1.348912E+11
2.985020E+2	9.881105E-1	1.536593E+10	9.792074E-1	6.369396E+8	9.896834E-1	1.537424E+10	1.005669E+0	6.838447E+8	9.893383E-1	1.161220E+11	9.919063E-1	1.173072E+11	9.893787E-1	1.314963E+11	9.914650E-1	1.326732E+11	-8.903114E-3	1.598597E-2	-2.646198E-2	-2.488908E-2	-1.225755E-2	-1.472900E+10	-1.469040E+10	-4.690516E+7	-3.859823E+7	-1.320362E+11
2.990010E+2	9.505921E-1	1.480635E+10	9.526505E-1	6.204141E+8	9.465345E-1	1.473183E+10	9.803023E-1	6.673078E+8	9.500399E-1	1.117000E+11	9.441898E-1	1.118982E+11	9.496303E-1	1.264318E+11	9.449342E-1	1.267045E+11	2.058375E-3	3.376779E-2	-2.765187E-2	-3.170942E-2	7.716233E-3	-1.418594E+10	-1.406453E+10	-4.689364E+7	-1.214132E+8	-1.260841E+11
2.995040E+2	1.006699E+0	1.564318E+10	9.833534E-1	6.395195E+8	9.968724E-1	1.548127E+10	9.988163E-1	6.793771E+8	1.002345E+0	1.175856E+11	1.003617E+0	1.186347E+11	1.001706E+0	1.330669E+11	1.003975E+0	1.342779E+11	-2.334583E-2	1.943884E-3	-1.546283E-2	-2.528972E-2	-2.062159E-2	-1.500366E+10	-1.480189E+10	-3.985763E+7	-2.017683E+8	-1.336383E+11
3.000060E+2	1.024213E+0	1.590440E+10	1.039101E+0	6.742092E+8	1.026935E+0	1.592886E+10	1.052751E+0	7.145379E+8	1.023362E+0	1.199506E+11	1.023122E+0	1.208458E+11	1.023780E+0	1.358794E+11	1.023249E+0	1.367502E+11	1.488804E-2	2.581605E-2	-1.365055E-2	-1.092801E-2	1.585191E-2	-1.523019E+10	-1.521432E+10	-4.032869E+7	-1.586848E+7	-1.360760E+11
