Photon Energy (eV)	X ref norm	X ref	X pump norm	X pump	Y ref norm	Y ref	Y pump norm	Y pump	X all norm	X all	Y all norm	Y all	X all Y ref norm	X all Y ref	Y all X ref norm	Y all X ref	BC(X hist) norm	BC(Y hist) norm	StS norm	BCSC norm	BCLR norm	BC(X hist)	BC(Y hist)	StS	BCSC	BCLR	
5.300370E+2	-5.948914E-3	1.340400E+9	-1.449380E-3	4.943667E+7	-4.989502E-3	1.279995E+9	-3.960699E-3	4.846731E+7	-5.042397E-3	8.141567E+9	-5.783116E-3	7.962876E+9	-5.034945E-3	9.421563E+9	-5.806300E-3	9.303276E+9	4.499534E-3	1.028803E-3	2.511320E-3	3.470731E-3	4.356920E-3	-1.290964E+9	-1.231528E+9	9.693527E+5	-5.943558E+7	-9.253839E+9
5.305180E+2	-6.188131E-4	1.507937E+9	-5.141049E-3	4.521374E+7	-5.826828E-3	1.253654E+9	-8.193753E-3	4.373938E+7	-3.984695E-3	8.344477E+9	-4.335846E-3	8.242708E+9	-4.244219E-3	9.598131E+9	-3.816082E-3	9.750646E+9	-4.522236E-3	-2.366926E-3	3.052704E-3	-2.155310E-3	-1.324967E-3	-1.462724E+9	-1.209915E+9	1.474366E+6	-2.528089E+8	-9.705432E+9
5.310100E+2	-4.144727E-3	1.397110E+9	2.373983E-3	5.381023E+7	-1.076796E-3	1.403084E+9	-1.829067E-3	5.084815E+7	-2.050881E-3	8.715460E+9	-1.972497E-3	8.699666E+9	-1.913650E-3	1.011854E+10	-2.276246E-3	1.009678E+10	6.518710E-3	-7.522706E-4	4.203049E-3	7.270980E-3	4.650229E-3	-1.343300E+9	-1.352236E+9	2.962079E+6	8.936461E+6	-1.004297E+10
5.315080E+2	-1.561153E-3	1.478317E+9	1.070851E-3	5.231957E+7	1.184908E-3	1.474235E+9	-5.865171E-3	4.634019E+7	-5.556283E-4	9.002309E+9	3.403472E-4	9.146859E+9	-3.104183E-4	1.047654E+10	7.445467E-5	1.062518E+10	2.632004E-3	-7.050079E-3	6.936022E-3	9.682083E-3	9.963963E-4	-1.425998E+9	-1.427894E+9	5.979380E+6	1.896655E+6	-1.057286E+10
5.320070E+2	2.593378E-3	1.608904E+9	1.644062E-4	5.128268E+7	3.321443E-3	1.541447E+9	8.463182E-3	6.234365E+7	2.880284E-3	9.661455E+9	3.337786E-3	9.726419E+9	2.942436E-3	1.120290E+10	3.233693E-3	1.133532E+10	-2.428972E-3	5.141739E-3	-8.298776E-3	-7.570711E-3	-3.069287E-3	-1.557621E+9	-1.479104E+9	-1.106097E+7	-7.851715E+7	-1.128404E+10
5.325070E+2	9.680228E-3	1.831659E+9	2.981189E-3	5.450482E+7	7.386776E-3	1.669338E+9	1.138551E-2	6.560762E+7	8.753317E-3	1.078814E+10	8.413326E-3	1.070778E+10	8.560796E-3	1.245748E+10	8.590481E-3	1.253944E+10	-6.699039E-3	3.998733E-3	-8.404320E-3	-1.069777E-2	-5.609292E-3	-1.777154E+9	-1.603730E+9	-1.110281E+7	-1.734242E+8	-1.248494E+10
5.330080E+2	1.681943E-2	2.056060E+9	2.061161E-2	7.467236E+7	1.755339E-2	1.989167E+9	1.950141E-2	7.467234E+7	1.731073E-2	1.242979E+10	1.612360E-2	1.219858E+10	1.734491E-2	1.441896E+10	1.622090E-2	1.425464E+10	3.792181E-3	1.948018E-3	1.110205E-3	1.844163E-3	4.390712E-3	-1.981388E+9	-1.914495E+9	1.549324E+1	-6.689328E+7	-1.417997E+10
5.331520E+2	2.050113E-2	2.171784E+9	2.100850E-2	7.512635E+7	1.908907E-2	2.037478E+9	2.216500E-2	7.764733E+7	2.000555E-2	1.294677E+10	2.025342E-2	1.299709E+10	1.987644E-2	1.498425E+10	2.028806E-2	1.516887E+10	5.073699E-4	3.075925E-3	-1.156503E-3	-2.568555E-3	7.204362E-4	-2.096658E+9	-1.959831E+9	-2.520976E+6	-1.368274E+8	-1.509375E+10
5.333020E+2	2.424517E-2	2.289468E+9	2.799792E-2	8.312159E+7	3.435946E-2	2.517866E+9	2.158739E-2	7.700220E+7	2.486667E-2	1.387933E+10	2.536064E-2	1.398458E+10	2.620403E-2	1.639719E+10	2.520466E-2	1.627405E+10	3.752742E-3	-1.277206E-2	6.410523E-3	1.652480E-2	2.793251E-3	-2.206347E+9	-2.440863E+9	6.119393E+6	2.345167E+8	-1.619093E+10
5.334630E+2	2.790344E-2	2.404456E+9	3.162132E-2	8.726642E+7	3.275385E-2	2.467355E+9	3.441128E-2	9.132530E+7	3.098012E-2	1.505213E+10	3.264308E-2	1.539265E+10	3.123001E-2	1.751949E+10	3.198032E-2	1.779711E+10	3.717876E-3	1.657429E-3	-2.789959E-3	2.060447E-3	-3.590017E-4	-2.317189E+9	-2.376030E+9	-4.058884E+6	5.884040E+7	-1.770984E+10
5.336080E+2	3.680572E-2	2.684274E+9	4.537151E-2	1.029953E+8	3.956141E-2	2.681513E+9	4.168000E-2	9.944380E+7	4.014332E-2	1.681000E+10	4.011344E-2	1.683706E+10	4.006134E-2	1.949151E+10	3.965091E-2	1.952133E+10	8.565790E-3	2.118587E-3	3.691514E-3	6.447203E-3	5.720601E-3	-2.581279E+9	-2.582069E+9	3.551543E+6	7.898070E+5	-1.941834E+10
5.337580E+2	5.272565E-2	3.184674E+9	5.120915E-2	1.096730E+8	6.258289E-2	3.405740E+9	6.134304E-2	1.214056E+8	5.389377E-2	1.944789E+10	5.482551E-2	1.968167E+10	5.511791E-2	2.285363E+10	5.453188E-2	2.286634E+10	-1.516507E-3	-1.239851E-3	-1.013389E-2	-2.766559E-4	-3.322730E-3	-3.075001E+9	-3.284335E+9	-1.173258E+7	2.093342E+8	-2.275667E+10
5.339400E+2	7.069349E-2	3.749443E+9	7.487718E-2	1.367470E+8	7.377594E-2	3.757860E+9	6.320097E-2	1.234808E+8	7.400580E-2	2.330618E+10	7.295844E-2	2.318770E+10	7.397342E-2	2.706404E+10	7.264172E-2	2.693714E+10	4.183686E-3	-1.057497E-2	1.167621E-2	1.475866E-2	2.235453E-3	-3.612696E+9	-3.634379E+9	1.326628E+7	2.168324E+7	-2.680040E+10
5.340800E+2	1.042816E-1	4.805194E+9	9.106753E-2	1.552673E+8	1.047098E-1	4.731001E+9	1.072596E-1	1.726902E+8	1.053927E-1	2.932744E+10	1.033117E-1	2.905656E+10	1.052965E-1	3.405844E+10	1.034473E-1	3.386175E+10	-1.321410E-2	2.549778E-3	-1.619204E-2	-1.576388E-2	-1.237979E-2	-4.649927E+9	-4.558311E+9	-1.742291E+7	-9.161557E+7	-3.370648E+10
5.342040E+2	1.427821E-1	6.015351E+9	1.592602E-1	2.332732E+8	1.509374E-1	6.185265E+9	1.512905E-1	2.218687E+8	1.558813E-1	3.901319E+10	1.540841E-1	3.887350E+10	1.551848E-1	4.519845E+10	1.525037E-1	4.488885E+10	1.647806E-2	3.531080E-4	7.969709E-3	1.612496E-2	6.756483E-3	-5.782078E+9	-5.963396E+9	1.140454E+7	1.813184E+8	-4.465558E+10
5.343550E+2	2.420770E-1	9.136412E+9	2.679075E-1	3.575555E+8	2.474055E-1	9.220033E+9	2.485437E-1	3.304917E+8	2.614118E-1	5.925816E+10	2.568616E-1	5.874572E+10	2.594385E-1	6.847820E+10	2.547942E-1	6.788213E+10	2.583051E-2	1.138240E-3	1.936380E-2	2.469227E-2	1.311327E-2	-8.778856E+9	-8.889542E+9	2.706385E+7	1.106854E+8	-6.752458E+10
5.345160E+2	4.642300E-1	1.611918E+10	4.666421E-1	5.848891E+8	4.644342E-1	1.604749E+10	4.711883E-1	5.791653E+8	4.790320E-1	1.010065E+11	4.705375E-1	1.000603E+11	4.769755E-1	1.170540E+11	4.696555E-1	1.161795E+11	2.412186E-3	6.754122E-3	-4.546168E-3	-4.341936E-3	-3.013313E-3	-1.553429E+10	-1.546833E+10	5.723823E+6	-6.596199E+7	-1.155946E+11
5.346560E+2	7.351973E-1	2.463629E+10	7.318448E-1	8.882559E+8	7.276381E-1	2.432757E+10	7.654516E-1	9.078305E+8	7.589725E-1	1.547103E+11	7.492286E-1	1.539458E+11	7.545581E-1	1.790378E+11	7.472666E-1	1.785821E+11	-3.352495E-3	3.781343E-2	-3.360677E-2	-4.116593E-2	-1.542179E-2	-2.374803E+10	-2.341974E+10	-1.957455E+7	-3.282972E+8	-1.776938E+11
5.348180E+2	1.134865E+0	3.719875E+10	1.085365E+0	1.292649E+9	1.141807E+0	3.735681E+10	1.169861E+0	1.359519E+9	1.149241E+0	2.295794E+11	1.143050E+0	2.300919E+11	1.148194E+0	2.669362E+11	1.141906E+0	2.672907E+11	-4.950025E-2	2.805454E-2	-8.449649E-2	-7.755479E-2	-5.654082E-2	-3.590610E+10	-3.599729E+10	-6.686976E+7	9.119212E+7	-2.659980E+11
5.349530E+2	1.504334E+0	4.881199E+10	1.512199E+0	1.780908E+9	1.493553E+0	4.842230E+10	1.544314E+0	1.777749E+9	1.516184E+0	2.999738E+11	1.506934E+0	3.004496E+11	1.512996E+0	3.483961E+11	1.506571E+0	3.492616E+11	7.865093E-3	5.076192E-2	-3.211525E-2	-4.289683E-2	5.628474E-3	-4.703108E+10	-4.664455E+10	3.158519E+6	-3.865284E+8	-3.474807E+11
5.351250E+2	1.873745E+0	6.042341E+10	1.911901E+0	2.238129E+9	1.891393E+0	6.093787E+10	1.939331E+0	2.218947E+9	1.872934E+0	3.684127E+11	1.875060E+0	3.716274E+11	1.875534E+0	4.293506E+11	1.874876E+0	4.320508E+11	3.815563E-2	4.793829E-2	-2.743010E-2	-9.782661E-3	3.702481E-2	-5.818528E+10	-5.871892E+10	1.918213E+7	5.336396E+8	-4.298126E+11
5.352600E+2	2.061857E+0	6.633619E+10	2.095712E+0	2.448391E+9	2.053221E+0	6.602880E+10	2.146191E+0	2.449991E+9	2.035031E+0	3.995094E+11	2.034449E+0	4.024455E+11	2.037593E+0	4.655382E+11	2.038282E+0	4.687817E+11	3.385491E-2	9.297007E-2	-5.047959E-2	-5.911516E-2	5.743032E-2	-6.388779E+10	-6.357881E+10	-1.599707E+6	-3.089823E+8	-4.663333E+11
5.354060E+2	2.068312E+0	6.653909E+10	2.020418E+0	2.362262E+9	2.030017E+0	6.529883E+10	2.117012E+0	2.417400E+9	2.024221E+0	3.974358E+11	2.021531E+0	3.999478E+11	2.025038E+0	4.627346E+11	2.028072E+0	4.664869E+11	-4.789389E-2	8.699433E-2	-9.659335E-2	-1.348882E-1	-7.654094E-3	-6.417683E+10	-6.288143E+10	-5.513726E+7	-1.295394E+9	-4.641246E+11
5.355680E+2	1.848942E+0	5.964380E+10	1.791088E+0	2.099930E+9	1.826381E+0	5.889268E+10	1.893142E+0	2.167357E+9	1.826397E+0	3.594851E+11	1.821393E+0	3.612507E+11	1.826395E+0	4.183777E+11	1.825245E+0	4.208945E+11	-5.785474E-2	6.676072E-2	-1.020543E-1	-1.246155E-1	-3.415741E-2	-5.754387E+10	-5.672533E+10	-6.742782E+7	-8.185434E+8	-4.187946E+11
5.357040E+2	1.619490E+0	5.243161E+10	1.598744E+0	1.879906E+9	1.622877E+0	5.249070E+10	1.640064E+0	1.884692E+9	1.621820E+0	3.202390E+11	1.621442E+0	3.225898E+11	1.621969E+0	3.727297E+11	1.621169E+0	3.750214E+11	-2.074674E-2	1.718637E-2	-4.131995E-2	-3.793311E-2	-2.242524E-2	-5.055170E+10	-5.060601E+10	-4.785858E+6	5.430407E+7	-3.731415E+11
5.358550E+2	1.411793E+0	4.590322E+10	1.409693E+0	1.663651E+9	1.388251E+0	4.510964E+10	1.463377E+0	1.687349E+9	1.409155E+0	2.794413E+11	1.409175E+0	2.815477E+11	1.406210E+0	3.245509E+11	1.409541E+0	3.274509E+11	-2.099915E-3	7.512580E-2	-5.368321E-2	-7.722571E-2	1.518675E-4	-4.423957E+10	-4.342229E+10	-2.369827E+7	-8.172838E+8	-3.257873E+11
5.360120E+2	1.162728E+0	3.807455E+10	1.211108E+0	1.436488E+9	1.158115E+0	3.786985E+10	1.170372E+0	1.360089E+9	1.162397E+0	2.321032E+11	1.166301E+0	2.345876E+11	1.161793E+0	2.699731E+11	1.165802E+0	2.726621E+11	4.838003E-2	1.225662E-2	4.073655E-2	3.612341E-2	4.530648E-2	-3.663806E+10	-3.650976E+10	7.639879E+7	-1.283012E+8	-2.712257E+11
5.362630E+2	9.059859E-1	3.000456E+10	8.406116E-1	1.012675E+9	8.715232E-1	2.885402E+10	9.334345E-1	1.095452E+9	8.959319E-1	1.809846E+11	8.912360E-1	1.814032E+11	8.924932E-1	2.098386E+11	8.932985E-1	2.114077E+11	-6.537429E-2	6.191131E-2	-9.282288E-2	-1.272856E-1	-5.268693E-2	-2.899188E+10	-2.775856E+10	-8.277717E+7	-1.233321E+9	-2.103951E+11
5.365140E+2	6.702447E-1	2.259469E+10	6.640838E-1	8.107437E+8	6.663582E-1	2.239978E+10	7.036213E-1	8.387717E+8	6.803225E-1	1.396220E+11	6.780882E-1	1.401907E+11	6.783552E-1	1.620218E+11	6.769915E-1	1.627854E+11	-6.160960E-3	3.726310E-2	-3.953753E-2	-4.342406E-2	-1.290769E-2	-2.178394E+10	-2.156100E+10	-2.802802E+7	-2.229374E+8	-1.619746E+11
5.367710E+2	5.352175E-1	1.835048E+10	5.432734E-1	6.725481E+8	5.292904E-1	1.808779E+10	5.697216E-1	6.892180E+8	5.530525E-1	1.152065E+11	5.555823E-1	1.165039E+11	5.497048E-1	1.332943E+11	5.527346E-1	1.348544E+11	8.055919E-3	4.043126E-2	-2.644817E-2	-3.237534E-2	-9.461155E-3	-1.767793E+10	-1.739857E+10	-1.666990E+7	-2.793586E+8	-1.341818E+11
5.370070E+2	4.788363E-1	1.657829E+10	4.664538E-1	5.846737E+8	4.642709E-1	1.604236E+10	4.986963E-1	6.098892E+8	4.866273E-1	1.024635E+11	4.822302E-1	1.023212E+11	4.834777E-1	1.185059E+11	4.817557E-1	1.188994E+11	-1.238252E-2	3.442536E-2	-3.224246E-2	-4.680789E-2	-1.530184E-2	-1.599362E+10	-1.543247E+10	-2.521549E+7	-5.611491E+8	-1.183148E+11
5.372740E+2	4.501619E-1	1.567699E+10	4.567475E-1	5.735706E+8	4.493550E-1	1.557312E+10	4.407382E-1	5.451553E+8	4.598611E-1	9.732871E+10	4.609000E-1	9.819692E+10	4.583810E-1	1.129018E+11	4.593985E-1	1.138739E+11	6.585586E-3	-8.616849E-3	1.600930E-2	1.520243E-2	-2.651017E-3	-1.510342E+10	-1.502796E+10	2.841527E+7	-7.545171E+7	-1.133003E+11
5.375160E+2	4.533909E-1	1.577848E+10	4.432097E-1	5.580846E+8	4.680662E-1	1.616175E+10	4.736069E-1	5.818666E+8	4.714349E-1	9.954903E+10	4.720468E-1	1.003522E+11	4.709603E-1	1.157108E+11	4.694381E-1	1.161307E+11	-1.018128E-2	5.540618E-3	-3.039718E-2	-1.572189E-2	-2.622842E-2	-1.522040E+10	-1.557989E+10	-2.378200E+7	3.594863E+8	-1.155726E+11
5.377580E+2	5.085943E-1	1.751365E+10	5.477574E-1	6.776773E+8	5.279159E-1	1.804455E+10	5.560574E-1	6.739564E+8	5.417951E-1	1.130469E+11	5.405939E-1	1.136059E+11	5.398398E-1	1.310915E+11	5.361193E-1	1.311195E+11	3.916311E-2	2.814155E-2	-8.300059E-3	1.102156E-2	1.163810E-2	-1.683597E+10	-1.737059E+10	3.720933E+6	5.346219E+8	-1.304418E+11
5.380160E+2	6.046374E-1	2.053250E+10	6.592408E-1	8.052038E+8	6.304846E-1	2.127124E+10	6.321681E-1	7.589650E+8	6.435759E-1	1.325726E+11	6.450897E-1	1.338103E+11	6.417316E-1	1.538438E+11	6.394332E-1	1.543428E+11	5.460340E-2	1.683510E-3	2.707274E-2	5.291989E-2	1.980764E-2	-1.972730E+10	-2.051227E+10	4.623883E+7	7.849739E+8	-1.535376E+11
5.382740E+2	8.174779E-1	2.722255E+10	8.270829E-1	9.971994E+8	8.102153E-1	2.692534E+10	8.191785E-1	9.678386E+8	8.152493E-1	1.655064E+11	8.081144E-1	1.653315E+11	8.145401E-1	1.924318E+11	8.094237E-1	1.925540E+11	9.605070E-3	8.963234E-3	7.904419E-3	6.418358E-4	1.765923E-2	-2.622535E+10	-2.595751E+10	2.936079E+7	-2.678485E+8	-1.915568E+11
5.385060E+2	1.035911E+0	3.408841E+10	9.881278E-1	1.181419E+9	1.070183E+0	3.510362E+10	1.001780E+0	1.171788E+9	1.000634E+0	2.010706E+11	1.000954E+0	2.026173E+11	1.010432E+0	2.361742E+11	1.005842E+0	2.367057E+11	-4.778350E-2	-6.840283E-2	-1.365255E-2	2.061932E-2	-1.771415E-2	-3.290699E+10	-3.393183E+10	9.631346E+6	1.024841E+9	-2.355243E+11
5.387540E+2	1.296315E+0	4.227347E+10	1.237868E+0	1.467099E+9	1.301323E+0	4.237501E+10	1.227633E+0	1.424045E+9	1.230537E+0	2.451752E+11	1.229440E+0	2.467956E+11	1.240509E+0	2.875502E+11	1.238791E+0	2.890690E+11	-5.844623E-2	-7.369001E-2	1.023509E-2	1.524378E-2	-9.229133E-4	-4.080637E+10	-4.095096E+10	4.305389E+7	1.445896E+8	-2.876019E+11
5.390340E+2	1.548538E+0	5.020140E+10	1.478263E+0	1.742088E+9	1.554811E+0	5.034942E+10	1.504695E+0	1.733498E+9	1.456621E+0	2.885472E+11	1.450592E+0	2.895556E+11	1.470454E+0	3.388966E+11	1.464288E+0	3.397570E+11	-7.027428E-2	-5.011603E-2	-2.643151E-2	-2.015825E-2	1.397566E-2	-4.845932E+10	-4.861592E+10	8.590574E+6	1.566009E+8	-3.380149E+11
5.392780E+2	1.702533E+0	5.504182E+10	1.618945E+0	1.903015E+9	1.725922E+0	5.573237E+10	1.638139E+0	1.882542E+9	1.603838E+0	3.167893E+11	1.604219E+0	3.192597E+11	1.621037E+0	3.725216E+11	1.617966E+0	3.743015E+11	-8.358796E-2	-8.778338E-2	-1.919410E-2	4.195423E-3	9.785248E-4	-5.313880E+10	-5.384983E+10	2.047207E+7	7.110254E+8	-3.723985E+11
5.395100E+2	2.068432E+0	6.654286E+10	1.895997E+0	2.219936E+9	2.043825E+0	6.573320E+10	1.981091E+0	2.265588E+9	1.902847E+0	3.741513E+11	1.897036E+0	3.758765E+11	1.922708E+0	4.398845E+11	1.921003E+0	4.424193E+11	-1.724349E-1	-6.273431E-2	-8.509327E-2	-1.097006E-1	-2.500547E-2	-6.432293E+10	-6.346761E+10	-4.565171E+7	-8.553127E+8	-4.401994E+11
5.397910E+2	2.199398E+0	7.065941E+10	2.012867E+0	2.353624E+9	2.155660E+0	6.925141E+10	2.084573E+0	2.381169E+9	2.032722E+0	3.990665E+11	2.023794E+0	4.003853E+11	2.050042E+0	4.683179E+11	2.048349E+0	4.710447E+11	-1.865315E-1	-7.108728E-2	-7.170647E-2	-1.154443E-1	-3.548228E-2	-6.830579E+10	-6.687024E+10	-2.754477E+7	-1.435551E+9	-4.686911E+11
5.400460E+2	2.195525E+0	7.053767E+10	2.037901E+0	2.382261E+9	2.226139E+0	7.146858E+10	2.099218E+0	2.397526E+9	2.040443E+0	4.005477E+11	2.043627E+0	4.042201E+11	2.066604E+0	4.720163E+11	2.064867E+0	4.747578E+11	-1.576236E-1	-1.269210E-1	-6.131678E-2	-3.070263E-2	-2.696606E-2	-6.815541E+10	-6.907106E+10	-1.526457E+7	9.156481E+8	-4.723755E+11
5.402690E+2	2.159696E+0	6.941150E+10	2.027045E+0	2.369843E+9	2.178969E+0	6.998467E+10	2.008965E+0	2.296721E+9	1.992609E+0	3.913713E+11	1.996343E+0	3.950777E+11	2.018864E+0	4.613560E+11	2.019186E+0	4.644892E+11	-1.326513E-1	-1.700040E-1	1.808005E-2	3.735271E-2	7.859458E-3	-6.704165E+10	-6.768795E+10	7.312134E+7	6.462942E+8	-4.621194E+11
5.405180E+2	2.092714E+0	6.730610E+10	1.961746E+0	2.295147E+9	2.056586E+0	6.613464E+10	1.982527E+0	2.267193E+9	1.935231E+0	3.803639E+11	1.928446E+0	3.819497E+11	1.952328E+0	4.464985E+11	1.951417E+0	4.492558E+11	-1.309682E-1	-7.405839E-2	-2.078136E-2	-5.690980E-2	1.032945E-2	-6.501095E+10	-6.386745E+10	2.795383E+7	-1.143502E+9	-4.469607E+11
5.407580E+2	1.952066E+0	6.288519E+10	1.817777E+0	2.130460E+9	1.932143E+0	6.221983E+10	1.839950E+0	2.107947E+9	1.811396E+0	3.566072E+11	1.810349E+0	3.591154E+11	1.828407E+0	4.188271E+11	1.830166E+0	4.220006E+11	-1.342888E-1	-9.219357E-2	-2.217295E-2	-4.209522E-2	-1.238905E-2	-6.075473E+10	-6.011189E+10	2.251282E+7	-6.428487E+8	-4.198701E+11
5.410450E+2	1.874577E+0	6.044955E+10	1.743736E+0	2.045764E+9	1.802940E+0	5.815524E+10	1.768894E+0	2.028584E+9	1.722149E+0	3.394861E+11	1.712451E+0	3.401865E+11	1.733531E+0	3.976414E+11	1.735121E+0	4.006361E+11	-1.308406E-1	-3.404584E-2	-2.515741E-2	-9.679473E-2	8.615068E-3	-5.840379E+10	-5.612666E+10	1.718059E+7	-2.277130E+9	-3.985903E+11
5.412530E+2	1.859102E+0	5.996314E+10	1.743111E+0	2.045049E+9	1.813835E+0	5.849800E+10	1.777643E+0	2.038356E+9	1.724640E+0	3.399641E+11	1.719350E+0	3.415206E+11	1.737206E+0	3.984621E+11	1.738892E+0	4.014837E+11	-1.159912E-1	-3.619198E-2	-3.453238E-2	-7.979921E-2	4.218644E-3	-5.791809E+10	-5.645965E+10	6.692716E+6	-1.458445E+9	-3.994387E+11
5.415250E+2	1.698458E+0	5.491375E+10	1.573575E+0	1.851116E+9	1.671496E+0	5.402020E+10	1.599008E+0	1.838836E+9	1.590455E+0	3.142219E+11	1.585470E+0	3.156346E+11	1.601872E+0	3.682421E+11	1.601269E+0	3.705483E+11	-1.248831E-1	-7.248880E-2	-2.543229E-2	-5.239431E-2	-2.769406E-2	-5.306264E+10	-5.218137E+10	1.227974E+7	-8.812728E+8	-3.686972E+11
5.417600E+2	1.541403E+0	4.997716E+10	1.413319E+0	1.667798E+9	1.556939E+0	5.041636E+10	1.482013E+0	1.708165E+9	1.448568E+0	2.870023E+11	1.451948E+0	2.898179E+11	1.463835E+0	3.374187E+11	1.464457E+0	3.397951E+11	-1.280844E-1	-7.492560E-2	-6.869438E-2	-5.315879E-2	-5.113792E-2	-4.830936E+10	-4.870820E+10	-4.036649E+7	3.988363E+8	-3.381273E+11
5.420210E+2	1.408403E+0	4.579667E+10	1.312945E+0	1.552979E+9	1.356981E+0	4.412592E+10	1.252831E+0	1.452188E+9	1.306689E+0	2.597843E+11	1.297437E+0	2.599429E+11	1.313774E+0	3.039102E+11	1.312954E+0	3.057396E+11	-9.545859E-2	-1.041501E-1	6.011402E-2	8.691544E-3	-9.085846E-6	-4.424369E+10	-4.267373E+10	1.007909E+8	-1.569955E+9	-3.041866E+11
5.422620E+2	1.182042E+0	3.868163E+10	1.098050E+0	1.307160E+9	1.196046E+0	3.906311E+10	1.095217E+0	1.276148E+9	1.113982E+0	2.228154E+11	1.115322E+0	2.247306E+11	1.125543E+0	2.618785E+11	1.124652E+0	2.634122E+11	-8.399203E-2	-1.008294E-1	2.833783E-3	1.683739E-2	-2.660136E-2	-3.737447E+10	-3.778696E+10	3.101264E+7	4.124855E+8	-2.621051E+11
5.425190E+2	1.082113E+0	3.554063E+10	9.607093E-1	1.150055E+9	1.101201E+0	3.607941E+10	1.005655E+0	1.176116E+9	9.945592E-1	1.999053E+11	9.935834E-1	2.011922E+11	1.009583E+0	2.359847E+11	1.005963E+0	2.367329E+11	-1.214038E-1	-9.554627E-2	-4.494571E-2	-2.585756E-2	-4.525350E-2	-3.439058E+10	-3.490329E+10	-2.606048E+7	5.127143E+8	-2.355828E+11
5.427760E+2	1.174046E+0	3.843029E+10	9.876474E-1	1.180870E+9	1.178058E+0	3.849722E+10	9.746183E-1	1.141451E+9	1.007065E+0	2.023043E+11	1.005097E+0	2.034185E+11	1.031155E+0	2.408016E+11	1.028722E+0	2.418487E+11	-1.863987E-1	-2.034394E-1	1.302911E-2	1.704078E-2	-4.107442E-2	-3.724942E+10	-3.735577E+10	3.941935E+7	1.063461E+8	-2.406679E+11
5.430070E+2	1.278118E+0	4.170152E+10	9.980429E-1	1.192761E+9	1.289402E+0	4.199996E+10	1.015439E+0	1.187043E+9	1.043907E+0	2.093722E+11	1.042226E+0	2.105973E+11	1.078493E+0	2.513721E+11	1.075211E+0	2.522988E+11	-2.800756E-1	-2.739631E-1	-1.739562E-2	-6.112467E-3	-7.716845E-2	-4.050876E+10	-4.081292E+10	5.718355E+6	3.041583E+8	-2.511061E+11
5.432640E+2	1.380591E+0	4.492247E+10	1.134349E+0	1.348683E+9	1.366432E+0	4.442326E+10	1.156083E+0	1.344130E+9	1.160023E+0	2.316478E+11	1.156717E+0	2.327344E+11	1.189102E+0	2.760711E+11	1.188022E+0	2.776569E+11	-2.462417E-1	-2.103499E-1	-2.173331E-2	-3.589186E-2	-5.367279E-2	-4.357378E+10	-4.307913E+10	4.553410E+6	-4.946526E+8	-2.763082E+11
5.435220E+2	1.534191E+0	4.975047E+10	1.273151E+0	1.507459E+9	1.535164E+0	4.973136E+10	1.316241E+0	1.523011E+9	1.319218E+0	2.621879E+11	1.314754E+0	2.632913E+11	1.349641E+0	3.119193E+11	1.345439E+0	3.130417E+11	-2.610403E-1	-2.189238E-1	-4.308958E-2	-4.211649E-2	-7.228802E-2	-4.824301E+10	-4.820835E+10	-1.555237E+7	-3.465967E+7	-3.115343E+11
5.437590E+2	1.853233E+0	5.977868E+10	1.402444E+0	1.655358E+9	1.813681E+0	5.849316E+10	1.436282E+0	1.657087E+9	1.481331E+0	2.932876E+11	1.471428E+0	2.935843E+11	1.528153E+0	3.517807E+11	1.524817E+0	3.533630E+11	-4.507896E-1	-3.773993E-1	-3.383811E-2	-7.339026E-2	-1.223728E-1	-5.812332E+10	-5.683608E+10	-1.728814E+6	-1.287245E+9	-3.517076E+11
5.440120E+2	2.021371E+0	6.506361E+10	1.382601E+0	1.632660E+9	2.002641E+0	6.443762E+10	1.556872E+0	1.791774E+9	1.533982E+0	3.033881E+11	1.529929E+0	3.048956E+11	1.600007E+0	3.678257E+11	1.598649E+0	3.699592E+11	-6.387697E-1	-4.457699E-1	-1.742705E-1	-1.929999E-1	-2.160476E-1	-6.343095E+10	-6.264584E+10	-1.591147E+8	-7.851088E+8	-3.683266E+11
5.442810E+2	2.460874E+0	7.887818E+10	1.674239E+0	1.966266E+9	2.407846E+0	7.718487E+10	1.616279E+0	1.858127E+9	1.734787E+0	3.419105E+11	1.724149E+0	3.424484E+11	1.829609E+0	4.190954E+11	1.827167E+0	4.213266E+11	-7.866352E-1	-7.915676E-1	5.796006E-2	4.932352E-3	-1.529287E-1	-7.691192E+10	-7.532674E+10	1.081390E+8	-1.585178E+9	-4.193604E+11
5.445240E+2	1.838257E+0	5.930794E+10	1.604098E+0	1.886031E+9	1.851218E+0	5.967403E+10	1.638177E+0	1.882586E+9	1.630157E+0	3.218384E+11	1.630997E+0	3.244373E+11	1.661300E+0	3.815124E+11	1.659979E+0	3.837452E+11	-2.341592E-1	-2.130408E-1	-3.407962E-2	-2.111847E-2	-5.588077E-2	-5.742191E+10	-5.779144E+10	3.445482E+6	3.695365E+8	-3.818592E+11
5.447610E+2	1.585609E+0	5.136665E+10	1.529073E+0	1.800210E+9	1.568416E+0	5.077742E+10	1.588289E+0	1.826864E+9	1.568791E+0	3.100660E+11	1.561951E+0	3.110872E+11	1.568738E+0	3.608434E+11	1.565259E+0	3.624539E+11	-5.653598E-2	1.987259E-2	-5.921540E-2	-7.640857E-2	-3.618615E-2	-4.956644E+10	-4.895055E+10	-2.665433E+7	-6.158853E+8	-3.606537E+11
5.450090E+2	1.547421E+0	5.016630E+10	1.515835E+0	1.785066E+9	1.539225E+0	4.985910E+10	1.602254E+0	1.842462E+9	1.524749E+0	3.016170E+11	1.520288E+0	3.030315E+11	1.526789E+0	3.514761E+11	1.524082E+0	3.531978E+11	-3.158632E-2	6.302906E-2	-8.641927E-2	-9.461538E-2	-8.247376E-3	-4.838124E+10	-4.801663E+10	-5.739596E+7	-3.646039E+8	-3.514128E+11
5.452640E+2	1.419941E+0	4.615931E+10	1.376214E+0	1.625354E+9	1.409945E+0	4.579212E+10	1.405291E+0	1.622472E+9	1.396096E+0	2.769361E+11	1.397831E+0	2.793543E+11	1.398047E+0	3.227283E+11	1.400923E+0	3.255136E+11	-4.372645E-2	-4.654547E-3	-2.907659E-2	-3.907190E-2	-2.470887E-2	-4.453396E+10	-4.416965E+10	2.881247E+6	-3.643102E+8	-3.238883E+11
5.455180E+2	1.244743E+0	4.065244E+10	1.241196E+0	1.470905E+9	1.268979E+0	4.135750E+10	1.239452E+0	1.437246E+9	1.239372E+0	2.468701E+11	1.242796E+0	2.493780E+11	1.243543E+0	2.882276E+11	1.243068E+0	2.900304E+11	-3.547008E-3	-2.952696E-2	1.743361E-3	2.597995E-2	-1.872636E-3	-3.918154E+10	-3.992025E+10	3.365923E+7	7.387131E+8	-2.885595E+11
5.457890E+2	1.314153E+0	4.283416E+10	1.237237E+0	1.466377E+9	1.277250E+0	4.161769E+10	1.272059E+0	1.473664E+9	1.289213E+0	2.564316E+11	1.281893E+0	2.569374E+11	1.287527E+0	2.980493E+11	1.286404E+0	2.997715E+11	-7.691604E-2	-5.191400E-3	-3.482189E-2	-7.172464E-2	-4.916698E-2	-4.136779E+10	-4.014403E+10	-7.287695E+6	-1.223761E+9	-2.983052E+11
5.460060E+2	1.193866E+0	3.905327E+10	1.187986E+0	1.410038E+9	1.236276E+0	4.032871E+10	1.277805E+0	1.480082E+9	1.211165E+0	2.414589E+11	1.216392E+0	2.442727E+11	1.214703E+0	2.817876E+11	1.213242E+0	2.833260E+11	-5.879748E-3	4.152822E-2	-8.981879E-2	-4.740796E-2	-2.525629E-2	-3.764323E+10	-3.884863E+10	-7.004382E+7	1.205399E+9	-2.819159E+11
5.467660E+2	1.188160E+0	3.887394E+10	1.180559E+0	1.401543E+9	1.193005E+0	3.896746E+10	1.235297E+0	1.432605E+9	1.217776E+0	2.427271E+11	1.215674E+0	2.441338E+11	1.214286E+0	2.816946E+11	1.211826E+0	2.830077E+11	-7.601322E-3	4.229142E-2	-5.473786E-2	-4.989274E-2	-3.126723E-2	-3.747239E+10	-3.753485E+10	-3.106213E+7	6.245795E+7	-2.816062E+11
5.475180E+2	1.347620E+0	4.388612E+10	1.352811E+0	1.598583E+9	1.363382E+0	4.432730E+10	1.383460E+0	1.598089E+9	1.339070E+0	2.659962E+11	1.339524E+0	2.680804E+11	1.342495E+0	3.103235E+11	1.340656E+0	3.119666E+11	5.190953E-3	2.007760E-2	-3.064844E-2	-1.488665E-2	1.215542E-2	-4.228754E+10	-4.272921E+10	4.938218E+5	4.416708E+8	-3.103680E+11
5.482880E+2	1.449717E+0	4.709527E+10	1.431406E+0	1.688488E+9	1.440812E+0	4.676316E+10	1.446695E+0	1.668717E+9	1.427390E+0	2.829396E+11	1.428732E+0	2.853291E+11	1.429281E+0	3.297028E+11	1.431667E+0	3.324244E+11	-1.831131E-2	5.882379E-3	-1.528857E-2	-2.419369E-2	-2.605857E-4	-4.540678E+10	-4.509444E+10	1.977122E+7	-3.123338E+8	-3.307359E+11
5.490160E+2	1.346842E+0	4.386165E+10	1.346900E+0	1.591821E+9	1.356049E+0	4.409662E+10	1.370212E+0	1.583293E+9	1.333947E+0	2.650135E+11	1.334602E+0	2.671288E+11	1.337061E+0	3.091101E+11	1.336313E+0	3.109905E+11	5.847964E-5	1.416283E-2	-2.331189E-2	-1.410435E-2	1.058673E-2	-4.226983E+10	-4.251332E+10	8.528503E+6	2.434958E+8	-3.093986E+11
5.497680E+2	1.304118E+0	4.251875E+10	1.274305E+0	1.508780E+9	1.323647E+0	4.307728E+10	1.331140E+0	1.539653E+9	1.303249E+0	2.591243E+11	1.309332E+0	2.622428E+11	1.306123E+0	3.022016E+11	1.308603E+0	3.047616E+11	-2.981267E-2	7.493355E-3	-5.683470E-2	-3.730602E-2	-3.429751E-2	-4.100997E+10	-4.153762E+10	-3.087325E+7	5.276508E+8	-3.032528E+11
5.505170E+2	1.365329E+0	4.444274E+10	1.338525E+0	1.582241E+9	1.344636E+0	4.373757E+10	1.310782E+0	1.516915E+9	1.339392E+0	2.660580E+11	1.337656E+0	2.677194E+11	1.340131E+0	3.097956E+11	1.341526E+0	3.121621E+11	-2.680395E-2	-3.385376E-2	2.774238E-2	7.049809E-3	-3.001154E-3	-4.286050E+10	-4.222066E+10	6.532535E+7	-6.398379E+8	-3.105799E+11
5.512570E+2	1.327224E+0	4.324502E+10	1.325812E+0	1.567698E+9	1.328633E+0	4.323414E+10	1.298422E+0	1.503110E+9	1.333517E+0	2.649309E+11	1.333825E+0	2.669786E+11	1.332829E+0	3.081651E+11	1.332902E+0	3.102236E+11	-1.412242E-3	-3.021075E-2	2.738933E-2	2.879851E-2	-7.090259E-3	-4.167732E+10	-4.173103E+10	6.458780E+7	5.370774E+7	-3.086559E+11
5.520480E+2	1.313973E+0	4.282851E+10	1.263727E+0	1.496679E+9	1.325589E+0	4.313837E+10	1.352143E+0	1.563111E+9	1.316923E+0	2.617475E+11	1.320530E+0	2.644080E+11	1.318144E+0	3.048859E+11	1.319613E+0	3.072365E+11	-5.024545E-2	2.655400E-2	-8.841548E-2	-7.679945E-2	-5.588580E-2	-4.133183E+10	-4.157526E+10	-6.643167E+7	2.434316E+8	-3.057398E+11
5.527590E+2	1.299496E+0	4.237347E+10	1.332900E+0	1.575806E+9	1.309026E+0	4.261733E+10	1.332367E+0	1.541023E+9	1.298015E+0	2.581203E+11	1.301997E+0	2.608246E+11	1.299566E+0	3.007376E+11	1.301647E+0	3.031981E+11	3.340392E-2	2.334038E-2	5.334111E-4	1.006354E-2	3.125272E-2	-4.079767E+10	-4.107631E+10	3.478356E+7	2.786428E+8	-3.016223E+11
5.535050E+2	1.182592E+0	3.869891E+10	1.122719E+0	1.335379E+9	1.167036E+0	3.815048E+10	1.209095E+0	1.403340E+9	1.179929E+0	2.354666E+11	1.176882E+0	2.366334E+11	1.178112E+0	2.736170E+11	1.177680E+0	2.753323E+11	-5.987253E-2	4.205933E-2	-8.637581E-2	-1.019319E-1	-5.496109E-2	-3.736353E+10	-3.674714E+10	-6.796034E+7	-6.163835E+8	-2.739969E+11
5.542580E+2	1.070890E+0	3.518786E+10	1.060983E+0	1.264759E+9	1.076053E+0	3.528829E+10	1.091371E+0	1.271853E+9	1.070032E+0	2.143840E+11	1.073376E+0	2.166204E+11	1.070880E+0	2.496723E+11	1.073029E+0	2.518082E+11	-9.906377E-3	1.531766E-2	-3.038757E-2	-2.522404E-2	-1.204533E-2	-3.392310E+10	-3.401643E+10	-7.093270E+6	9.333222E+7	-2.505435E+11
5.550080E+2	1.018178E+0	3.353100E+10	9.814764E-1	1.173811E+9	1.016307E+0	3.340875E+10	1.046359E+0	1.221579E+9	1.010521E+0	2.029674E+11	1.012423E+0	2.048349E+11	1.011336E+0	2.363761E+11	1.013228E+0	2.383659E+11	-3.670118E-2	3.005190E-2	-6.488292E-2	-6.675308E-2	-3.175122E-2	-3.235718E+10	-3.218717E+10	-4.776787E+7	-1.700124E+8	-2.371921E+11
5.558050E+2	1.015911E+0	3.345974E+10	9.796667E-1	1.171741E+9	9.985995E-1	3.285168E+10	1.040408E+0	1.214932E+9	1.008097E+0	2.025024E+11	1.007038E+0	2.037937E+11	1.006759E+0	2.353541E+11	1.008279E+0	2.372535E+11	-3.624383E-2	4.180870E-2	-6.074152E-2	-7.805253E-2	-2.861212E-2	-3.228800E+10	-3.163675E+10	-4.319115E+7	-6.512464E+8	-2.360817E+11
5.560080E+2	9.902794E-1	3.265409E+10	9.708817E-1	1.161692E+9	9.827752E-1	3.235387E+10	9.991112E-1	1.168807E+9	9.948369E-1	1.999585E+11	9.914938E-1	2.007882E+11	9.931376E-1	2.323124E+11	9.913240E-1	2.334423E+11	-1.939766E-2	1.633598E-2	-2.822950E-2	-3.573364E-2	-2.044225E-2	-3.149240E+10	-3.118506E+10	-7.115365E+6	-3.073386E+8	-2.322806E+11
5.565090E+2	9.687298E-1	3.197674E+10	9.996225E-1	1.194568E+9	9.863938E-1	3.246771E+10	9.575629E-1	1.122401E+9	9.766313E-1	1.964660E+11	9.807994E-1	1.987204E+11	9.780067E-1	2.289337E+11	9.791117E-1	2.306972E+11	3.089269E-2	-2.883092E-2	4.205959E-2	5.972361E-2	2.051075E-2	-3.078217E+10	-3.134530E+10	7.216703E+7	5.631319E+8	-2.295026E+11
5.570330E+2	9.708625E-1	3.204378E+10	1.012048E+0	1.208781E+9	9.967834E-1	3.279455E+10	9.848949E-1	1.152929E+9	9.772085E-1	1.965767E+11	9.821281E-1	1.989773E+11	9.799662E-1	2.293712E+11	9.805528E-1	2.310211E+11	4.118513E-2	-1.188847E-2	2.715269E-2	5.307361E-2	3.149480E-2	-3.083499E+10	-3.164162E+10	5.585282E+7	8.066262E+8	-2.298123E+11
5.575300E+2	9.622892E-1	3.177430E+10	9.262366E-1	1.110622E+9	9.588015E-1	3.159969E+10	9.668114E-1	1.132731E+9	9.557440E-1	1.924589E+11	9.550913E-1	1.937497E+11	9.561748E-1	2.240586E+11	9.560978E-1	2.255240E+11	-3.605269E-2	8.009954E-3	-4.057489E-2	-4.406264E-2	-2.986123E-2	-3.066368E+10	-3.046695E+10	-2.210932E+7	-1.967247E+8	-2.244134E+11
5.580000E+2	9.728079E-1	3.210493E+10	9.897105E-1	1.183230E+9	9.852191E-1	3.243075E+10	9.672812E-1	1.133256E+9	9.717169E-1	1.955232E+11	9.744155E-1	1.974861E+11	9.736191E-1	2.279539E+11	9.741907E-1	2.295910E+11	1.690258E-2	-1.793794E-2	2.242930E-2	3.484052E-2	1.551975E-2	-3.092170E+10	-3.129750E+10	4.997420E+7	3.758002E+8	-2.284078E+11
5.585100E+2	1.007115E+0	3.318328E+10	9.857281E-1	1.178674E+9	9.962211E-1	3.277686E+10	1.013128E+0	1.184462E+9	1.016163E+0	2.040497E+11	1.013196E+0	2.049844E+11	1.013353E+0	2.368265E+11	1.012346E+0	2.381677E+11	-2.138700E-2	1.690670E-2	-2.739968E-2	-3.829370E-2	-2.661781E-2	-3.200460E+10	-3.159240E+10	-5.787724E+6	-4.122057E+8	-2.369890E+11
5.590100E+2	1.031514E+0	3.395019E+10	1.046499E+0	1.248191E+9	1.057844E+0	3.471545E+10	1.095456E+0	1.276415E+9	1.046450E+0	2.098600E+11	1.048314E+0	2.117745E+11	1.048055E+0	2.445755E+11	1.045965E+0	2.457247E+11	1.498542E-2	3.761125E-2	-4.895628E-2	-2.262582E-2	5.344468E-4	-3.270200E+10	-3.343904E+10	-2.822384E+7	7.370424E+8	-2.444765E+11
5.595110E+2	1.019873E+0	3.358428E+10	1.050422E+0	1.252679E+9	1.015845E+0	3.339420E+10	1.028921E+0	1.202102E+9	1.027157E+0	2.061589E+11	1.029565E+0	2.081493E+11	1.025564E+0	2.395531E+11	1.028210E+0	2.417336E+11	3.054974E-2	1.307597E-2	2.150151E-2	1.747377E-2	2.221296E-2	-3.233160E+10	-3.219210E+10	5.057698E+7	-1.394975E+8	-2.404809E+11
5.600010E+2	1.044761E+0	3.436657E+10	1.030742E+0	1.230167E+9	1.041892E+0	3.421362E+10	1.036228E+0	1.210263E+9	1.025269E+0	2.057967E+11	1.027786E+0	2.078054E+11	1.027611E+0	2.400103E+11	1.030160E+0	2.421720E+11	-1.401861E-2	-5.663942E-3	-5.486009E-3	-8.354667E-3	5.825769E-4	-3.313641E+10	-3.300336E+10	1.990309E+7	-1.330477E+8	-2.409418E+11
5.605090E+2	1.014547E+0	3.341688E+10	9.921256E-1	1.185993E+9	9.803836E-1	3.227863E+10	9.624269E-1	1.127834E+9	9.937555E-1	1.997511E+11	9.852826E-1	1.995873E+11	9.918717E-1	2.320297E+11	9.893748E-1	2.330042E+11	-2.242153E-2	-1.795667E-2	2.969863E-2	-4.464865E-3	2.750799E-3	-3.223089E+10	-3.115080E+10	5.815857E+7	-1.080091E+9	-2.318182E+11
5.610410E+2	1.017221E+0	3.350094E+10	9.959833E-1	1.190405E+9	9.978406E-1	3.282781E+10	9.881787E-1	1.156596E+9	1.015067E+0	2.038395E+11	1.011928E+0	2.047392E+11	1.012640E+0	2.366674E+11	1.012668E+0	2.382401E+11	-2.123808E-2	-9.661909E-3	7.804633E-3	-1.157617E-2	-1.668479E-2	-3.231054E+10	-3.167121E+10	3.380913E+7	-6.393245E+8	-2.370497E+11
