Photon Energy (eV)	X ref norm	X ref	X pump norm	X pump	Y ref norm	Y ref	Y pump norm	Y pump	X all norm	X all	Y all norm	Y all	X all Y ref norm	X all Y ref	Y all X ref norm	Y all X ref	BC(X hist) norm	BC(Y hist) norm	StS norm	BCSC norm	BCLR norm	BC(X hist)	BC(Y hist)	StS	BCSC	BCLR	
1.130000E+3	-1.289947E+0	2.788643E+10	-5.777846E-1	1.276839E+9	-5.817266E-1	2.843014E+10	-1.810848E+1	1.138686E+9	-7.811596E-1	2.019135E+11	-7.068909E-1	1.965336E+11	-7.608606E-1	2.303436E+11	-7.939708E-1	2.244200E+11	7.121629E-1	-1.752676E+1	1.753070E+1	1.823892E+1	2.161862E-1	-2.660959E+10	-2.729146E+10	1.381530E+8	6.818673E+8	-2.231432E+11
1.430000E+3	5.529896E-1	2.871501E+10	3.031564E+1	1.242836E+9	5.139400E-1	2.880022E+10	-2.104389E+1	1.129284E+9	4.587782E-1	2.056094E+11	3.153174E-1	1.991512E+11	4.643927E-1	2.344096E+11	3.508139E-1	2.278662E+11	2.976265E+1	-2.155783E+1	5.135953E+1	5.132048E+1	2.996482E+1	-2.747217E+10	-2.767093E+10	1.135525E+8	1.987612E+8	-2.266234E+11
1.730000E+3	-6.823678E-3	2.846332E+10	2.552329E+1	1.248111E+9	1.621423E-1	2.868139E+10	1.995221E+1	1.260591E+9	1.639727E-1	2.047306E+11	3.829390E-1	1.993244E+11	1.637864E-1	2.334120E+11	3.247277E-1	2.277877E+11	2.553011E+1	1.979007E+1	5.571080E+0	5.740046E+0	2.519856E+1	-2.721521E+10	-2.742080E+10	-1.247987E+7	2.055956E+8	-2.265396E+11
1.780000E+3	5.901627E-1	2.873172E+10	-5.671350E+1	1.338624E+9	8.730954E-1	2.892153E+10	3.263591E+1	1.301216E+9	4.576350E-1	2.056060E+11	9.166106E-1	2.006910E+11	4.999221E-1	2.345275E+11	8.678554E-1	2.294227E+11	-5.730366E+1	3.176281E+1	-8.934941E+1	-8.906648E+1	-5.758136E+1	-2.739310E+10	-2.762031E+10	3.740790E+7	2.272133E+8	-2.280841E+11
1.880000E+3	1.536189E-1	2.853545E+10	1.452361E+0	1.274604E+9	-9.674510E-1	2.829986E+10	-1.343574E+1	1.153652E+9	-2.992262E-1	2.033500E+11	-9.079761E-1	1.960187E+11	-3.672405E-1	2.316499E+11	-7.494262E-1	2.245541E+11	1.298742E+0	-1.246829E+1	1.488811E+1	1.376704E+1	2.201787E+0	-2.726085E+10	-2.714621E+10	1.209522E+8	-1.146426E+8	-2.232795E+11
1.980000E+3	1.949339E+0	2.934281E+10	-7.329861E+0	1.284270E+9	1.583434E+0	2.916145E+10	-2.577749E+0	1.188429E+9	1.529406E+0	2.088006E+11	1.610852E+0	2.024688E+11	1.534905E+0	2.379620E+11	1.661405E+0	2.318116E+11	-9.279199E+0	-4.161183E+0	-4.752111E+0	-5.118016E+0	-8.991266E+0	-2.805854E+10	-2.797303E+10	9.584094E+7	-8.551082E+7	-2.305273E+11
2.030000E+3	2.138107E+0	2.942768E+10	-3.853824E+1	1.318619E+9	3.434526E+0	2.978669E+10	1.575629E+1	1.247152E+9	2.627276E+0	2.120730E+11	3.197613E+0	2.065321E+11	2.709441E+0	2.418597E+11	3.039375E+0	2.359598E+11	-4.067634E+1	1.232176E+1	-5.429452E+1	-5.299810E+1	-4.157761E+1	-2.810906E+10	-2.853953E+10	7.146758E+7	4.304773E+8	-2.346411E+11
2.055000E+3	2.832065E+0	2.973968E+10	-4.929065E+1	1.330454E+9	1.845399E+0	2.924994E+10	1.710637E+1	1.251476E+9	2.373304E+0	2.113160E+11	2.568652E+0	2.049215E+11	2.319572E+0	2.405659E+11	2.607993E+0	2.346611E+11	-5.212272E+1	1.526097E+1	-6.639702E+1	-6.738369E+1	-5.189865E+1	-2.840922E+10	-2.799846E+10	7.897786E+7	-4.107640E+8	-2.333307E+11
2.080000E+3	2.026016E+0	2.937728E+10	-6.289955E+1	1.345432E+9	2.626094E+0	2.951363E+10	-7.097145E+0	1.173954E+9	2.234889E+0	2.109034E+11	2.372400E+0	2.044189E+11	2.274707E+0	2.404170E+11	2.320668E+0	2.337962E+11	-6.492557E+1	-9.723239E+0	-5.580241E+1	-5.520233E+1	-6.522022E+1	-2.803185E+10	-2.833967E+10	1.714781E+8	3.078249E+8	-2.324508E+11
2.105000E+3	2.031070E+0	2.937955E+10	-5.537218E+1	1.337147E+9	1.672657E+0	2.919159E+10	2.048212E+1	1.262288E+9	1.795866E+0	2.095948E+11	1.912571E+0	2.032414E+11	1.783325E+0	2.387864E+11	1.930269E+0	2.326209E+11	-5.740325E+1	1.880947E+1	-7.585431E+1	-7.621272E+1	-5.730245E+1	-2.804241E+10	-2.792930E+10	7.485913E+7	-1.131023E+8	-2.312838E+11
2.130000E+3	2.387538E+0	2.953982E+10	-7.614346E+1	1.360009E+9	2.009594E+0	2.930540E+10	1.337670E+1	1.239530E+9	2.145301E+0	2.106364E+11	2.620009E+0	2.050530E+11	2.131488E+0	2.399418E+11	2.585290E+0	2.345928E+11	-7.853100E+1	1.136711E+1	-8.952016E+1	-8.989810E+1	-7.872875E+1	-2.817981E+10	-2.806587E+10	1.204788E+8	-1.139455E+8	-2.332328E+11
2.155000E+3	-3.966828E-1	2.828804E+10	3.198578E+1	1.240998E+9	-1.112692E+0	2.825080E+10	-4.341483E+0	1.182780E+9	-4.211204E-1	2.029867E+11	-4.759154E-1	1.971251E+11	-4.915110E-1	2.312375E+11	-4.640820E-1	2.254131E+11	3.238246E+1	-3.228790E+0	3.632726E+1	3.561125E+1	3.244986E+1	-2.704704E+10	-2.706802E+10	5.821791E+7	2.098080E+7	-2.241721E+11
2.180000E+3	-7.438861E-1	2.813194E+10	2.837204E+1	1.244976E+9	-7.281056E-1	2.838070E+10	1.027028E+1	1.229581E+9	-7.780470E-1	2.019228E+11	-1.232451E+0	1.951878E+11	-7.729638E-1	2.303035E+11	-1.159483E+0	2.233197E+11	2.911593E+1	1.099839E+1	1.810176E+1	1.811754E+1	2.953152E+1	-2.688696E+10	-2.715112E+10	1.539508E+7	2.641595E+8	-2.220747E+11
2.205000E+3	-8.944424E-1	2.806425E+10	8.758615E+0	1.266563E+9	3.212216E-3	2.862771E+10	-1.126196E+0	1.193079E+9	-4.833071E-1	2.028013E+11	-4.798135E-1	1.971151E+11	-4.337875E-1	2.314290E+11	-5.417386E-1	2.251793E+11	9.653058E+0	-1.129409E+0	9.884812E+0	1.078247E+1	9.300354E+0	-2.679768E+10	-2.743463E+10	7.348422E+7	6.369511E+8	-2.239128E+11
2.230000E+3	-5.182178E-1	2.823340E+10	7.185503E+0	1.268294E+9	-8.765869E-1	2.833055E+10	2.429112E+0	1.204466E+9	-5.987216E-1	2.024573E+11	-5.559334E-1	1.969202E+11	-6.270037E-1	2.307878E+11	-5.503006E-1	2.251536E+11	7.703721E+0	3.305699E+0	4.756391E+0	4.398022E+0	7.735804E+0	-2.696510E+10	-2.712608E+10	6.382829E+7	1.609809E+8	-2.238853E+11
2.280000E+3	-6.939545E-1	2.815439E+10	5.228254E+1	1.218659E+9	-1.287902E+0	2.819162E+10	-1.598766E+1	1.145479E+9	-1.534217E+0	1.996689E+11	-1.648558E+0	1.941222E+11	-1.509146E+0	2.278605E+11	-1.505987E+0	2.222766E+11	5.297650E+1	-1.469975E+1	6.827020E+1	6.767625E+1	5.378853E+1	-2.693573E+10	-2.704614E+10	7.318030E+7	1.104167E+8	-2.210579E+11
2.380000E+3	-9.494331E-1	2.803952E+10	5.204057E+1	1.218925E+9	-1.334299E+0	2.817595E+10	-9.785832E+0	1.165343E+9	-6.991041E-1	2.021581E+11	-5.948827E-1	1.968204E+11	-7.637564E-1	2.303340E+11	-6.478350E-1	2.248599E+11	5.299000E+1	-8.451533E+0	6.182640E+1	6.144154E+1	5.268841E+1	-2.682060E+10	-2.701061E+10	5.358271E+7	1.900108E+8	-2.236410E+11
2.480000E+3	1.423172E+0	2.910624E+10	3.014059E+1	1.243029E+9	1.802500E+0	2.923545E+10	8.449687E+0	1.223749E+9	1.264931E+0	2.080123E+11	1.309478E+0	2.016970E+11	1.319647E+0	2.372477E+11	1.326458E+0	2.308033E+11	2.871742E+1	6.647187E+0	2.169090E+1	2.207023E+1	2.881413E+1	-2.786321E+10	-2.801170E+10	1.927976E+7	1.484845E+8	-2.295602E+11
2.530000E+3	1.874349E+0	2.930909E+10	-2.657682E+1	1.305454E+9	2.014862E+0	2.930718E+10	2.028483E-2	1.196751E+9	1.632319E+0	2.091073E+11	1.750215E+0	2.028256E+11	1.671256E+0	2.384145E+11	1.768755E+0	2.321347E+11	-2.845117E+1	-1.994577E+0	-2.659711E+1	-2.645659E+1	-2.834558E+1	-2.800364E+10	-2.811042E+10	1.087035E+8	1.067878E+8	-2.308293E+11
2.830000E+3	1.761975E+0	2.925857E+10	-5.208878E+1	1.333534E+9	1.266581E+0	2.905443E+10	4.609737E+0	1.211450E+9	1.624810E+0	2.090849E+11	1.702019E+0	2.027022E+11	1.588348E+0	2.381394E+11	1.710974E+0	2.319608E+11	-5.385075E+1	3.343156E+0	-5.669851E+1	-5.719391E+1	-5.379975E+1	-2.792503E+10	-2.784298E+10	1.220832E+8	-8.205169E+7	-2.306273E+11
3.130000E+3	8.899376E-1	2.886650E+10	1.484439E+0	1.274569E+9	1.250357E+0	2.904895E+10	1.706123E+0	1.202150E+9	1.177044E+0	2.077503E+11	8.331703E-1	2.004773E+11	1.184506E+0	2.367992E+11	8.416486E-1	2.293438E+11	5.945009E-1	4.557662E-1	-2.216845E-1	1.387347E-1	6.427900E-1	-2.759193E+10	-2.784680E+10	7.241875E+7	2.548710E+8	-2.280692E+11
