Photon Energy (eV)	X ref norm	X ref	X pump norm	X pump	Y ref norm	Y ref	Y pump norm	Y pump	X all norm	X all	Y all norm	Y all	X all Y ref norm	X all Y ref	Y all X ref norm	Y all X ref	BC(X hist) norm	BC(Y hist) norm	StS norm	BCSC norm	BCLR norm	BC(X hist)	BC(Y hist)	StS	BCSC	BCLR	
5.300370E+2	-3.310415E-3	1.381144E+9	-4.167784E-3	4.700883E+8	-8.005125E-3	1.299825E+9	-6.957721E-3	4.241459E+8	-5.119876E-3	7.898784E+9	-6.148241E-3	7.828145E+9	-5.482811E-3	9.198609E+9	-5.793462E-3	9.209289E+9	-8.573690E-4	1.047404E-3	2.789937E-3	-1.904773E-3	1.625678E-3	-9.110557E+8	-8.756791E+8	4.594242E+7	-3.537663E+7	-8.739201E+9
5.305180E+2	-4.997486E-3	1.334655E+9	-3.567584E-3	4.768411E+8	-5.073680E-3	1.380605E+9	-3.097545E-3	4.675898E+8	-3.403531E-3	8.227483E+9	-3.416525E-3	8.354989E+9	-3.613619E-3	9.608088E+9	-3.614173E-3	9.689644E+9	1.429902E-3	1.976135E-3	-4.700390E-4	-5.462334E-4	4.658901E-5	-8.578138E+8	-9.130153E+8	9.251329E+6	5.520155E+7	-9.212802E+9
5.310350E+2	-5.219953E-3	1.328525E+9	-4.677029E-4	5.117175E+8	-3.478674E-4	1.510832E+9	-2.606804E-3	4.731128E+8	-2.097529E-3	8.477597E+9	-1.244621E-3	8.773866E+9	-1.877439E-3	9.988429E+9	-1.741608E-3	1.010239E+10	4.752250E-3	-2.258937E-3	2.139101E-3	7.011186E-3	1.273905E-3	-8.168071E+8	-1.037719E+9	3.860475E+7	2.209118E+8	-9.590673E+9
5.315130E+2	1.783448E-3	1.521511E+9	1.243932E-3	5.309749E+8	-3.072635E-3	1.435747E+9	2.377153E-3	5.292041E+8	4.124944E-4	8.958294E+9	-6.220795E-4	8.893930E+9	-2.589883E-5	1.039404E+10	-3.213461E-4	1.041544E+10	-5.395154E-4	5.449788E-3	-1.133220E-3	-5.989303E-3	1.565279E-3	-9.905362E+8	-9.065427E+8	1.770836E+6	-8.399353E+7	-9.884467E+9
5.320020E+2	3.529980E-3	1.569639E+9	1.178921E-3	5.302435E+8	7.722065E-3	1.733210E+9	3.351077E-3	5.401650E+8	2.528620E-3	9.363555E+9	3.558176E-3	9.700142E+9	3.181901E-3	1.109677E+10	3.554651E-3	1.126978E+10	-2.351059E-3	-4.370988E-3	-2.172156E-3	2.019930E-3	-2.375730E-3	-1.039395E+9	-1.193045E+9	-9.921512E+6	1.536498E+8	-1.073954E+10
5.325170E+2	8.214425E-3	1.698724E+9	5.780217E-3	5.820122E+8	8.777242E-3	1.762287E+9	6.933840E-3	5.804868E+8	7.679822E-3	1.035007E+10	7.873291E-3	1.053236E+10	7.817866E-3	1.211235E+10	7.915938E-3	1.223109E+10	-2.434208E-3	-1.843402E-3	-1.153623E-3	-5.908060E-4	-2.135721E-3	-1.116712E+9	-1.181800E+9	1.525379E+6	6.508843E+7	-1.164907E+10
5.330030E+2	1.708988E-2	1.943297E+9	1.682738E-2	7.063025E+8	1.393623E-2	1.904450E+9	1.796595E-2	7.046463E+8	1.616072E-2	1.197425E+10	1.623449E-2	1.214492E+10	1.588090E-2	1.387870E+10	1.634143E-2	1.408821E+10	-2.625005E-4	4.029720E-3	-1.138569E-3	-4.292221E-3	4.859520E-4	-1.236995E+9	-1.199804E+9	1.656220E+6	-3.719062E+7	-1.338191E+10
5.331520E+2	2.500050E-2	2.161283E+9	2.141127E-2	7.578753E+8	1.928978E-2	2.051975E+9	2.041220E-2	7.321773E+8	2.225932E-2	1.314220E+10	1.993664E-2	1.285892E+10	2.188578E-2	1.519418E+10	2.056971E-2	1.502020E+10	-3.589228E-3	1.122417E-3	9.990744E-4	-4.711644E-3	8.415598E-4	-1.403408E+9	-1.319798E+9	2.569806E+7	-8.361003E+7	-1.426233E+10
5.333080E+2	3.165027E-2	2.344525E+9	2.569686E-2	8.060920E+8	2.721782E-2	2.270443E+9	2.623552E-2	7.977151E+8	2.751771E-2	1.414924E+10	2.701909E-2	1.422485E+10	2.747999E-2	1.641968E+10	2.759807E-2	1.656938E+10	-5.953403E-3	-9.823041E-4	-5.386566E-4	-4.971099E-3	-1.901204E-3	-1.538433E+9	-1.472728E+9	8.376889E+6	-6.570448E+7	-1.576329E+10
5.334580E+2	4.208184E-2	2.631978E+9	3.370664E-2	8.962092E+8	3.712682E-2	2.543500E+9	3.669264E-2	9.154035E+8	3.518641E-2	1.561788E+10	3.442703E-2	1.565356E+10	3.543049E-2	1.816138E+10	3.538402E-2	1.828554E+10	-8.375194E-3	-4.341812E-4	-2.985996E-3	-7.941012E-3	-1.677373E-3	-1.735769E+9	-1.628096E+9	-1.919435E+7	-1.076729E+8	-1.738933E+10
5.336080E+2	5.341493E-2	2.944275E+9	4.202439E-2	9.897912E+8	5.026343E-2	2.905498E+9	3.963446E-2	9.485119E+8	4.546802E-2	1.758692E+10	4.345005E-2	1.739376E+10	4.607123E-2	2.049242E+10	4.469584E-2	2.033803E+10	-1.139054E-2	-1.062897E-2	2.389929E-3	-7.615754E-4	-2.671449E-3	-1.954483E+9	-1.956986E+9	4.127928E+7	2.502528E+6	-1.934824E+10
5.337580E+2	6.382706E-2	3.231193E+9	5.171000E-2	1.098763E+9	6.612698E-2	3.342641E+9	5.500807E-2	1.121532E+9	5.709787E-2	1.981417E+10	5.597752E-2	1.980983E+10	5.823364E-2	2.315681E+10	5.695885E-2	2.304102E+10	-1.211706E-2	-1.111891E-2	-3.298072E-3	-9.981519E-4	-5.248852E-3	-2.132430E+9	-2.221108E+9	-2.276945E+7	8.867870E+7	-2.194226E+10
5.339400E+2	8.717969E-2	3.874700E+9	7.787274E-2	1.393117E+9	8.548622E-2	3.876112E+9	7.791305E-2	1.379314E+9	8.428861E-2	2.502149E+10	7.825114E-2	2.410556E+10	8.443925E-2	2.889761E+10	7.936737E-2	2.798026E+10	-9.306943E-3	-7.573169E-3	-4.030944E-5	-1.733775E-3	-1.494623E-3	-2.481583E+9	-2.496798E+9	1.380328E+7	1.521503E+7	-2.658714E+10
5.340740E+2	1.191606E-1	4.755971E+9	1.199097E-1	1.866070E+9	1.266343E-1	5.010005E+9	1.117388E-1	1.760002E+9	1.200966E-1	3.187912E+10	1.155249E-1	3.129424E+10	1.209190E-1	3.688913E+10	1.159795E-1	3.605022E+10	7.490500E-4	-1.489544E-2	8.170865E-3	1.564449E-2	3.930237E-3	-2.889902E+9	-3.250003E+9	1.060681E+8	3.601017E+8	-3.418415E+10
5.342040E+2	2.030473E-1	7.067562E+9	1.765319E-1	2.503120E+9	1.844336E-1	6.602748E+9	1.745251E-1	2.466622E+9	1.865414E-1	4.460402E+10	1.721079E-1	4.220693E+10	1.862762E-1	5.120677E+10	1.759759E-1	4.927449E+10	-2.651539E-2	-9.908508E-3	2.006800E-3	-1.660688E-2	5.560464E-4	-4.564442E+9	-4.136126E+9	3.649771E+7	-4.283163E+8	-4.677137E+10
5.343550E+2	3.486374E-1	1.107946E+10	3.071796E-1	3.973022E+9	3.295860E-1	1.060263E+10	3.013346E-1	3.893784E+9	3.227546E-1	7.069036E+10	3.008617E-1	6.703861E+10	3.236139E-1	8.129299E+10	3.068345E-1	7.811808E+10	-4.145780E-2	-2.825141E-2	5.845063E-3	-1.320639E-2	3.451476E-4	-7.106440E+9	-6.708845E+9	7.923874E+7	-3.975950E+8	-7.414505E+10
5.345110E+2	5.836696E-1	1.755604E+10	5.398139E-1	6.590364E+9	5.761128E-1	1.739602E+10	5.224653E-1	6.382472E+9	5.540927E-1	1.149942E+11	5.288937E-1	1.110173E+11	5.568626E-1	1.323902E+11	5.357417E-1	1.285733E+11	-4.385570E-2	-5.364748E-2	1.734865E-2	9.791781E-3	4.072279E-3	-1.096567E+10	-1.101355E+10	2.078920E+8	4.787884E+7	-1.219829E+11
5.346620E+2	9.525270E-1	2.772032E+10	8.715352E-1	1.032252E+10	9.511531E-1	2.773079E+10	8.436280E-1	9.996958E+9	8.828220E-1	1.779495E+11	8.521869E-1	1.733682E+11	8.914174E-1	2.056803E+11	8.647312E-1	2.010885E+11	-8.099183E-2	-1.075251E-1	2.790715E-2	2.653326E-2	6.804016E-3	-1.739779E+10	-1.773384E+10	3.255630E+8	3.360415E+8	-1.907659E+11
5.348020E+2	1.338076E+0	3.834455E+10	1.193800E+0	1.394828E+10	1.339533E+0	3.843316E+10	1.177280E+0	1.375200E+10	1.215803E+0	2.417190E+11	1.191938E+0	2.388931E+11	1.231367E+0	2.801522E+11	1.210208E+0	2.772376E+11	-1.442763E-1	-1.622530E-1	1.651971E-2	1.797674E-2	-1.640787E-2	-2.439627E+10	-2.468115E+10	1.962792E+8	2.848837E+8	-2.632894E+11
5.349580E+2	1.813060E+0	5.143325E+10	1.548225E+0	1.793588E+10	1.815812E+0	5.155771E+10	1.534018E+0	1.776686E+10	1.590749E+0	3.135252E+11	1.578693E+0	3.134833E+11	1.619059E+0	3.650829E+11	1.607993E+0	3.649166E+11	-2.648346E-1	-2.817946E-1	1.420710E-2	1.695994E-2	-5.976771E-2	-3.349737E+10	-3.379084E+10	1.690145E+8	2.934698E+8	-3.469807E+11
5.351040E+2	2.102617E+0	5.941233E+10	1.783277E+0	2.058042E+10	2.088308E+0	5.906671E+10	1.753971E+0	2.024230E+10	1.828526E+0	3.590621E+11	1.828642E+0	3.616890E+11	1.861203E+0	4.181288E+11	1.862894E+0	4.211013E+11	-3.193403E-1	-3.343366E-1	2.930531E-2	1.499628E-2	-7.961709E-2	-3.883191E+10	-3.882441E+10	3.381146E+8	-7.507049E+6	-4.005209E+11
5.352550E+2	2.247433E+0	6.340290E+10	1.902914E+0	2.192645E+10	2.236521E+0	6.315094E+10	1.921232E+0	2.212472E+10	1.949689E+0	3.822662E+11	1.958084E+0	3.866533E+11	1.985769E+0	4.454171E+11	1.994257E+0	4.500562E+11	-3.445188E-1	-3.152893E-1	-1.831780E-2	-2.922948E-2	-9.134325E-2	-4.147645E+10	-4.102622E+10	-1.982716E+8	-4.502308E+8	-4.281298E+11
5.354110E+2	2.140882E+0	6.046678E+10	1.804006E+0	2.081364E+10	2.154991E+0	6.090425E+10	1.832283E+0	2.112365E+10	1.855888E+0	3.643023E+11	1.874183E+0	3.704721E+11	1.893512E+0	4.252065E+11	1.907525E+0	4.309388E+11	-3.368765E-1	-3.227076E-1	-2.827712E-2	-1.416885E-2	-1.035190E-1	-3.965314E+10	-3.978060E+10	-3.100121E+8	1.274568E+8	-4.101252E+11
5.355580E+2	1.926295E+0	5.455359E+10	1.623198E+0	1.877940E+10	1.935088E+0	5.484453E+10	1.645683E+0	1.902358E+10	1.669306E+0	3.285698E+11	1.681225E+0	3.332578E+11	1.702739E+0	3.834143E+11	1.711863E+0	3.878114E+11	-3.030966E-1	-2.894055E-1	-2.248427E-2	-1.369112E-2	-8.866423E-2	-3.577419E+10	-3.582094E+10	-2.441858E+8	4.675303E+7	-3.690320E+11
5.357090E+2	1.726355E+0	4.904403E+10	1.454737E+0	1.688405E+10	1.724223E+0	4.903384E+10	1.471105E+0	1.705883E+10	1.505522E+0	2.972033E+11	1.517281E+0	3.016394E+11	1.533032E+0	3.462371E+11	1.543419E+0	3.506834E+11	-2.716189E-1	-2.531177E-1	-1.636890E-2	-1.850126E-2	-8.868262E-2	-3.215997E+10	-3.197501E+10	-1.747729E+8	-1.849622E+8	-3.337994E+11
5.358550E+2	1.436331E+0	4.105208E+10	1.239051E+0	1.445740E+10	1.430995E+0	4.095352E+10	1.246215E+0	1.452782E+10	1.261600E+0	2.504897E+11	1.272330E+0	2.543976E+11	1.282909E+0	2.914432E+11	1.292833E+0	2.954497E+11	-1.972797E-1	-1.847801E-1	-7.163659E-3	-1.249965E-2	-5.378134E-2	-2.659468E+10	-2.642570E+10	-7.042040E+7	-1.689779E+8	-2.809923E+11
5.360120E+2	1.243352E+0	3.573431E+10	1.055147E+0	1.238832E+10	1.226370E+0	3.531478E+10	1.059320E+0	1.242444E+10	1.088288E+0	2.172984E+11	1.088103E+0	2.188673E+11	1.105657E+0	2.526132E+11	1.107512E+0	2.546016E+11	-1.882044E-1	-1.670495E-1	-4.172846E-3	-2.115486E-2	-5.236449E-2	-2.334599E+10	-2.289034E+10	-3.611848E+7	-4.556567E+8	-2.422133E+11
5.362630E+2	9.084827E-1	2.650663E+10	7.832995E-1	9.329792E+9	8.951328E-1	2.618708E+10	7.889812E-1	9.381942E+9	8.042017E-1	1.628928E+11	8.042085E-1	1.641150E+11	8.156399E-1	1.890799E+11	8.172446E-1	1.906216E+11	-1.251832E-1	-1.061516E-1	-5.681703E-3	-1.903160E-2	-3.394509E-2	-1.717683E+10	-1.680513E+10	-5.215043E+7	-3.717011E+8	-1.812918E+11
5.365090E+2	7.172531E-1	2.123708E+10	6.234245E-1	7.531056E+9	7.269882E-1	2.155361E+10	6.223740E-1	7.506882E+9	6.390399E-1	1.312625E+11	6.444619E-1	1.333060E+11	6.501029E-1	1.528161E+11	6.535621E-1	1.545430E+11	-9.382868E-2	-1.046142E-1	1.050484E-3	1.078556E-2	-3.013765E-2	-1.370602E+10	-1.404673E+10	2.417442E+7	3.407055E+8	-1.470120E+11
5.368080E+2	5.953403E-1	1.787764E+10	5.183696E-1	6.349097E+9	5.910778E-1	1.780841E+10	5.104761E-1	6.247541E+9	5.288867E-1	1.101669E+11	5.274093E-1	1.107310E+11	5.367097E-1	1.279753E+11	5.359019E-1	1.286086E+11	-7.697069E-2	-8.060163E-2	7.893510E-3	3.630943E-3	-1.753223E-2	-1.152854E+10	-1.156086E+10	1.015553E+8	3.232462E+7	-1.222595E+11
5.370010E+2	5.549239E-1	1.676392E+10	4.818708E-1	5.938452E+9	5.409171E-1	1.642616E+10	4.744070E-1	5.841606E+9	4.841622E-1	1.016017E+11	4.822736E-1	1.020260E+11	4.913014E-1	1.180279E+11	4.913562E-1	1.187900E+11	-7.305309E-2	-6.651017E-2	7.463794E-3	-6.542920E-3	-9.485425E-3	-1.082546E+10	-1.058455E+10	9.684652E+7	-2.409101E+8	-1.128515E+11
5.372640E+2	5.083398E-1	1.548024E+10	4.357273E-1	5.419297E+9	4.887527E-1	1.498869E+10	4.345638E-1	5.393195E+9	4.494276E-1	9.494964E+10	4.412121E-1	9.410684E+10	4.543743E-1	1.099383E+11	4.496042E-1	1.095871E+11	-7.261251E-2	-5.418891E-2	1.163518E-3	-1.842361E-2	-1.387690E-2	-1.006094E+10	-9.595498E+9	2.610198E+7	-4.654448E+8	-1.041678E+11
5.375110E+2	5.439959E-1	1.646278E+10	4.697599E-1	5.802194E+9	5.404757E-1	1.641399E+10	4.647239E-1	5.732629E+9	4.840477E-1	1.015798E+11	4.771529E-1	1.010385E+11	4.911458E-1	1.179938E+11	4.855095E-1	1.175012E+11	-7.423600E-2	-7.575172E-2	5.035935E-3	1.515723E-3	-1.574960E-2	-1.066059E+10	-1.068136E+10	6.956478E+7	2.077537E+7	-1.116990E+11
5.377630E+2	6.197532E-1	1.855036E+10	5.380393E-1	6.570397E+9	6.272784E-1	1.880597E+10	5.409143E-1	6.590104E+9	5.492545E-1	1.140676E+11	5.464057E-1	1.143947E+11	5.590691E-1	1.328736E+11	5.555754E-1	1.329450E+11	-8.171392E-2	-8.636417E-2	-2.874999E-3	4.650242E-3	-1.753617E-2	-1.197996E+10	-1.221586E+10	-1.970628E+7	2.359002E+8	-1.263746E+11
5.380160E+2	7.411519E-1	2.189564E+10	6.605017E-1	7.948209E+9	7.662948E-1	2.263676E+10	6.596209E-1	7.926073E+9	6.746682E-1	1.380857E+11	6.736676E-1	1.389386E+11	6.861939E-1	1.607225E+11	6.821043E-1	1.608342E+11	-8.065013E-2	-1.066739E-1	8.807929E-4	2.602376E-2	-2.160255E-2	-1.394743E+10	-1.471069E+10	2.213518E+7	7.632597E+8	-1.528860E+11
5.382690E+2	9.700159E-1	2.820224E+10	8.230800E-1	9.777358E+9	9.420844E-1	2.748089E+10	8.259763E-1	9.798299E+9	8.464531E-1	1.709844E+11	8.342081E-1	1.699007E+11	8.584825E-1	1.984653E+11	8.511865E-1	1.981030E+11	-1.469359E-1	-1.161080E-1	-2.896336E-3	-3.082782E-2	-2.810646E-2	-1.842488E+10	-1.768259E+10	-2.094178E+7	-7.422904E+8	-1.883256E+11
5.385110E+2	1.188354E+0	3.421879E+10	1.013435E+0	1.191902E+10	1.166800E+0	3.367324E+10	1.012165E+0	1.189374E+10	1.042529E+0	2.085351E+11	1.030258E+0	2.077113E+11	1.058161E+0	2.422083E+11	1.050023E+0	2.419301E+11	-1.749192E-1	-1.546343E-1	1.269308E-3	-2.028499E-2	-3.658831E-2	-2.229978E+10	-2.177950E+10	2.527524E+7	-5.202751E+8	-2.300111E+11
5.387650E+2	1.383515E+0	3.959667E+10	1.193795E+0	1.394822E+10	1.400443E+0	4.011161E+10	1.166413E+0	1.362971E+10	1.218066E+0	2.421524E+11	1.211759E+0	2.427159E+11	1.241007E+0	2.822640E+11	1.233232E+0	2.823126E+11	-1.897203E-1	-2.340294E-1	2.738129E-2	4.430915E-2	-3.943725E-2	-2.564844E+10	-2.648190E+10	3.185195E+8	8.334583E+8	-2.683644E+11
5.390340E+2	1.478751E+0	4.222102E+10	1.341078E+0	1.560529E+10	1.479315E+0	4.228505E+10	1.344449E+0	1.563339E+10	1.364163E+0	2.701316E+11	1.359304E+0	2.711717E+11	1.378648E+0	3.124167E+11	1.374237E+0	3.133927E+11	-1.376738E-1	-1.348662E-1	-3.371607E-3	-2.807640E-3	-3.315970E-2	-2.661573E+10	-2.665167E+10	-2.809950E+7	3.593766E+7	-2.977874E+11
5.392780E+2	1.712540E+0	4.866334E+10	1.554480E+0	1.800626E+10	1.686667E+0	4.799892E+10	1.542395E+0	1.786114E+10	1.569733E+0	3.095005E+11	1.563611E+0	3.105746E+11	1.584442E+0	3.574994E+11	1.582230E+0	3.592379E+11	-1.580601E-1	-1.442721E-1	1.208569E-2	-1.378796E-2	-2.774911E-2	-3.065708E+10	-3.013778E+10	1.451176E+8	-5.193012E+8	-3.412317E+11
5.395160E+2	1.879283E+0	5.325812E+10	1.795839E+0	2.072176E+10	1.881879E+0	5.337828E+10	1.779293E+0	2.052728E+10	1.798692E+0	3.533487E+11	1.799208E+0	3.560123E+11	1.809156E+0	4.067270E+11	1.809219E+0	4.092704E+11	-8.344427E-2	-1.025866E-1	1.654613E-2	1.914235E-2	-1.337962E-2	-3.253637E+10	-3.285100E+10	1.944742E+8	3.146334E+8	-3.885486E+11
5.397910E+2	1.961703E+0	5.552930E+10	1.902242E+0	2.191889E+10	1.970435E+0	5.581855E+10	1.908005E+0	2.197586E+10	1.908042E+0	3.742905E+11	1.914589E+0	3.782649E+11	1.915891E+0	4.301090E+11	1.920479E+0	4.337942E+11	-5.946104E-2	-6.242972E-2	-5.762734E-3	2.968679E-3	-1.823716E-2	-3.361041E+10	-3.384269E+10	-5.696972E+7	2.322783E+8	-4.118753E+11
5.400350E+2	2.014928E+0	5.699597E+10	1.923514E+0	2.215821E+10	2.009754E+0	5.690204E+10	1.948715E+0	2.243402E+10	1.952350E+0	3.827759E+11	1.960224E+0	3.870662E+11	1.959571E+0	4.396780E+11	1.967063E+0	4.440621E+11	-9.141420E-2	-6.103907E-2	-2.520083E-2	-3.037512E-2	-4.354921E-2	-3.483776E+10	-3.446802E+10	-2.758077E+8	-3.697351E+8	-4.219039E+11
5.402740E+2	1.947413E+0	5.513552E+10	1.902827E+0	2.192547E+10	1.944414E+0	5.510151E+10	1.878796E+0	2.164712E+10	1.899188E+0	3.725947E+11	1.901667E+0	3.757726E+11	1.904877E+0	4.276962E+11	1.907386E+0	4.309082E+11	-4.458628E-2	-6.561824E-2	2.403127E-2	2.103196E-2	-4.558824E-3	-3.321005E+10	-3.345438E+10	2.783411E+8	2.443282E+8	-4.089827E+11
5.405080E+2	1.762414E+0	5.003767E+10	1.729989E+0	1.998088E+10	1.775001E+0	5.043310E+10	1.734780E+0	2.002632E+10	1.730691E+0	3.403257E+11	1.732951E+0	3.432339E+11	1.736265E+0	3.907588E+11	1.736635E+0	3.932716E+11	-3.242548E-2	-4.022084E-2	-4.791614E-3	7.795354E-3	-6.645970E-3	-3.005678E+10	-3.040678E+10	-4.543886E+7	3.499945E+8	-3.732907E+11
5.407630E+2	1.621092E+0	4.614336E+10	1.591287E+0	1.842037E+10	1.634167E+0	4.655222E+10	1.597197E+0	1.847791E+10	1.593020E+0	3.139602E+11	1.603720E+0	3.183102E+11	1.598196E+0	3.605124E+11	1.605892E+0	3.644535E+11	-2.980453E-2	-3.696972E-2	-5.910342E-3	7.165196E-3	-1.460494E-2	-2.772300E+10	-2.807430E+10	-5.754510E+7	3.513090E+8	-3.460332E+11
5.410340E+2	1.687394E+0	4.797040E+10	1.633143E+0	1.889129E+10	1.684193E+0	4.793075E+10	1.649810E+0	1.907003E+10	1.655813E+0	3.259857E+11	1.661650E+0	3.294827E+11	1.659383E+0	3.739165E+11	1.664869E+0	3.774531E+11	-5.425078E-2	-3.438344E-2	-1.666625E-2	-1.986735E-2	-3.172535E-2	-2.907912E+10	-2.886072E+10	-1.787423E+8	-2.183941E+8	-3.585618E+11
5.412640E+2	1.649575E+0	4.692827E+10	1.628032E+0	1.883379E+10	1.638478E+0	4.667100E+10	1.613846E+0	1.866529E+10	1.619061E+0	3.189473E+11	1.619138E+0	3.212837E+11	1.621503E+0	3.656183E+11	1.622943E+0	3.682120E+11	-2.154297E-2	-2.463115E-2	1.418613E-2	3.088180E-3	5.089089E-3	-2.809448E+10	-2.800571E+10	1.684999E+8	-8.877240E+7	-3.493782E+11
5.415140E+2	1.516455E+0	4.325998E+10	1.478248E+0	1.714857E+10	1.509652E+0	4.312103E+10	1.487577E+0	1.724421E+10	1.486400E+0	2.935412E+11	1.494340E+0	2.972149E+11	1.489324E+0	3.366622E+11	1.497105E+0	3.404749E+11	-3.820717E-2	-2.207470E-2	-9.329861E-3	-1.613247E-2	-1.885730E-2	-2.611140E+10	-2.587682E+10	-9.563492E+7	-2.345829E+8	-3.233263E+11
5.417700E+2	1.356387E+0	3.884912E+10	1.340953E+0	1.560389E+10	1.367317E+0	3.919878E+10	1.354569E+0	1.574729E+10	1.345180E+0	2.664960E+11	1.348202E+0	2.690306E+11	1.347964E+0	3.056948E+11	1.349226E+0	3.078797E+11	-1.543339E-2	-1.274734E-2	-1.361615E-2	-2.686058E-3	-8.272279E-3	-2.324523E+10	-2.345149E+10	-1.433950E+8	2.062587E+8	-2.922758E+11
5.420160E+2	1.204380E+0	3.466042E+10	1.195332E+0	1.396552E+10	1.206171E+0	3.475817E+10	1.204726E+0	1.406089E+10	1.198626E+0	2.384294E+11	1.200308E+0	2.405075E+11	1.199575E+0	2.731876E+11	1.200817E+0	2.751679E+11	-9.048345E-3	-1.445066E-3	-9.393805E-3	-7.603279E-3	-5.485259E-3	-2.069490E+10	-2.069728E+10	-9.536663E+7	2.387533E+6	-2.612024E+11
5.422670E+2	9.640043E-1	2.803659E+10	9.638078E-1	1.136067E+10	9.705618E-1	2.826563E+10	9.681329E-1	1.139818E+10	9.683967E-1	1.943379E+11	9.683807E-1	1.957775E+11	9.686691E-1	2.226036E+11	9.678336E-1	2.238141E+11	-1.965493E-4	-2.428946E-3	-4.325083E-3	2.232397E-3	-4.025829E-3	-1.667592E+10	-1.686745E+10	-3.751285E+7	1.915292E+8	-2.124534E+11
5.425140E+2	9.210654E-1	2.685336E+10	9.211545E-1	1.088078E+10	9.248394E-1	2.700568E+10	9.277929E-1	1.094418E+10	9.325798E-1	1.874786E+11	9.263898E-1	1.876791E+11	9.316061E-1	2.144843E+11	9.257241E-1	2.145324E+11	8.913021E-5	2.953538E-3	-6.638376E-3	-2.864407E-3	-4.569613E-3	-1.597257E+10	-1.606150E+10	-6.339857E+7	8.892694E+7	-2.036516E+11
5.427650E+2	9.363763E-1	2.727527E+10	9.312360E-1	1.099421E+10	9.380179E-1	2.736884E+10	9.370147E-1	1.104797E+10	9.387379E-1	1.886580E+11	9.358612E-1	1.895057E+11	9.386473E-1	2.160268E+11	9.359256E-1	2.167810E+11	-5.140333E-3	-1.003236E-3	-5.778683E-3	-4.137097E-3	-4.689569E-3	-1.628106E+10	-1.632087E+10	-5.375847E+7	3.981081E+7	-2.057868E+11
5.430120E+2	9.826020E-1	2.854907E+10	9.980115E-1	1.174549E+10	9.878953E-1	2.874328E+10	9.859957E-1	1.159922E+10	9.928080E-1	1.990130E+11	9.855820E-1	1.990950E+11	9.921900E-1	2.277563E+11	9.852094E-1	2.276440E+11	1.540946E-2	-1.899613E-3	1.201581E-2	1.730907E-2	1.280205E-2	-1.680358E+10	-1.714406E+10	1.462743E+8	3.404847E+8	-2.158985E+11
5.432800E+2	1.120048E+0	3.233654E+10	1.132923E+0	1.326336E+10	1.129665E+0	3.264995E+10	1.136229E+0	1.329000E+10	1.125111E+0	2.243505E+11	1.123051E+0	2.256074E+11	1.125684E+0	2.570005E+11	1.122675E+0	2.579439E+11	1.287468E-2	6.563708E-3	-3.306475E-3	6.310973E-3	1.024740E-2	-1.907318E+10	-1.935995E+10	-2.663960E+7	2.867712E+8	-2.446806E+11
5.435270E+2	1.292912E+0	3.710001E+10	1.278095E+0	1.489668E+10	1.293547E+0	3.716595E+10	1.288505E+0	1.500377E+10	1.285210E+0	2.550112E+11	1.282698E+0	2.563974E+11	1.286259E+0	2.921771E+11	1.283975E+0	2.934974E+11	-1.481676E-2	-5.041961E-3	-1.040993E-2	-9.774797E-3	-5.879961E-3	-2.220333E+10	-2.216218E+10	-1.070915E+8	-4.114927E+7	-2.786007E+11
5.437640E+2	1.398004E+0	3.999593E+10	1.377138E+0	1.601100E+10	1.390460E+0	3.983652E+10	1.380448E+0	1.603853E+10	1.384927E+0	2.741082E+11	1.379826E+0	2.751296E+11	1.385623E+0	3.139447E+11	1.382099E+0	3.151255E+11	-2.086607E-2	-1.001175E-2	-3.310151E-3	-1.085432E-2	-4.960820E-3	-2.398493E+10	-2.379798E+10	-2.753377E+7	-1.869522E+8	-2.991145E+11
5.440170E+2	1.443066E+0	4.123767E+10	1.403162E+0	1.630380E+10	1.439151E+0	4.117828E+10	1.425121E+0	1.654130E+10	1.421643E+0	2.811396E+11	1.425642E+0	2.839657E+11	1.423845E+0	3.223179E+11	1.427820E+0	3.252034E+11	-3.990382E-2	-1.403043E-2	-2.195853E-2	-2.587338E-2	-2.465802E-2	-2.493388E+10	-2.463698E+10	-2.375006E+8	-2.968944E+8	-3.088996E+11
5.442750E+2	1.564260E+0	4.457730E+10	1.522853E+0	1.765043E+10	1.544603E+0	4.408415E+10	1.522536E+0	1.763764E+10	1.527451E+0	3.014031E+11	1.533985E+0	3.048609E+11	1.529609E+0	3.454872E+11	1.537770E+0	3.494382E+11	-4.140667E-2	-2.206716E-2	3.174511E-4	-1.933951E-2	-1.491655E-2	-2.692688E+10	-2.644651E+10	1.278380E+7	-4.803698E+8	-3.317878E+11
5.445130E+2	1.567550E+0	4.466795E+10	1.538752E+0	1.782930E+10	1.562428E+0	4.457535E+10	1.542599E+0	1.786344E+10	1.541490E+0	3.040915E+11	1.548783E+0	3.077150E+11	1.544123E+0	3.486669E+11	1.551130E+0	3.523829E+11	-2.879790E-2	-1.982929E-2	-3.847171E-3	-8.968610E-3	-1.237795E-2	-2.683865E+10	-2.671191E+10	-3.414194E+7	-1.267475E+8	-3.345536E+11
5.447660E+2	1.540040E+0	4.390989E+10	1.505443E+0	1.745455E+10	1.537673E+0	4.389318E+10	1.516346E+0	1.756798E+10	1.515073E+0	2.990326E+11	1.522391E+0	3.026249E+11	1.517916E+0	3.429257E+11	1.524597E+0	3.465347E+11	-3.459682E-2	-2.132697E-2	-1.090282E-2	-1.326986E-2	-1.915418E-2	-2.645535E+10	-2.632520E+10	-1.134326E+8	-1.301449E+8	-3.290802E+11
5.450090E+2	1.449931E+0	4.142684E+10	1.438917E+0	1.670607E+10	1.463015E+0	4.183587E+10	1.437034E+0	1.667537E+10	1.435864E+0	2.838631E+11	1.444346E+0	2.875729E+11	1.439280E+0	3.256990E+11	1.445044E+0	3.289998E+11	-1.101414E-2	-2.598101E-2	1.883094E-3	1.496687E-2	-6.127024E-3	-2.472077E+10	-2.516050E+10	3.069724E+7	4.397269E+8	-3.122937E+11
5.452800E+2	1.415129E+0	4.046783E+10	1.383352E+0	1.608092E+10	1.395628E+0	3.997893E+10	1.374945E+0	1.597660E+10	1.386751E+0	2.744575E+11	1.386225E+0	2.763637E+11	1.387868E+0	3.144364E+11	1.389838E+0	3.168315E+11	-3.177648E-2	-2.068273E-2	8.407243E-3	-1.109375E-2	-6.485927E-3	-2.438691E+10	-2.400233E+10	1.043165E+8	-3.845840E+8	-3.007506E+11
5.455180E+2	1.277781E+0	3.668305E+10	1.248926E+0	1.456850E+10	1.275428E+0	3.666664E+10	1.274371E+0	1.484470E+10	1.263052E+0	2.507677E+11	1.268758E+0	2.537089E+11	1.264609E+0	2.874343E+11	1.269886E+0	2.903919E+11	-2.885518E-2	-1.056577E-3	-2.544536E-2	-2.779860E-2	-2.096076E-2	-2.211455E+10	-2.182194E+10	-2.762040E+8	-2.926152E+8	-2.758234E+11
5.457620E+2	1.199067E+0	3.451401E+10	1.183192E+0	1.382893E+10	1.201169E+0	3.462033E+10	1.181795E+0	1.380282E+10	1.189903E+0	2.367588E+11	1.194520E+0	2.393912E+11	1.191320E+0	2.713792E+11	1.195089E+0	2.739052E+11	-1.587548E-2	-1.937340E-2	1.396640E-3	3.497915E-3	-1.189695E-2	-2.068508E+10	-2.081751E+10	2.611549E+7	1.324312E+8	-2.600763E+11
5.460160E+2	1.200024E+0	3.454039E+10	1.199470E+0	1.401208E+10	1.191550E+0	3.435527E+10	1.194950E+0	1.395087E+10	1.199226E+0	2.385442E+11	1.198903E+0	2.402365E+11	1.198260E+0	2.728995E+11	1.199043E+0	2.747769E+11	-5.546457E-4	3.399920E-3	4.519912E-3	-3.954566E-3	4.263262E-4	-2.052831E+10	-2.040440E+10	6.120913E+7	-1.239048E+8	-2.607648E+11
5.467710E+2	1.204197E+0	3.465536E+10	1.193917E+0	1.394961E+10	1.183743E+0	3.414014E+10	1.199545E+0	1.400258E+10	1.185592E+0	2.359333E+11	1.182281E+0	2.370306E+11	1.185360E+0	2.700735E+11	1.185021E+0	2.716860E+11	-1.027939E-2	1.580185E-2	-5.627391E-3	-2.608124E-2	8.896728E-3	-2.070575E+10	-2.013756E+10	-5.297305E+7	-5.681944E+8	-2.577364E+11
5.475230E+2	1.313401E+0	3.766459E+10	1.313593E+0	1.529606E+10	1.306443E+0	3.752131E+10	1.306292E+0	1.520395E+10	1.308724E+0	2.595144E+11	1.306800E+0	2.610456E+11	1.308437E+0	2.970357E+11	1.307625E+0	2.987102E+11	1.924027E-4	-1.510577E-4	7.300988E-3	3.434604E-4	5.968019E-3	-2.236853E+10	-2.231736E+10	9.210989E+7	-5.116821E+7	-2.834141E+11
5.482600E+2	1.405447E+0	4.020103E+10	1.403062E+0	1.630267E+10	1.411791E+0	4.042432E+10	1.396014E+0	1.621371E+10	1.395972E+0	2.762233E+11	1.397586E+0	2.785548E+11	1.397961E+0	3.166476E+11	1.398569E+0	3.187558E+11	-2.384732E-3	-1.577711E-2	7.048391E-3	1.339237E-2	4.493394E-3	-2.389836E+10	-2.421060E+10	8.895464E+7	3.122463E+8	-3.024531E+11
5.490100E+2	1.407628E+0	4.026114E+10	1.394717E+0	1.620878E+10	1.408165E+0	4.032440E+10	1.382969E+0	1.606691E+10	1.391521E+0	2.753710E+11	1.393560E+0	2.777783E+11	1.393615E+0	3.156954E+11	1.395319E+0	3.180395E+11	-1.291133E-2	-2.519526E-2	1.174763E-2	1.228392E-2	-6.017619E-4	-2.405236E+10	-2.425749E+10	1.418708E+8	2.051240E+8	-3.018307E+11
5.497680E+2	1.303005E+0	3.737812E+10	1.294174E+0	1.507758E+10	1.290768E+0	3.708937E+10	1.287171E+0	1.498876E+10	1.290644E+0	2.560518E+11	1.289899E+0	2.577861E+11	1.290659E+0	2.931412E+11	1.291537E+0	2.951642E+11	-8.830565E-3	-3.596569E-3	7.002685E-3	-5.233996E-3	2.636693E-3	-2.230054E+10	-2.210060E+10	8.882048E+7	-1.999353E+8	-2.800866E+11
5.505060E+2	1.317394E+0	3.777464E+10	1.308176E+0	1.523511E+10	1.310572E+0	3.763510E+10	1.291156E+0	1.503361E+10	1.306846E+0	2.591547E+11	1.302348E+0	2.601871E+11	1.307315E+0	2.967898E+11	1.304229E+0	2.979617E+11	-9.218416E-3	-1.941625E-2	1.701964E-2	1.019783E-2	3.946311E-3	-2.253952E+10	-2.260149E+10	2.015062E+8	6.196930E+7	-2.827266E+11
5.512620E+2	1.305641E+0	3.745076E+10	1.302075E+0	1.516647E+10	1.306010E+0	3.750938E+10	1.293761E+0	1.506293E+10	1.300481E+0	2.579358E+11	1.300166E+0	2.597661E+11	1.301177E+0	2.954452E+11	1.300850E+0	2.972169E+11	-3.566043E-3	-1.224893E-2	8.313580E-3	8.682886E-3	1.224548E-3	-2.228429E+10	-2.244646E+10	1.035462E+8	1.621671E+8	-2.820504E+11
5.520150E+2	1.278143E+0	3.669303E+10	1.274698E+0	1.485846E+10	1.281818E+0	3.684275E+10	1.264971E+0	1.473891E+10	1.271646E+0	2.524135E+11	1.272254E+0	2.543830E+11	1.272925E+0	2.892562E+11	1.272990E+0	2.910760E+11	-3.445253E-3	-1.684745E-2	9.726661E-3	1.340220E-2	1.707597E-3	-2.183457E+10	-2.210384E+10	1.195451E+8	2.692657E+8	-2.762176E+11
5.527650E+2	1.261777E+0	3.624204E+10	1.258283E+0	1.467378E+10	1.271137E+0	3.654840E+10	1.254384E+0	1.461976E+10	1.262255E+0	2.506150E+11	1.260696E+0	2.521540E+11	1.263372E+0	2.871634E+11	1.260832E+0	2.883961E+11	-3.493753E-3	-1.675289E-2	3.899005E-3	1.325914E-2	-2.548442E-3	-2.156826E+10	-2.192864E+10	5.401583E+7	3.603786E+8	-2.737223E+11
5.535100E+2	1.218796E+0	3.505765E+10	1.197348E+0	1.398820E+10	1.213139E+0	3.495020E+10	1.195658E+0	1.395884E+10	1.205047E+0	2.396591E+11	1.206039E+0	2.416127E+11	1.206065E+0	2.746093E+11	1.207634E+0	2.766703E+11	-2.144818E-2	-1.748126E-2	1.689690E-3	-3.966917E-3	-1.028605E-2	-2.106945E+10	-2.099136E+10	2.936416E+7	-7.809367E+7	-2.626821E+11
5.542530E+2	1.114064E+0	3.217164E+10	1.103129E+0	1.292815E+10	1.106895E+0	3.202249E+10	1.123974E+0	1.315208E+10	1.112331E+0	2.219030E+11	1.113104E+0	2.236890E+11	1.111647E+0	2.539254E+11	1.113224E+0	2.558607E+11	-1.093522E-2	1.707933E-2	-2.084589E-2	-2.801455E-2	-1.009509E-2	-1.924349E+10	-1.887040E+10	-2.239308E+8	-3.730868E+8	-2.429325E+11
5.550140E+2	9.930395E-1	2.883668E+10	9.911273E-1	1.166804E+10	9.866306E-1	2.870843E+10	9.876650E-1	1.161800E+10	9.909972E-1	1.986662E+11	9.900634E-1	1.999593E+11	9.904480E-1	2.273746E+11	9.904355E-1	2.287959E+11	-1.912199E-3	1.034351E-3	3.462308E-3	-2.946549E-3	6.918030E-4	-1.716864E+10	-1.709042E+10	5.003399E+7	-7.822110E+7	-2.171279E+11
5.557660E+2	9.776029E-1	2.841131E+10	9.912080E-1	1.166895E+10	9.792025E-1	2.850373E+10	9.793653E-1	1.152460E+10	9.764248E-1	1.958754E+11	9.767114E-1	1.973842E+11	9.767742E-1	2.243791E+11	9.768229E-1	2.257955E+11	1.360505E-2	1.627805E-4	1.184273E-2	1.344227E-2	1.438510E-2	-1.674237E+10	-1.697914E+10	1.443502E+8	2.367730E+8	-2.141265E+11
5.560130E+2	9.821231E-1	2.853587E+10	9.777453E-1	1.151748E+10	9.786462E-1	2.848840E+10	9.792912E-1	1.152376E+10	9.804688E-1	1.966499E+11	9.808811E-1	1.981884E+11	9.802396E-1	2.251383E+11	9.810364E-1	2.267242E+11	-4.377791E-3	6.450436E-4	-1.545954E-3	-5.022834E-3	-3.291122E-3	-1.701839E+10	-1.696464E+10	-6.284157E+6	-5.374772E+7	-2.152067E+11
5.565140E+2	9.652569E-1	2.807110E+10	9.691763E-1	1.142107E+10	9.566201E-1	2.788144E+10	9.552212E-1	1.125287E+10	9.633524E-1	1.933719E+11	9.600191E-1	1.941649E+11	9.625056E-1	2.212534E+11	9.606739E-1	2.222360E+11	3.919349E-3	-1.398855E-3	1.395502E-2	5.318204E-3	8.502324E-3	-1.665003E+10	-1.662857E+10	1.681995E+8	-2.145839E+7	-2.108149E+11
5.570440E+2	9.831716E-1	2.856476E+10	9.913234E-1	1.167024E+10	9.903668E-1	2.881138E+10	9.918391E-1	1.166498E+10	9.893514E-1	1.983510E+11	9.870698E-1	1.993819E+11	9.894791E-1	2.271624E+11	9.865825E-1	2.279467E+11	8.151788E-3	1.472334E-3	-5.157347E-4	6.679454E-3	4.740874E-3	-1.689452E+10	-1.714640E+10	5.262907E+6	2.518837E+8	-2.162764E+11
5.575580E+2	9.873568E-1	2.868009E+10	9.741369E-1	1.147688E+10	9.889134E-1	2.877133E+10	9.854374E-1	1.159293E+10	9.881819E-1	1.981270E+11	9.884760E-1	1.996531E+11	9.882739E-1	2.268984E+11	9.883361E-1	2.283332E+11	-1.321993E-2	-3.476021E-3	-1.130050E-2	-9.743913E-3	-1.419921E-2	-1.720321E+10	-1.717840E+10	-1.160529E+8	-2.481049E+7	-2.168563E+11
5.580170E+2	9.747165E-1	2.833177E+10	9.686403E-1	1.141504E+10	9.784548E-1	2.848313E+10	9.701116E-1	1.142045E+10	9.731434E-1	1.952470E+11	9.748796E-1	1.970309E+11	9.738115E-1	2.237301E+11	9.748592E-1	2.253627E+11	-6.076211E-3	-8.343204E-3	-1.471273E-3	2.266993E-3	-6.218915E-3	-1.691673E+10	-1.706268E+10	-5.411877E+6	1.459460E+8	-2.139476E+11
5.585160E+2	1.011628E+0	2.934892E+10	1.011269E+0	1.189465E+10	1.011156E+0	2.938426E+10	1.005189E+0	1.181523E+10	1.010213E+0	2.023463E+11	1.007167E+0	2.032578E+11	1.010332E+0	2.317305E+11	1.007725E+0	2.326068E+11	-3.593269E-4	-5.966846E-3	6.079874E-3	5.607519E-3	3.544462E-3	-1.745427E+10	-1.756903E+10	7.942272E+7	1.147620E+8	-2.207121E+11
5.590100E+2	1.024615E+0	2.970678E+10	1.019280E+0	1.198479E+10	1.032771E+0	2.997988E+10	1.026731E+0	1.205767E+10	1.021351E+0	2.044793E+11	1.028731E+0	2.074168E+11	1.022788E+0	2.344592E+11	1.028216E+0	2.371235E+11	-5.334516E-3	-6.039086E-3	-7.451089E-3	7.045704E-4	-8.936034E-3	-1.772199E+10	-1.792221E+10	-7.288781E+7	2.002126E+8	-2.251388E+11
5.595110E+2	1.019987E+0	2.957925E+10	1.019482E+0	1.198705E+10	1.021850E+0	2.967894E+10	1.026612E+0	1.205633E+10	1.020354E+0	2.042883E+11	1.021958E+0	2.061105E+11	1.020542E+0	2.339673E+11	1.021712E+0	2.356897E+11	-5.053128E-4	4.762702E-3	-7.130882E-3	-5.268015E-3	-2.229946E-3	-1.759220E+10	-1.762261E+10	-6.928478E+7	3.040737E+7	-2.237027E+11
5.600240E+2	1.009624E+0	2.929368E+10	1.007530E+0	1.185259E+10	1.019243E+0	2.960710E+10	1.015982E+0	1.193669E+10	1.012102E+0	2.027080E+11	1.013967E+0	2.045694E+11	1.013000E+0	2.323151E+11	1.013424E+0	2.338631E+11	-2.093236E-3	-3.260999E-3	-8.451310E-3	1.167763E-3	-5.893945E-3	-1.744109E+10	-1.767041E+10	-8.410364E+7	2.293187E+8	-2.220105E+11
5.605040E+2	1.019588E+0	2.956825E+10	1.024490E+0	1.204340E+10	9.970949E-1	2.899679E+10	1.007888E+0	1.184561E+10	1.014320E+0	2.031328E+11	1.009950E+0	2.037946E+11	1.012153E+0	2.321296E+11	1.011155E+0	2.333628E+11	4.902376E-3	1.079345E-2	1.660174E-2	-5.891077E-3	1.333543E-2	-1.752485E+10	-1.715118E+10	1.977936E+8	-3.736699E+8	-2.213194E+11
5.610640E+2	1.004057E+0	2.914028E+10	1.014672E+0	1.193293E+10	1.003531E+0	2.917414E+10	1.014988E+0	1.192550E+10	1.007630E+0	2.018516E+11	1.007783E+0	2.033766E+11	1.007115E+0	2.310258E+11	1.007317E+0	2.325169E+11	1.061502E-2	1.145652E-2	-3.158403E-4	-8.414985E-4	7.354957E-3	-1.720734E+10	-1.724864E+10	7.431061E+6	4.129922E+7	-2.205840E+11
