Photon Energy (eV)	X ref norm	X ref	X pump norm	X pump	Y ref norm	Y ref	Y pump norm	Y pump	X all norm	X all	Y all norm	Y all	X all Y ref norm	X all Y ref	Y all X ref norm	Y all X ref	BC(X hist) norm	BC(Y hist) norm	StS norm	BCSC norm	BCLR norm	BC(X hist)	BC(Y hist)	StS	BCSC	BCLR	
5.300370E+2	-3.310415E-3	1.381144E+9	-5.035037E-3	2.213496E+8	-8.005125E-3	1.299825E+9	-4.225290E-3	2.387629E+8	-5.119876E-3	7.898784E+9	-6.148241E-3	7.828145E+9	-5.482811E-3	9.198609E+9	-5.793462E-3	9.209289E+9	-1.724622E-3	3.779835E-3	-8.097468E-4	-5.504457E-3	7.584251E-4	-1.159794E+9	-1.061062E+9	-1.741327E+7	-9.873232E+7	-8.987940E+9
5.305180E+2	-4.997486E-3	1.334655E+9	-3.484200E-3	2.300614E+8	-5.073680E-3	1.380605E+9	-3.810486E-3	2.410750E+8	-3.403531E-3	8.227483E+9	-3.416525E-3	8.354989E+9	-3.613619E-3	9.608088E+9	-3.614173E-3	9.689644E+9	1.513285E-3	1.263194E-3	3.262857E-4	2.500913E-4	1.299724E-4	-1.104594E+9	-1.139530E+9	-1.101360E+7	3.493661E+7	-9.459582E+9
5.310350E+2	-5.219953E-3	1.328525E+9	-5.576348E-4	2.465012E+8	-3.478674E-4	1.510832E+9	-1.772677E-3	2.524335E+8	-2.097529E-3	8.477597E+9	-1.244621E-3	8.773866E+9	-1.877439E-3	9.988429E+9	-1.741608E-3	1.010239E+10	4.662318E-3	-1.424809E-3	1.215042E-3	6.087127E-3	1.183973E-3	-1.082023E+9	-1.258398E+9	-5.932311E+6	1.763747E+8	-9.855889E+9
5.315130E+2	1.783448E-3	1.521511E+9	-1.469809E-3	2.413771E+8	-3.072635E-3	1.435747E+9	1.031316E-3	2.680627E+8	4.124944E-4	8.958294E+9	-6.220795E-4	8.893930E+9	-2.589883E-5	1.039404E+10	-3.213461E-4	1.041544E+10	-3.253256E-3	4.103951E-3	-2.501125E-3	-7.357208E-3	-1.148462E-3	-1.280134E+9	-1.167684E+9	-2.668558E+7	-1.124500E+8	-1.017406E+10
5.320020E+2	3.529980E-3	1.569639E+9	1.331991E-3	2.571161E+8	7.722065E-3	1.733210E+9	1.974922E-4	2.634150E+8	2.528620E-3	9.363555E+9	3.558176E-3	9.700142E+9	3.181901E-3	1.109677E+10	3.554651E-3	1.126978E+10	-2.197988E-3	-7.524573E-3	1.134499E-3	5.326585E-3	-2.222659E-3	-1.312523E+9	-1.469795E+9	-6.298955E+6	1.572724E+8	-1.101266E+10
5.325170E+2	8.214425E-3	1.698724E+9	9.214690E-3	3.013967E+8	8.777242E-3	1.762287E+9	8.579644E-3	3.101363E+8	7.679822E-3	1.035007E+10	7.873291E-3	1.053236E+10	7.817866E-3	1.211235E+10	7.915938E-3	1.223109E+10	1.000264E-3	-1.975977E-4	6.350451E-4	1.197862E-3	1.298751E-3	-1.397327E+9	-1.452151E+9	-8.739571E+6	5.482348E+7	-1.192969E+10
5.330030E+2	1.708988E-2	1.943297E+9	1.333740E-2	3.245559E+8	1.393623E-2	1.904450E+9	1.674177E-2	3.556312E+8	1.616072E-2	1.197425E+10	1.623449E-2	1.214492E+10	1.588090E-2	1.387870E+10	1.634143E-2	1.408821E+10	-3.752482E-3	2.805543E-3	-3.404374E-3	-6.558025E-3	-3.004029E-3	-1.618741E+9	-1.548819E+9	-3.107535E+7	-6.992219E+7	-1.376366E+10
5.331520E+2	2.500050E-2	2.161283E+9	2.625504E-2	3.971201E+8	1.928978E-2	2.051975E+9	1.605875E-2	3.518241E+8	2.225932E-2	1.314220E+10	1.993664E-2	1.285892E+10	2.188578E-2	1.519418E+10	2.056971E-2	1.502020E+10	1.254541E-3	-3.231026E-3	1.019629E-2	4.485567E-3	5.685328E-3	-1.764163E+9	-1.700151E+9	4.529595E+7	-6.401214E+7	-1.462308E+10
5.333080E+2	3.165027E-2	2.344525E+9	2.524001E-2	3.914182E+8	2.721782E-2	2.270443E+9	2.780480E-2	4.172954E+8	2.751771E-2	1.414924E+10	2.701909E-2	1.422485E+10	2.747999E-2	1.641968E+10	2.759807E-2	1.656938E+10	-6.410258E-3	5.869719E-4	-2.564787E-3	-6.997229E-3	-2.358058E-3	-1.953107E+9	-1.853148E+9	-2.587721E+7	-9.995859E+7	-1.617796E+10
5.334580E+2	4.208184E-2	2.631978E+9	3.658558E-2	4.551514E+8	3.712682E-2	2.543500E+9	2.890489E-2	4.234272E+8	3.518641E-2	1.561788E+10	3.442703E-2	1.565356E+10	3.543049E-2	1.816138E+10	3.538402E-2	1.828554E+10	-5.496256E-3	-8.221933E-3	7.680694E-3	2.725677E-3	1.201565E-3	-2.176827E+9	-2.120073E+9	3.172418E+7	-5.675433E+7	-1.783039E+10
5.336080E+2	5.341493E-2	2.944275E+9	5.042233E-2	5.328786E+8	5.026343E-2	2.905498E+9	4.326459E-2	5.034668E+8	4.546802E-2	1.758692E+10	4.345005E-2	1.739376E+10	4.607123E-2	2.049242E+10	4.469584E-2	2.033803E+10	-2.992606E-3	-6.998836E-3	7.157734E-3	4.006230E-3	5.726488E-3	-2.411396E+9	-2.402031E+9	2.941185E+7	-9.364903E+6	-1.980515E+10
5.337580E+2	6.382706E-2	3.231193E+9	5.435052E-2	5.549451E+8	6.612698E-2	3.342641E+9	5.838552E-2	5.877493E+8	5.709787E-2	1.981417E+10	5.597752E-2	1.980983E+10	5.823364E-2	2.315681E+10	5.695885E-2	2.304102E+10	-9.476540E-3	-7.741468E-3	-4.034993E-3	-1.735072E-3	-2.608329E-3	-2.676247E+9	-2.754891E+9	-3.280423E+7	7.864392E+7	-2.248608E+10
5.339400E+2	8.717969E-2	3.874700E+9	8.410210E-2	7.220731E+8	8.548622E-2	3.876112E+9	8.077956E-2	7.125715E+8	8.428861E-2	2.502149E+10	7.825114E-2	2.410556E+10	8.443925E-2	2.889761E+10	7.936737E-2	2.798026E+10	-3.077587E-3	-4.706661E-3	3.322539E-3	1.629074E-3	4.734733E-3	-3.152627E+9	-3.163541E+9	9.501604E+6	1.091335E+7	-2.725818E+10
5.340740E+2	1.191606E-1	4.755971E+9	1.260791E-1	9.578769E+8	1.266343E-1	5.010005E+9	1.235729E-1	9.510975E+8	1.200966E-1	3.187912E+10	1.155249E-1	3.129424E+10	1.209190E-1	3.688913E+10	1.159795E-1	3.605022E+10	6.918471E-3	-3.061345E-3	2.506192E-3	9.979816E-3	1.009966E-2	-3.798094E+9	-4.058907E+9	6.779468E+6	2.608130E+8	-3.509234E+10
5.342040E+2	2.030473E-1	7.067562E+9	1.812796E-1	1.267963E+9	1.844336E-1	6.602748E+9	1.687126E-1	1.202702E+9	1.865414E-1	4.460402E+10	1.721079E-1	4.220693E+10	1.862762E-1	5.120677E+10	1.759759E-1	4.927449E+10	-2.176767E-2	-1.572098E-2	1.256699E-2	-6.046695E-3	5.303765E-3	-5.799599E+9	-5.400046E+9	6.526132E+7	-3.995527E+8	-4.800653E+10
5.343550E+2	3.486374E-1	1.107946E+10	3.092951E-1	1.987084E+9	3.295860E-1	1.060263E+10	2.903109E-1	1.880479E+9	3.227546E-1	7.069036E+10	3.008617E-1	6.703861E+10	3.236139E-1	8.129299E+10	3.068345E-1	7.811808E+10	-3.934238E-2	-3.927505E-2	1.898412E-2	-6.733309E-5	2.460569E-3	-9.092378E+9	-8.722149E+9	1.066049E+8	-3.702289E+8	-7.613099E+10
5.345110E+2	5.836696E-1	1.755604E+10	5.549633E-1	3.367113E+9	5.761128E-1	1.739602E+10	5.250724E-1	3.189016E+9	5.540927E-1	1.149942E+11	5.288937E-1	1.110173E+11	5.568626E-1	1.323902E+11	5.357417E-1	1.285733E+11	-2.870635E-2	-5.104034E-2	2.989086E-2	2.233400E-2	1.922163E-2	-1.418892E+10	-1.420701E+10	1.780968E+8	1.808363E+7	-1.252062E+11
5.346620E+2	9.525270E-1	2.772032E+10	8.520048E-1	5.035729E+9	9.511531E-1	2.773079E+10	8.484957E-1	4.991745E+9	8.828220E-1	1.779495E+11	8.521869E-1	1.733682E+11	8.914174E-1	2.056803E+11	8.647312E-1	2.010885E+11	-1.005222E-1	-1.026574E-1	3.509112E-3	2.135225E-3	-1.272634E-2	-2.268459E+10	-2.273905E+10	4.398374E+7	5.446224E+7	-1.960527E+11
5.348020E+2	1.338076E+0	3.834455E+10	1.191612E+0	6.943456E+9	1.339533E+0	3.843316E+10	1.170983E+0	6.789256E+9	1.215803E+0	2.417190E+11	1.191938E+0	2.388931E+11	1.231367E+0	2.801522E+11	1.210208E+0	2.772376E+11	-1.464640E-1	-1.685503E-1	2.062930E-2	2.208634E-2	-1.859557E-2	-3.140109E+10	-3.164390E+10	1.541999E+8	2.428045E+8	-2.702942E+11
5.349580E+2	1.813060E+0	5.143325E+10	1.568284E+0	9.059393E+9	1.815812E+0	5.155771E+10	1.573584E+0	9.033313E+9	1.590749E+0	3.135252E+11	1.578693E+0	3.134833E+11	1.619059E+0	3.650829E+11	1.607993E+0	3.649166E+11	-2.447754E-1	-2.422287E-1	-5.299465E-3	-2.546622E-3	-3.970846E-2	-4.237386E+10	-4.252440E+10	2.607960E+7	1.505349E+8	-3.558572E+11
5.351040E+2	2.102617E+0	5.941233E+10	1.762101E+0	1.014815E+10	2.088308E+0	5.906671E+10	1.760757E+0	1.007660E+10	1.828526E+0	3.590621E+11	1.828642E+0	3.616890E+11	1.861203E+0	4.181288E+11	1.862894E+0	4.211013E+11	-3.405158E-1	-3.275507E-1	1.343931E-3	-1.296510E-2	-1.007925E-1	-4.926418E+10	-4.899011E+10	7.154998E+7	-2.740717E+8	-4.109532E+11
5.352550E+2	2.247433E+0	6.340290E+10	1.883768E+0	1.083161E+10	2.236521E+0	6.315094E+10	1.903996E+0	1.087500E+10	1.949689E+0	3.822662E+11	1.958084E+0	3.866533E+11	1.985769E+0	4.454171E+11	1.994257E+0	4.500562E+11	-3.636651E-1	-3.325249E-1	-2.022848E-2	-3.114015E-2	-1.104896E-1	-5.257129E+10	-5.227594E+10	-4.339391E+7	-2.953532E+8	-4.392246E+11
5.354110E+2	2.140882E+0	6.046678E+10	1.805605E+0	1.039253E+10	2.154991E+0	6.090425E+10	1.814947E+0	1.037865E+10	1.855888E+0	3.643023E+11	1.874183E+0	3.704721E+11	1.893512E+0	4.252065E+11	1.907525E+0	4.309388E+11	-3.352775E-1	-3.400435E-1	-9.342279E-3	4.765991E-3	-1.019201E-1	-5.007425E+10	-5.052560E+10	1.388068E+7	4.513495E+8	-4.205463E+11
5.355580E+2	1.926295E+0	5.455359E+10	1.605737E+0	9.269782E+9	1.935088E+0	5.484453E+10	1.628807E+0	9.341123E+9	1.669306E+0	3.285698E+11	1.681225E+0	3.332578E+11	1.702739E+0	3.834143E+11	1.711863E+0	3.878114E+11	-3.205582E-1	-3.062813E-1	-2.307010E-2	-1.427694E-2	-1.061258E-1	-4.528381E+10	-4.550340E+10	-7.134108E+7	2.195978E+8	-3.785416E+11
5.357090E+2	1.726355E+0	4.904403E+10	1.485133E+0	8.592298E+9	1.724223E+0	4.903384E+10	1.478421E+0	8.502889E+9	1.505522E+0	2.972033E+11	1.517281E+0	3.016394E+11	1.533032E+0	3.462371E+11	1.543419E+0	3.506834E+11	-2.412221E-1	-2.458017E-1	6.711956E-3	4.579602E-3	-5.828575E-2	-4.045173E+10	-4.053095E+10	8.940885E+7	7.921951E+7	-3.420911E+11
5.358550E+2	1.436331E+0	4.105208E+10	1.221876E+0	7.113463E+9	1.430995E+0	4.095352E+10	1.251254E+0	7.236679E+9	1.261600E+0	2.504897E+11	1.272330E+0	2.543976E+11	1.282909E+0	2.914432E+11	1.292833E+0	2.954497E+11	-2.144549E-1	-1.797412E-1	-2.937767E-2	-3.471367E-2	-7.095650E-2	-3.393862E+10	-3.371684E+10	-1.232160E+8	-2.217735E+8	-2.883362E+11
5.360120E+2	1.243352E+0	3.573431E+10	1.073355E+0	6.279153E+9	1.226370E+0	3.531478E+10	1.102909E+0	6.409822E+9	1.088288E+0	2.172984E+11	1.088103E+0	2.188673E+11	1.105657E+0	2.526132E+11	1.107512E+0	2.546016E+11	-1.699965E-1	-1.234602E-1	-2.955424E-2	-4.653626E-2	-3.415659E-2	-2.945516E+10	-2.890495E+10	-1.306683E+8	-5.502065E+8	-2.483225E+11
5.362630E+2	9.084827E-1	2.650663E+10	7.858053E-1	4.663857E+9	8.951328E-1	2.618708E+10	7.981128E-1	4.710916E+9	8.042017E-1	1.628928E+11	8.042085E-1	1.641150E+11	8.156399E-1	1.890799E+11	8.172446E-1	1.906216E+11	-1.226774E-1	-9.702003E-2	-1.230750E-2	-2.565740E-2	-3.143927E-2	-2.184277E+10	-2.147616E+10	-4.705949E+7	-3.666101E+8	-1.859577E+11
5.365090E+2	7.172531E-1	2.123708E+10	6.402550E-1	3.846235E+9	7.269882E-1	2.155361E+10	6.493461E-1	3.881705E+9	6.390399E-1	1.312625E+11	6.444619E-1	1.333060E+11	6.501029E-1	1.528161E+11	6.535621E-1	1.545430E+11	-7.699810E-2	-7.764210E-2	-9.091077E-3	6.440014E-4	-1.330707E-2	-1.739085E+10	-1.767191E+10	-3.547018E+7	2.810609E+8	-1.506968E+11
5.368080E+2	5.953403E-1	1.787764E+10	5.106136E-1	3.117981E+9	5.910778E-1	1.780841E+10	5.358210E-1	3.248927E+9	5.288867E-1	1.101669E+11	5.274093E-1	1.107310E+11	5.367097E-1	1.279753E+11	5.359019E-1	1.286086E+11	-8.472667E-2	-5.525675E-2	-2.520735E-2	-2.946992E-2	-2.528821E-2	-1.475966E+10	-1.455948E+10	-1.309466E+8	-2.001772E+8	-1.254906E+11
5.370010E+2	5.549239E-1	1.676392E+10	4.733001E-1	2.908374E+9	5.409171E-1	1.642616E+10	4.711326E-1	2.888361E+9	4.841622E-1	1.016017E+11	4.822736E-1	1.020260E+11	4.913014E-1	1.180279E+11	4.913562E-1	1.187900E+11	-8.162379E-2	-6.978459E-2	2.167505E-3	-1.183921E-2	-1.805613E-2	-1.385554E+10	-1.353780E+10	2.001315E+7	-3.177435E+8	-1.158816E+11
5.372640E+2	5.083398E-1	1.548024E+10	4.456780E-1	2.753208E+9	4.887527E-1	1.498869E+10	4.241054E-1	2.626236E+9	4.494276E-1	9.494964E+10	4.412121E-1	9.410684E+10	4.543743E-1	1.099383E+11	4.496042E-1	1.095871E+11	-6.266179E-2	-6.464736E-2	2.157269E-2	1.985568E-3	-3.926181E-3	-1.272703E+10	-1.236246E+10	1.269728E+8	-3.645740E+8	-1.068339E+11
5.375110E+2	5.439959E-1	1.646278E+10	4.664556E-1	2.869925E+9	5.404757E-1	1.641399E+10	4.816376E-1	2.946914E+9	4.840477E-1	1.015798E+11	4.771529E-1	1.010385E+11	4.911458E-1	1.179938E+11	4.855095E-1	1.175012E+11	-7.754025E-2	-5.883812E-2	-1.518192E-2	-1.870213E-2	-1.905385E-2	-1.359286E+10	-1.346708E+10	-7.698890E+7	-1.257783E+8	-1.146313E+11
5.377630E+2	6.197532E-1	1.855036E+10	5.392250E-1	3.278704E+9	6.272784E-1	1.880597E+10	5.250625E-1	3.188961E+9	5.492545E-1	1.140676E+11	5.464057E-1	1.143947E+11	5.590691E-1	1.328736E+11	5.555754E-1	1.329450E+11	-8.052816E-2	-1.022160E-1	1.416256E-2	2.168780E-2	-1.635041E-2	-1.527166E+10	-1.561701E+10	8.974341E+7	3.453499E+8	-1.296663E+11
5.380160E+2	7.411519E-1	2.189564E+10	6.766600E-1	4.050738E+9	7.662948E-1	2.263676E+10	6.607848E-1	3.945463E+9	6.746682E-1	1.380857E+11	6.736676E-1	1.389386E+11	6.861939E-1	1.607225E+11	6.821043E-1	1.608342E+11	-6.449191E-2	-1.055101E-1	1.587518E-2	4.101815E-2	-5.444336E-3	-1.784490E+10	-1.869130E+10	1.052747E+8	8.463993E+8	-1.567835E+11
5.382690E+2	9.700159E-1	2.820224E+10	8.101609E-1	4.800673E+9	9.420844E-1	2.748089E+10	8.060387E-1	4.755094E+9	8.464531E-1	1.709844E+11	8.342081E-1	1.699007E+11	8.584825E-1	1.984653E+11	8.511865E-1	1.981030E+11	-1.598549E-1	-1.360457E-1	4.122214E-3	-2.380927E-2	-4.102554E-2	-2.340157E+10	-2.272580E+10	4.557880E+7	-6.757698E+8	-1.933023E+11
5.385110E+2	1.188354E+0	3.421879E+10	1.016178E+0	5.957964E+9	1.166800E+0	3.367324E+10	1.007539E+0	5.878236E+9	1.042529E+0	2.085351E+11	1.030258E+0	2.077113E+11	1.058161E+0	2.422083E+11	1.050023E+0	2.419301E+11	-1.721759E-1	-1.592610E-1	8.639304E-3	-1.291499E-2	-3.384501E-2	-2.826083E+10	-2.779501E+10	7.972868E+7	-4.658217E+8	-2.359722E+11
5.387650E+2	1.383515E+0	3.959667E+10	1.183072E+0	6.895481E+9	1.400443E+0	4.011161E+10	1.187682E+0	6.882337E+9	1.218066E+0	2.421524E+11	1.211759E+0	2.427159E+11	1.241007E+0	2.822640E+11	1.233232E+0	2.823126E+11	-2.004431E-1	-2.127605E-1	-4.610464E-3	1.231739E-2	-5.016014E-2	-3.270119E+10	-3.322927E+10	1.314401E+7	5.280827E+8	-2.754171E+11
5.390340E+2	1.478751E+0	4.222102E+10	1.321982E+0	7.675801E+9	1.479315E+0	4.228505E+10	1.330744E+0	7.679750E+9	1.364163E+0	2.701316E+11	1.359304E+0	2.711717E+11	1.378648E+0	3.124167E+11	1.374237E+0	3.133927E+11	-1.567697E-1	-1.485712E-1	-8.762525E-3	-8.198558E-3	-5.225562E-2	-3.454522E+10	-3.460530E+10	-3.949643E+6	6.008751E+7	-3.057169E+11
5.392780E+2	1.712540E+0	4.866334E+10	1.538903E+0	8.894345E+9	1.686667E+0	4.799892E+10	1.552701E+0	8.916914E+9	1.569733E+0	3.095005E+11	1.563611E+0	3.105746E+11	1.584442E+0	3.574994E+11	1.582230E+0	3.592379E+11	-1.736377E-1	-1.339661E-1	-1.379795E-2	-3.967160E-2	-4.332675E-2	-3.976900E+10	-3.908201E+10	-2.256966E+7	-6.869884E+8	-3.503436E+11
5.395160E+2	1.879283E+0	5.325812E+10	1.783286E+0	1.026715E+10	1.881879E+0	5.337828E+10	1.759327E+0	1.006863E+10	1.798692E+0	3.533487E+11	1.799208E+0	3.560123E+11	1.809156E+0	4.067270E+11	1.809219E+0	4.092704E+11	-9.599772E-2	-1.225522E-1	2.395821E-2	2.655443E-2	-2.593307E-2	-4.299097E+10	-4.330965E+10	1.985223E+8	3.186815E+8	-3.990032E+11
5.397910E+2	1.961703E+0	5.552930E+10	1.899517E+0	1.092008E+10	1.970435E+0	5.581855E+10	1.882975E+0	1.075783E+10	1.908042E+0	3.742905E+11	1.914589E+0	3.782649E+11	1.915891E+0	4.301090E+11	1.920479E+0	4.337942E+11	-6.218630E-2	-8.745935E-2	1.654165E-2	2.527306E-2	-2.096242E-2	-4.460922E+10	-4.506071E+10	1.622450E+8	4.514930E+8	-4.228742E+11
5.400350E+2	2.014928E+0	5.699597E+10	1.918098E+0	1.102445E+10	2.009754E+0	5.690204E+10	1.939466E+0	1.107270E+10	1.952350E+0	3.827759E+11	1.960224E+0	3.870662E+11	1.959571E+0	4.396780E+11	1.967063E+0	4.440621E+11	-9.683055E-2	-7.028806E-2	-2.136819E-2	-2.654248E-2	-4.896556E-2	-4.597152E+10	-4.582934E+10	-4.825151E+7	-1.421789E+8	-4.330377E+11
5.402740E+2	1.947413E+0	5.513552E+10	1.856672E+0	1.067940E+10	1.944414E+0	5.510151E+10	1.899107E+0	1.084775E+10	1.899188E+0	3.725947E+11	1.901667E+0	3.757726E+11	1.904877E+0	4.276962E+11	1.907386E+0	4.309082E+11	-9.074090E-2	-4.530644E-2	-4.243515E-2	-4.543445E-2	-5.071344E-2	-4.445612E+10	-4.425376E+10	-1.683517E+8	-2.023647E+8	-4.202288E+11
5.405080E+2	1.762414E+0	5.003767E+10	1.704686E+0	9.825626E+9	1.775001E+0	5.043310E+10	1.725210E+0	9.878463E+9	1.730691E+0	3.403257E+11	1.732951E+0	3.432339E+11	1.736265E+0	3.907588E+11	1.736635E+0	3.932716E+11	-5.772788E-2	-4.979146E-2	-2.052338E-2	-7.936415E-3	-3.194836E-2	-4.021204E+10	-4.055464E+10	-5.283669E+7	3.425967E+8	-3.834460E+11
5.407630E+2	1.621092E+0	4.614336E+10	1.553951E+0	8.978875E+9	1.634167E+0	4.655222E+10	1.590354E+0	9.126792E+9	1.593020E+0	3.139602E+11	1.603720E+0	3.183102E+11	1.598196E+0	3.605124E+11	1.605892E+0	3.644535E+11	-6.714093E-2	-4.381269E-2	-3.640378E-2	-2.332825E-2	-5.194134E-2	-3.716449E+10	-3.742542E+10	-1.479170E+8	2.609371E+8	-3.554747E+11
5.410340E+2	1.687394E+0	4.797040E+10	1.643296E+0	9.480771E+9	1.684193E+0	4.793075E+10	1.674329E+0	9.594859E+9	1.655813E+0	3.259857E+11	1.661650E+0	3.294827E+11	1.659383E+0	3.739165E+11	1.664869E+0	3.774531E+11	-4.409760E-2	-9.863857E-3	-3.103265E-2	-3.423374E-2	-2.157217E-2	-3.848963E+10	-3.833589E+10	-1.140878E+8	-1.537396E+8	-3.679723E+11
5.412640E+2	1.649575E+0	4.692827E+10	1.581813E+0	9.135391E+9	1.638478E+0	4.667100E+10	1.597020E+0	9.163943E+9	1.619061E+0	3.189473E+11	1.619138E+0	3.212837E+11	1.621503E+0	3.656183E+11	1.622943E+0	3.682120E+11	-6.776242E-2	-4.145796E-2	-1.520651E-2	-2.630446E-2	-4.113037E-2	-3.779288E+10	-3.750705E+10	-2.855209E+7	-2.858244E+8	-3.590766E+11
5.415140E+2	1.516455E+0	4.325998E+10	1.482123E+0	8.575385E+9	1.509652E+0	4.312103E+10	1.486360E+0	8.547137E+9	1.486400E+0	2.935412E+11	1.494340E+0	2.972149E+11	1.489324E+0	3.366622E+11	1.497105E+0	3.404749E+11	-3.433208E-2	-2.329214E-2	-4.237334E-3	-1.103994E-2	-1.498221E-2	-3.468459E+10	-3.457389E+10	2.824748E+7	-1.107005E+8	-3.318995E+11
5.417700E+2	1.356387E+0	3.884912E+10	1.349508E+0	7.830430E+9	1.367317E+0	3.919878E+10	1.343373E+0	7.750141E+9	1.345180E+0	2.664960E+11	1.348202E+0	2.690306E+11	1.347964E+0	3.056948E+11	1.349226E+0	3.078797E+11	-6.878427E-3	-2.394398E-2	6.135463E-3	1.706556E-2	2.826884E-4	-3.101869E+10	-3.144863E+10	8.028906E+7	4.299427E+8	-3.000493E+11
5.420160E+2	1.204380E+0	3.466042E+10	1.181594E+0	6.887182E+9	1.206171E+0	3.475817E+10	1.195853E+0	6.927879E+9	1.198626E+0	2.384294E+11	1.200308E+0	2.405075E+11	1.199575E+0	2.731876E+11	1.200817E+0	2.751679E+11	-2.278619E-2	-1.031818E-2	-1.425853E-2	-1.246800E-2	-1.922310E-2	-2.777324E+10	-2.783030E+10	-4.069770E+7	5.705646E+7	-2.682807E+11
5.422670E+2	9.640043E-1	2.803659E+10	9.875036E-1	5.796887E+9	9.705618E-1	2.826563E+10	9.568221E-1	5.595546E+9	9.683967E-1	1.943379E+11	9.683807E-1	1.957775E+11	9.686691E-1	2.226036E+11	9.678336E-1	2.238141E+11	2.349924E-2	-1.373971E-2	3.068147E-2	3.723895E-2	1.966996E-2	-2.223970E+10	-2.267008E+10	2.013408E+8	4.303828E+8	-2.180172E+11
5.425140E+2	9.210654E-1	2.685336E+10	9.544784E-1	5.611369E+9	9.248394E-1	2.700568E+10	9.359180E-1	5.479029E+9	9.325798E-1	1.874786E+11	9.263898E-1	1.876791E+11	9.316061E-1	2.144843E+11	9.257241E-1	2.145324E+11	3.341299E-2	1.107867E-2	1.856035E-2	2.233432E-2	2.875425E-2	-2.124199E+10	-2.152665E+10	1.323406E+8	2.846661E+8	-2.089210E+11
5.427650E+2	9.363763E-1	2.727527E+10	9.311539E-1	5.480345E+9	9.380179E-1	2.736884E+10	9.382800E-1	5.492194E+9	9.387379E-1	1.886580E+11	9.358612E-1	1.895057E+11	9.386473E-1	2.160268E+11	9.359256E-1	2.167810E+11	-5.222393E-3	2.620912E-4	-7.126069E-3	-5.484484E-3	-4.771629E-3	-2.179492E+10	-2.187664E+10	-1.184876E+7	8.172052E+7	-2.113006E+11
5.430120E+2	9.826020E-1	2.854907E+10	9.952120E-1	5.840189E+9	9.878953E-1	2.874328E+10	9.927822E-1	5.795984E+9	9.928080E-1	1.990130E+11	9.855820E-1	1.990950E+11	9.921900E-1	2.277563E+11	9.852094E-1	2.276440E+11	1.260999E-2	4.886908E-3	2.429818E-3	7.723083E-3	1.000258E-2	-2.270888E+10	-2.294729E+10	4.420454E+7	2.384150E+8	-2.218038E+11
5.432800E+2	1.120048E+0	3.233654E+10	1.112216E+0	6.497455E+9	1.129665E+0	3.264995E+10	1.130902E+0	6.565852E+9	1.125111E+0	2.243505E+11	1.123051E+0	2.256074E+11	1.125684E+0	2.570005E+11	1.122675E+0	2.579439E+11	-7.831528E-3	1.237067E-3	-1.868604E-2	-9.068596E-3	-1.045881E-2	-2.583909E+10	-2.608410E+10	-6.839764E+7	2.450131E+8	-2.514465E+11
5.435270E+2	1.292912E+0	3.710001E+10	1.265499E+0	7.358515E+9	1.293547E+0	3.716595E+10	1.274744E+0	7.367614E+9	1.285210E+0	2.550112E+11	1.282698E+0	2.563974E+11	1.286259E+0	2.921771E+11	1.283975E+0	2.934974E+11	-2.741273E-2	-1.880277E-2	-9.245091E-3	-8.609962E-3	-1.847593E-2	-2.974149E+10	-2.979834E+10	-9.099217E+6	5.684297E+7	-2.861389E+11
5.437640E+2	1.398004E+0	3.999593E+10	1.365519E+0	7.920372E+9	1.390460E+0	3.983652E+10	1.386211E+0	7.988919E+9	1.384927E+0	2.741082E+11	1.379826E+0	2.751296E+11	1.385623E+0	3.139447E+11	1.382099E+0	3.151255E+11	-3.248463E-2	-4.248425E-3	-2.069204E-2	-2.823621E-2	-1.657938E-2	-3.207556E+10	-3.184760E+10	-6.854748E+7	-2.279659E+8	-3.072052E+11
5.440170E+2	1.443066E+0	4.123767E+10	1.406046E+0	8.148031E+9	1.439151E+0	4.117828E+10	1.410995E+0	8.127062E+9	1.421643E+0	2.811396E+11	1.425642E+0	2.839657E+11	1.423845E+0	3.223179E+11	1.427820E+0	3.252034E+11	-3.701986E-2	-2.815617E-2	-4.948844E-3	-8.863694E-3	-2.177407E-2	-3.308964E+10	-3.305122E+10	2.096847E+7	-3.842532E+7	-3.170554E+11
5.442750E+2	1.564260E+0	4.457730E+10	1.497025E+0	8.659100E+9	1.544603E+0	4.408415E+10	1.535792E+0	8.822669E+9	1.527451E+0	3.014031E+11	1.533985E+0	3.048609E+11	1.529609E+0	3.454872E+11	1.537770E+0	3.494382E+11	-6.723468E-2	-8.810631E-3	-3.876709E-2	-5.842405E-2	-4.074456E-2	-3.591820E+10	-3.526148E+10	-1.635689E+8	-6.567225E+8	-3.407791E+11
5.445130E+2	1.567550E+0	4.466795E+10	1.521575E+0	8.797006E+9	1.562428E+0	4.457535E+10	1.513462E+0	8.698203E+9	1.541490E+0	3.040915E+11	1.548783E+0	3.077150E+11	1.544123E+0	3.486669E+11	1.551130E+0	3.523829E+11	-4.597466E-2	-4.896578E-2	8.112561E-3	2.991122E-3	-2.955471E-2	-3.587094E+10	-3.587714E+10	9.880272E+7	6.197115E+6	-3.435859E+11
5.447660E+2	1.540040E+0	4.390989E+10	1.502170E+0	8.688003E+9	1.537673E+0	4.389318E+10	1.527686E+0	8.777484E+9	1.515073E+0	2.990326E+11	1.522391E+0	3.026249E+11	1.517916E+0	3.429257E+11	1.524597E+0	3.465347E+11	-3.786944E-2	-9.987050E-3	-2.551535E-2	-2.788239E-2	-2.242680E-2	-3.522189E+10	-3.511570E+10	-8.948101E+7	-1.061934E+8	-3.378467E+11
5.450090E+2	1.449931E+0	4.142684E+10	1.408445E+0	8.161504E+9	1.463015E+0	4.183587E+10	1.447104E+0	8.328326E+9	1.435864E+0	2.838631E+11	1.444346E+0	2.875729E+11	1.439280E+0	3.256990E+11	1.445044E+0	3.289998E+11	-4.148612E-2	-1.591133E-2	-3.865857E-2	-2.557479E-2	-3.659901E-2	-3.326534E+10	-3.350755E+10	-1.668218E+8	2.422079E+8	-3.208383E+11
5.452800E+2	1.415129E+0	4.046783E+10	1.338040E+0	7.766008E+9	1.395628E+0	3.997893E+10	1.387058E+0	7.993640E+9	1.386751E+0	2.744575E+11	1.386225E+0	2.763637E+11	1.387868E+0	3.144364E+11	1.389838E+0	3.168315E+11	-7.708895E-2	-8.569696E-3	-4.901826E-2	-6.851925E-2	-5.179839E-2	-3.270182E+10	-3.198529E+10	-2.276318E+8	-7.165323E+8	-3.090655E+11
5.455180E+2	1.277781E+0	3.668305E+10	1.263483E+0	7.347186E+9	1.275428E+0	3.666664E+10	1.264393E+0	7.309917E+9	1.263052E+0	2.507677E+11	1.268758E+0	2.537089E+11	1.264609E+0	2.874343E+11	1.269886E+0	2.903919E+11	-1.429812E-2	-1.103436E-2	-9.105171E-4	-3.263758E-3	-6.403705E-3	-2.933586E+10	-2.935672E+10	3.726905E+7	2.085791E+7	-2.830447E+11
5.457620E+2	1.199067E+0	3.451401E+10	1.189035E+0	6.928980E+9	1.201169E+0	3.462033E+10	1.173723E+0	6.804531E+9	1.189903E+0	2.367588E+11	1.194520E+0	2.393912E+11	1.191320E+0	2.713792E+11	1.195089E+0	2.739052E+11	-1.003232E-2	-2.744546E-2	1.531187E-2	1.741314E-2	-6.053787E-3	-2.758503E+10	-2.781580E+10	1.244488E+8	2.307645E+8	-2.669762E+11
5.460160E+2	1.200024E+0	3.454039E+10	1.184134E+0	6.901450E+9	1.191550E+0	3.435527E+10	1.200108E+0	6.951599E+9	1.199226E+0	2.385442E+11	1.198903E+0	2.402365E+11	1.198260E+0	2.728995E+11	1.199043E+0	2.747769E+11	-1.589028E-2	8.558338E-3	-1.597414E-2	-2.444862E-2	-1.490931E-2	-2.763894E+10	-2.740367E+10	-5.014975E+7	-2.352637E+8	-2.678754E+11
5.467710E+2	1.204197E+0	3.465536E+10	1.174480E+0	6.847216E+9	1.183743E+0	3.414014E+10	1.163641E+0	6.748334E+9	1.185592E+0	2.359333E+11	1.182281E+0	2.370306E+11	1.185360E+0	2.700735E+11	1.185021E+0	2.716860E+11	-2.971697E-2	-2.010184E-2	1.083872E-2	-9.615133E-3	-1.054085E-2	-2.780814E+10	-2.739180E+10	9.888203E+7	-4.163393E+8	-2.648388E+11
5.475230E+2	1.313401E+0	3.766459E+10	1.297611E+0	7.538899E+9	1.306443E+0	3.752131E+10	1.297662E+0	7.495355E+9	1.308724E+0	2.595144E+11	1.306800E+0	2.610456E+11	1.308437E+0	2.970357E+11	1.307625E+0	2.987102E+11	-1.578983E-2	-8.780853E-3	-5.144684E-5	-7.008975E-3	-1.001421E-2	-3.012569E+10	-3.002596E+10	4.354370E+7	-9.973440E+7	-2.911713E+11
5.482600E+2	1.405447E+0	4.020103E+10	1.384692E+0	8.028070E+9	1.411791E+0	4.042432E+10	1.395883E+0	8.042830E+9	1.395972E+0	2.762233E+11	1.397586E+0	2.785548E+11	1.397961E+0	3.166476E+11	1.398569E+0	3.187558E+11	-2.075523E-2	-1.590726E-2	-1.119195E-2	-4.847963E-3	-1.387710E-2	-3.217296E+10	-3.238149E+10	-1.475997E+7	2.085317E+8	-3.107277E+11
5.490100E+2	1.407628E+0	4.026114E+10	1.372916E+0	7.961925E+9	1.408165E+0	4.032440E+10	1.389612E+0	8.007872E+9	1.391521E+0	2.753710E+11	1.393560E+0	2.777783E+11	1.393615E+0	3.156954E+11	1.395319E+0	3.180395E+11	-3.471194E-2	-1.855302E-2	-1.669521E-2	-1.615891E-2	-2.240237E-2	-3.229922E+10	-3.231653E+10	-4.594743E+7	1.730580E+7	-3.100775E+11
5.497680E+2	1.303005E+0	3.737812E+10	1.267557E+0	7.370074E+9	1.290768E+0	3.708937E+10	1.286356E+0	7.432336E+9	1.290644E+0	2.560518E+11	1.289899E+0	2.577861E+11	1.290659E+0	2.931412E+11	1.291537E+0	2.951642E+11	-3.544749E-2	-4.411868E-3	-1.879894E-2	-3.103562E-2	-2.398023E-2	-3.000805E+10	-2.965703E+10	-6.226179E+7	-3.510176E+8	-2.877941E+11
5.505060E+2	1.317394E+0	3.777464E+10	1.268390E+0	7.374755E+9	1.310572E+0	3.763510E+10	1.274446E+0	7.365948E+9	1.306846E+0	2.591547E+11	1.302348E+0	2.601871E+11	1.307315E+0	2.967898E+11	1.304229E+0	2.979617E+11	-4.900363E-2	-3.612669E-2	-6.055143E-3	-1.287695E-2	-3.583891E-2	-3.039988E+10	-3.026915E+10	8.807142E+6	-1.307297E+8	-2.905870E+11
5.512620E+2	1.305641E+0	3.745076E+10	1.297406E+0	7.537747E+9	1.306010E+0	3.750938E+10	1.307180E+0	7.548404E+9	1.300481E+0	2.579358E+11	1.300166E+0	2.597661E+11	1.301177E+0	2.954452E+11	1.300850E+0	2.972169E+11	-8.234938E-3	1.169683E-3	-9.773928E-3	-9.404621E-3	-3.444346E-3	-2.991301E+10	-2.996098E+10	-1.065738E+7	4.796354E+7	-2.896791E+11
5.520150E+2	1.278143E+0	3.669303E+10	1.243832E+0	7.236800E+9	1.281818E+0	3.684275E+10	1.276676E+0	7.378380E+9	1.271646E+0	2.524135E+11	1.272254E+0	2.543830E+11	1.272925E+0	2.892562E+11	1.272990E+0	2.910760E+11	-3.431074E-2	-5.142496E-3	-3.284378E-2	-2.916824E-2	-2.915789E-2	-2.945623E+10	-2.946437E+10	-1.415796E+8	8.140979E+6	-2.838392E+11
5.527650E+2	1.261777E+0	3.624204E+10	1.257523E+0	7.313707E+9	1.271137E+0	3.654840E+10	1.249225E+0	7.225373E+9	1.262255E+0	2.506150E+11	1.260696E+0	2.521540E+11	1.263372E+0	2.871634E+11	1.260832E+0	2.883961E+11	-4.253981E-3	-2.191153E-2	8.297412E-3	1.765755E-2	-3.308669E-3	-2.892833E+10	-2.932303E+10	8.833358E+7	3.946964E+8	-2.810824E+11
5.535100E+2	1.218796E+0	3.505765E+10	1.193691E+0	6.955134E+9	1.213139E+0	3.495020E+10	1.188892E+0	6.889083E+9	1.205047E+0	2.396591E+11	1.206039E+0	2.416127E+11	1.206065E+0	2.746093E+11	1.207634E+0	2.766703E+11	-2.510495E-2	-2.424686E-2	4.798519E-3	-8.580880E-4	-1.394283E-2	-2.810252E+10	-2.806111E+10	6.605121E+7	-4.140662E+7	-2.697152E+11
5.542530E+2	1.114064E+0	3.217164E+10	1.098631E+0	6.421141E+9	1.106895E+0	3.202249E+10	1.110028E+0	6.449500E+9	1.112331E+0	2.219030E+11	1.113104E+0	2.236890E+11	1.111647E+0	2.539254E+11	1.113224E+0	2.558607E+11	-1.543251E-2	3.132677E-3	-1.139653E-2	-1.856519E-2	-1.459238E-2	-2.575050E+10	-2.557299E+10	-2.835824E+7	-1.775143E+8	-2.494395E+11
5.550140E+2	9.930395E-1	2.883668E+10	9.917044E-1	5.820485E+9	9.866306E-1	2.870843E+10	9.946850E-1	5.806590E+9	9.909972E-1	1.986662E+11	9.900634E-1	1.999593E+11	9.904480E-1	2.273746E+11	9.904355E-1	2.287959E+11	-1.335108E-3	8.054375E-3	-2.980625E-3	-9.389483E-3	1.268893E-3	-2.301620E+10	-2.290184E+10	1.389451E+7	-1.143606E+8	-2.229755E+11
5.557660E+2	9.776029E-1	2.841131E+10	9.645781E-1	5.668104E+9	9.792025E-1	2.850373E+10	9.667263E-1	5.650751E+9	9.764248E-1	1.958754E+11	9.767114E-1	1.973842E+11	9.767742E-1	2.243791E+11	9.768229E-1	2.257955E+11	-1.302490E-2	-1.247615E-2	-2.148280E-3	-5.487470E-4	-1.224484E-2	-2.274321E+10	-2.285298E+10	1.735257E+7	1.097754E+8	-2.201274E+11
5.560130E+2	9.821231E-1	2.853587E+10	9.641884E-1	5.665915E+9	9.786462E-1	2.848840E+10	9.665738E-1	5.649901E+9	9.804688E-1	1.966499E+11	9.808811E-1	1.981884E+11	9.802396E-1	2.251383E+11	9.810364E-1	2.267242E+11	-1.793462E-2	-1.207243E-2	-2.385312E-3	-5.862193E-3	-1.684795E-2	-2.286995E+10	-2.283850E+10	1.601441E+7	-3.144916E+7	-2.210583E+11
5.565140E+2	9.652569E-1	2.807110E+10	9.531761E-1	5.604054E+9	9.566201E-1	2.788144E+10	9.615518E-1	5.621909E+9	9.633524E-1	1.933719E+11	9.600191E-1	1.941649E+11	9.625056E-1	2.212534E+11	9.606739E-1	2.222360E+11	-1.208083E-2	4.931704E-3	-8.375719E-3	-1.701253E-2	-7.497853E-3	-2.246705E+10	-2.225954E+10	-1.785512E+7	-2.075130E+8	-2.166319E+11
5.570440E+2	9.831716E-1	2.856476E+10	9.634158E-1	5.661575E+9	9.903668E-1	2.881138E+10	9.698393E-1	5.668103E+9	9.893514E-1	1.983510E+11	9.870698E-1	1.993819E+11	9.894791E-1	2.271624E+11	9.865825E-1	2.279467E+11	-1.975582E-2	-2.052746E-2	-6.423552E-3	7.716370E-4	-2.316674E-2	-2.290319E+10	-2.314328E+10	-6.527995E+6	2.400928E+8	-2.222851E+11
5.575580E+2	9.873568E-1	2.868009E+10	9.920219E-1	5.822268E+9	9.889134E-1	2.877133E+10	9.891066E-1	5.775496E+9	9.881819E-1	1.981270E+11	9.884760E-1	1.996531E+11	9.882739E-1	2.268984E+11	9.883361E-1	2.283332E+11	4.665062E-3	1.931873E-4	2.915286E-3	4.471875E-3	3.685789E-3	-2.285782E+10	-2.299584E+10	4.677156E+7	1.380140E+8	-2.225109E+11
5.580170E+2	9.747165E-1	2.833177E+10	9.863294E-1	5.790291E+9	9.784548E-1	2.848313E+10	9.810843E-1	5.730781E+9	9.731434E-1	1.952470E+11	9.748796E-1	1.970309E+11	9.738115E-1	2.237301E+11	9.748592E-1	2.253627E+11	1.161287E-2	2.629551E-3	5.245053E-3	8.983319E-3	1.147017E-2	-2.254148E+10	-2.275235E+10	5.950954E+7	2.108674E+8	-2.195724E+11
5.585160E+2	1.011628E+0	2.934892E+10	1.010171E+0	5.924220E+9	1.011156E+0	2.938426E+10	1.016282E+0	5.926970E+9	1.010213E+0	2.023463E+11	1.007167E+0	2.032578E+11	1.010332E+0	2.317305E+11	1.007725E+0	2.326068E+11	-1.457257E-3	5.126022E-3	-6.110923E-3	-6.583278E-3	2.446532E-3	-2.342470E+10	-2.345729E+10	-2.749233E+6	3.259004E+7	-2.266825E+11
5.590100E+2	1.024615E+0	2.970678E+10	1.026378E+0	6.015263E+9	1.032771E+0	2.997988E+10	1.018849E+0	5.941279E+9	1.021351E+0	2.044793E+11	1.028731E+0	2.074168E+11	1.022788E+0	2.344592E+11	1.028216E+0	2.371235E+11	1.763255E-3	-1.392132E-2	7.528913E-3	1.568457E-2	-1.838263E-3	-2.369152E+10	-2.403860E+10	7.398368E+7	3.470841E+8	-2.311083E+11
5.595110E+2	1.019987E+0	2.957925E+10	1.014272E+0	5.947258E+9	1.021850E+0	2.967894E+10	1.020016E+0	5.947780E+9	1.020354E+0	2.042883E+11	1.021958E+0	2.061105E+11	1.020542E+0	2.339673E+11	1.021712E+0	2.356897E+11	-5.714735E-3	-1.834191E-3	-5.743411E-3	-3.880544E-3	-7.439369E-3	-2.363199E+10	-2.373116E+10	-5.221567E+5	9.916999E+7	-2.297425E+11
5.600240E+2	1.009624E+0	2.929368E+10	1.015402E+0	5.953606E+9	1.019243E+0	2.960710E+10	1.017425E+0	5.933340E+9	1.012102E+0	2.027080E+11	1.013967E+0	2.045694E+11	1.013000E+0	2.323151E+11	1.013424E+0	2.338631E+11	5.778702E-3	-1.817830E-3	-2.022540E-3	7.596532E-3	1.977992E-3	-2.334007E+10	-2.367376E+10	2.026682E+7	3.336891E+8	-2.279095E+11
5.605040E+2	1.019588E+0	2.956825E+10	1.016360E+0	5.958986E+9	9.970949E-1	2.899679E+10	1.032632E+0	6.018105E+9	1.014320E+0	2.031328E+11	1.009950E+0	2.037946E+11	1.012153E+0	2.321296E+11	1.011155E+0	2.333628E+11	-3.227867E-3	3.553739E-2	-1.627244E-2	-3.876526E-2	5.205188E-3	-2.360926E+10	-2.297868E+10	-5.911900E+7	-6.305825E+8	-2.274038E+11
5.610640E+2	1.004057E+0	2.914028E+10	1.022473E+0	5.993328E+9	1.003531E+0	2.917414E+10	9.932140E-1	5.798391E+9	1.007630E+0	2.018516E+11	1.007783E+0	2.033766E+11	1.007115E+0	2.310258E+11	1.007317E+0	2.325169E+11	1.841662E-2	-1.031705E-2	2.925933E-2	2.873368E-2	1.515655E-2	-2.314695E+10	-2.337575E+10	1.949368E+8	2.288050E+8	-2.265236E+11
