Photon Energy (eV)	X ref norm	X ref	X pump norm	X pump	Y ref norm	Y ref	Y pump norm	Y pump	X all norm	X all	Y all norm	Y all	X all Y ref norm	X all Y ref	Y all X ref norm	Y all X ref	BC(X hist) norm	BC(Y hist) norm	StS norm	BCSC norm	BCLR norm	BC(X hist)	BC(Y hist)	StS	BCSC	BCLR	
5.300270E+2	-9.650510E-3	9.955925E+8	-1.352705E-2	4.152738E+7	-7.998096E-3	1.020109E+9	-1.292084E-2	4.312458E+7	-8.553669E-3	7.866177E+9	-9.136052E-3	7.798970E+9	-8.488789E-3	8.886286E+9	-9.195966E-3	8.794562E+9	-3.876536E-3	-4.922747E-3	-6.062038E-4	1.046211E-3	-4.331080E-3	-9.540651E+8	-9.769843E+8	-1.597198E+6	2.291915E+7	-8.753035E+9
5.305230E+2	-7.641150E-3	1.047100E+9	-8.666251E-3	4.716609E+7	-7.507048E-3	1.032671E+9	-1.426641E-2	4.157016E+7	-7.396729E-3	8.090033E+9	-6.785257E-3	8.256138E+9	-7.409612E-3	9.122704E+9	-6.884933E-3	9.303237E+9	-1.025101E-3	-6.759366E-3	5.600163E-3	5.734265E-3	-1.781317E-3	-9.999334E+8	-9.911012E+8	5.595933E+6	-8.832204E+6	-9.256071E+9
5.310100E+2	-4.917426E-3	1.116918E+9	-7.432829E-3	4.859691E+7	-7.342566E-3	1.036879E+9	-3.275794E-3	5.426664E+7	-6.297432E-3	8.302735E+9	-5.994716E-3	8.409877E+9	-6.419482E-3	9.339614E+9	-5.869255E-3	9.526795E+9	-2.515403E-3	4.066772E-3	-4.157035E-3	-6.582175E-3	-1.563573E-3	-1.068321E+9	-9.826127E+8	-5.669726E+6	-8.570861E+7	-9.478198E+9
5.315080E+2	-2.700408E-3	1.173748E+9	7.357066E-3	6.575377E+7	-1.377313E-3	1.189489E+9	-9.494272E-3	4.708299E+7	-2.740313E-3	8.990999E+9	-2.267388E-3	9.134744E+9	-2.581142E-3	1.018049E+10	-2.317817E-3	1.030849E+10	1.005747E-2	-8.116959E-3	1.685134E-2	1.817443E-2	9.674882E-3	-1.107994E+9	-1.142406E+9	1.867078E+7	3.441171E+7	-1.024274E+10
5.320020E+2	1.716499E-3	1.286969E+9	-1.072347E-2	4.477964E+7	1.380044E-3	1.260031E+9	4.932021E-4	5.862062E+7	6.356358E-4	9.644209E+9	3.462638E-4	9.643031E+9	7.225674E-4	1.090424E+10	5.058405E-4	1.093000E+10	-1.243997E-2	-8.868420E-4	-1.121667E-2	-1.155313E-2	-1.122931E-2	-1.242190E+9	-1.201410E+9	-1.384098E+7	-4.077921E+7	-1.088522E+10
5.325070E+2	5.389932E-3	1.381132E+9	1.108195E-2	7.007478E+7	5.051151E-3	1.353949E+9	1.464051E-2	7.496374E+7	6.145032E-3	1.071022E+10	5.682144E-3	1.068072E+10	6.017289E-3	1.206417E+10	5.648113E-3	1.206185E+10	5.692018E-3	9.589363E-3	-3.558564E-3	-3.897345E-3	5.433837E-3	-1.311058E+9	-1.278986E+9	-4.888962E+6	-3.207189E+7	-1.199178E+10
5.330180E+2	1.780306E-2	1.699325E+9	2.191058E-2	8.263641E+7	1.779383E-2	1.679947E+9	2.482361E-2	8.672735E+7	1.820747E-2	1.304417E+10	1.815500E-2	1.310636E+10	1.815917E-2	1.472412E+10	1.811402E-2	1.480569E+10	4.107516E-3	7.029779E-3	-2.913028E-3	-2.922263E-3	3.796561E-3	-1.616688E+9	-1.593220E+9	-4.090943E+6	-2.346888E+7	-1.472305E+10
5.331580E+2	1.986460E-2	1.752169E+9	1.022711E-2	6.908313E+7	2.223490E-2	1.793563E+9	2.416814E-2	8.597015E+7	2.221468E-2	1.381952E+10	2.260408E-2	1.397159E+10	2.221704E-2	1.561308E+10	2.228504E-2	1.572376E+10	-9.637494E-3	1.933246E-3	-1.394103E-2	-1.157074E-2	-1.205793E-2	-1.683086E+9	-1.707593E+9	-1.688702E+7	2.450689E+7	-1.565468E+10
5.333130E+2	2.947134E-2	1.998424E+9	3.546197E-2	9.835655E+7	2.861684E-2	1.956834E+9	3.425967E-2	9.762799E+7	3.113794E-2	1.554608E+10	2.923968E-2	1.526204E+10	3.084353E-2	1.750291E+10	2.926666E-2	1.726046E+10	5.990623E-3	5.642830E-3	1.202291E-3	3.477923E-4	6.195303E-3	-1.900068E+9	-1.859206E+9	7.285529E+5	-4.086212E+7	-1.716211E+10
5.334630E+2	3.550365E-2	2.153054E+9	3.530526E-2	9.817476E+7	3.963806E-2	2.238791E+9	3.473299E-2	9.817477E+7	3.991476E-2	1.724429E+10	3.905273E-2	1.717042E+10	3.988244E-2	1.948309E+10	3.863941E-2	1.932347E+10	-1.983939E-4	-4.905072E-3	5.722700E-4	4.706678E-3	-3.334150E-3	-2.054879E+9	-2.140616E+9	-1.018655E+1	8.573703E+7	-1.922530E+10
5.336130E+2	4.834845E-2	2.482311E+9	3.961958E-2	1.031795E+8	5.116532E-2	2.533694E+9	4.413296E-2	1.090337E+8	5.308314E-2	1.979223E+10	5.036982E-2	1.937129E+10	5.285918E-2	2.232593E+10	5.013441E-2	2.185361E+10	-8.728865E-3	-7.032360E-3	-4.513376E-3	-1.696505E-3	-1.051483E-2	-2.379132E+9	-2.424660E+9	-5.854167E+6	4.552857E+7	-2.175043E+10
5.337630E+2	6.975358E-2	3.031001E+9	7.348470E-2	1.424644E+8	7.029107E-2	3.022991E+9	8.260737E-2	1.534798E+8	7.238194E-2	2.352634E+10	6.993821E-2	2.317683E+10	7.213777E-2	2.654933E+10	6.991671E-2	2.620783E+10	3.731119E-3	1.231630E-2	-9.122677E-3	-8.585181E-3	3.567984E-3	-2.888536E+9	-2.869511E+9	-1.101535E+7	-1.902532E+7	-2.606537E+10
5.339140E+2	1.028160E-1	3.878507E+9	1.109081E-1	1.858770E+8	9.963086E-2	3.773594E+9	1.030199E-1	1.770605E+8	1.068380E-1	3.019322E+10	1.015609E-1	2.932662E+10	1.059964E-1	3.396682E+10	1.017071E-1	3.320513E+10	8.092098E-3	3.389052E-3	7.888146E-3	4.703046E-3	9.200967E-3	-3.692630E+9	-3.596534E+9	8.816438E+6	-9.609604E+7	-3.301925E+10
5.340590E+2	1.518744E-1	5.136049E+9	1.536827E-1	2.354973E+8	1.592326E-1	5.298392E+9	1.605692E-1	2.435421E+8	1.668252E-1	4.180009E+10	1.582682E-1	4.035469E+10	1.659385E-1	4.709848E+10	1.575236E-1	4.549074E+10	1.808282E-3	1.336643E-3	-6.886490E-3	4.716388E-4	-3.840879E-3	-4.900552E+9	-5.054850E+9	-8.044821E+6	1.542982E+8	-4.525525E+10
5.342090E+2	2.506626E-1	7.668339E+9	2.839159E-1	3.865728E+8	2.565337E-1	7.787659E+9	2.660028E-1	3.653400E+8	2.725226E-1	6.225140E+10	2.570453E-1	5.956424E+10	2.706554E-1	7.003905E+10	2.563020E-1	6.723257E+10	3.325333E-2	9.469130E-3	1.791309E-2	2.378420E-2	2.761392E-2	-7.281766E+9	-7.422319E+9	2.123278E+7	1.405528E+8	-6.684600E+10
5.343600E+2	4.648831E-1	1.315957E+10	5.120892E-1	6.512627E+8	4.659584E-1	1.314540E+10	4.299418E-1	5.547240E+8	4.896460E-1	1.042624E+11	4.637784E-1	9.976838E+10	4.868797E-1	1.174078E+11	4.639071E-1	1.129280E+11	4.720606E-2	-3.601665E-2	8.214739E-2	8.322271E-2	4.818210E-2	-1.250831E+10	-1.259067E+10	9.653872E+7	8.236707E+7	-1.122767E+11
5.345110E+2	7.765387E-1	2.114841E+10	7.807347E-1	9.629020E+8	7.851224E-1	2.131061E+10	8.425857E-1	1.031414E+9	8.076716E-1	1.657970E+11	7.841911E-1	1.620802E+11	8.050383E-1	1.871076E+11	7.832999E-1	1.832286E+11	4.195946E-3	5.746325E-2	-6.185101E-2	-5.326731E-2	-2.565220E-3	-2.018551E+10	-2.027920E+10	-6.851246E+7	9.369160E+7	-1.822657E+11
5.346620E+2	1.156597E+0	3.089064E+10	1.214308E+0	1.465864E+9	1.147323E+0	3.057683E+10	1.141251E+0	1.376436E+9	1.173426E+0	2.365665E+11	1.147558E+0	2.327456E+11	1.170378E+0	2.671433E+11	1.148611E+0	2.636362E+11	5.771128E-2	-6.071768E-3	7.305696E-2	6.378305E-2	6.569688E-2	-2.942477E+10	-2.920039E+10	8.942825E+7	-2.243820E+8	-2.621704E+11
5.348120E+2	1.502646E+0	3.976111E+10	1.466905E+0	1.758887E+9	1.501906E+0	3.964817E+10	1.435971E+0	1.716900E+9	1.497639E+0	2.992982E+11	1.483106E+0	2.980008E+11	1.498137E+0	3.389464E+11	1.485382E+0	3.377619E+11	-3.574078E-2	-6.593445E-2	3.093382E-2	3.019367E-2	-1.847654E-2	-3.800222E+10	-3.793127E+10	4.198692E+7	-7.094923E+7	-3.360030E+11
5.349580E+2	1.785752E+0	4.701813E+10	1.837423E+0	2.188701E+9	1.789179E+0	4.699752E+10	1.804654E+0	2.142805E+9	1.769359E+0	3.518731E+11	1.760990E+0	3.520418E+11	1.771674E+0	3.988707E+11	1.763874E+0	3.990600E+11	5.167054E-2	1.547459E-2	3.276913E-2	3.619595E-2	7.354919E-2	-4.482942E+10	-4.485472E+10	4.589626E+7	2.529119E+7	-3.968713E+11
5.351040E+2	1.964845E+0	5.160890E+10	1.955760E+0	2.325977E+9	1.968406E+0	5.158269E+10	1.968446E+0	2.332020E+9	1.915520E+0	3.801537E+11	1.931302E+0	3.851631E+11	1.921696E+0	4.317364E+11	1.935208E+0	4.367720E+11	-9.084591E-3	4.063830E-5	-1.268599E-2	-9.125229E-3	2.055179E-2	-4.928292E+10	-4.925067E+10	-6.042536E+6	-3.224997E+7	-4.344460E+11
5.352600E+2	1.962577E+0	5.155077E+10	1.908090E+0	2.270678E+9	1.957369E+0	5.130035E+10	1.882620E+0	2.232873E+9	1.907824E+0	3.786645E+11	1.921575E+0	3.832715E+11	1.913610E+0	4.299649E+11	1.926350E+0	4.348222E+11	-5.448713E-2	-7.474941E-2	2.546996E-2	2.026229E-2	-1.826031E-2	-4.928009E+10	-4.906748E+10	3.780541E+7	-2.126116E+8	-4.325515E+11
5.354110E+2	1.764520E+0	4.647386E+10	1.778293E+0	2.120109E+9	1.761365E+0	4.628595E+10	1.757291E+0	2.088092E+9	1.721236E+0	3.425617E+11	1.736667E+0	3.473117E+11	1.725922E+0	3.888477E+11	1.739911E+0	3.937856E+11	1.377337E-2	-4.073556E-3	2.100164E-2	1.784693E-2	3.838230E-2	-4.435375E+10	-4.419786E+10	3.201680E+7	-1.558939E+8	-3.916655E+11
5.355630E+2	1.533219E+0	4.054481E+10	1.446192E+0	1.734858E+9	1.527100E+0	4.029271E+10	1.533050E+0	1.829046E+9	1.501590E+0	3.000626E+11	1.510150E+0	3.032601E+11	1.504569E+0	3.403553E+11	1.512837E+0	3.438049E+11	-8.702758E-2	5.950196E-3	-8.685831E-2	-9.297778E-2	-6.664486E-2	-3.880995E+10	-3.846367E+10	-9.418778E+7	-3.462852E+8	-3.420701E+11
5.357140E+2	1.261138E+0	3.357039E+10	1.263599E+0	1.523043E+9	1.257729E+0	3.340136E+10	1.253685E+0	1.506321E+9	1.239829E+0	2.494148E+11	1.246636E+0	2.520136E+11	1.241920E+0	2.828162E+11	1.248325E+0	2.855840E+11	2.460976E-3	-4.043443E-3	9.913323E-3	6.504418E-3	1.527344E-2	-3.204735E+10	-3.189504E+10	1.672209E+7	-1.523134E+8	-2.840610E+11
5.358600E+2	1.101565E+0	2.947997E+10	1.075403E+0	1.304729E+9	1.095081E+0	2.924032E+10	1.146971E+0	1.383044E+9	1.087800E+0	2.199988E+11	1.091792E+0	2.219005E+11	1.088650E+0	2.492391E+11	1.092930E+0	2.513805E+11	-2.616152E-2	5.189033E-2	-7.156824E-2	-7.805184E-2	-1.752701E-2	-2.817524E+10	-2.785728E+10	-7.831501E+7	-3.179659E+8	-2.500757E+11
5.360070E+2	9.518207E-1	2.564151E+10	9.321873E-1	1.138593E+9	9.524203E-1	2.559062E+10	9.511973E-1	1.156884E+9	9.463964E-1	1.926387E+11	9.458420E-1	1.935171E+11	9.470998E-1	2.182293E+11	9.465382E-1	2.191586E+11	-1.963341E-2	-1.223027E-3	-1.901001E-2	-1.841038E-2	-1.435097E-2	-2.450291E+10	-2.443373E+10	-1.829077E+7	-6.918106E+7	-2.180200E+11
5.362630E+2	7.132776E-1	1.952680E+10	7.214807E-1	8.941651E+8	7.194332E-1	1.963008E+10	7.264282E-1	8.972282E+8	7.216444E-1	1.491516E+11	7.264568E-1	1.508524E+11	7.213862E-1	1.687817E+11	7.249219E-1	1.703792E+11	8.203083E-3	6.995008E-3	-4.947534E-3	1.208074E-3	-3.441261E-3	-1.863264E+10	-1.873285E+10	-3.063119E+6	1.002122E+8	-1.694850E+11
5.365140E+2	5.820788E-1	1.616371E+10	5.654587E-1	7.131735E+8	5.745874E-1	1.592447E+10	5.804221E-1	7.285604E+8	5.806029E-1	1.218616E+11	5.808737E-1	1.225403E+11	5.799004E-1	1.377861E+11	5.810141E-1	1.387041E+11	-1.662007E-2	5.834647E-3	-1.496339E-2	-2.245472E-2	-1.555538E-2	-1.545054E+10	-1.519591E+10	-1.538694E+7	-2.546285E+8	-1.379909E+11
5.367870E+2	5.037015E-1	1.415462E+10	5.242110E-1	6.653245E+8	5.061019E-1	1.417239E+10	5.156839E-1	6.537742E+8	5.161201E-1	1.093849E+11	5.104269E-1	1.088403E+11	5.149502E-1	1.235573E+11	5.096437E-1	1.229949E+11	2.050949E-2	9.581971E-3	8.527082E-3	1.092752E-2	1.456726E-2	-1.348930E+10	-1.351862E+10	1.155031E+7	2.932239E+7	-1.223296E+11
5.370120E+2	4.952631E-1	1.393832E+10	5.461317E-1	6.907534E+8	4.801560E-1	1.350862E+10	5.063190E-1	6.429558E+8	5.000647E-1	1.062783E+11	4.921865E-1	1.052930E+11	4.977398E-1	1.197870E+11	4.925448E-1	1.192313E+11	5.086867E-2	2.616298E-2	3.981272E-2	2.470570E-2	5.358691E-2	-1.324756E+10	-1.286566E+10	4.779765E+7	-3.819003E+8	-1.185406E+11
5.372900E+2	5.163993E-1	1.448011E+10	5.379739E-1	6.812900E+8	5.204439E-1	1.453931E+10	5.261448E-1	6.658587E+8	5.303731E-1	1.121427E+11	5.262286E-1	1.119133E+11	5.292136E-1	1.266820E+11	5.250839E-1	1.263934E+11	2.157453E-2	5.700899E-3	1.182912E-2	1.587363E-2	1.289000E-2	-1.379882E+10	-1.387345E+10	1.543132E+7	7.462398E+7	-1.257121E+11
5.375160E+2	6.146177E-1	1.699780E+10	6.232762E-1	7.802440E+8	6.136888E-1	1.692480E+10	6.265138E-1	7.818060E+8	6.214442E-1	1.297640E+11	6.199739E-1	1.301443E+11	6.205385E-1	1.466888E+11	6.193501E-1	1.471421E+11	8.658542E-3	1.282494E-2	-3.237562E-3	-4.166395E-3	3.926105E-3	-1.621755E+10	-1.614300E+10	-1.561954E+6	-7.455484E+7	-1.463618E+11
5.377790E+2	6.698289E-1	1.841306E+10	6.734097E-1	8.384009E+8	6.788091E-1	1.859079E+10	6.957396E-1	8.617763E+8	6.805471E-1	1.411997E+11	6.819338E-1	1.421939E+11	6.803441E-1	1.597905E+11	6.805241E-1	1.606069E+11	3.580818E-3	1.693043E-2	-2.232983E-2	-1.334961E-2	-7.114323E-3	-1.757466E+10	-1.772901E+10	-2.337546E+7	1.543528E+8	-1.597685E+11
5.380160E+2	7.790534E-1	2.121287E+10	7.998571E-1	9.850848E+8	7.754900E-1	2.106419E+10	8.038334E-1	9.866475E+8	7.925560E-1	1.628722E+11	7.852161E-1	1.622795E+11	7.905630E-1	1.839364E+11	7.844984E-1	1.834924E+11	2.080372E-2	2.834338E-2	-3.976278E-3	-7.539663E-3	1.535876E-2	-2.022778E+10	-2.007754E+10	-1.562647E+6	-1.502457E+8	-1.825073E+11
5.382900E+2	9.811813E-1	2.639412E+10	1.015240E+0	1.234938E+9	9.892691E-1	2.653332E+10	1.011827E+0	1.226923E+9	9.863117E-1	2.003619E+11	9.831577E-1	2.007740E+11	9.866571E-1	2.268952E+11	9.829276E-1	2.271681E+11	3.405892E-2	2.255767E-2	3.413499E-3	1.150125E-2	3.231269E-2	-2.515919E+10	-2.530640E+10	8.014148E+6	1.472131E+8	-2.259332E+11
5.385110E+2	1.157030E+0	3.090175E+10	1.166273E+0	1.410142E+9	1.156998E+0	3.082434E+10	1.189491E+0	1.432163E+9	1.160999E+0	2.341620E+11	1.154513E+0	2.340981E+11	1.160532E+0	2.649863E+11	1.154806E+0	2.649999E+11	9.243181E-3	3.249359E-2	-2.321808E-2	-2.325041E-2	1.146687E-2	-2.949160E+10	-2.939218E+10	-2.202162E+7	-9.942508E+7	-2.635897E+11
5.387700E+2	1.383644E+0	3.671066E+10	1.335985E+0	1.607015E+9	1.386057E+0	3.668440E+10	1.365566E+0	1.635567E+9	1.385905E+0	2.776788E+11	1.381206E+0	2.781839E+11	1.385922E+0	3.143632E+11	1.381490E+0	3.148946E+11	-4.765833E-2	-2.049101E-2	-2.958084E-2	-2.716732E-2	-4.550462E-2	-3.510365E+10	-3.504884E+10	-2.855243E+7	-5.480837E+7	-3.132876E+11
5.390240E+2	1.584672E+0	4.186372E+10	1.571872E+0	1.880652E+9	1.595433E+0	4.204088E+10	1.596137E+0	1.901925E+9	1.579426E+0	3.151230E+11	1.576668E+0	3.161962E+11	1.581295E+0	3.571639E+11	1.577600E+0	3.580599E+11	-1.279955E-2	7.048435E-4	-2.426530E-2	-1.350439E-2	-5.728178E-3	-3.998307E+10	-4.013896E+10	-2.127281E+7	1.558888E+8	-3.561792E+11
5.392880E+2	1.793342E+0	4.721269E+10	1.759189E+0	2.097947E+9	1.784267E+0	4.687185E+10	1.794320E+0	2.130867E+9	1.760649E+0	3.501879E+11	1.762896E+0	3.524126E+11	1.763407E+0	3.970597E+11	1.766442E+0	3.996253E+11	-3.415372E-2	1.005282E-2	-3.513106E-2	-4.420654E-2	-7.253264E-3	-4.511474E+10	-4.474098E+10	-3.292052E+7	-3.737562E+8	-3.975273E+11
5.395210E+2	1.877468E+0	4.936912E+10	1.913170E+0	2.276571E+9	1.873931E+0	4.916574E+10	1.920446E+0	2.276569E+9	1.842090E+0	3.659457E+11	1.843855E+0	3.681570E+11	1.845808E+0	4.151115E+11	1.847770E+0	4.175261E+11	3.570181E-2	4.651475E-2	-7.276116E-3	-1.081293E-2	6.539998E-2	-4.709255E+10	-4.688917E+10	1.345120E+3	-2.033792E+8	-4.152495E+11
5.397750E+2	1.910631E+0	5.021921E+10	1.903119E+0	2.264912E+9	1.918538E+0	5.030693E+10	1.906517E+0	2.260479E+9	1.875183E+0	3.723489E+11	1.882427E+0	3.756582E+11	1.880246E+0	4.226558E+11	1.885712E+0	4.258774E+11	-7.511903E-3	-1.202095E-2	-3.398150E-3	4.509049E-3	1.740767E-2	-4.795430E+10	-4.804646E+10	4.432679E+6	9.215388E+7	-4.236125E+11
5.400190E+2	1.907379E+0	5.013584E+10	1.840883E+0	2.192715E+9	1.918108E+0	5.029591E+10	1.942050E+0	2.301527E+9	1.873389E+0	3.720017E+11	1.884444E+0	3.760504E+11	1.878611E+0	4.222976E+11	1.887115E+0	4.261862E+11	-6.649589E-2	2.394286E-2	-1.011677E-1	-9.043875E-2	-4.623199E-2	-4.794313E+10	-4.799439E+10	-1.088122E+8	5.126127E+7	-4.239935E+11
5.402630E+2	1.809172E+0	4.761847E+10	1.797737E+0	2.142665E+9	1.808524E+0	4.749242E+10	1.778744E+0	2.112874E+9	1.777587E+0	3.534650E+11	1.772568E+0	3.542935E+11	1.781199E+0	4.009575E+11	1.776831E+0	4.019120E+11	-1.143502E-2	-2.977980E-2	1.899341E-2	1.834478E-2	2.090645E-2	-4.547580E+10	-4.537955E+10	2.979077E+7	-9.625788E+7	-3.997693E+11
5.405240E+2	1.717064E+0	4.525739E+10	1.683974E+0	2.010695E+9	1.704781E+0	4.483836E+10	1.695505E+0	2.016716E+9	1.680327E+0	3.346463E+11	1.684459E+0	3.371586E+11	1.683182E+0	3.794846E+11	1.688256E+0	3.824160E+11	-3.308976E-2	-9.275829E-3	-1.153146E-2	-2.381393E-2	-4.282185E-3	-4.324670E+10	-4.282164E+10	-6.021215E+6	-4.250561E+8	-3.804053E+11
5.407630E+2	1.671593E+0	4.409183E+10	1.654120E+0	1.976064E+9	1.672055E+0	4.400112E+10	1.648724E+0	1.962674E+9	1.648981E+0	3.285812E+11	1.654100E+0	3.312546E+11	1.651676E+0	3.725824E+11	1.656137E+0	3.753464E+11	-1.747277E-2	-2.333081E-2	5.396197E-3	5.858047E-3	-2.016641E-3	-4.211576E+10	-4.203845E+10	1.338963E+7	-7.731324E+7	-3.733703E+11
5.410240E+2	1.634459E+0	4.313995E+10	1.622579E+0	1.939474E+9	1.639215E+0	4.316097E+10	1.628641E+0	1.939473E+9	1.618954E+0	3.227713E+11	1.627071E+0	3.259981E+11	1.621320E+0	3.659322E+11	1.627931E+0	3.691380E+11	-1.188004E-2	-1.057445E-2	-6.061608E-3	-1.305592E-3	-5.352040E-3	-4.120047E+10	-4.122150E+10	1.143968E+3	2.102862E+7	-3.671986E+11
5.412530E+2	1.574476E+0	4.160238E+10	1.535576E+0	1.838548E+9	1.573309E+0	4.147489E+10	1.568660E+0	1.870183E+9	1.553007E+0	3.100113E+11	1.561960E+0	3.133357E+11	1.555378E+0	3.514862E+11	1.563417E+0	3.549381E+11	-3.890002E-2	-4.648577E-3	-3.308387E-2	-3.425144E-2	-2.784102E-2	-3.976383E+10	-3.960470E+10	-3.163537E+7	-1.591278E+8	-3.530996E+11
5.415190E+2	1.433661E+0	3.799277E+10	1.464199E+0	1.755748E+9	1.440935E+0	3.808834E+10	1.463782E+0	1.749026E+9	1.422708E+0	2.847999E+11	1.428538E+0	2.873886E+11	1.424837E+0	3.228883E+11	1.429134E+0	3.253814E+11	3.053891E-2	2.284705E-2	4.178119E-4	7.691858E-3	3.506530E-2	-3.623702E+10	-3.633931E+10	6.721448E+6	1.022914E+8	-3.236257E+11
5.417650E+2	1.294079E+0	3.441479E+10	1.316217E+0	1.584082E+9	1.284824E+0	3.409453E+10	1.258049E+0	1.511362E+9	1.283656E+0	2.578948E+11	1.283869E+0	2.592545E+11	1.283793E+0	2.919894E+11	1.285058E+0	2.936692E+11	2.213804E-2	-2.677430E-2	5.816744E-2	4.891234E-2	3.115855E-2	-3.283071E+10	-3.258317E+10	7.271983E+7	-2.475404E+8	-2.920852E+11
5.420320E+2	1.078905E+0	2.889912E+10	1.106593E+0	1.340910E+9	1.082301E+0	2.891336E+10	1.070653E+0	1.294880E+9	1.084430E+0	2.193466E+11	1.083635E+0	2.203142E+11	1.084181E+0	2.482600E+11	1.083084E+0	2.492133E+11	2.768790E-2	-1.164787E-2	3.593985E-2	3.933576E-2	2.350872E-2	-2.755821E+10	-2.761848E+10	4.603005E+7	6.027045E+7	-2.478724E+11
5.422670E+2	9.870308E-1	2.654407E+10	1.048306E+0	1.273295E+9	9.892834E-1	2.653369E+10	9.745851E-1	1.183902E+9	9.891008E-1	2.009015E+11	9.866961E-1	2.014621E+11	9.891221E-1	2.274352E+11	9.867351E-1	2.280062E+11	6.127495E-2	-1.469830E-2	7.372067E-2	7.597324E-2	6.157072E-2	-2.527077E+10	-2.534979E+10	8.939338E+7	7.901545E+7	-2.267329E+11
5.425460E+2	9.233690E-1	2.491219E+10	9.457674E-1	1.154346E+9	9.185044E-1	2.472294E+10	8.955510E-1	1.092601E+9	9.220648E-1	1.879308E+11	9.208694E-1	1.886605E+11	9.216490E-1	2.126537E+11	9.211605E-1	2.135727E+11	2.239848E-2	-2.295338E-2	5.021646E-2	4.535185E-2	2.460693E-2	-2.375784E+10	-2.363034E+10	6.174593E+7	-1.275022E+8	-2.124184E+11
5.427550E+2	8.936301E-1	2.414988E+10	8.941269E-1	1.094441E+9	9.047973E-1	2.437227E+10	8.638454E-1	1.055974E+9	9.084012E-1	1.852871E+11	9.047667E-1	1.855290E+11	9.079804E-1	2.096593E+11	9.034697E-1	2.096789E+11	4.968301E-4	-4.095187E-2	3.028155E-2	4.144870E-2	-9.342782E-3	-2.305543E+10	-2.331629E+10	3.846756E+7	2.608613E+8	-2.085844E+11
5.430120E+2	9.939587E-1	2.672165E+10	1.043572E+0	1.267803E+9	1.003696E+0	2.690242E+10	1.012189E+0	1.227342E+9	1.003668E+0	2.037201E+11	9.978302E-1	2.036274E+11	1.003671E+0	2.306226E+11	9.973793E-1	2.303490E+11	4.961283E-2	8.492205E-3	3.138290E-2	4.112063E-2	4.619222E-2	-2.545385E+10	-2.567508E+10	4.046149E+7	2.212280E+8	-2.290812E+11
5.432960E+2	1.201146E+0	3.203260E+10	1.214375E+0	1.465942E+9	1.208225E+0	3.213489E+10	1.210177E+0	1.456059E+9	1.209212E+0	2.434907E+11	1.201630E+0	2.432612E+11	1.209097E+0	2.756255E+11	1.201574E+0	2.752938E+11	1.322940E-2	1.952049E-3	4.198686E-3	1.127735E-2	1.280148E-2	-3.056666E+10	-3.067883E+10	9.882794E+6	1.121766E+8	-2.738278E+11
5.435270E+2	1.328094E+0	3.528673E+10	1.262749E+0	1.522057E+9	1.339132E+0	3.548391E+10	1.392445E+0	1.666618E+9	1.320703E+0	2.650630E+11	1.319855E+0	2.662527E+11	1.322855E+0	3.005469E+11	1.320814E+0	3.015394E+11	-6.534568E-2	5.331326E-2	-1.296964E-1	-1.186589E-1	-5.806550E-2	-3.376468E+10	-3.381729E+10	-1.445606E+8	5.261198E+7	-3.000173E+11
5.437640E+2	1.480906E+0	3.920384E+10	1.510557E+0	1.809524E+9	1.486433E+0	3.925233E+10	1.559315E+0	1.859387E+9	1.468459E+0	2.936522E+11	1.472505E+0	2.959391E+11	1.470558E+0	3.329045E+11	1.473483E+0	3.351430E+11	2.965022E-2	7.288198E-2	-4.875829E-2	-4.323175E-2	3.707329E-2	-3.739432E+10	-3.739294E+10	-4.986344E+7	-1.382242E+6	-3.333334E+11
5.440170E+2	1.525561E+0	4.034850E+10	1.496684E+0	1.793432E+9	1.515125E+0	3.998635E+10	1.499610E+0	1.790416E+9	1.505355E+0	3.007912E+11	1.500156E+0	3.013166E+11	1.506496E+0	3.407776E+11	1.503115E+0	3.416651E+11	-2.887652E-2	-1.551452E-2	-2.925689E-3	-1.336201E-2	-6.430665E-3	-3.855507E+10	-3.819594E+10	3.015865E+6	-3.591339E+8	-3.398717E+11
5.442700E+2	1.491423E+0	3.947343E+10	1.530675E+0	1.832863E+9	1.491852E+0	3.939096E+10	1.474795E+0	1.761749E+9	1.477492E+0	2.954000E+11	1.475696E+0	2.965597E+11	1.479169E+0	3.347910E+11	1.477528E+0	3.360332E+11	3.925237E-2	-1.705709E-2	5.588066E-2	5.630945E-2	5.314769E-2	-3.764056E+10	-3.762921E+10	7.111370E+7	-1.135164E+7	-3.342003E+11
5.445340E+2	1.521309E+0	4.023950E+10	1.483420E+0	1.778045E+9	1.522391E+0	4.017225E+10	1.486256E+0	1.774990E+9	1.496724E+0	2.991212E+11	1.504549E+0	3.021709E+11	1.499722E+0	3.392935E+11	1.506501E+0	3.424104E+11	-3.788832E-2	-3.613475E-2	-2.836234E-3	-1.753567E-3	-2.308097E-2	-3.846145E+10	-3.839726E+10	3.055154E+6	-6.418856E+7	-3.406324E+11
5.447560E+2	1.471405E+0	3.896030E+10	1.422020E+0	1.706818E+9	1.485570E+0	3.923026E+10	1.442412E+0	1.724340E+9	1.453344E+0	2.907276E+11	1.463893E+0	2.942643E+11	1.457107E+0	3.299578E+11	1.464768E+0	3.332246E+11	-4.938516E-2	-4.315816E-2	-2.039179E-2	-6.227003E-3	-4.274732E-2	-3.725349E+10	-3.750592E+10	-1.752169E+7	2.524320E+8	-3.315178E+11
5.450150E+2	1.365201E+0	3.623790E+10	1.343706E+0	1.615971E+9	1.370872E+0	3.629592E+10	1.355736E+0	1.624211E+9	1.353637E+0	2.714355E+11	1.356614E+0	2.734013E+11	1.355650E+0	3.077314E+11	1.357614E+0	3.096392E+11	-2.149461E-2	-1.513575E-2	-1.203010E-2	-6.358856E-3	-1.390761E-2	-3.462193E+10	-3.467170E+10	-8.240347E+6	4.977627E+7	-3.080232E+11
5.452580E+2	1.292061E+0	3.436308E+10	1.319985E+0	1.588454E+9	1.302999E+0	3.455951E+10	1.232279E+0	1.481592E+9	1.289953E+0	2.591133E+11	1.291868E+0	2.608100E+11	1.291477E+0	2.936728E+11	1.291891E+0	2.951731E+11	2.792395E-2	-7.072009E-2	8.770683E-2	9.864404E-2	2.809482E-2	-3.277463E+10	-3.307791E+10	1.068622E+8	3.032862E+8	-2.935846E+11
5.455290E+2	1.251889E+0	3.333333E+10	1.195496E+0	1.444042E+9	1.239148E+0	3.292601E+10	1.261057E+0	1.514837E+9	1.238604E+0	2.491776E+11	1.237453E+0	2.502277E+11	1.238667E+0	2.821037E+11	1.239134E+0	2.835610E+11	-5.639300E-2	2.190888E-2	-6.556058E-2	-7.830187E-2	-4.363776E-2	-3.188929E+10	-3.141117E+10	-7.079498E+7	-4.781160E+8	-2.821170E+11
5.457720E+2	1.157267E+0	3.090783E+10	1.168689E+0	1.412945E+9	1.162875E+0	3.097470E+10	1.118374E+0	1.350008E+9	1.140510E+0	2.301976E+11	1.143262E+0	2.319100E+11	1.143122E+0	2.611723E+11	1.144893E+0	2.628178E+11	1.142208E-2	-4.450089E-2	5.031537E-2	5.592296E-2	2.379670E-2	-2.949489E+10	-2.962469E+10	6.293665E+7	1.298080E+8	-2.614049E+11
5.460000E+2	1.146509E+0	3.063205E+10	1.154983E+0	1.397045E+9	1.154520E+0	3.076096E+10	1.118236E+0	1.349849E+9	1.146502E+0	2.313569E+11	1.146495E+0	2.325389E+11	1.147438E+0	2.621179E+11	1.146497E+0	2.631709E+11	8.474494E-3	-3.628370E-2	3.674669E-2	4.475820E-2	8.486120E-3	-2.923500E+10	-2.941111E+10	4.719579E+7	1.761091E+8	-2.617739E+11
5.467600E+2	1.162030E+0	3.102990E+10	1.175661E+0	1.421032E+9	1.158458E+0	3.086170E+10	1.178048E+0	1.418944E+9	1.164853E+0	2.349077E+11	1.160596E+0	2.352811E+11	1.164106E+0	2.657693E+11	1.160763E+0	2.663110E+11	1.363121E-2	1.959015E-2	-2.387082E-3	-5.958942E-3	1.489739E-2	-2.960887E+10	-2.944275E+10	2.087901E+6	-1.661199E+8	-2.648900E+11
5.475180E+2	1.243232E+0	3.311140E+10	1.218696E+0	1.470955E+9	1.259895E+0	3.345677E+10	1.281868E+0	1.538878E+9	1.243648E+0	2.501536E+11	1.245122E+0	2.517191E+11	1.245545E+0	2.836104E+11	1.244902E+0	2.848305E+11	-2.453530E-2	2.197340E-2	-6.317166E-2	-4.650870E-2	-2.620514E-2	-3.164045E+10	-3.191789E+10	-6.792325E+7	2.774451E+8	-2.833595E+11
5.482550E+2	1.299043E+0	3.454205E+10	1.273811E+0	1.534890E+9	1.308289E+0	3.469485E+10	1.279629E+0	1.536292E+9	1.296419E+0	2.603644E+11	1.296292E+0	2.616704E+11	1.297805E+0	2.950592E+11	1.296612E+0	2.962124E+11	-2.523164E-2	-2.865959E-2	-5.817781E-3	3.427952E-3	-2.280103E-2	-3.300716E+10	-3.315855E+10	-1.401325E+6	1.513973E+8	-2.946775E+11
5.490160E+2	1.320103E+0	3.508190E+10	1.296708E+0	1.561451E+9	1.328510E+0	3.521217E+10	1.292224E+0	1.550841E+9	1.316348E+0	2.642203E+11	1.314451E+0	2.652018E+11	1.317768E+0	2.994325E+11	1.315109E+0	3.002836E+11	-2.339549E-2	-3.628674E-2	4.484324E-3	1.289124E-2	-1.840118E-2	-3.352044E+10	-3.366133E+10	1.061033E+7	1.408878E+8	-2.987222E+11
5.497680E+2	1.285804E+0	3.420269E+10	1.266774E+0	1.526726E+9	1.278294E+0	3.392749E+10	1.229018E+0	1.477826E+9	1.267480E+0	2.547650E+11	1.267225E+0	2.560176E+11	1.268743E+0	2.886925E+11	1.269389E+0	2.902203E+11	-1.903065E-2	-4.927598E-2	3.775525E-2	3.024534E-2	-2.615196E-3	-3.267596E+10	-3.244967E+10	4.890070E+7	-2.262950E+8	-2.886936E+11
5.505060E+2	1.228176E+0	3.272547E+10	1.228101E+0	1.481864E+9	1.230998E+0	3.271751E+10	1.209337E+0	1.455090E+9	1.221661E+0	2.458994E+11	1.222807E+0	2.473794E+11	1.222751E+0	2.786169E+11	1.223432E+0	2.801049E+11	-7.508485E-5	-2.166099E-2	1.876342E-2	2.158591E-2	4.668612E-3	-3.124360E+10	-3.126242E+10	2.677440E+7	1.881911E+7	-2.786230E+11
5.512570E+2	1.234768E+0	3.289444E+10	1.250944E+0	1.508364E+9	1.243686E+0	3.304210E+10	1.220947E+0	1.468501E+9	1.224920E+0	2.465301E+11	1.228726E+0	2.485306E+11	1.227112E+0	2.795722E+11	1.229430E+0	2.814251E+11	1.617678E-2	-2.273864E-2	2.999726E-2	3.891542E-2	2.151431E-2	-3.138607E+10	-3.157359E+10	3.986216E+7	1.875210E+8	-2.799167E+11
5.520100E+2	1.231128E+0	3.280115E+10	1.152386E+0	1.394032E+9	1.218313E+0	3.239297E+10	1.189301E+0	1.431943E+9	1.217072E+0	2.450116E+11	1.221149E+0	2.470571E+11	1.217217E+0	2.774046E+11	1.222311E+0	2.798582E+11	-7.874215E-2	-2.901172E-2	-3.691467E-2	-4.973043E-2	-6.992521E-2	-3.140712E+10	-3.096103E+10	-3.791111E+7	-4.460906E+8	-2.784642E+11
5.527590E+2	1.209097E+0	3.223641E+10	1.227366E+0	1.481012E+9	1.227888E+0	3.263794E+10	1.278531E+0	1.535023E+9	1.201505E+0	2.419994E+11	1.203031E+0	2.435336E+11	1.204586E+0	2.746373E+11	1.203738E+0	2.757700E+11	1.826876E-2	5.064331E-2	-5.116568E-2	-3.237455E-2	2.362801E-2	-3.075540E+10	-3.110292E+10	-5.401196E+7	3.475223E+8	-2.742890E+11
5.534940E+2	1.180586E+0	3.150557E+10	1.139928E+0	1.379580E+9	1.169558E+0	3.114568E+10	1.139605E+0	1.374534E+9	1.166742E+0	2.352732E+11	1.166243E+0	2.363793E+11	1.167071E+0	2.664189E+11	1.167914E+0	2.678849E+11	-4.065791E-2	-2.995326E-2	3.230273E-4	-1.070464E-2	-2.798584E-2	-3.012599E+10	-2.977115E+10	5.046099E+6	-3.548402E+8	-2.665053E+11
5.542530E+2	1.078576E+0	2.889068E+10	1.082444E+0	1.312896E+9	1.078657E+0	2.882015E+10	1.038868E+0	1.258162E+9	1.074471E+0	2.174198E+11	1.077611E+0	2.191427E+11	1.074960E+0	2.462400E+11	1.077723E+0	2.480333E+11	3.868196E-3	-3.978884E-2	4.357552E-2	4.365704E-2	4.720426E-3	-2.757779E+10	-2.756198E+10	5.473424E+7	-1.580138E+7	-2.467204E+11
5.550190E+2	9.970688E-1	2.680137E+10	1.018060E+0	1.238209E+9	1.001545E+0	2.684739E+10	9.821068E-1	1.192591E+9	1.006135E+0	2.041975E+11	1.004074E+0	2.048417E+11	1.005599E+0	2.310449E+11	1.003258E+0	2.316430E+11	2.099116E-2	-1.943862E-2	3.595314E-2	4.042978E-2	1.480169E-2	-2.556317E+10	-2.565480E+10	4.561789E+7	9.163258E+7	-2.304048E+11
5.557710E+2	9.418040E-1	2.538474E+10	9.461980E-1	1.154846E+9	9.616580E-1	2.582694E+10	1.005736E+0	1.219888E+9	9.509617E-1	1.935221E+11	9.512934E-1	1.945772E+11	9.522108E-1	2.193490E+11	9.501882E-1	2.199619E+11	4.393977E-3	4.407811E-2	-5.953813E-2	-3.968414E-2	-3.990246E-3	-2.422990E+10	-2.460706E+10	-6.504161E+7	3.771599E+8	-2.188071E+11
5.560130E+2	9.447603E-1	2.546052E+10	9.203246E-1	1.124832E+9	9.514188E-1	2.556499E+10	9.442896E-1	1.148904E+9	9.450640E-1	1.923809E+11	9.502096E-1	1.943664E+11	9.458061E-1	2.179459E+11	9.495750E-1	2.198270E+11	-2.443570E-2	-7.129153E-3	-2.396505E-2	-1.730655E-2	-2.925036E-2	-2.433569E+10	-2.441609E+10	-2.407216E+7	8.039840E+7	-2.187021E+11
5.565090E+2	9.526287E-1	2.566222E+10	9.883940E-1	1.203795E+9	9.468206E-1	2.544736E+10	9.213622E-1	1.122418E+9	9.538165E-1	1.940744E+11	9.529168E-1	1.948929E+11	9.529995E-1	2.195218E+11	9.528833E-1	2.205551E+11	3.576533E-2	-2.545836E-2	6.703176E-2	6.122369E-2	3.551075E-2	-2.445842E+10	-2.432494E+10	8.137697E+7	-1.334830E+8	-2.193513E+11
5.570100E+2	9.793078E-1	2.634610E+10	9.572920E-1	1.167715E+9	9.803727E-1	2.630573E+10	9.427399E-1	1.147114E+9	9.833447E-1	1.997878E+11	9.814969E-1	2.004510E+11	9.829976E-1	2.260935E+11	9.812420E-1	2.267971E+11	-2.201573E-2	-3.763282E-2	1.455215E-2	1.561709E-2	-2.394994E-2	-2.517838E+10	-2.515861E+10	2.060181E+7	-1.977038E+7	-2.256294E+11
5.575250E+2	9.845474E-1	2.648041E+10	1.011824E+0	1.230974E+9	9.732135E-1	2.612257E+10	9.711475E-1	1.179930E+9	9.813956E-1	1.994107E+11	9.832859E-1	2.007989E+11	9.804401E-1	2.255332E+11	9.834328E-1	2.272793E+11	2.727615E-2	-2.066051E-3	4.067608E-2	2.934220E-2	2.839075E-2	-2.524943E+10	-2.494264E+10	5.104376E+7	-3.067928E+8	-2.260483E+11
5.580110E+2	1.008255E+0	2.708812E+10	9.833695E-1	1.197966E+9	1.008595E+0	2.702774E+10	9.919098E-1	1.203915E+9	1.006651E+0	2.042972E+11	1.003769E+0	2.047823E+11	1.006878E+0	2.313250E+11	1.004291E+0	2.318705E+11	-2.488579E-2	-1.668540E-2	-8.540326E-3	-8.200388E-3	-2.092202E-2	-2.589016E+10	-2.582383E+10	-5.948932E+6	-6.632812E+7	-2.306725E+11
5.585100E+2	1.026620E+0	2.755888E+10	1.033988E+0	1.256685E+9	1.037121E+0	2.775753E+10	1.015402E+0	1.231054E+9	1.032508E+0	2.093004E+11	1.033351E+0	2.105353E+11	1.033047E+0	2.370579E+11	1.032567E+0	2.380941E+11	7.367735E-3	-2.171938E-2	1.858580E-2	2.908711E-2	1.420584E-3	-2.630219E+10	-2.652648E+10	2.563188E+7	2.242864E+8	-2.368375E+11
5.590100E+2	1.017620E+0	2.732818E+10	9.902794E-1	1.205982E+9	1.026524E+0	2.748641E+10	1.011832E+0	1.226930E+9	1.017015E+0	2.063026E+11	1.019412E+0	2.078244E+11	1.018125E+0	2.337891E+11	1.019203E+0	2.351526E+11	-2.734064E-2	-1.469132E-2	-2.155312E-2	-1.264932E-2	-2.892361E-2	-2.612219E+10	-2.625948E+10	-2.094808E+7	1.372909E+8	-2.339466E+11
5.595170E+2	9.973062E-1	2.680746E+10	9.528712E-1	1.162587E+9	9.978304E-1	2.675235E+10	1.046788E+0	1.267311E+9	1.000830E+0	2.031710E+11	9.971299E-1	2.034912E+11	1.000480E+0	2.299234E+11	9.971504E-1	2.302987E+11	-4.443494E-2	4.895759E-2	-9.391681E-2	-9.339253E-2	-4.427923E-2	-2.564487E+10	-2.548504E+10	-1.047240E+8	-1.598352E+8	-2.291361E+11
5.600130E+2	1.004888E+0	2.700182E+10	1.013450E+0	1.232861E+9	9.987641E-1	2.677623E+10	1.014329E+0	1.229814E+9	9.978052E-1	2.025858E+11	1.002416E+0	2.045191E+11	9.979172E-1	2.293620E+11	1.002704E+0	2.315209E+11	8.561929E-3	1.556447E-2	-8.781867E-4	-7.002545E-3	1.074683E-2	-2.576896E+10	-2.554642E+10	3.047705E+6	-2.225387E+8	-2.302881E+11
5.605090E+2	1.023662E+0	2.748307E+10	1.043508E+0	1.267730E+9	1.027530E+0	2.751217E+10	1.044488E+0	1.264655E+9	1.021064E+0	2.070860E+11	1.020725E+0	2.080798E+11	1.021819E+0	2.345982E+11	1.021067E+0	2.355629E+11	1.984578E-2	1.695799E-2	-9.801740E-4	2.887786E-3	2.244115E-2	-2.621534E+10	-2.624751E+10	3.075033E+6	3.217689E+7	-2.342952E+11
5.610010E+2	1.005164E+0	2.700888E+10	1.025024E+0	1.246287E+9	1.003228E+0	2.689043E+10	1.040001E+0	1.259471E+9	1.005571E+0	2.040883E+11	1.005498E+0	2.051186E+11	1.005297E+0	2.309787E+11	1.005459E+0	2.321275E+11	1.986018E-2	3.677327E-2	-1.497717E-2	-1.691309E-2	1.956474E-2	-2.576259E+10	-2.563096E+10	-1.318370E+7	-1.316305E+8	-2.308812E+11
