Photon Energy (eV)	X ref norm	X ref	X pump norm	X pump	Y ref norm	Y ref	Y pump norm	Y pump	X all norm	X all	Y all norm	Y all	X all Y ref norm	X all Y ref	Y all X ref norm	Y all X ref	BC(X hist) norm	BC(Y hist) norm	StS norm	BCSC norm	BCLR norm	BC(X hist)	BC(Y hist)	StS	BCSC	BCLR	
5.300160E+2	-4.674276E-3	1.239748E+9	-8.159404E-3	2.354338E+8	-4.815185E-3	1.235968E+9	-7.461884E-3	2.436990E+8	-5.553699E-3	8.539075E+9	-5.429602E-3	8.655652E+9	-5.460695E-3	9.775043E+9	-5.334661E-3	9.895400E+9	-3.485128E-3	-2.646698E-3	-6.975204E-4	-8.384296E-4	-2.824743E-3	-1.004314E+9	-9.922689E+8	-8.265194E+6	-1.204543E+7	-9.659966E+9
5.305230E+2	-5.444222E-3	1.217902E+9	-2.263558E-3	2.699515E+8	-4.579058E-3	1.242650E+9	-3.048676E-3	2.695307E+8	-5.001007E-3	8.647637E+9	-4.071153E-3	8.923751E+9	-4.947869E-3	9.890287E+9	-4.243741E-3	1.014165E+10	3.180664E-3	1.530382E-3	7.851185E-4	1.650282E-3	1.980184E-3	-9.479509E+8	-9.731197E+8	4.207443E+5	2.516876E+7	-9.871702E+9
5.310050E+2	-2.801849E-3	1.292875E+9	-6.560727E-3	2.447934E+8	-3.073205E-3	1.285267E+9	-5.099586E-3	2.575262E+8	-2.730995E-3	9.093518E+9	-2.643793E-3	9.205450E+9	-2.774091E-3	1.037878E+10	-2.663660E-3	1.049832E+10	-3.758879E-3	-2.026380E-3	-1.461142E-3	-1.732498E-3	-3.897067E-3	-1.048081E+9	-1.027741E+9	-1.273280E+7	-2.034080E+7	-1.025353E+10
5.315130E+2	-5.057783E-4	1.358021E+9	-8.438096E-4	2.782635E+8	-1.455887E-3	1.331038E+9	-1.319444E-5	2.872982E+8	-5.540726E-4	9.521115E+9	-8.351583E-4	9.562396E+9	-6.676425E-4	1.085215E+10	-7.937569E-4	1.092042E+10	-3.380313E-4	1.442693E-3	-8.306152E-4	-1.780724E-3	-5.005270E-5	-1.079758E+9	-1.043739E+9	-9.034742E+6	-3.601856E+7	-1.064215E+10
5.320070E+2	3.228449E-3	1.463973E+9	7.681972E-3	3.281783E+8	4.610616E-3	1.502722E+9	1.543024E-3	2.964072E+8	3.333123E-3	1.028465E+10	3.471258E-3	1.041230E+10	3.494004E-3	1.178737E+10	3.440738E-3	1.187627E+10	4.453523E-3	-3.067592E-3	6.138948E-3	7.521115E-3	4.241233E-3	-1.135795E+9	-1.206315E+9	3.177106E+7	7.052043E+7	-1.154809E+10
5.325170E+2	1.019768E-2	1.661712E+9	1.014553E-2	3.426013E+8	9.312720E-3	1.635794E+9	1.408032E-2	3.697914E+8	1.050665E-2	1.169369E+10	9.508449E-3	1.160378E+10	1.035629E-2	1.332948E+10	9.595081E-3	1.326549E+10	-5.214972E-5	4.767596E-3	-3.934789E-3	-4.819745E-3	5.504456E-4	-1.319110E+9	-1.266003E+9	-2.719006E+7	-5.310767E+7	-1.292289E+10
5.330280E+2	2.283221E-2	2.020193E+9	2.815731E-2	4.480525E+8	2.298339E-2	2.022680E+9	2.505567E-2	4.340331E+8	2.391288E-2	1.432697E+10	2.400328E-2	1.446443E+10	2.379582E-2	1.634965E+10	2.385608E-2	1.648462E+10	5.325097E-3	2.072276E-3	3.101640E-3	3.252821E-3	4.301231E-3	-1.572140E+9	-1.588647E+9	1.401944E+7	1.650707E+7	-1.603657E+10
5.331630E+2	2.950394E-2	2.209490E+9	3.000319E-2	4.588594E+8	3.113148E-2	2.253275E+9	2.558576E-2	4.371358E+8	3.017083E-2	1.555618E+10	2.982437E-2	1.561326E+10	3.029181E-2	1.780945E+10	2.978409E-2	1.782275E+10	4.992501E-4	-5.545724E-3	4.417433E-3	6.044974E-3	2.190971E-4	-1.750631E+9	-1.816139E+9	2.172353E+7	6.550809E+7	-1.736389E+10
5.333080E+2	3.684991E-2	2.417918E+9	3.749927E-2	5.027457E+8	3.614595E-2	2.395187E+9	3.780599E-2	5.086642E+8	3.752199E-2	1.700011E+10	3.706032E-2	1.704132E+10	3.734870E-2	1.939530E+10	3.703388E-2	1.945924E+10	6.493637E-4	1.660036E-3	-3.067183E-4	-1.010672E-3	4.653954E-4	-1.915173E+9	-1.886523E+9	-5.918484E+6	-2.864999E+7	-1.895650E+10
5.334580E+2	4.982563E-2	2.786080E+9	5.292668E-2	5.930665E+8	4.980506E-2	2.781746E+9	5.512770E-2	6.100529E+8	5.296462E-2	2.003339E+10	5.188433E-2	1.996694E+10	5.256672E-2	2.281514E+10	5.162556E-2	2.275302E+10	3.101048E-3	5.322639E-3	-2.201017E-3	-2.221590E-3	1.301121E-3	-2.193014E+9	-2.171693E+9	-1.698631E+7	-2.132058E+7	-2.215996E+10
5.336130E+2	6.707857E-2	3.275600E+9	7.212904E-2	7.054881E+8	6.650273E-2	3.254297E+9	6.950739E-2	6.942211E+8	6.885987E-2	2.315558E+10	6.760230E-2	2.306899E+10	6.856303E-2	2.640987E+10	6.753647E-2	2.634459E+10	5.050465E-3	3.004666E-3	2.621644E-3	2.045798E-3	4.592566E-3	-2.570112E+9	-2.560076E+9	1.126695E+7	-1.003525E+7	-2.563910E+10
5.337580E+2	1.029678E-1	4.293889E+9	1.142362E-1	9.520075E+8	1.002369E-1	4.208989E+9	1.001543E-1	8.736059E+8	1.057936E-1	3.041019E+10	1.032161E-1	3.009761E+10	1.050938E-1	3.461918E+10	1.031849E-1	3.439150E+10	1.126841E-2	-8.253650E-5	1.408191E-2	1.135094E-2	1.105135E-2	-3.341882E+9	-3.335383E+9	7.840162E+7	-6.498927E+6	-3.343949E+10
5.339090E+2	1.561914E-1	5.804009E+9	1.696351E-1	1.276344E+9	1.619414E-1	5.955256E+9	1.706148E-1	1.286030E+9	1.680540E-1	4.263953E+10	1.653051E-1	4.235130E+10	1.672842E-1	4.859478E+10	1.641596E-1	4.815531E+10	1.344362E-2	8.673380E-3	-9.797387E-4	4.770245E-3	5.475479E-3	-4.527665E+9	-4.669226E+9	-9.686421E+6	1.415609E+8	-4.687896E+10
5.340800E+2	2.786157E-1	9.277566E+9	2.830612E-1	1.940405E+9	2.807984E-1	9.318962E+9	2.776589E-1	1.912588E+9	2.903160E-1	6.665455E+10	2.827703E-1	6.553384E+10	2.891174E-1	7.597351E+10	2.822481E-1	7.481140E+10	4.445553E-3	-3.139456E-3	5.402348E-3	7.585009E-3	8.131754E-4	-7.337161E+9	-7.406373E+9	2.781683E+7	6.921288E+7	-7.287100E+10
5.342040E+2	4.390377E-1	1.382924E+10	4.524984E-1	2.932387E+9	4.404516E-1	1.383722E+10	4.481414E-1	2.910469E+9	4.514889E-1	9.831253E+10	4.400680E-1	9.657761E+10	4.500990E-1	1.121498E+11	4.399385E-1	1.104068E+11	1.346069E-2	7.689807E-3	4.356981E-3	5.770880E-3	1.255988E-2	-1.089685E+10	-1.092675E+10	2.191784E+7	2.990244E+7	-1.074745E+11
5.343600E+2	7.943686E-1	2.391108E+10	8.130241E-1	5.043110E+9	7.936327E-1	2.383241E+10	7.731524E-1	4.812847E+9	8.063913E-1	1.680234E+11	7.872106E-1	1.650885E+11	8.047846E-1	1.918558E+11	7.881103E-1	1.889996E+11	1.865548E-2	-2.048029E-2	3.987169E-2	3.913577E-2	2.491378E-2	-1.886797E+10	-1.901956E+10	2.302628E+8	1.515908E+8	-1.839565E+11
5.345110E+2	1.143808E+0	3.382575E+10	1.146096E+0	6.993101E+9	1.148927E+0	3.388739E+10	1.145265E+0	6.990922E+9	1.153372E+0	2.361782E+11	1.142500E+0	2.352074E+11	1.152812E+0	2.700655E+11	1.142665E+0	2.690331E+11	2.288148E-3	-3.661759E-3	8.309260E-4	5.949908E-3	3.431029E-3	-2.683265E+10	-2.689647E+10	2.178767E+6	6.381539E+7	-2.620400E+11
5.346510E+2	1.596457E+0	4.666882E+10	1.572364E+0	9.488718E+9	1.600218E+0	4.665915E+10	1.589390E+0	9.590510E+9	1.587327E+0	3.214168E+11	1.584051E+0	3.223504E+11	1.588951E+0	3.680759E+11	1.585610E+0	3.690192E+11	-2.409288E-2	-1.082799E-2	-1.702634E-2	-1.326489E-2	-1.324633E-2	-3.718010E+10	-3.706864E+10	-1.017916E+8	-1.114599E+8	-3.595305E+11
5.348280E+2	1.890599E+0	5.501456E+10	1.871118E+0	1.123779E+10	1.875014E+0	5.443600E+10	1.876155E+0	1.126902E+10	1.859170E+0	3.748128E+11	1.851815E+0	3.751954E+11	1.861165E+0	4.292488E+11	1.856690E+0	4.302100E+11	-1.948151E-2	1.140879E-3	-5.037011E-3	-2.062239E-2	1.442757E-2	-4.377677E+10	-4.316698E+10	-3.122721E+7	-6.097901E+8	-4.189722E+11
5.349630E+2	2.031145E+0	5.900227E+10	1.990554E+0	1.193704E+10	2.025156E+0	5.868508E+10	2.007781E+0	1.203946E+10	1.985102E+0	3.995487E+11	1.984285E+0	4.013392E+11	1.990147E+0	4.582338E+11	1.990175E+0	4.603415E+11	-4.059126E-2	-1.737467E-2	-1.722756E-2	-2.321659E-2	3.783958E-4	-4.706523E+10	-4.664561E+10	-1.024269E+8	-4.196194E+8	-4.484045E+11
5.351140E+2	1.830251E+0	5.330229E+10	1.799477E+0	1.081836E+10	1.831593E+0	5.320716E+10	1.818657E+0	1.093247E+10	1.797620E+0	3.627229E+11	1.801035E+0	3.651737E+11	1.801898E+0	4.159301E+11	1.804708E+0	4.184760E+11	-3.077430E-2	-1.293607E-2	-1.918025E-2	-1.783823E-2	-5.231054E-3	-4.248392E+10	-4.227469E+10	-1.141044E+8	-2.092296E+8	-4.076576E+11
5.352600E+2	1.738140E+0	5.068880E+10	1.721028E+0	1.035908E+10	1.744471E+0	5.074156E+10	1.719376E+0	1.035135E+10	1.711005E+0	3.457097E+11	1.719458E+0	3.490739E+11	1.715219E+0	3.964513E+11	1.721806E+0	3.997627E+11	-1.711146E-2	-2.509512E-2	1.652455E-3	7.983659E-3	-7.782128E-4	-4.032972E+10	-4.039021E+10	7.733324E+6	6.049650E+7	-3.894036E+11
5.354110E+2	1.396311E+0	4.099007E+10	1.413826E+0	8.560544E+9	1.406417E+0	4.117449E+10	1.382226E+0	8.377917E+9	1.378926E+0	2.804821E+11	1.384867E+0	2.830400E+11	1.382388E+0	3.216566E+11	1.386305E+0	3.240301E+11	1.751433E-2	-2.419180E-2	3.160011E-2	4.170613E-2	2.752020E-2	-3.242952E+10	-3.279658E+10	1.826265E+8	3.670535E+8	-3.154696E+11
5.355630E+2	1.274168E+0	3.752447E+10	1.297616E+0	7.880186E+9	1.263340E+0	3.712535E+10	1.264517E+0	7.688937E+9	1.259059E+0	2.569374E+11	1.259655E+0	2.583287E+11	1.259598E+0	2.940628E+11	1.261479E+0	2.958531E+11	2.344846E-2	1.176642E-3	3.309908E-2	2.227182E-2	3.613655E-2	-2.964428E+10	-2.943641E+10	1.912496E+8	-2.078706E+8	-2.879730E+11
5.357190E+2	1.001855E+0	2.979811E+10	9.992288E-1	6.133258E+9	1.003036E+0	2.975863E+10	1.013531E+0	6.219851E+9	1.003614E+0	2.067623E+11	1.007477E+0	2.085596E+11	1.003541E+0	2.365209E+11	1.006770E+0	2.383577E+11	-2.626163E-3	1.049512E-2	-1.430266E-2	-1.312128E-2	-7.541511E-3	-2.366486E+10	-2.353878E+10	-8.659279E+7	-1.260788E+8	-2.322244E+11
5.358600E+2	8.938541E-1	2.673379E+10	8.951489E-1	5.523915E+9	8.993624E-1	2.682461E+10	8.973954E-1	5.540075E+9	8.964387E-1	1.857107E+11	8.991053E-1	1.871717E+11	8.968069E-1	2.125353E+11	8.984453E-1	2.139055E+11	1.294810E-3	-1.967022E-3	-2.246518E-3	3.261832E-3	-3.296364E-3	-2.120988E+10	-2.128453E+10	-1.615993E+7	7.465581E+7	-2.083816E+11
5.360070E+2	7.079441E-1	2.145895E+10	7.187511E-1	4.491182E+9	7.101572E-1	2.147001E+10	7.129055E-1	4.460205E+9	7.114552E-1	1.493758E+11	7.134544E-1	1.505322E+11	7.112917E-1	1.708458E+11	7.127618E-1	1.719912E+11	1.080695E-2	2.748335E-3	5.845553E-3	8.058615E-3	5.989340E-3	-1.696777E+10	-1.700981E+10	3.097630E+7	4.204078E+7	-1.675000E+11
5.362840E+2	5.863095E-1	1.800780E+10	5.870296E-1	3.720009E+9	5.910674E-1	1.809972E+10	5.948522E-1	3.769207E+9	5.935885E-1	1.262241E+11	5.915409E-1	1.264718E+11	5.932710E-1	1.443238E+11	5.908833E-1	1.444796E+11	7.200748E-4	3.784868E-3	-7.822673E-3	-3.064793E-3	-3.853755E-3	-1.428779E+10	-1.433051E+10	-4.919844E+7	4.272264E+7	-1.407596E+11
5.365090E+2	4.536275E-1	1.424320E+10	4.656853E-1	3.009591E+9	4.585644E-1	1.434982E+10	4.704029E-1	3.040772E+9	4.595540E-1	9.989670E+10	4.608366E-1	1.006764E+11	4.594294E-1	1.142465E+11	4.599305E-1	1.149196E+11	1.205783E-2	1.183850E-2	-4.717577E-3	2.193224E-4	5.754851E-3	-1.123360E+10	-1.130905E+10	-3.118091E+7	7.544626E+7	-1.119100E+11
5.367660E+2	4.716576E-1	1.475477E+10	4.734130E-1	3.054833E+9	4.702402E-1	1.468025E+10	4.737936E-1	3.060618E+9	4.743537E-1	1.028037E+11	4.734272E-1	1.031613E+11	4.738356E-1	1.174839E+11	4.732048E-1	1.179160E+11	1.755338E-3	3.553427E-3	-3.806747E-4	-1.798090E-3	2.081599E-4	-1.169993E+10	-1.161963E+10	-5.785810E+6	-8.029860E+7	-1.148612E+11
5.370170E+2	4.893511E-1	1.525679E+10	4.900386E-1	3.152168E+9	4.881540E-1	1.518722E+10	5.041529E-1	3.238319E+9	4.898783E-1	1.058531E+11	4.904006E-1	1.065111E+11	4.896612E-1	1.210403E+11	4.902686E-1	1.217679E+11	6.874352E-4	1.599891E-2	-1.411431E-2	-1.531148E-2	-2.300899E-4	-1.210462E+10	-1.194890E+10	-8.615095E+7	-1.557161E+8	-1.186157E+11
5.372640E+2	5.214020E-1	1.616617E+10	5.320473E-1	3.398111E+9	5.262608E-1	1.626566E+10	5.191610E-1	3.326166E+9	5.318486E-1	1.140970E+11	5.290269E-1	1.141342E+11	5.311449E-1	1.303626E+11	5.280685E-1	1.303004E+11	1.064525E-2	-7.099859E-3	1.288632E-2	1.774511E-2	3.978802E-3	-1.276806E+10	-1.293950E+10	7.194558E+7	1.714383E+8	-1.269023E+11
5.375110E+2	6.484674E-1	1.977141E+10	6.657751E-1	4.181030E+9	6.534524E-1	1.986524E+10	6.624900E-1	4.165109E+9	6.582852E-1	1.389320E+11	6.574439E-1	1.394782E+11	6.576766E-1	1.587972E+11	6.563156E-1	1.592496E+11	1.730768E-2	9.037541E-3	3.285155E-3	8.270135E-3	9.459520E-3	-1.559038E+10	-1.570013E+10	1.592086E+7	1.097530E+8	-1.550686E+11
5.377740E+2	7.839137E-1	2.361444E+10	7.741063E-1	4.815263E+9	7.870363E-1	2.364573E+10	7.941750E-1	4.935898E+9	7.883442E-1	1.644785E+11	7.874029E-1	1.651265E+11	7.881795E-1	1.881242E+11	7.869644E-1	1.887409E+11	-9.807428E-3	7.138762E-3	-2.006872E-2	-1.694619E-2	-1.285805E-2	-1.879918E+10	-1.870983E+10	-1.206351E+8	-8.935181E+7	-1.839257E+11
5.380110E+2	8.453166E-1	2.535663E+10	8.591197E-1	5.312979E+9	8.518975E-1	2.548133E+10	8.596199E-1	5.318964E+9	8.524030E-1	1.770611E+11	8.462051E-1	1.767315E+11	8.523394E-1	2.025424E+11	8.460935E-1	2.020881E+11	1.380309E-2	7.722394E-3	-5.002443E-4	6.080699E-3	1.302621E-2	-2.004365E+10	-2.016237E+10	-5.985262E+6	1.187118E+8	-1.967752E+11
5.382690E+2	1.056362E+0	3.134466E+10	1.069665E+0	6.545629E+9	1.065268E+0	3.151981E+10	1.064296E+0	6.516992E+9	1.058242E+0	2.174925E+11	1.051731E+0	2.172934E+11	1.059127E+0	2.490123E+11	1.052313E+0	2.486381E+11	1.330217E-2	-9.715427E-4	5.368147E-3	1.427371E-2	1.735144E-2	-2.479903E+10	-2.500282E+10	2.863719E+7	2.037890E+8	-2.420924E+11
5.385110E+2	1.274133E+0	3.752350E+10	1.274717E+0	7.746124E+9	1.287704E+0	3.781486E+10	1.282816E+0	7.796049E+9	1.276516E+0	2.603664E+11	1.276454E+0	2.616440E+11	1.277925E+0	2.981812E+11	1.276162E+0	2.991675E+11	5.838629E-4	-4.887682E-3	-8.099259E-3	5.471545E-3	-1.445021E-3	-2.977738E+10	-3.001881E+10	-4.992516E+7	2.414334E+8	-2.914214E+11
5.387650E+2	1.445988E+0	4.239955E+10	1.422720E+0	8.612615E+9	1.440711E+0	4.214501E+10	1.441323E+0	8.723832E+9	1.431337E+0	2.907767E+11	1.424475E+0	2.908569E+11	1.432517E+0	3.329217E+11	1.427179E+0	3.332564E+11	-2.326813E-2	6.125140E-4	-1.860341E-2	-2.388065E-2	-4.458933E-3	-3.378693E+10	-3.342118E+10	-1.112168E+8	-3.657521E+8	-3.246438E+11
5.390340E+2	1.702189E+0	4.966878E+10	1.687338E+0	1.016184E+10	1.711583E+0	4.981083E+10	1.701787E+0	1.024840E+10	1.684981E+0	3.405981E+11	1.689774E+0	3.432155E+11	1.688331E+0	3.904089E+11	1.691335E+0	3.928843E+11	-1.485093E-2	-9.796285E-3	-1.444840E-2	-5.054649E-3	-3.996058E-3	-3.950694E+10	-3.956243E+10	-8.655308E+7	5.549354E+7	-3.827224E+11
5.392930E+2	1.894476E+0	5.512456E+10	1.886306E+0	1.132671E+10	1.891440E+0	5.490085E+10	1.865187E+0	1.120482E+10	1.855658E+0	3.741230E+11	1.855265E+0	3.758762E+11	1.860165E+0	4.290239E+11	1.860194E+0	4.310008E+11	-8.170495E-3	-2.625275E-2	2.111908E-2	1.808225E-2	2.611228E-2	-4.379785E+10	-4.369603E+10	1.218912E+8	-1.018234E+8	-4.196741E+11
5.395160E+2	1.930057E+0	5.613411E+10	1.925733E+0	1.155754E+10	1.948343E+0	5.651125E+10	1.922780E+0	1.154193E+10	1.899630E+0	3.827600E+11	1.904013E+0	3.854971E+11	1.905765E+0	4.392713E+11	1.907287E+0	4.416312E+11	-4.324010E-3	-2.556306E-2	2.953309E-3	2.123905E-2	1.844638E-2	-4.457656E+10	-4.496931E+10	1.561317E+7	3.927519E+8	-4.300736E+11
5.397750E+2	2.008053E+0	5.834709E+10	2.008480E+0	1.204199E+10	2.016151E+0	5.843024E+10	2.002209E+0	1.200685E+10	1.967670E+0	3.961246E+11	1.969607E+0	3.984424E+11	1.973775E+0	4.545548E+11	1.974439E+0	4.567895E+11	4.269726E-4	-1.394247E-2	6.271370E-3	1.436944E-2	3.404061E-2	-4.630510E+10	-4.642339E+10	3.514204E+7	1.182983E+8	-4.447475E+11
5.400240E+2	1.947347E+0	5.662465E+10	1.911447E+0	1.147390E+10	1.959592E+0	5.682959E+10	1.937367E+0	1.162731E+10	1.909191E+0	3.846380E+11	1.916111E+0	3.878846E+11	1.915538E+0	4.414676E+11	1.920037E+0	4.445093E+11	-3.589942E-2	-2.222455E-2	-2.592008E-2	-1.367487E-2	-8.590045E-3	-4.515075E+10	-4.520227E+10	-1.534092E+8	5.152371E+7	-4.330354E+11
5.402900E+2	1.775839E+0	5.175846E+10	1.756418E+0	1.056627E+10	1.789059E+0	5.200343E+10	1.745280E+0	1.050297E+10	1.746955E+0	3.527711E+11	1.753018E+0	3.556971E+11	1.752257E+0	4.047746E+11	1.755886E+0	4.074556E+11	-1.942182E-2	-4.377887E-2	1.113736E-2	2.435705E-2	5.310902E-4	-4.119219E+10	-4.150046E+10	6.329700E+7	3.082684E+8	-3.968893E+11
5.405080E+2	1.728697E+0	5.042089E+10	1.702911E+0	1.025301E+10	1.743900E+0	5.072541E+10	1.725236E+0	1.038565E+10	1.703797E+0	3.442941E+11	1.707895E+0	3.467918E+11	1.708848E+0	3.950195E+11	1.710510E+0	3.972126E+11	-2.578625E-2	-1.866396E-2	-2.232490E-2	-7.122284E-3	-7.598574E-3	-4.016788E+10	-4.033975E+10	-1.326361E+8	1.718780E+8	-3.869596E+11
5.407680E+2	1.650839E+0	4.821181E+10	1.629483E+0	9.823125E+9	1.656213E+0	4.824382E+10	1.633664E+0	9.849653E+9	1.624000E+0	3.286200E+11	1.628746E+0	3.311712E+11	1.628056E+0	3.768638E+11	1.631523E+0	3.793830E+11	-2.135590E-2	-2.254919E-2	-4.180557E-3	1.193295E-3	-2.039847E-3	-3.838869E+10	-3.839417E+10	-2.652765E+7	5.484657E+6	-3.695599E+11
5.410340E+2	1.597139E+0	4.668817E+10	1.583125E+0	9.551719E+9	1.588325E+0	4.632256E+10	1.599237E+0	9.648147E+9	1.570963E+0	3.182025E+11	1.572434E+0	3.200576E+11	1.573150E+0	3.645250E+11	1.575539E+0	3.667458E+11	-1.401363E-2	1.091270E-2	-1.611224E-2	-2.492633E-2	7.586143E-3	-3.713645E+10	-3.667441E+10	-9.642717E+7	-4.620387E+8	-3.571940E+11
5.412850E+2	1.502505E+0	4.400310E+10	1.502585E+0	9.080191E+9	1.506901E+0	4.401824E+10	1.496367E+0	9.046015E+9	1.483867E+0	3.010948E+11	1.487379E+0	3.032714E+11	1.486768E+0	3.451130E+11	1.489280E+0	3.472745E+11	8.046444E-5	-1.053489E-2	6.218475E-3	1.061535E-2	1.330488E-2	-3.492291E+10	-3.497222E+10	3.417607E+7	4.931652E+7	-3.381944E+11
5.415140E+2	1.323819E+0	3.893325E+10	1.336024E+0	8.105047E+9	1.317774E+0	3.866584E+10	1.338628E+0	8.122728E+9	1.312481E+0	2.674307E+11	1.313403E+0	2.689361E+11	1.313147E+0	3.060965E+11	1.314712E+0	3.078693E+11	1.220442E-2	2.085409E-2	-2.604067E-3	-8.649670E-3	2.131185E-2	-3.082820E+10	-3.054311E+10	-1.768076E+7	-2.850854E+8	-2.997643E+11
5.417760E+2	1.130254E+0	3.344120E+10	1.133248E+0	6.917880E+9	1.143435E+0	3.373197E+10	1.154977E+0	7.047769E+9	1.133979E+0	2.323690E+11	1.137138E+0	2.341490E+11	1.135170E+0	2.661010E+11	1.136273E+0	2.675902E+11	2.993311E-3	1.154214E-2	-2.172931E-2	-8.548828E-3	-3.025056E-3	-2.652332E+10	-2.668420E+10	-1.298891E+8	1.608763E+8	-2.606724E+11
5.420270E+2	1.004047E+0	2.986030E+10	1.006949E+0	6.178458E+9	1.003315E+0	2.976652E+10	1.010380E+0	6.201405E+9	1.003045E+0	2.066506E+11	1.001004E+0	2.072822E+11	1.003079E+0	2.364171E+11	1.001387E+0	2.371425E+11	2.902612E-3	7.064809E-3	-3.430844E-3	-4.162197E-3	5.562512E-3	-2.368184E+10	-2.356512E+10	-2.294706E+7	-1.167235E+8	-2.309640E+11
5.422730E+2	9.199327E-1	2.747372E+10	9.432419E-1	5.805478E+9	9.280403E-1	2.763620E+10	9.322305E-1	5.743974E+9	9.237939E-1	1.910839E+11	9.235067E-1	1.919875E+11	9.243286E-1	2.187201E+11	9.230575E-1	2.194612E+11	2.330920E-2	4.190200E-3	1.101140E-2	1.911900E-2	2.018440E-2	-2.166824E+10	-2.189223E+10	6.150466E+7	2.239857E+8	-2.136557E+11
5.425300E+2	9.120844E-1	2.725104E+10	9.281094E-1	5.716885E+9	9.172570E-1	2.733103E+10	9.145804E-1	5.640663E+9	9.175377E-1	1.898550E+11	9.142668E-1	1.901639E+11	9.175023E-1	2.171860E+11	9.139925E-1	2.174150E+11	1.602507E-2	-2.676603E-3	1.352905E-2	1.870167E-2	1.411695E-2	-2.153416E+10	-2.169037E+10	7.622155E+7	1.562115E+8	-2.116981E+11
5.427650E+2	9.709231E-1	2.892048E+10	9.960229E-1	6.114488E+9	9.859691E-1	2.927562E+10	9.687273E-1	5.957600E+9	9.775595E-1	2.016446E+11	9.785618E-1	2.028530E+11	9.786186E-1	2.309202E+11	9.776016E-1	2.317734E+11	2.509978E-2	-1.724186E-2	2.729559E-2	4.234164E-2	1.842125E-2	-2.280599E+10	-2.331802E+10	1.568889E+8	5.120265E+8	-2.256590E+11
5.430070E+2	1.103815E+0	3.269103E+10	1.102599E+0	6.738446E+9	1.104525E+0	3.263082E+10	1.090828E+0	6.672287E+9	1.099980E+0	2.256907E+11	1.096561E+0	2.261408E+11	1.100552E+0	2.583216E+11	1.097472E+0	2.588319E+11	-1.215595E-3	-1.369767E-2	1.177127E-2	1.248208E-2	5.126672E-3	-2.595258E+10	-2.595853E+10	6.615914E+7	5.948005E+6	-2.520934E+11
5.433020E+2	1.270109E+0	3.740931E+10	1.281305E+0	7.784691E+9	1.277501E+0	3.752609E+10	1.283534E+0	7.800249E+9	1.266383E+0	2.583761E+11	1.267162E+0	2.598102E+11	1.267783E+0	2.959022E+11	1.267532E+0	2.972195E+11	1.119606E-2	6.033582E-3	-2.229261E-3	5.162475E-3	1.377243E-2	-2.962462E+10	-2.972584E+10	-1.555791E+7	1.012226E+8	-2.894348E+11
5.435270E+2	1.404575E+0	4.122453E+10	1.396256E+0	8.457682E+9	1.403521E+0	4.109253E+10	1.390578E+0	8.426806E+9	1.395138E+0	2.836665E+11	1.393918E+0	2.848264E+11	1.396194E+0	3.247590E+11	1.395258E+0	3.260509E+11	-8.318787E-3	-1.294339E-2	5.678313E-3	4.624605E-3	9.983968E-4	-3.276685E+10	-3.266573E+10	3.087640E+7	-1.011224E+8	-3.175932E+11
5.437690E+2	1.505219E+0	4.408011E+10	1.517190E+0	9.165700E+9	1.519335E+0	4.437012E+10	1.511334E+0	9.133623E+9	1.493734E+0	3.030330E+11	1.497755E+0	3.053192E+11	1.496958E+0	3.474031E+11	1.498693E+0	3.493993E+11	1.197166E-2	-8.001421E-3	5.856679E-3	1.997308E-2	1.849752E-2	-3.491441E+10	-3.523650E+10	3.207733E+7	3.220876E+8	-3.402336E+11
5.440170E+2	1.566712E+0	4.582486E+10	1.563555E+0	9.437147E+9	1.570075E+0	4.580608E+10	1.552731E+0	9.375934E+9	1.551427E+0	3.143651E+11	1.547429E+0	3.151228E+11	1.553775E+0	3.601712E+11	1.549853E+0	3.609476E+11	-3.156305E-3	-1.734349E-2	1.082403E-2	1.418718E-2	1.370266E-2	-3.638771E+10	-3.643014E+10	6.121275E+7	4.243339E+7	-3.515105E+11
5.442810E+2	1.553454E+0	4.544870E+10	1.551290E+0	9.365338E+9	1.558921E+0	4.549041E+10	1.545907E+0	9.335989E+9	1.538175E+0	3.117622E+11	1.540448E+0	3.137449E+11	1.540788E+0	3.572526E+11	1.542083E+0	3.591936E+11	-2.164234E-3	-1.301368E-2	5.383117E-3	1.084944E-2	9.207506E-3	-3.608336E+10	-3.615442E+10	2.934968E+7	7.105434E+7	-3.498283E+11
5.445240E+2	1.499389E+0	4.391470E+10	1.491746E+0	9.016733E+9	1.504715E+0	4.395637E+10	1.497261E+0	9.051249E+9	1.490845E+0	3.024654E+11	1.491066E+0	3.039991E+11	1.492592E+0	3.464218E+11	1.492112E+0	3.479138E+11	-7.643038E-3	-7.454659E-3	-5.514734E-3	-1.883788E-4	-3.660806E-4	-3.489797E+10	-3.490512E+10	-3.451565E+7	7.155752E+6	-3.388971E+11
5.447720E+2	1.427203E+0	4.186656E+10	1.432962E+0	8.672581E+9	1.430124E+0	4.184540E+10	1.417749E+0	8.585845E+9	1.411586E+0	2.868972E+11	1.411619E+0	2.883197E+11	1.413920E+0	3.287426E+11	1.413578E+0	3.301862E+11	5.759498E-3	-1.237506E-2	1.521346E-2	1.813456E-2	1.938484E-2	-3.319398E+10	-3.325956E+10	8.673582E+7	6.558183E+7	-3.215136E+11
5.450150E+2	1.345207E+0	3.954008E+10	1.337631E+0	8.114458E+9	1.342501E+0	3.936562E+10	1.372079E+0	8.318528E+9	1.334209E+0	2.716986E+11	1.335051E+0	2.732086E+11	1.335253E+0	3.110642E+11	1.336328E+0	3.127487E+11	-7.575723E-3	2.957847E-2	-3.444802E-2	-3.715419E-2	1.303224E-3	-3.142562E+10	-3.104710E+10	-2.040700E+8	-3.785211E+8	-3.046342E+11
5.452800E+2	1.269841E+0	3.740171E+10	1.285503E+0	7.809273E+9	1.265823E+0	3.719562E+10	1.275594E+0	7.753775E+9	1.261791E+0	2.574740E+11	1.259661E+0	2.583299E+11	1.262299E+0	2.946697E+11	1.260941E+0	2.957316E+11	1.566241E-2	9.770845E-3	9.909183E-3	5.891565E-3	2.456248E-2	-2.959244E+10	-2.944185E+10	5.549714E+7	-1.505929E+8	-2.879223E+11
5.455500E+2	1.220182E+0	3.599272E+10	1.237618E+0	7.528926E+9	1.221221E+0	3.593334E+10	1.199810E+0	7.310187E+9	1.216502E+0	2.485784E+11	1.214938E+0	2.495033E+11	1.217097E+0	2.845117E+11	1.215597E+0	2.854960E+11	1.743691E-2	-2.141110E-2	3.780887E-2	3.884801E-2	2.202170E-2	-2.846379E+10	-2.862316E+10	2.187395E+8	1.593658E+8	-2.779671E+11
5.457720E+2	1.185017E+0	3.499499E+10	1.184432E+0	7.217545E+9	1.176488E+0	3.466740E+10	1.175411E+0	7.167373E+9	1.177202E+0	2.408589E+11	1.171918E+0	2.410131E+11	1.177112E+0	2.755263E+11	1.173564E+0	2.760081E+11	-5.845341E-4	-1.077897E-3	9.021804E-3	4.933629E-4	1.086806E-2	-2.777744E+10	-2.750003E+10	5.017194E+7	-2.774137E+8	-2.687905E+11
5.460160E+2	1.139303E+0	3.369795E+10	1.152628E+0	7.031346E+9	1.154178E+0	3.403600E+10	1.165043E+0	7.106690E+9	1.138581E+0	2.332728E+11	1.143760E+0	2.354559E+11	1.140545E+0	2.673088E+11	1.143200E+0	2.691539E+11	1.332516E-2	1.086553E-2	-1.241494E-2	2.459631E-3	9.428647E-3	-2.666660E+10	-2.692931E+10	-7.534442E+7	2.627072E+8	-2.621225E+11
5.467710E+2	1.209488E+0	3.568930E+10	1.198581E+0	7.300378E+9	1.212717E+0	3.569267E+10	1.186424E+0	7.231837E+9	1.199214E+0	2.451825E+11	1.197517E+0	2.460653E+11	1.200914E+0	2.808752E+11	1.199022E+0	2.817546E+11	-1.090679E-2	-2.629271E-2	1.215691E-2	1.538592E-2	-4.412305E-4	-2.838892E+10	-2.846084E+10	6.854090E+7	7.191869E+7	-2.744543E+11
5.475230E+2	1.325613E+0	3.898414E+10	1.299075E+0	7.888730E+9	1.309402E+0	3.842892E+10	1.317685E+0	8.000146E+9	1.312184E+0	2.673724E+11	1.311025E+0	2.684668E+11	1.311834E+0	3.058014E+11	1.312858E+0	3.074509E+11	-2.653797E-2	8.283332E-3	-1.861003E-2	-3.482130E-2	-1.378316E-2	-3.109541E+10	-3.042877E+10	-1.114160E+8	-6.666439E+8	-2.995622E+11
5.482600E+2	1.432892E+0	4.202797E+10	1.425851E+0	8.630947E+9	1.439377E+0	4.210728E+10	1.424440E+0	8.625009E+9	1.414762E+0	2.875211E+11	1.419829E+0	2.899401E+11	1.417862E+0	3.296284E+11	1.421471E+0	3.319680E+11	-7.040968E-3	-1.493751E-2	1.411165E-3	7.896543E-3	4.379879E-3	-3.339703E+10	-3.348227E+10	5.938023E+6	8.524150E+7	-3.233371E+11
5.490490E+2	1.414725E+0	4.151251E+10	1.404495E+0	8.505916E+9	1.416976E+0	4.147332E+10	1.391417E+0	8.431720E+9	1.402363E+0	2.850855E+11	1.399189E+0	2.858666E+11	1.404203E+0	3.265588E+11	1.401142E+0	3.273791E+11	-1.022968E-2	-2.555884E-2	1.307750E-2	1.532916E-2	3.352948E-3	-3.300659E+10	-3.304160E+10	7.419654E+7	3.500387E+7	-3.188732E+11
5.497960E+2	1.369057E+0	4.021677E+10	1.343088E+0	8.146407E+9	1.363583E+0	3.996226E+10	1.354235E+0	8.214083E+9	1.348494E+0	2.745044E+11	1.350053E+0	2.761692E+11	1.350394E+0	3.144667E+11	1.352441E+0	3.163860E+11	-2.596827E-2	-9.347352E-3	-1.114708E-2	-1.662092E-2	-9.353170E-3	-3.207036E+10	-3.174817E+10	-6.767619E+7	-3.221862E+8	-3.082396E+11
5.505110E+2	1.291555E+0	3.801782E+10	1.285535E+0	7.809455E+9	1.287886E+0	3.781999E+10	1.293217E+0	7.856926E+9	1.284747E+0	2.619832E+11	1.287135E+0	2.637519E+11	1.285142E+0	2.998031E+11	1.287690E+0	3.017697E+11	-6.020723E-3	5.331526E-3	-7.682375E-3	-1.135225E-2	-2.155677E-3	-3.020836E+10	-2.996306E+10	-4.747099E+7	-2.452973E+8	-2.939603E+11
5.512620E+2	1.275804E+0	3.757091E+10	1.261568E+0	7.669140E+9	1.295456E+0	3.803424E+10	1.278187E+0	7.768950E+9	1.275643E+0	2.601950E+11	1.278914E+0	2.621296E+11	1.278139E+0	2.982293E+11	1.278523E+0	2.997005E+11	-1.423634E-2	-1.726923E-2	-1.661887E-2	3.032889E-3	-1.695561E-2	-2.990177E+10	-3.026529E+10	-9.980984E+7	3.635212E+8	-2.920313E+11
5.520210E+2	1.268384E+0	3.736037E+10	1.271180E+0	7.725414E+9	1.265304E+0	3.718092E+10	1.264691E+0	7.689955E+9	1.255818E+0	2.563008E+11	1.259322E+0	2.582630E+11	1.257012E+0	2.934817E+11	1.260461E+0	2.956233E+11	2.795954E-3	-6.129098E-4	6.488837E-3	3.408864E-3	1.071833E-2	-2.963495E+10	-2.949096E+10	3.545834E+7	-1.439900E+8	-2.878979E+11
5.527590E+2	1.255510E+0	3.699508E+10	1.246256E+0	7.579493E+9	1.249715E+0	3.673976E+10	1.258539E+0	7.653949E+9	1.245777E+0	2.543285E+11	1.243422E+0	2.551249E+11	1.246273E+0	2.910683E+11	1.244941E+0	2.921200E+11	-9.253976E-3	8.824155E-3	-1.228387E-2	-1.807813E-2	1.314376E-3	-2.941559E+10	-2.908581E+10	-7.445576E+7	-3.297843E+8	-2.845405E+11
5.535440E+2	1.190851E+0	3.516052E+10	1.188935E+0	7.243908E+9	1.191346E+0	3.508788E+10	1.175463E+0	7.167678E+9	1.183365E+0	2.420695E+11	1.184616E+0	2.435192E+11	1.184370E+0	2.771574E+11	1.185400E+0	2.786797E+11	-1.915527E-3	-1.588330E-2	1.347267E-2	1.396778E-2	3.535438E-3	-2.791661E+10	-2.792020E+10	7.622989E+7	3.591010E+6	-2.714358E+11
5.542580E+2	1.101936E+0	3.263771E+10	1.091835E+0	6.675426E+9	1.107182E+0	3.270601E+10	1.108465E+0	6.775524E+9	1.094725E+0	2.246585E+11	1.096906E+0	2.262091E+11	1.096294E+0	2.573645E+11	1.097539E+0	2.588468E+11	-1.010072E-2	1.283069E-3	-1.663055E-2	-1.138379E-2	-5.703718E-3	-2.596228E+10	-2.593048E+10	-1.000984E+8	-3.180329E+7	-2.521714E+11
5.550250E+2	1.009342E+0	3.001054E+10	9.912762E-1	6.086699E+9	1.006140E+0	2.984645E+10	1.016547E+0	6.237503E+9	1.000883E+0	2.062260E+11	1.002148E+0	2.075079E+11	1.001545E+0	2.360724E+11	1.003052E+0	2.375184E+11	-1.806553E-2	1.040777E-2	-2.527115E-2	-2.847330E-2	-1.177609E-2	-2.392384E+10	-2.360895E+10	-1.508046E+8	-3.148906E+8	-2.314317E+11
5.557550E+2	9.420420E-1	2.810103E+10	9.582492E-1	5.893340E+9	9.527486E-1	2.833546E+10	9.631990E-1	5.925241E+9	9.472447E-1	1.956901E+11	9.503003E-1	1.972754E+11	9.479378E-1	2.240256E+11	9.492623E-1	2.253764E+11	1.620721E-2	1.045042E-2	-4.949841E-3	5.756790E-3	8.986878E-3	-2.220769E+10	-2.241022E+10	-3.190135E+7	2.025272E+8	-2.194831E+11
5.560190E+2	9.450081E-1	2.818519E+10	9.566508E-1	5.883982E+9	9.547393E-1	2.839180E+10	9.533245E-1	5.867443E+9	9.495480E-1	1.961425E+11	9.511322E-1	1.974396E+11	9.502018E-1	2.245343E+11	9.503625E-1	2.256248E+11	1.164265E-2	-1.414821E-3	3.326318E-3	1.305747E-2	6.288316E-3	-2.230121E+10	-2.252436E+10	1.653919E+7	2.231458E+8	-2.197408E+11
5.565140E+2	9.720765E-1	2.895321E+10	9.714998E-1	5.970916E+9	9.599507E-1	2.853928E+10	9.850018E-1	6.052858E+9	9.709145E-1	2.003394E+11	9.684113E-1	2.008497E+11	9.695338E-1	2.288787E+11	9.688720E-1	2.298029E+11	-5.766623E-4	2.505105E-2	-1.350195E-2	-2.562771E-2	2.627845E-3	-2.298229E+10	-2.248643E+10	-8.194200E+7	-4.958625E+8	-2.238320E+11
5.570440E+2	9.928661E-1	2.954307E+10	9.900218E-1	6.079355E+9	9.978594E-1	2.961212E+10	9.718606E-1	5.975939E+9	9.911139E-1	2.043070E+11	9.920548E-1	2.055159E+11	9.919634E-1	2.339191E+11	9.921568E-1	2.350590E+11	-2.844268E-3	-2.599881E-2	1.816124E-2	2.315454E-2	-2.134981E-3	-2.346372E+10	-2.363618E+10	1.034153E+8	1.724615E+8	-2.289796E+11
5.575640E+2	9.963854E-1	2.964293E+10	9.988224E-1	6.130878E+9	9.799974E-1	2.910661E+10	9.792227E-1	6.019032E+9	9.935530E-1	2.047861E+11	9.905169E-1	2.052124E+11	9.918459E-1	2.338927E+11	9.912545E-1	2.348553E+11	2.436993E-3	-7.746892E-4	1.959970E-2	3.211682E-3	7.567892E-3	-2.351205E+10	-2.308758E+10	1.118464E+8	-4.244643E+8	-2.287244E+11
5.580230E+2	9.924588E-1	2.953151E+10	1.002928E+0	6.154917E+9	9.910937E-1	2.942064E+10	9.849308E-1	6.052443E+9	9.958881E-1	2.052448E+11	9.931486E-1	2.057318E+11	9.952844E-1	2.346654E+11	9.930619E-1	2.352633E+11	1.046965E-2	-6.162915E-3	1.799767E-2	1.663257E-2	9.866496E-3	-2.337660E+10	-2.336820E+10	1.024746E+8	-8.395356E+6	-2.291084E+11
5.585160E+2	9.946391E-1	2.959338E+10	9.867194E-1	6.060020E+9	1.003811E+0	2.978054E+10	1.006625E+0	6.179428E+9	1.000839E+0	2.062172E+11	1.001032E+0	2.072877E+11	1.001213E+0	2.359978E+11	1.000229E+0	2.368811E+11	-7.919700E-3	2.814835E-3	-1.990611E-2	-1.073454E-2	-1.350936E-2	-2.353336E+10	-2.360111E+10	-1.194075E+8	6.775689E+7	-2.308210E+11
5.590210E+2	1.012680E+0	3.010524E+10	9.976519E-1	6.124026E+9	1.013101E+0	3.004347E+10	1.021112E+0	6.264222E+9	1.011206E+0	2.082535E+11	1.013999E+0	2.098468E+11	1.011444E+0	2.382970E+11	1.013834E+0	2.399521E+11	-1.502781E-2	8.010803E-3	-2.346018E-2	-2.303861E-2	-1.618171E-2	-2.398122E+10	-2.377925E+10	-1.401963E+8	-2.019718E+8	-2.338281E+11
5.595110E+2	1.018350E+0	3.026612E+10	1.028789E+0	6.306317E+9	1.029850E+0	3.051747E+10	1.021786E+0	6.268165E+9	1.023015E+0	2.105731E+11	1.023249E+0	2.116723E+11	1.023876E+0	2.410906E+11	1.022633E+0	2.419384E+11	1.043871E-2	-8.064363E-3	7.002775E-3	1.850307E-2	6.155283E-3	-2.395981E+10	-2.424930E+10	3.815208E+7	2.894977E+8	-2.356321E+11
5.600520E+2	1.020442E+0	3.032549E+10	9.988608E-1	6.131103E+9	1.018627E+0	3.019986E+10	1.018977E+0	6.251727E+9	1.017517E+0	2.094931E+11	1.017809E+0	2.105987E+11	1.017656E+0	2.396930E+11	1.018140E+0	2.409242E+11	-2.158118E-2	3.500880E-4	-2.011656E-2	-2.193127E-2	-1.927940E-2	-2.419438E+10	-2.394813E+10	-1.206236E+8	-2.462508E+8	-2.347931E+11
5.605090E+2	1.001277E+0	2.978170E+10	1.021785E+0	6.265312E+9	1.002054E+0	2.973082E+10	1.006610E+0	6.179337E+9	1.000909E+0	2.062311E+11	1.000871E+0	2.072559E+11	1.001053E+0	2.359619E+11	1.000922E+0	2.370376E+11	2.050802E-2	4.556276E-3	1.517474E-2	1.595174E-2	2.086231E-2	-2.351639E+10	-2.355148E+10	8.597575E+7	3.508749E+7	-2.307723E+11
5.610010E+2	9.988262E-1	2.971218E+10	1.002922E+0	6.154882E+9	1.003656E+0	2.977616E+10	1.003874E+0	6.163321E+9	9.950447E-1	2.050791E+11	9.989069E-1	2.068682E+11	9.961292E-1	2.348553E+11	9.988968E-1	2.365804E+11	4.096250E-3	2.177313E-4	-9.513344E-4	3.878518E-3	4.025639E-3	-2.355730E+10	-2.361284E+10	-8.439043E+6	5.554841E+7	-2.304255E+11
