Photon Energy (eV)	X ref norm	X ref	X pump norm	X pump	Y ref norm	Y ref	Y pump norm	Y pump	X all norm	X all	Y all norm	Y all	X all Y ref norm	X all Y ref	Y all X ref norm	Y all X ref	BC(X hist) norm	BC(Y hist) norm	StS norm	BCSC norm	BCLR norm	BC(X hist)	BC(Y hist)	StS	BCSC	BCLR	
5.290120E+2	-3.015451E-2	2.988083E+9	-2.133815E-2	1.492324E+8	-2.975384E-2	2.965228E+9	-2.235970E-2	1.554110E+8	-2.770643E-2	2.378085E+10	-2.861151E-2	2.390577E+10	-2.793850E-2	2.674608E+10	-2.878525E-2	2.689385E+10	8.816361E-3	7.394136E-3	1.021551E-3	1.422225E-3	7.447095E-3	-2.838851E+9	-2.809817E+9	-6.178605E+6	-2.903389E+7	-2.674462E+10
5.295010E+2	1.673492E-2	3.704842E+9	2.636185E-2	1.837236E+8	1.531448E-2	3.654234E+9	-1.421734E-3	1.700268E+8	1.600996E-2	2.900899E+10	1.700338E-2	2.940124E+10	1.593113E-2	3.266322E+10	1.697316E-2	3.310609E+10	9.626927E-3	-1.673622E-2	2.778358E-2	2.636314E-2	9.388690E-3	-3.521119E+9	-3.484207E+9	1.369678E+7	-3.691186E+7	-3.292236E+10
5.300110E+2	-1.769616E-3	3.421979E+9	-2.622501E-3	1.627654E+8	-4.410852E-3	3.352672E+9	6.423842E-3	1.755035E+8	-1.146039E-3	2.695727E+10	-1.797159E-3	2.713624E+10	-1.516090E-3	3.030994E+10	-1.794058E-3	3.055822E+10	-8.528851E-4	1.083469E-2	-9.046343E-3	-1.168758E-2	-8.284437E-4	-3.259214E+9	-3.177169E+9	-1.273808E+7	-8.204498E+7	-3.039545E+10
5.305330E+2	-1.743961E-2	3.182445E+9	-1.650716E-2	1.527256E+8	-1.551015E-2	3.182986E+9	-2.351585E-3	1.693778E+8	-1.779603E-2	2.496606E+10	-1.648057E-2	2.536725E+10	-1.753693E-2	2.814904E+10	-1.658856E-2	2.854969E+10	9.324582E-4	1.315856E-2	-1.415557E-2	-1.222611E-2	8.139966E-5	-3.029720E+9	-3.013608E+9	-1.665216E+7	-1.611143E+7	-2.839697E+10
5.310100E+2	-1.683032E-3	3.423303E+9	-9.926336E-3	1.574841E+8	3.907543E-3	3.479844E+9	-4.439867E-3	1.679200E+8	-8.541382E-4	2.699217E+10	-2.202779E-4	2.732621E+10	-3.144246E-4	3.047202E+10	-3.849775E-4	3.074952E+10	-8.243304E-3	-8.347409E-3	-5.486469E-3	1.041054E-4	-9.541359E-3	-3.265819E+9	-3.311924E+9	-1.043592E+7	4.610547E+7	-3.059203E+10
5.315130E+2	-7.028691E-3	3.341588E+9	-3.217967E-2	1.413930E+8	-5.950008E-3	3.329142E+9	-1.379722E-2	1.613881E+8	-1.014176E-2	2.588145E+10	-1.140290E-2	2.597898E+10	-9.666647E-3	2.921059E+10	-1.091038E-2	2.932057E+10	-2.515098E-2	-7.847213E-3	-1.838245E-2	-1.730377E-2	-2.126929E-2	-3.200195E+9	-3.167754E+9	-1.999506E+7	-3.244162E+7	-2.917918E+10
5.320020E+2	2.877099E-2	3.888828E+9	2.271063E-2	1.810835E+8	2.414757E-2	3.789274E+9	3.484374E-2	1.953422E+8	2.902405E-2	3.056537E+10	2.839836E-2	3.077406E+10	2.847133E-2	3.435465E+10	2.844032E-2	3.466289E+10	-6.060365E-3	1.069617E-2	-1.213312E-2	-1.675653E-2	-5.729690E-3	-3.707744E+9	-3.593932E+9	-1.425871E+7	-1.138121E+8	-3.448180E+10
5.325070E+2	1.256956E-2	3.641170E+9	3.350134E-2	1.888861E+8	1.225525E-2	3.607464E+9	3.102525E-3	1.731850E+8	1.261038E-2	2.860243E+10	1.311067E-2	2.893227E+10	1.257013E-2	3.220989E+10	1.304975E-2	3.257344E+10	2.093179E-2	-9.152725E-3	3.039882E-2	3.008451E-2	2.045160E-2	-3.452284E+9	-3.434279E+9	1.570107E+7	-1.800481E+7	-3.238455E+10
5.330080E+2	1.192880E-2	3.631375E+9	-8.625854E-3	1.584245E+8	7.522180E-3	3.535105E+9	3.831979E-3	1.736942E+8	1.068028E-2	2.837160E+10	1.013574E-2	2.857386E+10	1.032233E-2	3.190671E+10	1.033763E-2	3.220524E+10	-2.055465E-2	-3.690201E-3	-1.245783E-2	-1.686445E-2	-1.896349E-2	-3.472951E+9	-3.361411E+9	-1.526977E+7	-1.115402E+8	-3.204681E+10
5.332090E+2	1.845476E-2	3.731132E+9	3.167988E-2	1.875690E+8	2.021138E-2	3.729098E+9	5.661090E-2	2.105369E+8	2.287724E-2	2.983026E+10	2.129820E-2	2.991866E+10	2.257508E-2	3.355936E+10	2.097804E-2	3.364980E+10	1.322512E-2	3.639952E-2	-2.493101E-2	-2.317439E-2	1.070184E-2	-3.543563E+9	-3.518561E+9	-2.296784E+7	-2.500234E+7	-3.346223E+10
5.334060E+2	3.738107E-2	4.020443E+9	3.445070E-2	1.895726E+8	3.460200E-2	3.949102E+9	4.105351E-2	1.996769E+8	3.707101E-2	3.152773E+10	3.856346E-2	3.199870E+10	3.679116E-2	3.547683E+10	3.843033E-2	3.601915E+10	-2.930372E-3	6.451508E-3	-6.602806E-3	-9.381879E-3	-3.979622E-3	-3.830870E+9	-3.749425E+9	-1.010437E+7	-8.144521E+7	-3.582957E+10
5.336180E+2	5.738189E-2	4.326178E+9	6.108497E-2	2.088315E+8	5.143191E-2	4.206398E+9	1.321527E-2	1.802443E+8	5.783858E-2	3.401136E+10	5.621846E-2	3.412570E+10	5.711241E-2	3.821776E+10	5.634946E-2	3.845188E+10	3.703080E-3	-3.821664E-2	4.786970E-2	4.191972E-2	4.735511E-3	-4.117347E+9	-4.026154E+9	2.858718E+7	-9.119311E+7	-3.824304E+10
5.338260E+2	3.428255E-2	3.973078E+9	2.987842E-2	1.862664E+8	3.807388E-2	4.002180E+9	1.487565E-2	1.814033E+8	3.590991E-2	3.138887E+10	3.505058E-2	3.157549E+10	3.615519E-2	3.539105E+10	3.496410E-2	3.554856E+10	-4.404127E-3	-2.319823E-2	1.500277E-2	1.879410E-2	-5.085677E-3	-3.786812E+9	-3.820777E+9	4.863082E+6	3.396495E+7	-3.536230E+10
5.340070E+2	7.408423E-2	4.581493E+9	6.451891E-2	2.113145E+8	6.873479E-2	4.470925E+9	8.046390E-2	2.271876E+8	7.607297E-2	3.619206E+10	7.334306E-2	3.618879E+10	7.524123E-2	4.066298E+10	7.342651E-2	4.077028E+10	-9.565322E-3	1.172910E-2	-1.594499E-2	-2.129442E-2	-8.907601E-3	-4.370178E+9	-4.243737E+9	-1.587309E+7	-1.264410E+8	-4.055897E+10
5.342090E+2	1.044049E-1	5.044979E+9	1.338291E-1	2.614318E+8	1.085276E-1	5.079278E+9	8.483440E-2	2.302385E+8	1.076374E-1	3.996691E+10	1.051221E-1	4.001739E+10	1.077383E-1	4.504619E+10	1.050414E-1	4.506237E+10	2.942424E-2	-2.369317E-2	4.899474E-2	5.311741E-2	2.878780E-2	-4.783547E+9	-4.849039E+9	3.119340E+7	6.549205E+7	-4.480093E+10
5.344170E+2	2.114497E-1	6.681282E+9	2.221105E-1	3.252670E+8	2.220451E-1	6.814736E+9	2.024994E-1	3.123752E+8	2.247230E-1	5.396944E+10	2.208674E-1	5.396185E+10	2.244195E-1	6.078418E+10	2.198070E-1	6.064314E+10	1.066077E-2	-1.954564E-2	1.961107E-2	3.020641E-2	2.303483E-3	-6.356015E+9	-6.502361E+9	1.289174E+7	1.463453E+8	-6.031787E+10
5.346200E+2	3.324865E-1	8.531469E+9	3.695178E-1	4.318553E+8	3.455995E-1	8.703640E+9	3.459599E-1	4.125187E+8	3.532260E-1	6.933739E+10	3.446773E-1	6.887791E+10	3.523616E-1	7.804103E+10	3.433047E-1	7.740938E+10	3.703131E-2	3.603661E-4	2.355792E-2	3.667094E-2	2.621314E-2	-8.099614E+9	-8.291121E+9	1.933664E+7	1.915073E+8	-7.697752E+10
5.348120E+2	6.279840E-1	1.304849E+10	6.320213E-1	6.216683E+8	6.472840E-1	1.331580E+10	6.477178E-1	6.231626E+8	6.530068E-1	1.051888E+11	6.384250E-1	1.042673E+11	6.523581E-1	1.185046E+11	6.372494E-1	1.173158E+11	4.037391E-3	4.338201E-4	-1.569644E-2	3.603571E-3	-5.228065E-3	-1.242682E+10	-1.269264E+10	-1.494314E+6	2.658166E+8	-1.166941E+11
5.350100E+2	1.058056E+0	1.962264E+10	1.050027E+0	9.239229E+8	1.067752E+0	1.974392E+10	1.017761E+0	8.814733E+8	1.071326E+0	1.552166E+11	1.057384E+0	1.547416E+11	1.070921E+0	1.749605E+11	1.057460E+0	1.743642E+11	-8.029049E-3	-4.999091E-2	3.226636E-2	4.196186E-2	-7.432788E-3	-1.869871E+10	-1.886245E+10	4.244960E+7	1.637321E+8	-1.734403E+11
5.352080E+2	1.582381E+0	2.763754E+10	1.510666E+0	1.257005E+9	1.591380E+0	2.774915E+10	1.592547E+0	1.282706E+9	1.561458E+0	2.138324E+11	1.557184E+0	2.149552E+11	1.564849E+0	2.415816E+11	1.560021E+0	2.425927E+11	-7.171466E-2	1.167670E-3	-8.188121E-2	-7.288233E-2	-4.935493E-2	-2.638053E+10	-2.646645E+10	-2.570145E+7	8.591324E+7	-2.413357E+11
5.354110E+2	1.836500E+0	3.152205E+10	1.691793E+0	1.387975E+9	1.849566E+0	3.169632E+10	1.779298E+0	1.413069E+9	1.807116E+0	2.432113E+11	1.812290E+0	2.456892E+11	1.811928E+0	2.749076E+11	1.815016E+0	2.772112E+11	-1.447076E-1	-7.026894E-2	-8.750481E-2	-7.443864E-2	-1.232229E-1	-3.013408E+10	-3.028325E+10	-2.509321E+7	1.491784E+8	-2.758233E+11
5.356250E+2	2.248887E+0	3.782586E+10	2.076204E+0	1.665938E+9	2.254242E+0	3.788301E+10	2.240773E+0	1.735204E+9	2.183955E+0	2.882782E+11	2.198453E+0	2.922124E+11	2.191921E+0	3.261612E+11	2.204132E+0	3.300382E+11	-1.726834E-1	-1.346841E-2	-1.645697E-1	-1.592150E-1	-1.279282E-1	-3.615992E+10	-3.614780E+10	-6.926656E+7	-1.211505E+7	-3.283723E+11
5.358130E+2	2.172518E+0	3.665847E+10	2.056951E+0	1.652017E+9	2.177327E+0	3.670714E+10	2.093842E+0	1.632638E+9	2.115896E+0	2.801389E+11	2.122722E+0	2.830886E+11	2.122859E+0	3.168460E+11	2.128329E+0	3.197471E+11	-1.155671E-1	-8.348552E-2	-3.689056E-2	-3.208155E-2	-7.137726E-2	-3.500646E+10	-3.507450E+10	1.937873E+7	6.804398E+7	-3.180951E+11
5.360070E+2	2.202019E+0	3.710943E+10	2.054719E+0	1.650403E+9	2.185041E+0	3.682507E+10	2.112358E+0	1.645564E+9	2.150569E+0	2.842856E+11	2.155986E+0	2.870962E+11	2.154476E+0	3.211106E+11	2.161169E+0	3.242056E+11	-1.473004E-1	-7.268327E-2	-5.763927E-2	-7.461717E-2	-1.064506E-1	-3.545903E+10	-3.517951E+10	4.839090E+6	-2.795191E+8	-3.225552E+11
5.362050E+2	1.821712E+0	3.129600E+10	1.700693E+0	1.394411E+9	1.814283E+0	3.115690E+10	1.782870E+0	1.415563E+9	1.794362E+0	2.416860E+11	1.794665E+0	2.435658E+11	1.796620E+0	2.728429E+11	1.797710E+0	2.748618E+11	-1.210189E-1	-3.141230E-2	-8.217727E-2	-8.960665E-2	-9.701696E-2	-2.990159E+10	-2.974134E+10	-2.115150E+7	-1.602441E+8	-2.734674E+11
5.364090E+2	1.734728E+0	2.996634E+10	1.610035E+0	1.328857E+9	1.726098E+0	2.980874E+10	1.669498E+0	1.336422E+9	1.703772E+0	2.308521E+11	1.703459E+0	2.325777E+11	1.706302E+0	2.606608E+11	1.706979E+0	2.625441E+11	-1.246931E-1	-5.660014E-2	-5.946342E-2	-6.809296E-2	-9.694493E-2	-2.863748E+10	-2.847231E+10	-7.565256E+6	-1.651690E+8	-2.612152E+11
5.366350E+2	1.432934E+0	2.535308E+10	1.342749E+0	1.135587E+9	1.445757E+0	2.552288E+10	1.407966E+0	1.153858E+9	1.430405E+0	1.981595E+11	1.423492E+0	1.988486E+11	1.432145E+0	2.236824E+11	1.424555E+0	2.242017E+11	-9.018466E-2	-3.779108E-2	-6.521664E-2	-5.239358E-2	-8.180557E-2	-2.421749E+10	-2.436902E+10	-1.827180E+7	1.515271E+8	-2.230661E+11
5.368130E+2	1.408935E+0	2.498622E+10	1.394214E+0	1.172800E+9	1.391584E+0	2.469467E+10	1.430038E+0	1.169266E+9	1.393386E+0	1.937324E+11	1.387469E+0	1.945087E+11	1.393182E+0	2.184271E+11	1.389886E+0	2.194949E+11	-1.472086E-2	3.845402E-2	-3.582361E-2	-5.317488E-2	4.328190E-3	-2.381342E+10	-2.352540E+10	3.534403E+6	-2.880176E+8	-2.183221E+11
5.370010E+2	1.181196E+0	2.150497E+10	1.135685E+0	9.858607E+8	1.174380E+0	2.137405E+10	1.132153E+0	9.613257E+8	1.183884E+0	1.686776E+11	1.172410E+0	1.685994E+11	1.182807E+0	1.900516E+11	1.173399E+0	1.901044E+11	-4.551130E-2	-4.222645E-2	3.531204E-3	-3.284852E-3	-3.771494E-2	-2.051911E+10	-2.041273E+10	2.453496E+7	-1.063809E+8	-1.891185E+11
5.372270E+2	1.195280E+0	2.172026E+10	1.160809E+0	1.004028E+9	1.182754E+0	2.150208E+10	1.131149E+0	9.606249E+8	1.180554E+0	1.682794E+11	1.175350E+0	1.689536E+11	1.180803E+0	1.897814E+11	1.177594E+0	1.906738E+11	-3.447088E-2	-5.160465E-2	2.966000E-2	1.713377E-2	-1.678476E-2	-2.071624E+10	-2.054145E+10	4.340323E+7	-1.747836E+8	-1.896698E+11
5.374110E+2	1.157948E+0	2.114960E+10	1.123810E+0	9.772740E+8	1.171687E+0	2.133288E+10	1.128426E+0	9.587240E+8	1.166032E+0	1.665427E+11	1.161632E+0	1.673009E+11	1.166673E+0	1.878755E+11	1.161218E+0	1.884505E+11	-3.413837E-2	-4.326068E-2	-4.616705E-3	9.122312E-3	-3.740796E-2	-2.017232E+10	-2.037416E+10	1.855002E+7	2.018371E+8	-1.874733E+11
5.376060E+2	1.311123E+0	2.349105E+10	1.284185E+0	1.093240E+9	1.311779E+0	2.347462E+10	1.264528E+0	1.053731E+9	1.304197E+0	1.830661E+11	1.296499E+0	1.835490E+11	1.305056E+0	2.065407E+11	1.298145E+0	2.070401E+11	-2.693774E-2	-4.725083E-2	1.965701E-2	2.031308E-2	-1.396012E-2	-2.239782E+10	-2.242089E+10	3.950883E+7	2.307052E+7	-2.059468E+11
5.378160E+2	1.573754E+0	2.750568E+10	1.538098E+0	1.276841E+9	1.571824E+0	2.745019E+10	1.481409E+0	1.205125E+9	1.554915E+0	2.130500E+11	1.551625E+0	2.142855E+11	1.556832E+0	2.405002E+11	1.554117E+0	2.417912E+11	-3.565592E-2	-9.041521E-2	5.668966E-2	5.475929E-2	-1.601856E-2	-2.622883E+10	-2.624506E+10	7.171545E+7	1.622734E+7	-2.405143E+11
5.380210E+2	1.591551E+0	2.777772E+10	1.525466E+0	1.267707E+9	1.590631E+0	2.773771E+10	1.540626E+0	1.246462E+9	1.563158E+0	2.140358E+11	1.566676E+0	2.160987E+11	1.566272E+0	2.417735E+11	1.569476E+0	2.438764E+11	-6.608522E-2	-5.000520E-2	-1.515988E-2	-1.608002E-2	-4.401043E-2	-2.651002E+10	-2.649125E+10	2.124424E+7	-1.876612E+7	-2.426087E+11
5.382110E+2	1.834206E+0	3.148698E+10	1.728725E+0	1.414681E+9	1.829251E+0	3.138574E+10	1.720411E+0	1.371962E+9	1.808307E+0	2.433537E+11	1.810187E+0	2.454358E+11	1.810681E+0	2.747394E+11	1.812891E+0	2.769228E+11	-1.054809E-1	-1.088402E-1	8.314236E-3	3.359309E-3	-8.416606E-2	-3.007230E+10	-3.001378E+10	4.271831E+7	-5.852143E+7	-2.755081E+11
5.384110E+2	1.885267E+0	3.226751E+10	1.821335E+0	1.481646E+9	1.895534E+0	3.239908E+10	1.899133E+0	1.496720E+9	1.853454E+0	2.487529E+11	1.859326E+0	2.513559E+11	1.858223E+0	2.811520E+11	1.862247E+0	2.836234E+11	-6.393159E-2	3.598381E-3	-7.779724E-2	-6.752997E-2	-4.091135E-2	-3.078586E+10	-3.090236E+10	-1.507418E+7	1.164991E+8	-2.821417E+11
5.386120E+2	1.905980E+0	3.258412E+10	1.843494E+0	1.497669E+9	1.900582E+0	3.247626E+10	1.859887E+0	1.469324E+9	1.863501E+0	2.499545E+11	1.876881E+0	2.534708E+11	1.867704E+0	2.824307E+11	1.880157E+0	2.860549E+11	-6.248562E-2	-4.069589E-2	-1.639247E-2	-2.178973E-2	-3.666317E-2	-3.108645E+10	-3.100693E+10	2.834445E+7	-7.952320E+7	-2.845573E+11
5.388120E+2	1.722398E+0	2.977787E+10	1.608851E+0	1.328001E+9	1.717666E+0	2.967982E+10	1.713293E+0	1.366994E+9	1.683020E+0	2.283704E+11	1.692291E+0	2.312323E+11	1.686947E+0	2.580502E+11	1.695681E+0	2.610101E+11	-1.135477E-1	-4.373086E-3	-1.044420E-1	-1.091746E-1	-8.683009E-2	-2.844987E+10	-2.831283E+10	-3.899244E+7	-1.370427E+8	-2.596821E+11
5.390130E+2	1.561409E+0	2.731697E+10	1.530589E+0	1.271411E+9	1.562533E+0	2.730815E+10	1.555921E+0	1.257140E+9	1.541885E+0	2.114917E+11	1.542761E+0	2.132176E+11	1.544225E+0	2.387998E+11	1.544861E+0	2.405345E+11	-3.081979E-2	-6.612004E-3	-2.533192E-2	-2.420779E-2	-1.427107E-2	-2.604556E+10	-2.605101E+10	1.427183E+7	5.457975E+6	-2.392631E+11
5.392190E+2	1.478671E+0	2.605221E+10	1.414549E+0	1.187504E+9	1.472436E+0	2.593074E+10	1.532235E+0	1.240605E+9	1.455576E+0	2.011699E+11	1.457384E+0	2.029318E+11	1.457487E+0	2.271006E+11	1.459781E+0	2.289840E+11	-6.412120E-2	5.979906E-2	-1.176852E-1	-1.239203E-1	-4.523176E-2	-2.486471E+10	-2.469013E+10	-5.310057E+7	-1.745766E+8	-2.277965E+11
5.394100E+2	1.238499E+0	2.238092E+10	1.203352E+0	1.034790E+9	1.239104E+0	2.236356E+10	1.265264E+0	1.054244E+9	1.226808E+0	1.738109E+11	1.229905E+0	1.755261E+11	1.228201E+0	1.961745E+11	1.230873E+0	1.979070E+11	-3.514756E-2	2.615964E-2	-6.191201E-2	-6.130720E-2	-2.752103E-2	-2.134613E+10	-2.130931E+10	-1.945428E+7	-3.681251E+7	-1.968722E+11
5.396110E+2	1.062166E+0	1.968545E+10	1.012180E+0	8.965562E+8	1.069381E+0	1.976882E+10	1.126985E+0	9.577178E+8	1.068421E+0	1.548692E+11	1.071953E+0	1.564967E+11	1.068530E+0	1.746380E+11	1.070851E+0	1.761822E+11	-4.998549E-2	5.760417E-2	-1.148047E-1	-1.075897E-1	-5.867053E-2	-1.878890E+10	-1.881111E+10	-6.116160E+7	2.220751E+7	-1.752856E+11
5.398180E+2	9.024486E-1	1.724400E+10	8.732033E-1	7.960639E+8	8.993634E-1	1.716960E+10	9.283363E-1	8.190500E+8	8.975317E-1	1.344321E+11	8.974546E-1	1.354740E+11	8.977393E-1	1.516017E+11	8.980169E-1	1.527180E+11	-2.924528E-2	2.897285E-2	-5.513296E-2	-5.821813E-2	-2.481358E-2	-1.644793E+10	-1.635055E+10	-2.298614E+7	-9.738617E+7	-1.519219E+11
5.400300E+2	8.138915E-1	1.589030E+10	8.398216E-1	7.719260E+8	8.202447E-1	1.596003E+10	8.250461E-1	7.469477E+8	8.159834E-1	1.246796E+11	8.130760E-1	1.253085E+11	8.164664E-1	1.406396E+11	8.131678E-1	1.411988E+11	2.593018E-2	4.801451E-3	1.477549E-2	2.112873E-2	2.665379E-2	-1.511837E+10	-1.521308E+10	2.497829E+7	9.470689E+7	-1.404268E+11
5.402050E+2	6.695059E-1	1.368320E+10	6.796691E-1	6.561218E+8	6.734833E-1	1.371634E+10	6.867838E-1	6.504328E+8	6.713365E-1	1.073809E+11	6.742279E-1	1.085807E+11	6.715798E-1	1.210973E+11	6.736962E-1	1.222639E+11	1.016326E-2	1.330046E-2	-7.114663E-3	-3.137200E-3	5.972902E-3	-1.302708E+10	-1.306590E+10	5.688927E+6	3.882620E+7	-1.216077E+11
5.404070E+2	5.729122E-1	1.220665E+10	6.156257E-1	6.098127E+8	5.866370E-1	1.238863E+10	5.888229E-1	5.820506E+8	5.808911E-1	9.656436E+10	5.846497E-1	9.778869E+10	5.815424E-1	1.089530E+11	5.833281E-1	1.099953E+11	4.271351E-2	2.185819E-3	2.680280E-2	4.052769E-2	3.229759E-2	-1.159684E+10	-1.180658E+10	2.776213E+7	2.097374E+8	-1.093855E+11
5.406030E+2	4.638318E-1	1.053923E+10	4.851605E-1	5.154750E+8	4.624346E-1	1.048982E+10	4.595389E-1	4.918032E+8	4.676385E-1	8.302023E+10	4.653952E-1	8.342145E+10	4.670487E-1	9.351005E+10	4.652192E-1	9.396069E+10	2.132863E-2	-2.895716E-3	2.562159E-2	2.422434E-2	1.994128E-2	-1.002376E+10	-9.998014E+9	2.367188E+7	-2.574479E+7	-9.344521E+10
5.408060E+2	4.576229E-1	1.044432E+10	4.751963E-1	5.082701E+8	4.669093E-1	1.055823E+10	4.490847E-1	4.845056E+8	4.642213E-1	8.261156E+10	4.662751E-1	8.352746E+10	4.645260E-1	9.316979E+10	4.653009E-1	9.397178E+10	1.757340E-2	-1.782461E-2	2.611159E-2	3.539801E-2	9.895391E-3	-9.936053E+9	-1.007372E+10	2.376451E+7	1.376684E+8	-9.346351E+10
5.410190E+2	3.965293E-1	9.510437E+9	4.120620E-1	4.626184E+8	3.898904E-1	9.380760E+9	4.085936E-1	4.562405E+8	4.018807E-1	7.515611E+10	3.970101E-1	7.518272E+10	4.005216E-1	8.453687E+10	3.969559E-1	8.469316E+10	1.553265E-2	1.870316E-2	3.468397E-3	-3.170512E-3	1.510603E-2	-9.047819E+9	-8.924519E+9	6.377963E+6	-1.232994E+8	-8.423054E+10
5.415140E+2	4.630598E-1	1.052743E+10	4.812940E-1	5.126792E+8	4.623789E-1	1.048897E+10	4.337855E-1	4.738259E+8	4.713085E-1	8.345914E+10	4.692856E-1	8.389015E+10	4.702964E-1	9.394810E+10	4.685846E-1	9.441758E+10	1.823420E-2	-2.859341E-2	4.750850E-2	4.682761E-2	1.270937E-2	-1.001475E+10	-1.001514E+10	3.885338E+7	3.869958E+5	-9.390491E+10
5.420160E+2	5.806761E-1	1.232533E+10	6.172939E-1	6.110191E+8	5.928785E-1	1.248405E+10	6.005116E-1	5.902100E+8	5.961803E-1	9.839283E+10	5.938168E-1	9.889311E+10	5.958061E-1	1.108769E+11	5.923372E-1	1.112184E+11	3.661788E-2	7.633129E-3	1.678230E-2	2.898475E-2	2.495670E-2	-1.171431E+10	-1.189384E+10	2.080902E+7	1.795237E+8	-1.106074E+11
5.424810E+2	7.273189E-1	1.456694E+10	7.413603E-1	7.007299E+8	7.529479E-1	1.493119E+10	7.716634E-1	7.096835E+8	7.427150E-1	1.159172E+11	7.443459E-1	1.170282E+11	7.438749E-1	1.308484E+11	7.424287E-1	1.315951E+11	1.404142E-2	1.871541E-2	-3.030300E-2	-4.673985E-3	-1.068349E-3	-1.386621E+10	-1.422151E+10	-8.953625E+6	3.553014E+8	-1.308944E+11
5.430120E+2	9.941989E-1	1.864650E+10	9.745560E-1	8.693507E+8	1.002216E+0	1.874200E+10	1.014593E+0	8.792618E+8	9.887047E-1	1.453357E+11	9.935443E-1	1.470505E+11	9.902361E-1	1.640777E+11	9.936180E-1	1.656970E+11	-1.964288E-2	1.237693E-2	-4.003661E-2	-3.201981E-2	-1.906201E-2	-1.777715E+10	-1.786274E+10	-9.911061E+6	8.558798E+7	-1.648276E+11
5.435010E+2	1.007690E+0	1.885273E+10	9.856013E-1	8.773374E+8	1.006319E+0	1.880474E+10	1.071782E+0	9.191830E+8	1.008161E+0	1.476625E+11	1.005149E+0	1.484486E+11	1.007952E+0	1.664672E+11	1.005435E+0	1.673013E+11	-2.208846E-2	6.546259E-2	-8.618050E-2	-8.755106E-2	-1.983391E-2	-1.797539E+10	-1.788556E+10	-4.184560E+7	-8.983553E+7	-1.664239E+11
5.440280E+2	1.135459E+0	2.080583E+10	1.099245E+0	9.595115E+8	1.151880E+0	2.103007E+10	1.173851E+0	9.904329E+8	1.145592E+0	1.640981E+11	1.150445E+0	1.659532E+11	1.146304E+0	1.851282E+11	1.148758E+0	1.867590E+11	-3.621459E-2	2.197120E-2	-7.460603E-2	-5.818579E-2	-4.951310E-2	-1.984632E+10	-2.003964E+10	-3.092134E+7	1.933142E+8	-1.857995E+11
5.445240E+2	1.075144E+0	1.988384E+10	1.054352E+0	9.270501E+8	1.085201E+0	2.001069E+10	1.028140E+0	8.887189E+8	1.080159E+0	1.562729E+11	1.080986E+0	1.575850E+11	1.080731E+0	1.762836E+11	1.080328E+0	1.774689E+11	-2.079190E-2	-5.706098E-2	2.621152E-2	3.626908E-2	-2.597619E-2	-1.895679E+10	-1.912197E+10	3.833123E+7	1.651810E+8	-1.765418E+11
5.450150E+2	1.065606E+0	1.973804E+10	1.052440E+0	9.256676E+8	1.059308E+0	1.961483E+10	1.090013E+0	9.319091E+8	1.054022E+0	1.531472E+11	1.053896E+0	1.543213E+11	1.054621E+0	1.727620E+11	1.055214E+0	1.740593E+11	-1.316567E-2	3.070482E-2	-3.757255E-2	-4.387049E-2	-2.774071E-3	-1.881237E+10	-1.868292E+10	-6.241475E+6	-1.294528E+8	-1.731337E+11
5.455180E+2	1.018414E+0	1.901666E+10	8.950698E-1	8.118753E+8	1.014326E+0	1.892715E+10	9.500997E-1	8.342421E+8	1.013950E+0	1.483548E+11	1.013123E+0	1.494092E+11	1.013993E+0	1.672820E+11	1.013719E+0	1.684259E+11	-1.233444E-1	-6.422637E-2	-5.502990E-2	-5.911806E-2	-1.186488E-1	-1.820479E+10	-1.809291E+10	-2.236685E+7	-1.118835E+8	-1.676140E+11
5.460110E+2	8.871654E-1	1.701037E+10	8.653664E-1	7.903971E+8	8.914036E-1	1.704791E+10	9.043730E-1	8.023223E+8	8.858543E-1	1.330356E+11	8.875112E-1	1.342761E+11	8.864833E-1	1.500835E+11	8.874722E-1	1.512864E+11	-2.179896E-2	1.296935E-2	-3.900660E-2	-3.476831E-2	-2.210583E-2	-1.621998E+10	-1.624558E+10	-1.192520E+7	2.560727E+7	-1.504960E+11
5.465160E+2	9.751786E-1	1.835576E+10	9.197065E-1	8.296897E+8	9.705682E-1	1.825818E+10	9.622257E-1	8.427067E+8	9.756813E-1	1.437782E+11	9.745806E-1	1.447658E+11	9.751018E-1	1.620364E+11	9.746479E-1	1.631215E+11	-5.547218E-2	-8.342478E-3	-4.251922E-2	-4.712971E-2	-5.494145E-2	-1.752607E+10	-1.741547E+10	-1.301701E+7	-1.105999E+8	-1.622919E+11
5.470110E+2	9.765425E-1	1.837661E+10	9.354083E-1	8.410435E+8	9.661975E-1	1.819136E+10	9.750338E-1	8.516475E+8	9.788054E-1	1.441518E+11	9.738720E-1	1.446804E+11	9.773764E-1	1.623432E+11	9.741727E-1	1.630570E+11	-4.113418E-2	8.836267E-3	-3.962541E-2	-4.997045E-2	-3.876438E-2	-1.753556E+10	-1.733971E+10	-1.060393E+7	-1.958542E+8	-1.622160E+11
5.475280E+2	1.140981E+0	2.089024E+10	1.074385E+0	9.415361E+8	1.140539E+0	2.085669E+10	1.117899E+0	9.513751E+8	1.131798E+0	1.624485E+11	1.130493E+0	1.635494E+11	1.132788E+0	1.833052E+11	1.131674E+0	1.844397E+11	-6.659532E-2	-2.264049E-2	-4.351310E-2	-4.395483E-2	-5.728863E-2	-1.994870E+10	-1.990532E+10	-9.838988E+6	-4.337933E+7	-1.834981E+11
5.480140E+2	1.239069E+0	2.238963E+10	1.205125E+0	1.036072E+9	1.234728E+0	2.229665E+10	1.200780E+0	1.009231E+9	1.224371E+0	1.735195E+11	1.226619E+0	1.751302E+11	1.225545E+0	1.958162E+11	1.228021E+0	1.975198E+11	-3.394424E-2	-3.394711E-2	4.344729E-3	2.867760E-6	-2.289542E-2	-2.135356E+10	-2.128742E+10	2.684103E+7	-6.614089E+7	-1.964838E+11
5.485170E+2	1.215282E+0	2.202602E+10	1.190924E+0	1.025804E+9	1.223877E+0	2.213077E+10	1.259157E+0	1.049981E+9	1.212875E+0	1.721447E+11	1.213548E+0	1.735555E+11	1.214122E+0	1.942754E+11	1.213743E+0	1.955815E+11	-2.435759E-2	3.527964E-2	-6.823206E-2	-5.963723E-2	-2.281851E-2	-2.100021E+10	-2.108078E+10	-2.417710E+7	8.057291E+7	-1.945557E+11
5.490380E+2	1.473730E+0	2.597668E+10	1.426605E+0	1.196222E+9	1.472746E+0	2.593548E+10	1.460200E+0	1.190320E+9	1.462760E+0	2.020289E+11	1.462464E+0	2.035437E+11	1.463891E+0	2.279644E+11	1.463732E+0	2.295204E+11	-4.712458E-2	-1.254625E-2	-3.359443E-2	-3.457833E-2	-3.712704E-2	-2.478046E+10	-2.474516E+10	5.901282E+6	-3.530442E+7	-2.283242E+11
5.495150E+2	1.424417E+0	2.522289E+10	1.399901E+0	1.176913E+9	1.423496E+0	2.518254E+10	1.453720E+0	1.185798E+9	1.414253E+0	1.962279E+11	1.422010E+0	1.986701E+11	1.415301E+0	2.214105E+11	1.422281E+0	2.238930E+11	-2.451568E-2	3.022483E-2	-5.381893E-2	-5.474051E-2	-2.237966E-2	-2.404597E+10	-2.399674E+10	-8.884977E+6	-4.923037E+7	-2.227160E+11
5.499770E+2	1.559728E+0	2.729127E+10	1.475461E+0	1.231549E+9	1.570936E+0	2.743662E+10	1.569976E+0	1.266950E+9	1.549180E+0	2.123641E+11	1.551183E+0	2.142322E+11	1.551646E+0	2.398007E+11	1.552145E+0	2.415235E+11	-8.426717E-2	-9.605338E-4	-9.451476E-2	-8.330663E-2	-7.668378E-2	-2.605972E+10	-2.616967E+10	-3.540159E+7	1.099457E+8	-2.402919E+11
5.505230E+2	1.554280E+0	2.720799E+10	1.511376E+0	1.257519E+9	1.549699E+0	2.711195E+10	1.557885E+0	1.258510E+9	1.540409E+0	2.113152E+11	1.543627E+0	2.133219E+11	1.541462E+0	2.384271E+11	1.544827E+0	2.405299E+11	-4.290379E-2	8.185782E-3	-4.650859E-2	-5.108958E-2	-3.345012E-2	-2.595047E+10	-2.585344E+10	-9.915940E+5	-9.703878E+7	-2.392724E+11
5.510360E+2	1.337564E+0	2.389524E+10	1.354163E+0	1.143840E+9	1.356690E+0	2.416122E+10	1.336643E+0	1.104071E+9	1.337471E+0	1.870454E+11	1.341066E+0	1.889183E+11	1.339649E+0	2.112066E+11	1.340672E+0	2.128135E+11	1.659877E-2	-2.004694E-2	1.751950E-2	3.664570E-2	1.349119E-2	-2.275140E+10	-2.305715E+10	3.976835E+7	3.057513E+8	-2.116697E+11
5.515060E+2	1.384050E+0	2.460583E+10	1.309143E+0	1.111287E+9	1.377402E+0	2.447787E+10	1.372044E+0	1.128783E+9	1.368521E+0	1.907587E+11	1.374499E+0	1.929462E+11	1.369528E+0	2.152366E+11	1.375575E+0	2.175520E+11	-7.490669E-2	-5.358899E-3	-6.290018E-2	-6.954780E-2	-6.643126E-2	-2.349454E+10	-2.334909E+10	-1.749598E+7	-1.454568E+8	-2.164407E+11
5.520150E+2	1.155393E+0	2.111054E+10	1.130070E+0	9.818009E+8	1.143851E+0	2.090732E+10	1.162912E+0	9.827973E+8	1.148215E+0	1.644118E+11	1.148383E+0	1.657047E+11	1.147720E+0	1.853191E+11	1.149172E+0	1.868152E+11	-2.532255E-2	1.906183E-2	-3.284244E-2	-4.438438E-2	-1.910199E-2	-2.012873E+10	-1.992452E+10	-9.964209E+5	-2.042101E+8	-1.858334E+11
5.525040E+2	1.145279E+0	2.095593E+10	1.136664E+0	9.865686E+8	1.165073E+0	2.123177E+10	1.192123E+0	1.003188E+9	1.152304E+0	1.649009E+11	1.153148E+0	1.662788E+11	1.153751E+0	1.861326E+11	1.152262E+0	1.872347E+11	-8.615111E-3	2.705026E-2	-5.545951E-2	-3.566537E-2	-1.559828E-2	-1.996937E+10	-2.022858E+10	-1.661935E+7	2.592148E+8	-1.862481E+11
5.530200E+2	1.051008E+0	1.951489E+10	1.096675E+0	9.576537E+8	1.055943E+0	1.956338E+10	1.063619E+0	9.134849E+8	1.044995E+0	1.520675E+11	1.045772E+0	1.533426E+11	1.046236E+0	1.716309E+11	1.046362E+0	1.728575E+11	4.566775E-2	7.676285E-3	3.305649E-2	3.799147E-2	5.031374E-2	-1.855724E+10	-1.864990E+10	4.416882E+7	9.265916E+7	-1.718999E+11
5.535050E+2	9.501041E-1	1.797247E+10	9.844705E-1	8.765197E+8	9.471976E-1	1.790089E+10	9.452655E-1	8.308676E+8	9.541190E-1	1.411995E+11	9.523792E-1	1.420911E+11	9.533345E-1	1.591004E+11	9.521230E-1	1.600635E+11	3.436637E-2	-1.932040E-3	3.920498E-2	3.629842E-2	3.234750E-2	-1.709595E+10	-1.707002E+10	4.565218E+7	-2.592810E+7	-1.591870E+11
5.540070E+2	9.337839E-1	1.772299E+10	9.497407E-1	8.514071E+8	9.368186E-1	1.774221E+10	9.680399E-1	8.467654E+8	9.373151E-1	1.391899E+11	9.366904E-1	1.402010E+11	9.372588E-1	1.569321E+11	9.363631E-1	1.579239E+11	1.595686E-2	3.122136E-2	-1.829920E-2	-1.526450E-2	1.337762E-2	-1.687158E+10	-1.689545E+10	4.641715E+6	2.386097E+7	-1.570725E+11
5.550310E+2	9.136863E-1	1.741578E+10	9.470982E-1	8.494963E+8	9.114172E-1	1.735387E+10	9.182530E-1	8.120113E+8	9.208010E-1	1.372149E+11	9.186755E-1	1.380306E+11	9.197374E-1	1.545688E+11	9.181137E-1	1.554464E+11	3.341183E-2	6.835758E-3	2.884519E-2	2.657607E-2	2.898443E-2	-1.656628E+10	-1.654186E+10	3.748499E+7	-2.441824E+7	-1.545969E+11
5.560240E+2	1.077961E+0	1.992690E+10	1.122439E+0	9.762828E+8	1.106207E+0	2.033183E+10	1.075717E+0	9.219297E+8	1.093050E+0	1.578146E+11	1.093892E+0	1.591399E+11	1.094541E+0	1.781464E+11	1.092098E+0	1.790668E+11	4.447779E-2	-3.049083E-2	4.672221E-2	7.496861E-2	3.034026E-2	-1.895062E+10	-1.940990E+10	5.435314E+7	4.592797E+8	-1.780905E+11
5.570100E+2	1.032849E+0	1.923731E+10	1.024435E+0	9.054178E+8	1.034911E+0	1.924185E+10	1.046152E+0	9.012922E+8	1.039111E+0	1.513639E+11	1.037387E+0	1.523324E+11	1.038635E+0	1.706057E+11	1.036876E+0	1.715697E+11	-8.413298E-3	1.124107E-2	-2.171707E-2	-1.965437E-2	-1.244070E-2	-1.833189E+10	-1.834056E+10	4.125546E+6	8.670464E+6	-1.706643E+11
5.580400E+2	1.096372E+0	2.020834E+10	1.077485E+0	9.437773E+8	1.084013E+0	1.999253E+10	1.162481E+0	9.824963E+8	1.088113E+0	1.572241E+11	1.086728E+0	1.582768E+11	1.087648E+0	1.772166E+11	1.087814E+0	1.784851E+11	-1.888741E-2	7.846803E-2	-8.499636E-2	-9.735544E-2	-1.032870E-2	-1.926457E+10	-1.901003E+10	-3.871905E+7	-2.545357E+8	-1.775413E+11
5.590210E+2	1.045424E+0	1.942954E+10	1.026215E+0	9.067046E+8	1.053527E+0	1.952646E+10	1.140147E+0	9.669055E+8	1.045840E+0	1.521686E+11	1.052308E+0	1.541300E+11	1.046712E+0	1.716951E+11	1.051533E+0	1.735596E+11	-1.920880E-2	8.661945E-2	-1.139318E-1	-1.058283E-1	-2.531786E-2	-1.852283E+10	-1.855955E+10	-6.020093E+7	3.671956E+7	-1.726529E+11
5.600130E+2	1.016295E+0	1.898427E+10	1.016422E+0	8.996232E+8	1.017840E+0	1.898088E+10	9.995668E-1	8.687729E+8	1.010142E+0	1.478994E+11	1.016470E+0	1.498125E+11	1.011015E+0	1.668803E+11	1.016450E+0	1.687967E+11	1.266435E-4	-1.827364E-2	1.685478E-2	1.840029E-2	-2.884493E-5	-1.808465E+10	-1.811210E+10	3.085026E+7	2.745733E+7	-1.678971E+11
5.609950E+2	1.040401E+0	1.935275E+10	1.061801E+0	9.324361E+8	1.037058E+0	1.927468E+10	1.055430E+0	9.077686E+8	1.032013E+0	1.505150E+11	1.033490E+0	1.518629E+11	1.032585E+0	1.697896E+11	1.034268E+0	1.712157E+11	2.139977E-2	1.837191E-2	6.370426E-3	3.027854E-3	2.753250E-2	-1.842032E+10	-1.836691E+10	2.466749E+7	-5.340939E+7	-1.702832E+11
5.620340E+2	8.838461E-1	1.695963E+10	8.693790E-1	7.932986E+8	8.935385E-1	1.708054E+10	8.970561E-1	7.972147E+8	8.898336E-1	1.335115E+11	8.937823E-1	1.350316E+11	8.902536E-1	1.505920E+11	8.926636E-1	1.519912E+11	-1.446705E-2	3.517603E-3	-2.767710E-2	-1.798465E-2	-2.328454E-2	-1.616634E+10	-1.628333E+10	-3.916136E+6	1.169935E+8	-1.511979E+11
5.630180E+2	9.378594E-1	1.778529E+10	9.486044E-1	8.505855E+8	9.321883E-1	1.767142E+10	9.412553E-1	8.280682E+8	9.392518E-1	1.394215E+11	9.403852E-1	1.406461E+11	9.384512E-1	1.570929E+11	9.401008E-1	1.584314E+11	1.074503E-2	9.067029E-3	7.349103E-3	1.677997E-3	8.503638E-3	-1.693471E+10	-1.684336E+10	2.251722E+7	-9.135040E+7	-1.575808E+11
5.640410E+2	9.498820E-1	1.796907E+10	9.570690E-1	8.567061E+8	9.571413E-1	1.805290E+10	9.724030E-1	8.498111E+8	9.463939E-1	1.402756E+11	9.449229E-1	1.411928E+11	9.476121E-1	1.583285E+11	9.454813E-1	1.591618E+11	7.187022E-3	1.526174E-2	-1.533399E-2	-8.074718E-3	1.158772E-2	-1.711236E+10	-1.720309E+10	6.895033E+6	9.072988E+7	-1.583051E+11
5.650260E+2	9.974480E-1	1.869617E+10	1.003208E+0	8.900689E+8	9.883148E-1	1.852949E+10	1.014198E+0	8.789866E+8	1.002474E+0	1.469823E+11	1.000922E+0	1.479392E+11	1.000869E+0	1.655118E+11	1.000531E+0	1.666354E+11	5.760384E-3	2.588358E-2	-1.098997E-2	-2.012320E-2	2.677861E-3	-1.780610E+10	-1.765050E+10	1.108233E+7	-1.556028E+8	-1.657453E+11
5.660210E+2	1.122971E+0	2.061494E+10	1.098421E+0	9.589156E+8	1.120193E+0	2.054564E+10	1.049682E+0	9.037560E+8	1.128203E+0	1.620186E+11	1.121948E+0	1.625199E+11	1.127295E+0	1.825643E+11	1.122063E+0	1.831349E+11	-2.455064E-2	-7.051091E-2	4.873876E-2	4.596027E-2	-2.364241E-2	-1.965602E+10	-1.964188E+10	5.515961E+7	-1.413900E+7	-1.821759E+11
5.670200E+2	1.051297E+0	1.951932E+10	1.045096E+0	9.203575E+8	1.053726E+0	1.952949E+10	1.070408E+0	9.182242E+8	1.051689E+0	1.528681E+11	1.048080E+0	1.536207E+11	1.051920E+0	1.723976E+11	1.048442E+0	1.731400E+11	-6.201151E-3	1.668269E-2	-2.531201E-2	-2.288384E-2	-3.345935E-3	-1.859896E+10	-1.861126E+10	2.133245E+6	1.230008E+7	-1.722196E+11
