Photon Energy (eV)	X ref norm	X ref	X pump norm	X pump	Y ref norm	Y ref	Y pump norm	Y pump	X all norm	X all	Y all norm	Y all	X all Y ref norm	X all Y ref	Y all X ref norm	Y all X ref	BC(X hist) norm	BC(Y hist) norm	StS norm	BCSC norm	BCLR norm	BC(X hist)	BC(Y hist)	StS	BCSC	BCLR	
5.290120E+2	-3.015451E-2	2.988083E+9	-2.769656E-2	1.402400E+8	-2.975384E-2	2.965228E+9	-1.757284E-2	1.467898E+8	-2.770643E-2	2.378085E+10	-2.861151E-2	2.390577E+10	-2.793850E-2	2.674608E+10	-2.878525E-2	2.689385E+10	2.457950E-3	1.218100E-2	-1.012372E-2	-9.723046E-3	1.088683E-3	-2.847843E+9	-2.818438E+9	-6.549753E+6	-2.940504E+7	-2.675361E+10
5.295010E+2	1.673492E-2	3.704842E+9	7.721330E-3	1.649442E+8	1.531448E-2	3.654234E+9	9.418002E-3	1.657096E+8	1.600996E-2	2.900899E+10	1.700338E-2	2.940124E+10	1.593113E-2	3.266322E+10	1.697316E-2	3.310609E+10	-9.013588E-3	-5.896480E-3	-1.696672E-3	-3.117108E-3	-9.251825E-3	-3.539898E+9	-3.488524E+9	-7.653439E+5	-5.137398E+7	-3.294114E+10
5.300110E+2	-1.769616E-3	3.421979E+9	-1.118709E-2	1.517555E+8	-4.410852E-3	3.352672E+9	-1.278919E-4	1.590182E+8	-1.146039E-3	2.695727E+10	-1.797159E-3	2.713624E+10	-1.516090E-3	3.030994E+10	-1.794058E-3	3.055822E+10	-9.417477E-3	4.282960E-3	-1.105920E-2	-1.370044E-2	-9.393035E-3	-3.270224E+9	-3.193654E+9	-7.262693E+6	-7.656959E+7	-3.040646E+10
5.305330E+2	-1.743961E-2	3.182445E+9	-1.264642E-2	1.507376E+8	-1.551015E-2	3.182986E+9	-2.184034E-2	1.437984E+8	-1.779603E-2	2.496606E+10	-1.648057E-2	2.536725E+10	-1.753693E-2	2.814904E+10	-1.658856E-2	2.854969E+10	4.793191E-3	-6.330194E-3	9.193920E-3	1.112338E-2	3.942133E-3	-3.031708E+9	-3.039188E+9	6.939202E+6	7.479934E+6	-2.839896E+10
5.310100E+2	-1.683032E-3	3.423303E+9	1.010717E-2	1.666083E+8	3.907543E-3	3.479844E+9	-7.414279E-3	1.539106E+8	-8.541382E-4	2.699217E+10	-2.202779E-4	2.732621E+10	-3.144246E-4	3.047202E+10	-3.849775E-4	3.074952E+10	1.179020E-2	-1.132182E-2	1.752145E-2	2.311203E-2	1.049215E-2	-3.256694E+9	-3.325934E+9	1.269773E+7	6.923911E+7	-3.058291E+10
5.315130E+2	-7.028691E-3	3.341588E+9	-1.336883E-2	1.502337E+8	-5.950008E-3	3.329142E+9	-4.945992E-3	1.556408E+8	-1.014176E-2	2.588145E+10	-1.140290E-2	2.597898E+10	-9.666647E-3	2.921059E+10	-1.091038E-2	2.932057E+10	-6.340141E-3	1.004016E-3	-8.422839E-3	-7.344157E-3	-2.458452E-3	-3.191355E+9	-3.173501E+9	-5.407123E+6	-1.785368E+7	-2.917034E+10
5.320020E+2	2.877099E-2	3.888828E+9	7.306905E-3	1.646551E+8	2.414757E-2	3.789274E+9	4.202073E-2	1.885631E+8	2.902405E-2	3.056537E+10	2.839836E-2	3.077406E+10	2.847133E-2	3.435465E+10	2.844032E-2	3.466289E+10	-2.146409E-2	1.787316E-2	-3.471382E-2	-3.933724E-2	-2.113341E-2	-3.724172E+9	-3.600711E+9	-2.390796E+7	-1.234613E+8	-3.449823E+10
5.325070E+2	1.256956E-2	3.641170E+9	3.976350E-2	1.872938E+8	1.225525E-2	3.607464E+9	4.626180E-4	1.594321E+8	1.261038E-2	2.860243E+10	1.311067E-2	2.893227E+10	1.257013E-2	3.220989E+10	1.304975E-2	3.257344E+10	2.719395E-2	-1.179263E-2	3.930088E-2	3.898658E-2	2.671376E-2	-3.453876E+9	-3.448032E+9	2.786172E+7	-5.844153E+6	-3.238614E+10
5.330080E+2	1.192880E-2	3.631375E+9	1.176247E-2	1.677629E+8	7.522180E-3	3.535105E+9	-2.611158E-3	1.572775E+8	1.068028E-2	2.837160E+10	1.013574E-2	2.857386E+10	1.032233E-2	3.190671E+10	1.033763E-2	3.220524E+10	-1.663341E-4	-1.013334E-2	1.437362E-2	9.967004E-3	1.424833E-3	-3.463612E+9	-3.377827E+9	1.048546E+7	-8.578502E+7	-3.203747E+10
5.332090E+2	1.845476E-2	3.731132E+9	2.566649E-2	1.774611E+8	2.021138E-2	3.729098E+9	8.416774E-3	1.650077E+8	2.287724E-2	2.983026E+10	2.129820E-2	2.991866E+10	2.257508E-2	3.355936E+10	2.097804E-2	3.364980E+10	7.211727E-3	-1.179461E-2	1.724972E-2	1.900633E-2	4.688447E-3	-3.553671E+9	-3.564090E+9	1.245334E+7	1.041884E+7	-3.347233E+10
5.334060E+2	3.738107E-2	4.020443E+9	3.912375E-2	1.868476E+8	3.460200E-2	3.949102E+9	1.838239E-2	1.719933E+8	3.707101E-2	3.152773E+10	3.856346E-2	3.199870E+10	3.679116E-2	3.547683E+10	3.843033E-2	3.601915E+10	1.742675E-3	-1.621961E-2	2.074136E-2	1.796229E-2	6.934250E-4	-3.833595E+9	-3.777109E+9	1.485426E+7	-5.648658E+7	-3.583230E+10
5.336180E+2	5.738189E-2	4.326178E+9	5.850865E-2	2.003687E+8	5.143191E-2	4.206398E+9	6.670900E-2	2.058688E+8	5.783858E-2	3.401136E+10	5.621846E-2	3.412570E+10	5.711241E-2	3.821776E+10	5.634946E-2	3.845188E+10	1.126765E-3	1.527709E-2	-8.200346E-3	-1.415033E-2	2.159195E-3	-4.125809E+9	-4.000529E+9	-5.500177E+6	-1.252805E+8	-3.825151E+10
5.338260E+2	3.428255E-2	3.973078E+9	4.436684E-2	1.905047E+8	3.807388E-2	4.002180E+9	2.618366E-2	1.774618E+8	3.590991E-2	3.138887E+10	3.505058E-2	3.157549E+10	3.615519E-2	3.539105E+10	3.496410E-2	3.554856E+10	1.008429E-2	-1.189022E-2	1.818318E-2	2.197451E-2	9.402745E-3	-3.782573E+9	-3.824718E+9	1.304289E+7	4.214476E+7	-3.535806E+10
5.340070E+2	7.408423E-2	4.581493E+9	6.096207E-2	2.020799E+8	6.873479E-2	4.470925E+9	1.050359E-1	2.327349E+8	7.607297E-2	3.619206E+10	7.334306E-2	3.618879E+10	7.524123E-2	4.066298E+10	7.342651E-2	4.077028E+10	-1.312216E-2	3.630112E-2	-4.407384E-2	-4.942328E-2	-1.246443E-2	-4.379413E+9	-4.238190E+9	-3.065494E+7	-1.412228E+8	-4.056820E+10
5.342090E+2	1.044049E-1	5.044979E+9	1.454353E-1	2.610005E+8	1.085276E-1	5.079278E+9	1.172045E-1	2.412647E+8	1.076374E-1	3.996691E+10	1.051221E-1	4.001739E+10	1.077383E-1	4.504619E+10	1.050414E-1	4.506237E+10	4.103036E-2	8.676881E-3	2.823082E-2	3.235348E-2	4.039392E-2	-4.783979E+9	-4.838013E+9	1.973584E+7	5.403450E+7	-4.480136E+10
5.344170E+2	2.114497E-1	6.681282E+9	2.223547E-1	3.146523E+8	2.220451E-1	6.814736E+9	2.247759E-1	3.166691E+8	2.247230E-1	5.396944E+10	2.208674E-1	5.396185E+10	2.244195E-1	6.078418E+10	2.198070E-1	6.064314E+10	1.090495E-2	2.730875E-3	-2.421261E-3	8.174076E-3	2.547660E-3	-6.366630E+9	-6.498067E+9	-2.016843E+6	1.314367E+8	-6.032848E+10
5.346200E+2	3.324865E-1	8.531469E+9	3.404095E-1	3.969962E+8	3.455995E-1	8.703640E+9	3.100162E-1	3.764200E+8	3.532260E-1	6.933739E+10	3.446773E-1	6.887791E+10	3.523616E-1	7.804103E+10	3.433047E-1	7.740938E+10	7.922953E-3	-3.558335E-2	3.039328E-2	4.350630E-2	-2.895215E-3	-8.134473E+9	-8.327220E+9	2.057619E+7	1.927469E+8	-7.701238E+10
5.348120E+2	6.279840E-1	1.304849E+10	6.438055E-1	6.086167E+8	6.472840E-1	1.331580E+10	6.302693E-1	6.009080E+8	6.530068E-1	1.051888E+11	6.384250E-1	1.042673E+11	6.523581E-1	1.185046E+11	6.372494E-1	1.173158E+11	1.582152E-2	-1.701467E-2	1.353618E-2	3.283619E-2	6.556069E-3	-1.243987E+10	-1.271489E+10	7.708764E+6	2.750197E+8	-1.167072E+11
5.350100E+2	1.058056E+0	1.962264E+10	1.040594E+0	8.853793E+8	1.067752E+0	1.974392E+10	1.042181E+0	8.896462E+8	1.071326E+0	1.552166E+11	1.057384E+0	1.547416E+11	1.070921E+0	1.749605E+11	1.057460E+0	1.743642E+11	-1.746201E-2	-2.557033E-2	-1.587177E-3	8.108321E-3	-1.686575E-2	-1.873726E+10	-1.885427E+10	-4.266913E+6	1.170156E+8	-1.734789E+11
5.352080E+2	1.582381E+0	2.763754E+10	1.531225E+0	1.227597E+9	1.591380E+0	2.774915E+10	1.470256E+0	1.189714E+9	1.561458E+0	2.138324E+11	1.557184E+0	2.149552E+11	1.564849E+0	2.415816E+11	1.560021E+0	2.425927E+11	-5.115525E-2	-1.211230E-1	6.096892E-2	6.996779E-2	-2.879551E-2	-2.640994E+10	-2.655944E+10	3.788330E+7	1.494980E+8	-2.413651E+11
5.354110E+2	1.836500E+0	3.152205E+10	1.792107E+0	1.409564E+9	1.849566E+0	3.169632E+10	1.762751E+0	1.394744E+9	1.807116E+0	2.432113E+11	1.812290E+0	2.456892E+11	1.811928E+0	2.749076E+11	1.815016E+0	2.772112E+11	-4.439294E-2	-8.681552E-2	2.935641E-2	4.242259E-2	-2.290830E-2	-3.011249E+10	-3.030158E+10	1.482006E+7	1.890916E+8	-2.758017E+11
5.356250E+2	2.248887E+0	3.782586E+10	2.154300E+0	1.662196E+9	2.254242E+0	3.788301E+10	2.146363E+0	1.663645E+9	2.183955E+0	2.882782E+11	2.198453E+0	2.922124E+11	2.191921E+0	3.261612E+11	2.204132E+0	3.300382E+11	-9.458681E-2	-1.078789E-1	7.937330E-3	1.329207E-2	-4.983159E-2	-3.616366E+10	-3.621936E+10	-1.448878E+6	5.570264E+7	-3.283760E+11
5.358130E+2	2.172518E+0	3.665847E+10	2.039093E+0	1.581838E+9	2.177327E+0	3.670714E+10	2.076686E+0	1.614803E+9	2.115896E+0	2.801389E+11	2.122722E+0	2.830886E+11	2.122859E+0	3.168460E+11	2.128329E+0	3.197471E+11	-1.334254E-1	-1.006416E-1	-3.759280E-2	-3.278379E-2	-8.923555E-2	-3.507664E+10	-3.509234E+10	-3.296502E+7	1.570023E+7	-3.181653E+11
5.360070E+2	2.202019E+0	3.710943E+10	2.113521E+0	1.633752E+9	2.185041E+0	3.682507E+10	2.059818E+0	1.602980E+9	2.150569E+0	2.842856E+11	2.155986E+0	2.870962E+11	2.154476E+0	3.211106E+11	2.161169E+0	3.242056E+11	-8.849831E-2	-1.252229E-1	5.370250E-2	3.672460E-2	-4.764847E-2	-3.547568E+10	-3.522209E+10	3.077243E+7	-2.535858E+8	-3.225719E+11
5.362050E+2	1.821712E+0	3.129600E+10	1.716645E+0	1.356929E+9	1.814283E+0	3.115690E+10	1.748119E+0	1.384488E+9	1.794362E+0	2.416860E+11	1.794665E+0	2.435658E+11	1.796620E+0	2.728429E+11	1.797710E+0	2.748618E+11	-1.050671E-1	-6.616357E-2	-3.147410E-2	-3.890348E-2	-8.106507E-2	-2.993907E+10	-2.977242E+10	-2.755890E+7	-1.666515E+8	-2.735049E+11
5.364090E+2	1.734728E+0	2.996634E+10	1.602235E+0	1.277127E+9	1.726098E+0	2.980874E+10	1.615331E+0	1.291407E+9	1.703772E+0	2.308521E+11	1.703459E+0	2.325777E+11	1.706302E+0	2.606608E+11	1.706979E+0	2.625441E+11	-1.324924E-1	-1.107666E-1	-1.309619E-2	-2.172574E-2	-1.047442E-1	-2.868921E+10	-2.851733E+10	-1.428016E+7	-1.718839E+8	-2.612669E+11
5.366350E+2	1.432934E+0	2.535308E+10	1.364924E+0	1.111601E+9	1.445757E+0	2.552288E+10	1.385474E+0	1.130284E+9	1.430405E+0	1.981595E+11	1.423492E+0	1.988486E+11	1.432145E+0	2.236824E+11	1.424555E+0	2.242017E+11	-6.801016E-2	-6.028337E-2	-2.054985E-2	-7.726792E-3	-5.963107E-2	-2.424148E+10	-2.439259E+10	-1.868281E+7	1.511161E+8	-2.230901E+11
5.368130E+2	1.408935E+0	2.498622E+10	1.372329E+0	1.116766E+9	1.391584E+0	2.469467E+10	1.365150E+0	1.116038E+9	1.393386E+0	1.937324E+11	1.387469E+0	1.945087E+11	1.393182E+0	2.184271E+11	1.389886E+0	2.194949E+11	-3.660633E-2	-2.643375E-2	7.178692E-3	-1.017258E-2	-1.755728E-2	-2.386946E+10	-2.357863E+10	7.284298E+5	-2.908235E+8	-2.183781E+11
5.370010E+2	1.181196E+0	2.150497E+10	1.137783E+0	9.531693E+8	1.174380E+0	2.137405E+10	1.129653E+0	9.509613E+8	1.183884E+0	1.686776E+11	1.172410E+0	1.685994E+11	1.182807E+0	1.900516E+11	1.173399E+0	1.901044E+11	-4.341248E-2	-4.472662E-2	8.130198E-3	1.314142E-3	-3.561612E-2	-2.055180E+10	-2.042309E+10	2.207974E+6	-1.287079E+8	-1.891512E+11
5.372270E+2	1.195280E+0	2.172026E+10	1.154474E+0	9.648113E+8	1.182754E+0	2.150208E+10	1.184888E+0	9.896790E+8	1.180554E+0	1.682794E+11	1.175350E+0	1.689536E+11	1.180803E+0	1.897814E+11	1.177594E+0	1.906738E+11	-4.080596E-2	2.133560E-3	-3.041329E-2	-4.293952E-2	-2.311985E-2	-2.075545E+10	-2.051240E+10	-2.486770E+7	-2.430545E+8	-1.897090E+11
5.374110E+2	1.157948E+0	2.114960E+10	1.170503E+0	9.759911E+8	1.171687E+0	2.133288E+10	1.136543E+0	9.557912E+8	1.166032E+0	1.665427E+11	1.161632E+0	1.673009E+11	1.166673E+0	1.878755E+11	1.161218E+0	1.884505E+11	1.255468E-2	-3.514353E-2	3.395919E-2	4.769820E-2	9.285086E-3	-2.017361E+10	-2.037709E+10	2.019998E+7	2.034870E+8	-1.874745E+11
5.376060E+2	1.311123E+0	2.349105E+10	1.297433E+0	1.064526E+9	1.311779E+0	2.347462E+10	1.282655E+0	1.058211E+9	1.304197E+0	1.830661E+11	1.296499E+0	1.835490E+11	1.305056E+0	2.065407E+11	1.298145E+0	2.070401E+11	-1.369034E-2	-2.912436E-2	1.477793E-2	1.543401E-2	-7.127172E-4	-2.242653E+10	-2.241641E+10	6.314746E+6	-1.012356E+7	-2.059756E+11
5.378160E+2	1.573754E+0	2.750568E+10	1.505621E+0	1.209738E+9	1.571824E+0	2.745019E+10	1.499357E+0	1.210113E+9	1.554915E+0	2.130500E+11	1.551625E+0	2.142855E+11	1.556832E+0	2.405002E+11	1.554117E+0	2.417912E+11	-6.813312E-2	-7.246689E-2	6.264148E-3	4.333776E-3	-4.849576E-2	-2.629594E+10	-2.624007E+10	-3.744224E+5	-5.586253E+7	-2.405814E+11
5.380210E+2	1.591551E+0	2.777772E+10	1.542757E+0	1.235641E+9	1.590631E+0	2.773771E+10	1.540570E+0	1.239002E+9	1.563158E+0	2.140358E+11	1.566676E+0	2.160987E+11	1.566272E+0	2.417735E+11	1.569476E+0	2.438764E+11	-4.879398E-2	-5.006104E-2	2.187208E-3	1.267065E-3	-2.671918E-2	-2.654208E+10	-2.649871E+10	-3.360893E+6	-4.337126E+7	-2.426408E+11
5.382110E+2	1.834206E+0	3.148698E+10	1.759838E+0	1.387056E+9	1.829251E+0	3.138574E+10	1.733032E+0	1.373912E+9	1.808307E+0	2.433537E+11	1.810187E+0	2.454358E+11	1.810681E+0	2.747394E+11	1.812891E+0	2.769228E+11	-7.436834E-2	-9.621889E-2	2.680548E-2	2.185056E-2	-5.305351E-2	-3.009993E+10	-3.001183E+10	1.314373E+7	-8.809601E+7	-2.755358E+11
5.384110E+2	1.885267E+0	3.226751E+10	1.767602E+0	1.392471E+9	1.895534E+0	3.239908E+10	1.822548E+0	1.436660E+9	1.853454E+0	2.487529E+11	1.859326E+0	2.513559E+11	1.858223E+0	2.811520E+11	1.862247E+0	2.836234E+11	-1.176653E-1	-7.298657E-2	-5.494601E-2	-4.467874E-2	-9.464508E-2	-3.087503E+10	-3.096242E+10	-4.418855E+7	8.738468E+7	-2.822309E+11
5.386120E+2	1.905980E+0	3.258412E+10	1.824961E+0	1.432480E+9	1.900582E+0	3.247626E+10	1.884704E+0	1.480229E+9	1.863501E+0	2.499545E+11	1.876881E+0	2.534708E+11	1.867704E+0	2.824307E+11	1.880157E+0	2.860549E+11	-8.101816E-2	-1.587871E-2	-5.974219E-2	-6.513945E-2	-5.519571E-2	-3.115164E+10	-3.099603E+10	-4.774925E+7	-1.556169E+8	-2.846225E+11
5.388120E+2	1.722398E+0	2.977787E+10	1.645041E+0	1.306985E+9	1.717666E+0	2.967982E+10	1.644693E+0	1.311989E+9	1.683020E+0	2.283704E+11	1.692291E+0	2.312323E+11	1.686947E+0	2.580502E+11	1.695681E+0	2.610101E+11	-7.735739E-2	-7.297306E-2	3.482677E-4	-4.384332E-3	-5.063981E-2	-2.847089E+10	-2.836783E+10	-5.004291E+6	-1.030545E+8	-2.597031E+11
5.390130E+2	1.561409E+0	2.731697E+10	1.491684E+0	1.200017E+9	1.562533E+0	2.730815E+10	1.534406E+0	1.234681E+9	1.541885E+0	2.114917E+11	1.542761E+0	2.132176E+11	1.544225E+0	2.387998E+11	1.544861E+0	2.405345E+11	-6.972528E-2	-2.812695E-2	-4.272247E-2	-4.159833E-2	-5.317655E-2	-2.611695E+10	-2.607347E+10	-3.466431E+7	-4.347816E+7	-2.393345E+11
5.392190E+2	1.478671E+0	2.605221E+10	1.478907E+0	1.191105E+9	1.472436E+0	2.593074E+10	1.419536E+0	1.154161E+9	1.455576E+0	2.011699E+11	1.457384E+0	2.029318E+11	1.457487E+0	2.271006E+11	1.459781E+0	2.289840E+11	2.364195E-4	-5.289951E-2	5.937097E-2	5.313593E-2	1.912587E-2	-2.486111E+10	-2.477658E+10	3.694444E+7	-8.453164E+7	-2.277929E+11
5.394100E+2	1.238499E+0	2.238092E+10	1.204608E+0	9.997801E+8	1.239104E+0	2.236356E+10	1.247426E+0	1.033517E+9	1.226808E+0	1.738109E+11	1.229905E+0	1.755261E+11	1.228201E+0	1.961745E+11	1.230873E+0	1.979070E+11	-3.389090E-2	8.322026E-3	-4.281773E-2	-4.221292E-2	-2.626437E-2	-2.138114E+10	-2.133004E+10	-3.373653E+7	-5.109476E+7	-1.969073E+11
5.396110E+2	1.062166E+0	1.968545E+10	1.073061E+0	9.080251E+8	1.069381E+0	1.976882E+10	1.028534E+0	8.800797E+8	1.068421E+0	1.548692E+11	1.071953E+0	1.564967E+11	1.068530E+0	1.746380E+11	1.070851E+0	1.761822E+11	1.089542E-2	-4.084667E-2	4.452704E-2	5.174209E-2	2.210374E-3	-1.877743E+10	-1.888874E+10	2.794531E+7	1.113144E+8	-1.752742E+11
5.398180E+2	9.024486E-1	1.724400E+10	9.304535E-1	8.085554E+8	8.993634E-1	1.716960E+10	9.437229E-1	8.206297E+8	8.975317E-1	1.344321E+11	8.974546E-1	1.354740E+11	8.977393E-1	1.516017E+11	8.980169E-1	1.527180E+11	2.800488E-2	4.435949E-2	-1.326944E-2	-1.635461E-2	3.243657E-2	-1.643544E+10	-1.634897E+10	-1.207426E+7	-8.647429E+7	-1.519094E+11
5.400300E+2	8.138915E-1	1.589030E+10	8.279509E-1	7.370593E+8	8.202447E-1	1.596003E+10	8.393032E-1	7.474345E+8	8.159834E-1	1.246796E+11	8.130760E-1	1.253085E+11	8.164664E-1	1.406396E+11	8.131678E-1	1.411988E+11	1.405942E-2	1.905848E-2	-1.135230E-2	-4.999064E-3	1.478303E-2	-1.515324E+10	-1.521259E+10	-1.037529E+7	5.935331E+7	-1.404617E+11
5.402050E+2	6.695059E-1	1.368320E+10	6.888705E-1	6.400499E+8	6.734833E-1	1.371634E+10	7.058111E-1	6.538605E+8	6.713365E-1	1.073809E+11	6.742279E-1	1.085807E+11	6.715798E-1	1.210973E+11	6.736962E-1	1.222639E+11	1.936467E-2	3.232776E-2	-1.694055E-2	-1.296309E-2	1.517432E-2	-1.304315E+10	-1.306247E+10	-1.381065E+7	1.932662E+7	-1.216238E+11
5.404070E+2	5.729122E-1	1.220665E+10	5.983939E-1	5.769419E+8	5.866370E-1	1.238863E+10	5.994923E-1	5.793342E+8	5.808911E-1	9.656436E+10	5.846497E-1	9.778869E+10	5.815424E-1	1.089530E+11	5.833281E-1	1.099953E+11	2.548170E-2	1.285521E-2	-1.098397E-3	1.262649E-2	1.506579E-2	-1.162971E+10	-1.180929E+10	-2.392318E+6	1.795829E+8	-1.094184E+11
5.406030E+2	4.638318E-1	1.053923E+10	5.097061E-1	5.150816E+8	4.624346E-1	1.048982E+10	4.825910E-1	4.973899E+8	4.676385E-1	8.302023E+10	4.653952E-1	8.342145E+10	4.670487E-1	9.351005E+10	4.652192E-1	9.396069E+10	4.587424E-2	2.015642E-2	2.711507E-2	2.571782E-2	4.448689E-2	-1.002415E+10	-9.992427E+9	1.769174E+7	-3.172492E+7	-9.344561E+10
5.408060E+2	4.576229E-1	1.044432E+10	4.497070E-1	4.732319E+8	4.669093E-1	1.055823E+10	4.579111E-1	4.800899E+8	4.642213E-1	8.261156E+10	4.662751E-1	8.352746E+10	4.645260E-1	9.316979E+10	4.653009E-1	9.397178E+10	-7.915881E-3	-8.998271E-3	-8.204029E-3	1.082390E-3	-1.559389E-2	-9.971091E+9	-1.007814E+10	-6.858040E+6	1.070458E+8	-9.349855E+10
5.410190E+2	3.965293E-1	9.510437E+9	4.117472E-1	4.467547E+8	3.898904E-1	9.380760E+9	4.435013E-1	4.699892E+8	4.018807E-1	7.515611E+10	3.970101E-1	7.518272E+10	4.005216E-1	8.453687E+10	3.969559E-1	8.469316E+10	1.521783E-2	5.361093E-2	-3.175419E-2	-3.839310E-2	1.479121E-2	-9.063683E+9	-8.910771E+9	-2.323450E+7	-1.529119E+8	-8.424640E+10
5.415140E+2	4.630598E-1	1.052743E+10	4.674384E-1	4.855996E+8	4.623789E-1	1.048897E+10	4.689740E-1	4.878447E+8	4.713085E-1	8.345914E+10	4.692856E-1	8.389015E+10	4.702964E-1	9.394810E+10	4.685846E-1	9.441758E+10	4.378595E-3	6.595073E-3	-1.535590E-3	-2.216478E-3	-1.146238E-3	-1.004183E+10	-1.000112E+10	-2.245091E+6	-4.071148E+7	-9.393199E+10
5.420160E+2	5.806761E-1	1.232533E+10	5.650133E-1	5.536587E+8	5.928785E-1	1.248405E+10	6.060839E-1	5.839547E+8	5.961803E-1	9.839283E+10	5.938168E-1	9.889311E+10	5.958061E-1	1.108769E+11	5.923372E-1	1.112184E+11	-1.566272E-2	1.320536E-2	-4.107052E-2	-2.886808E-2	-2.732389E-2	-1.177167E+10	-1.190009E+10	-3.029595E+7	1.284187E+8	-1.106648E+11
5.424810E+2	7.273189E-1	1.456694E+10	7.626501E-1	6.915116E+8	7.529479E-1	1.493119E+10	7.218298E-1	6.650892E+8	7.427150E-1	1.159172E+11	7.443459E-1	1.170282E+11	7.438749E-1	1.308484E+11	7.424287E-1	1.315951E+11	3.533120E-2	-3.111809E-2	4.082027E-2	6.644929E-2	2.022142E-2	-1.387543E+10	-1.426610E+10	2.642238E+7	3.906774E+8	-1.309036E+11
5.430120E+2	9.941989E-1	1.864650E+10	9.717580E-1	8.373656E+8	1.002216E+0	1.874200E+10	9.319389E-1	8.123694E+8	9.887047E-1	1.453357E+11	9.935443E-1	1.470505E+11	9.902361E-1	1.640777E+11	9.936180E-1	1.656970E+11	-2.244093E-2	-7.027683E-2	3.981910E-2	4.783590E-2	-2.186006E-2	-1.780914E+10	-1.792963E+10	2.499614E+7	1.204952E+8	-1.648596E+11
5.435010E+2	1.007690E+0	1.885273E+10	1.008905E+0	8.632758E+8	1.006319E+0	1.880474E+10	9.362028E-1	8.153583E+8	1.008161E+0	1.476625E+11	1.005149E+0	1.484486E+11	1.007952E+0	1.664672E+11	1.005435E+0	1.673013E+11	1.215093E-3	-7.011637E-2	7.270202E-2	7.133146E-2	3.469651E-3	-1.798945E+10	-1.798938E+10	4.791741E+7	-7.252377E+4	-1.664380E+11
5.440280E+2	1.135459E+0	2.080583E+10	1.139667E+0	9.544835E+8	1.151880E+0	2.103007E+10	1.138486E+0	9.571529E+8	1.145592E+0	1.640981E+11	1.150445E+0	1.659532E+11	1.146304E+0	1.851282E+11	1.148758E+0	1.867590E+11	4.208144E-3	-1.339353E-2	1.181434E-3	1.760167E-2	-9.090365E-3	-1.985135E+10	-2.007292E+10	-2.669432E+6	2.215661E+8	-1.858045E+11
5.445240E+2	1.075144E+0	1.988384E+10	1.049191E+0	8.913757E+8	1.085201E+0	2.001069E+10	1.060362E+0	9.023904E+8	1.080159E+0	1.562729E+11	1.080986E+0	1.575850E+11	1.080731E+0	1.762836E+11	1.080328E+0	1.774689E+11	-2.595269E-2	-2.483916E-2	-1.117109E-2	-1.113524E-3	-3.113698E-2	-1.899247E+10	-1.910830E+10	-1.101473E+7	1.158351E+8	-1.765775E+11
5.450150E+2	1.065606E+0	1.973804E+10	1.023470E+0	8.734352E+8	1.059308E+0	1.961483E+10	1.091641E+0	9.243158E+8	1.054022E+0	1.531472E+11	1.053896E+0	1.543213E+11	1.054621E+0	1.727620E+11	1.055214E+0	1.740593E+11	-4.213540E-2	3.233309E-2	-6.817056E-2	-7.446850E-2	-3.174381E-2	-1.886460E+10	-1.869051E+10	-5.088057E+7	-1.740919E+8	-1.731859E+11
5.455180E+2	1.018414E+0	1.901666E+10	9.760259E-1	8.403424E+8	1.014326E+0	1.892715E+10	9.909255E-1	8.537173E+8	1.013950E+0	1.483548E+11	1.013123E+0	1.494092E+11	1.013993E+0	1.672820E+11	1.013719E+0	1.684259E+11	-4.238840E-2	-2.340057E-2	-1.489966E-2	-1.898782E-2	-3.769279E-2	-1.817632E+10	-1.807343E+10	-1.337488E+7	-1.028915E+8	-1.675855E+11
5.460110E+2	8.871654E-1	1.701037E+10	8.793306E-1	7.728969E+8	8.914036E-1	1.704791E+10	9.024139E-1	7.916733E+8	8.858543E-1	1.330356E+11	8.875112E-1	1.342761E+11	8.864833E-1	1.500835E+11	8.874722E-1	1.512864E+11	-7.834743E-3	1.101028E-2	-2.308331E-2	-1.884502E-2	-8.141611E-3	-1.623748E+10	-1.625623E+10	-1.877638E+7	1.875609E+7	-1.505135E+11
5.465160E+2	9.751786E-1	1.835576E+10	9.297777E-1	8.080841E+8	9.705682E-1	1.825818E+10	8.998385E-1	7.898680E+8	9.756813E-1	1.437782E+11	9.745806E-1	1.447658E+11	9.751018E-1	1.620364E+11	9.746479E-1	1.631215E+11	-4.540097E-2	-7.072966E-2	2.993918E-2	2.532870E-2	-4.487023E-2	-1.754767E+10	-1.746831E+10	1.821605E+7	-7.936686E+7	-1.623135E+11
5.470110E+2	9.765425E-1	1.837661E+10	9.824774E-1	8.448425E+8	9.661975E-1	1.819136E+10	9.727305E-1	8.409632E+8	9.788054E-1	1.441518E+11	9.738720E-1	1.446804E+11	9.773764E-1	1.623432E+11	9.741727E-1	1.630570E+11	5.934926E-3	6.533060E-3	9.746900E-3	-5.981345E-4	8.304727E-3	-1.753176E+10	-1.735039E+10	3.879282E+6	-1.813710E+8	-1.622122E+11
5.475280E+2	1.140981E+0	2.089024E+10	1.091434E+0	9.208405E+8	1.140539E+0	2.085669E+10	1.135859E+0	9.553117E+8	1.131798E+0	1.624485E+11	1.130493E+0	1.635494E+11	1.132788E+0	1.833052E+11	1.131674E+0	1.844397E+11	-4.954655E-2	-4.679729E-3	-4.442509E-2	-4.486682E-2	-4.023986E-2	-1.996939E+10	-1.990138E+10	-3.447115E+7	-6.801150E+7	-1.835188E+11
5.480140E+2	1.239069E+0	2.238963E+10	1.197951E+0	9.951365E+8	1.234728E+0	2.229665E+10	1.191550E+0	9.943493E+8	1.224371E+0	1.735195E+11	1.226619E+0	1.751302E+11	1.225545E+0	1.958162E+11	1.228021E+0	1.975198E+11	-4.111856E-2	-4.317732E-2	6.400621E-3	2.058760E-3	-3.006975E-2	-2.139450E+10	-2.130230E+10	7.871455E+5	-9.219477E+7	-1.965247E+11
5.485170E+2	1.215282E+0	2.202602E+10	1.168199E+0	9.743841E+8	1.223877E+0	2.213077E+10	1.194879E+0	9.966827E+8	1.212875E+0	1.721447E+11	1.213548E+0	1.735555E+11	1.214122E+0	1.942754E+11	1.213743E+0	1.955815E+11	-4.708350E-2	-2.899791E-2	-2.668042E-2	-1.808559E-2	-4.554442E-2	-2.105163E+10	-2.113408E+10	-2.229862E+7	8.245140E+7	-1.946071E+11
5.490380E+2	1.473730E+0	2.597668E+10	1.432459E+0	1.158708E+9	1.472746E+0	2.593548E+10	1.439619E+0	1.168238E+9	1.462760E+0	2.020289E+11	1.462464E+0	2.035437E+11	1.463891E+0	2.279644E+11	1.463732E+0	2.295204E+11	-4.127020E-2	-3.312678E-2	-7.159523E-3	-8.143417E-3	-3.127266E-2	-2.481798E+10	-2.476724E+10	-9.530555E+6	-5.073625E+7	-2.283617E+11
5.495150E+2	1.424417E+0	2.522289E+10	1.404302E+0	1.139067E+9	1.423496E+0	2.518254E+10	1.371301E+0	1.120349E+9	1.414253E+0	1.962279E+11	1.422010E+0	1.986701E+11	1.415301E+0	2.214105E+11	1.422281E+0	2.238930E+11	-2.011551E-2	-5.219463E-2	3.300069E-2	3.207911E-2	-1.797950E-2	-2.408382E+10	-2.406219E+10	1.871812E+7	-2.162728E+7	-2.227539E+11
5.499770E+2	1.559728E+0	2.729127E+10	1.517005E+0	1.217679E+9	1.570936E+0	2.743662E+10	1.484932E+0	1.200001E+9	1.549180E+0	2.123641E+11	1.551183E+0	2.142322E+11	1.551646E+0	2.398007E+11	1.552145E+0	2.415235E+11	-4.272332E-2	-8.600451E-2	3.207305E-2	4.328118E-2	-3.513994E-2	-2.607359E+10	-2.623662E+10	1.767742E+7	1.630247E+8	-2.403058E+11
5.505230E+2	1.554280E+0	2.720799E+10	1.553704E+0	1.243276E+9	1.549699E+0	2.711195E+10	1.501570E+0	1.211664E+9	1.540409E+0	2.113152E+11	1.543627E+0	2.133219E+11	1.541462E+0	2.384271E+11	1.544827E+0	2.405299E+11	-5.762522E-4	-4.812943E-2	5.213416E-2	4.755317E-2	8.877417E-3	-2.596472E+10	-2.590028E+10	3.161252E+7	-6.443467E+7	-2.392866E+11
5.510360E+2	1.337564E+0	2.389524E+10	1.266661E+0	1.043062E+9	1.356690E+0	2.416122E+10	1.319943E+0	1.084349E+9	1.337471E+0	1.870454E+11	1.341066E+0	1.889183E+11	1.339649E+0	2.112066E+11	1.340672E+0	2.128135E+11	-7.090338E-2	-3.674701E-2	-5.328258E-2	-3.415638E-2	-7.401096E-2	-2.285217E+10	-2.307687E+10	-4.128706E+7	2.246959E+8	-2.117705E+11
5.515060E+2	1.384050E+0	2.460583E+10	1.370039E+0	1.115169E+9	1.377402E+0	2.447787E+10	1.294295E+0	1.066370E+9	1.368521E+0	1.907587E+11	1.374499E+0	1.929462E+11	1.369528E+0	2.152366E+11	1.375575E+0	2.175520E+11	-1.401099E-2	-8.310754E-2	7.574417E-2	6.909655E-2	-5.535553E-3	-2.349066E+10	-2.341150E+10	4.879874E+7	-7.916207E+7	-2.164368E+11
5.520150E+2	1.155393E+0	2.111054E+10	1.174676E+0	9.789022E+8	1.143851E+0	2.090732E+10	1.165489E+0	9.760811E+8	1.148215E+0	1.644118E+11	1.148383E+0	1.657047E+11	1.147720E+0	1.853191E+11	1.149172E+0	1.868152E+11	1.928359E-2	2.163827E-2	9.187259E-3	-2.354682E-3	2.550415E-2	-2.013163E+10	-1.993124E+10	2.821130E+6	-2.003925E+8	-1.858363E+11
5.525040E+2	1.145279E+0	2.095593E+10	1.119120E+0	9.401518E+8	1.165073E+0	2.123177E+10	1.110163E+0	9.372995E+8	1.152304E+0	1.649009E+11	1.153148E+0	1.662788E+11	1.153751E+0	1.861326E+11	1.152262E+0	1.872347E+11	-2.615831E-2	-5.490960E-2	8.957152E-3	2.875129E-2	-3.314148E-2	-2.001578E+10	-2.029447E+10	2.852300E+6	2.786864E+8	-1.862946E+11
5.530200E+2	1.051008E+0	1.951489E+10	1.054419E+0	8.950220E+8	1.055943E+0	1.956338E+10	1.027816E+0	8.795766E+8	1.044995E+0	1.520675E+11	1.045772E+0	1.533426E+11	1.046236E+0	1.716309E+11	1.046362E+0	1.728575E+11	3.411198E-3	-2.812638E-2	2.660260E-2	3.153758E-2	8.057183E-3	-1.861987E+10	-1.868381E+10	1.544539E+7	6.393574E+7	-1.719625E+11
5.535050E+2	9.501041E-1	1.797247E+10	9.052692E-1	7.909892E+8	9.471976E-1	1.790089E+10	9.360412E-1	8.152451E+8	9.541190E-1	1.411995E+11	9.523792E-1	1.420911E+11	9.533345E-1	1.591004E+11	9.521230E-1	1.600635E+11	-4.483495E-2	-1.115634E-2	-3.077205E-2	-3.367861E-2	-4.685383E-2	-1.718148E+10	-1.708564E+10	-2.425582E+7	-9.583610E+7	-1.592725E+11
5.540070E+2	9.337839E-1	1.772299E+10	9.195378E-1	8.009417E+8	9.368186E-1	1.774221E+10	9.514175E-1	8.260234E+8	9.373151E-1	1.391899E+11	9.366904E-1	1.402010E+11	9.372588E-1	1.569321E+11	9.363631E-1	1.579239E+11	-1.424608E-2	1.459890E-2	-3.187967E-2	-2.884498E-2	-1.682532E-2	-1.692205E+10	-1.691619E+10	-2.508167E+7	-5.862409E+6	-1.571230E+11
5.550310E+2	9.136863E-1	1.741578E+10	9.772661E-1	8.412075E+8	9.114172E-1	1.735387E+10	9.144818E-1	8.001325E+8	9.208010E-1	1.372149E+11	9.186755E-1	1.380306E+11	9.197374E-1	1.545688E+11	9.181137E-1	1.554464E+11	6.357975E-2	3.064595E-3	6.278427E-2	6.051515E-2	5.915234E-2	-1.657457E+10	-1.655374E+10	4.107497E+7	-2.082827E+7	-1.546052E+11
5.560240E+2	1.077961E+0	1.992690E+10	1.100659E+0	9.272751E+8	1.106207E+0	2.033183E+10	1.065934E+0	9.062959E+8	1.093050E+0	1.578146E+11	1.093892E+0	1.591399E+11	1.094541E+0	1.781464E+11	1.092098E+0	1.790668E+11	2.269846E-2	-4.027354E-2	3.472559E-2	6.297200E-2	8.560930E-3	-1.899963E+10	-1.942553E+10	2.097917E+7	4.259057E+8	-1.781396E+11
5.570100E+2	1.032849E+0	1.923731E+10	1.035762E+0	8.820091E+8	1.034911E+0	1.924185E+10	1.036636E+0	8.857589E+8	1.039111E+0	1.513639E+11	1.037387E+0	1.523324E+11	1.038635E+0	1.706057E+11	1.036876E+0	1.715697E+11	2.913843E-3	1.724479E-3	-8.733357E-4	1.189365E-3	-1.113556E-3	-1.835530E+10	-1.835610E+10	-3.749792E+6	7.951252E+5	-1.706877E+11
5.580400E+2	1.096372E+0	2.020834E+10	1.091479E+0	9.208715E+8	1.084013E+0	1.999253E+10	1.117784E+0	9.426414E+8	1.088113E+0	1.572241E+11	1.086728E+0	1.582768E+11	1.087648E+0	1.772166E+11	1.087814E+0	1.784851E+11	-4.893707E-3	3.377078E-2	-2.630540E-2	-3.866448E-2	3.665008E-3	-1.928747E+10	-1.904989E+10	-2.176995E+7	-2.375866E+8	-1.775642E+11
5.590210E+2	1.045424E+0	1.942954E+10	1.069934E+0	9.058442E+8	1.053527E+0	1.952646E+10	1.040274E+0	8.883088E+8	1.045840E+0	1.521686E+11	1.052308E+0	1.541300E+11	1.046712E+0	1.716951E+11	1.051533E+0	1.735596E+11	2.451065E-2	-1.325371E-2	2.966085E-2	3.776436E-2	1.840159E-2	-1.852369E+10	-1.863815E+10	1.753538E+7	1.144559E+8	-1.726537E+11
5.600130E+2	1.016295E+0	1.898427E+10	9.941763E-1	8.530025E+8	1.017840E+0	1.898088E+10	1.023018E+0	8.762131E+8	1.010142E+0	1.478994E+11	1.016470E+0	1.498125E+11	1.011015E+0	1.668803E+11	1.016450E+0	1.687967E+11	-2.211866E-2	5.177392E-3	-2.884156E-2	-2.729605E-2	-2.227414E-2	-1.813127E+10	-1.810466E+10	-2.321062E+7	-2.660355E+7	-1.679437E+11
5.609950E+2	1.040401E+0	1.935275E+10	1.072542E+0	9.076630E+8	1.037058E+0	1.927468E+10	1.030489E+0	8.814503E+8	1.032013E+0	1.505150E+11	1.033490E+0	1.518629E+11	1.032585E+0	1.697896E+11	1.034268E+0	1.712157E+11	3.214114E-2	-6.569051E-3	4.205276E-2	3.871019E-2	3.827388E-2	-1.844509E+10	-1.839323E+10	2.621271E+7	-5.186416E+7	-1.703080E+11
5.620340E+2	8.838461E-1	1.695963E+10	8.681836E-1	7.651218E+8	8.935385E-1	1.708054E+10	8.820058E-1	7.773678E+8	8.898336E-1	1.335115E+11	8.937823E-1	1.350316E+11	8.902536E-1	1.505920E+11	8.926636E-1	1.519912E+11	-1.566248E-2	-1.153273E-2	-1.382219E-2	-4.129745E-3	-2.447997E-2	-1.619451E+10	-1.630318E+10	-1.224599E+7	1.086636E+8	-1.512261E+11
5.630180E+2	9.378594E-1	1.778529E+10	9.484058E-1	8.210773E+8	9.321883E-1	1.767142E+10	9.534768E-1	8.274669E+8	9.392518E-1	1.394215E+11	9.403852E-1	1.406461E+11	9.384512E-1	1.570929E+11	9.401008E-1	1.584314E+11	1.054638E-2	2.128848E-2	-5.070990E-3	-1.074210E-2	8.304995E-3	-1.696421E+10	-1.684396E+10	-6.389583E+6	-1.202572E+8	-1.576103E+11
5.640410E+2	9.498820E-1	1.796907E+10	9.456305E-1	8.191415E+8	9.571413E-1	1.805290E+10	9.595474E-1	8.317222E+8	9.463939E-1	1.402756E+11	9.449229E-1	1.411928E+11	9.476121E-1	1.583285E+11	9.454813E-1	1.591618E+11	-4.251472E-3	2.406089E-3	-1.391683E-2	-6.657561E-3	1.492307E-4	-1.714993E+10	-1.722118E+10	-1.258064E+7	7.125420E+7	-1.583427E+11
5.650260E+2	9.974480E-1	1.869617E+10	1.012143E+0	8.655345E+8	9.883148E-1	1.852949E+10	9.679524E-1	8.376138E+8	1.002474E+0	1.469823E+11	1.000922E+0	1.479392E+11	1.000869E+0	1.655118E+11	1.000531E+0	1.666354E+11	1.469511E-2	-2.036243E-2	4.419077E-2	3.505754E-2	1.161258E-2	-1.783064E+10	-1.769187E+10	2.792064E+7	-1.387644E+8	-1.657699E+11
5.660210E+2	1.122971E+0	2.061494E+10	1.136169E+0	9.520433E+8	1.120193E+0	2.054564E+10	1.100200E+0	9.303156E+8	1.128203E+0	1.620186E+11	1.121948E+0	1.625199E+11	1.127295E+0	1.825643E+11	1.122063E+0	1.831349E+11	1.319777E-2	-1.999259E-2	3.596885E-2	3.319036E-2	1.410601E-2	-1.966290E+10	-1.961532E+10	2.172764E+7	-4.757096E+7	-1.821828E+11
5.670200E+2	1.051297E+0	1.951932E+10	1.022750E+0	8.729326E+8	1.053726E+0	1.952949E+10	1.083310E+0	9.184764E+8	1.051689E+0	1.528681E+11	1.048080E+0	1.536207E+11	1.051920E+0	1.723976E+11	1.048442E+0	1.731400E+11	-2.854779E-2	2.958484E-2	-6.056081E-2	-5.813264E-2	-2.569258E-2	-1.864639E+10	-1.861101E+10	-4.554387E+7	-3.537703E+7	-1.722671E+11
