Photon Energy (eV)	X ref norm	X ref	X pump norm	X pump	Y ref norm	Y ref	Y pump norm	Y pump	X all norm	X all	Y all norm	Y all	X all Y ref norm	X all Y ref	Y all X ref norm	Y all X ref	BC(X hist) norm	BC(Y hist) norm	StS norm	BCSC norm	BCLR norm	BC(X hist)	BC(Y hist)	StS	BCSC	BCLR	
2.790030E+2	-3.030502E-3	6.207543E+8	-2.751883E-3	2.677717E+7	-2.303260E-3	6.227469E+8	-5.669215E-3	2.385604E+7	-3.293601E-3	4.619768E+9	-2.568345E-3	4.685391E+9	-3.177444E-3	5.242515E+9	-2.622118E-3	5.306145E+9	2.786189E-4	-3.365955E-3	2.917332E-3	3.644574E-3	-1.297650E-4	-5.939771E+8	-5.988908E+8	2.921131E+6	4.913675E+6	-5.279368E+9
2.795060E+2	-1.893901E-3	6.375447E+8	-5.783725E-3	2.471444E+7	-2.853835E-3	6.145945E+8	-6.536881E-3	2.326061E+7	-3.107813E-3	4.640472E+9	-3.478110E-3	4.583325E+9	-3.078024E-3	5.255066E+9	-3.293782E-3	5.220869E+9	-3.889824E-3	-3.683046E-3	7.531561E-4	-2.067774E-4	-2.489943E-3	-6.128303E+8	-5.913339E+8	1.453826E+6	-2.149642E+7	-5.196155E+9
2.800050E+2	-3.915970E-3	6.076737E+8	-7.239658E-3	2.372388E+7	-3.580053E-3	6.038414E+8	-2.334169E-3	2.614468E+7	-4.604330E-3	4.473707E+9	-3.712356E-3	4.557045E+9	-4.484193E-3	5.077548E+9	-3.736048E-3	5.164718E+9	-3.323688E-3	1.245885E-3	-4.905489E-3	-4.569572E-3	-3.503610E-3	-5.839499E+8	-5.776967E+8	-2.420796E+6	-6.253136E+6	-5.140995E+9
2.805050E+2	-3.266130E-3	6.172735E+8	-7.142443E-3	2.379002E+7	-4.850762E-3	5.850260E+8	6.020328E-4	2.815962E+7	-3.066624E-3	4.645062E+9	-3.504340E-3	4.580382E+9	-3.275886E-3	5.230088E+9	-3.476623E-3	5.197656E+9	-3.876313E-3	5.452795E-3	-7.744476E-3	-9.329108E-3	-3.665820E-3	-5.934835E+8	-5.568664E+8	-4.369595E+6	-3.661705E+7	-5.173866E+9
2.810040E+2	1.511537E-3	6.878516E+8	6.584239E-3	3.312906E+7	1.925784E-3	6.853662E+8	-2.651255E-3	2.592708E+7	8.367413E-4	5.080034E+9	8.160187E-5	4.982687E+9	9.644754E-4	5.765400E+9	2.479802E-4	5.670538E+9	5.072702E-3	-4.577039E-3	9.235494E-3	9.649742E-3	6.336259E-3	-6.547225E+8	-6.594391E+8	7.201975E+6	4.716609E+6	-5.637409E+9
2.815020E+2	2.242826E-3	6.986545E+8	8.254954E-3	3.426574E+7	9.217610E-4	6.704996E+8	1.020322E-2	3.474834E+7	2.359001E-3	5.249667E+9	2.192101E-3	5.219462E+9	2.190427E-3	5.920167E+9	2.198003E-3	5.918117E+9	6.012128E-3	9.281464E-3	-1.948271E-3	-3.269336E-3	6.056951E-3	-6.643888E+8	-6.357513E+8	-4.826029E+5	-2.863748E+7	-5.883851E+9
2.820030E+2	4.359538E-3	7.299236E+8	6.537920E-3	3.309754E+7	4.880386E-3	7.291149E+8	-7.135604E-4	2.725681E+7	5.403983E-3	5.588985E+9	4.937074E-3	5.527419E+9	5.342571E-3	6.318100E+9	4.869876E-3	6.257343E+9	2.178382E-3	-5.593946E-3	7.251480E-3	7.772328E-3	1.668044E-3	-6.968261E+8	-7.018581E+8	5.840738E+6	5.032000E+6	-6.224245E+9
2.825060E+2	3.992604E-3	7.245031E+8	1.540596E-3	2.969758E+7	5.859979E-3	7.436197E+8	7.099823E-3	3.261866E+7	5.472642E-3	5.596637E+9	6.052374E-3	5.652544E+9	5.518073E-3	6.340256E+9	5.812712E-3	6.377047E+9	-2.452007E-3	1.239844E-3	-5.559227E-3	-3.691851E-3	-4.272116E-3	-6.948055E+8	-7.110011E+8	-2.921079E+6	1.619553E+7	-6.347350E+9
2.830030E+2	1.401361E-2	8.725384E+8	1.055025E-2	3.582735E+7	1.489378E-2	8.773830E+8	3.908598E-3	3.042872E+7	1.190680E-2	6.313628E+9	1.290934E-2	6.421823E+9	1.225714E-2	7.191011E+9	1.303783E-2	7.294361E+9	-3.463368E-3	-1.098518E-2	6.641648E-3	7.521814E-3	-2.487579E-3	-8.367111E+8	-8.469543E+8	5.398639E+6	1.024317E+7	-7.258534E+9
2.835020E+2	2.366045E-2	1.015046E+9	3.051906E-2	4.941326E+7	2.379280E-2	1.009151E+9	1.411730E-2	3.743434E+7	2.645873E-2	7.935225E+9	2.516102E-2	7.796331E+9	2.614604E-2	8.944376E+9	2.498642E-2	8.811377E+9	6.858608E-3	-9.675498E-3	1.640176E-2	1.653411E-2	5.532641E-3	-9.656331E+8	-9.717162E+8	1.197892E+7	6.083142E+6	-8.761964E+9
2.840020E+2	5.098903E-2	1.418758E+9	4.673278E-2	6.044437E+7	5.035266E-2	1.402422E+9	5.361948E-2	6.454232E+7	5.352752E-2	1.095164E+10	5.308723E-2	1.092936E+10	5.315514E-2	1.235406E+10	5.284309E-2	1.234811E+10	-4.256246E-3	3.266824E-3	-6.886698E-3	-7.523070E-3	-6.110312E-3	-1.358313E+9	-1.337879E+9	-4.097949E+6	-2.043388E+7	-1.228767E+10
2.841030E+2	5.959627E-2	1.545908E+9	5.923083E-2	6.894749E+7	5.757356E-2	1.509341E+9	5.329071E-2	6.431670E+7	6.093546E-2	1.177715E+10	6.116642E-2	1.183576E+10	6.054114E-2	1.328649E+10	6.098373E-2	1.338166E+10	-3.654352E-4	-4.282847E-3	5.940123E-3	3.917412E-3	-1.752896E-3	-1.476961E+9	-1.445025E+9	4.630793E+6	-3.193585E+7	-1.331272E+10
2.842030E+2	6.240189E-2	1.587354E+9	7.267588E-2	7.809492E+7	6.172611E-2	1.570828E+9	5.516037E-2	6.559973E+7	6.430879E-2	1.215306E+10	6.498185E-2	1.226381E+10	6.400587E-2	1.372388E+10	6.468166E-2	1.385116E+10	1.027399E-2	-6.565741E-3	1.751552E-2	1.683973E-2	7.994219E-3	-1.509259E+9	-1.505228E+9	1.249518E+7	-4.030810E+6	-1.377307E+10
2.843040E+2	8.968966E-2	1.990462E+9	8.014358E-2	8.317561E+7	9.182543E-2	2.016508E+9	1.188870E-1	1.093315E+8	9.221467E-2	1.526275E+10	9.346181E-2	1.545896E+10	9.216902E-2	1.727926E+10	9.302291E-2	1.744942E+10	-9.546076E-3	2.706155E-2	-3.874340E-2	-3.660762E-2	-1.287933E-2	-1.907287E+9	-1.907177E+9	-2.615588E+7	-1.103182E+5	-1.736624E+10
2.844010E+2	1.430801E-1	2.779173E+9	1.565533E-1	1.351614E+8	1.424513E-1	2.766124E+9	1.088257E-1	1.024270E+8	1.434985E-1	2.097758E+10	1.400351E-1	2.068399E+10	1.433757E-1	2.374371E+10	1.403894E-1	2.346316E+10	1.347319E-2	-3.362562E-2	4.772766E-2	4.709881E-2	1.616391E-2	-2.644011E+9	-2.663697E+9	3.273444E+7	1.968521E+7	-2.332800E+10
2.845030E+2	2.097932E-1	3.764692E+9	2.137239E-1	1.740578E+8	2.055940E-1	3.701076E+9	1.884619E-1	1.570766E+8	2.152483E-1	2.897303E+10	2.065883E-1	2.815055E+10	2.141159E-1	3.267411E+10	2.069612E-1	3.191524E+10	3.930653E-3	-1.713206E-2	2.526194E-2	2.106271E-2	6.762668E-3	-3.590634E+9	-3.544000E+9	1.698118E+7	-4.663448E+7	-3.174118E+10
2.846040E+2	3.317563E-1	5.566392E+9	3.277953E-1	2.516670E+8	3.265861E-1	5.492603E+9	3.255238E-1	2.511340E+8	3.477867E-1	4.374247E+10	3.308052E-1	4.208636E+10	3.453000E-1	4.923508E+10	3.309158E-1	4.765275E+10	-3.961007E-3	-1.062294E-3	2.271528E-3	-2.898713E-3	-3.120501E-3	-5.314724E+9	-5.241469E+9	5.330553E+5	-7.325523E+7	-4.740109E+10
2.847030E+2	6.152733E-1	9.754644E+9	6.647357E-1	4.809065E+8	6.133957E-1	9.739386E+9	5.692499E-1	4.183886E+8	6.548870E-1	7.796427E+10	6.168916E-1	7.418223E+10	6.500205E-1	8.770366E+10	6.167033E-1	8.393687E+10	4.946245E-2	-4.414577E-2	9.548577E-2	9.360822E-2	4.803245E-2	-9.273738E+9	-9.320998E+9	6.251789E+7	4.725979E+7	-8.345596E+10
2.848000E+2	1.226977E+0	1.879104E+10	1.249874E+0	8.790089E+8	1.235044E+0	1.894412E+10	1.240473E+0	8.790087E+8	1.250768E+0	1.443664E+11	1.232321E+0	1.432268E+11	1.248924E+0	1.633105E+11	1.231699E+0	1.620179E+11	2.289666E-2	5.428533E-3	9.401125E-3	1.746813E-2	1.817513E-2	-1.791203E+10	-1.806511E+10	2.708717E+2	1.530817E+8	-1.611389E+11
2.849010E+2	1.550427E+0	2.356921E+10	1.524733E+0	1.066011E+9	1.535887E+0	2.339870E+10	1.508287E+0	1.062794E+9	1.536975E+0	1.762599E+11	1.541198E+0	1.778796E+11	1.536847E+0	1.996586E+11	1.542272E+0	2.014488E+11	-2.569412E-2	-2.759995E-2	1.644587E-2	1.905831E-3	-1.753851E-2	-2.250319E+10	-2.233590E+10	3.217421E+6	-1.672909E+8	-2.003828E+11
2.850030E+2	1.540659E+0	2.342490E+10	1.508221E+0	1.054777E+9	1.529631E+0	2.330605E+10	1.452780E+0	1.024702E+9	1.521356E+0	1.745195E+11	1.531441E+0	1.767850E+11	1.522327E+0	1.978255E+11	1.532514E+0	2.002099E+11	-3.243770E-2	-7.685100E-2	5.544143E-2	4.441330E-2	-2.429259E-2	-2.237012E+10	-2.228135E+10	3.007489E+7	-8.876936E+7	-1.991551E+11
2.851000E+2	1.372093E+0	2.093475E+10	1.293462E+0	9.086644E+8	1.358435E+0	2.077116E+10	1.384284E+0	9.776975E+8	1.359446E+0	1.564770E+11	1.366363E+0	1.582650E+11	1.359328E+0	1.772481E+11	1.367030E+0	1.791997E+11	-7.863039E-2	2.584891E-2	-9.082158E-2	-1.044793E-1	-7.356750E-2	-2.002609E+10	-1.979346E+10	-6.903303E+7	-2.326256E+8	-1.782911E+11
2.852010E+2	1.078316E+0	1.659494E+10	1.041870E+0	7.374919E+8	1.074104E+0	1.656107E+10	1.020995E+0	7.283944E+8	1.080345E+0	1.253752E+11	1.079079E+0	1.260347E+11	1.079613E+0	1.419363E+11	1.078990E+0	1.426297E+11	-3.644628E-2	-5.310814E-2	2.087423E-2	1.666185E-2	-3.712024E-2	-1.585745E+10	-1.583268E+10	9.097451E+6	-2.476734E+7	-1.418922E+11
2.853000E+2	9.068686E-1	1.406224E+10	8.892888E-1	6.336826E+8	9.154334E-1	1.421165E+10	8.400493E-1	6.042219E+8	9.157181E-1	1.070300E+11	9.103054E-1	1.071001E+11	9.156847E-1	1.212417E+11	9.099055E-1	1.211624E+11	-1.757982E-2	-7.538418E-2	4.923952E-2	5.780436E-2	-2.061671E-2	-1.342855E+10	-1.360743E+10	2.946061E+7	1.788765E+8	-1.205287E+11
2.854010E+2	7.439970E-1	1.165622E+10	7.512312E-1	5.397542E+8	7.299675E-1	1.146546E+10	7.344249E-1	5.317383E+8	7.505405E-1	8.862344E+10	7.465028E-1	8.872323E+10	7.481275E-1	1.000889E+11	7.462113E-1	1.003795E+11	7.234190E-3	4.457447E-3	1.680633E-2	2.776744E-3	5.019976E-3	-1.111646E+10	-1.093372E+10	8.015975E+6	-1.827389E+8	-9.983970E+10
2.855000E+2	5.805260E-1	9.241340E+9	5.892697E-1	4.295627E+8	5.766539E-1	9.195351E+9	5.628411E-1	4.139906E+8	5.904731E-1	7.078629E+10	5.825344E-1	7.032771E+10	5.888523E-1	7.998164E+10	5.823007E-1	7.956905E+10	8.743713E-3	-1.381281E-2	2.642858E-2	2.255653E-2	6.968992E-3	-8.811777E+9	-8.781360E+9	1.557211E+7	-3.041661E+7	-7.913949E+10
2.856010E+2	4.361634E-1	7.108745E+9	4.632181E-1	3.438027E+8	4.369874E-1	7.127313E+9	4.194585E-1	3.155957E+8	4.435250E-1	5.441110E+10	4.372697E-1	5.403056E+10	4.427582E-1	6.153841E+10	4.371410E-1	6.113930E+10	2.705461E-2	-1.752895E-2	4.375956E-2	4.458356E-2	2.607707E-2	-6.764942E+9	-6.811718E+9	2.820699E+7	4.677520E+7	-6.079550E+10
2.858030E+2	4.984761E-1	8.029259E+9	4.997861E-1	3.686820E+8	4.976145E-1	8.025017E+9	5.367833E-1	3.961087E+8	5.137224E-1	6.223356E+10	5.065146E-1	6.179910E+10	5.118331E-1	7.025858E+10	5.055793E-1	6.982836E+10	1.310001E-3	3.916878E-2	-3.699715E-2	-3.785878E-2	-5.793178E-3	-7.660577E+9	-7.628908E+9	-2.742666E+7	-3.166914E+7	-6.945968E+10
2.860020E+2	9.071692E-1	1.406668E+10	9.616047E-1	6.828832E+8	9.144047E-1	1.419642E+10	8.818069E-1	6.328777E+8	9.295515E-1	1.085716E+11	9.134366E-1	1.074514E+11	9.277749E-1	1.227680E+11	9.127074E-1	1.215181E+11	5.443554E-2	-3.259779E-2	7.979785E-2	8.703333E-2	4.889734E-2	-1.338379E+10	-1.356354E+10	5.000547E+7	1.797479E+8	-1.208352E+11
2.862050E+2	1.277595E+0	1.953879E+10	1.254723E+0	8.823077E+8	1.284592E+0	1.967777E+10	1.291225E+0	9.138369E+8	1.291798E+0	1.489386E+11	1.285913E+0	1.492394E+11	1.290953E+0	1.686164E+11	1.284946E+0	1.687782E+11	-2.287234E-2	6.633445E-3	-3.650254E-2	-2.950579E-2	-3.022294E-2	-1.865648E+10	-1.876393E+10	-3.152919E+7	1.074503E+8	-1.678959E+11
2.864160E+2	1.219118E+0	1.867494E+10	1.154545E+0	8.141514E+8	1.199764E+0	1.842172E+10	1.142233E+0	8.115926E+8	1.200498E+0	1.387646E+11	1.204874E+0	1.401476E+11	1.200412E+0	1.571863E+11	1.206531E+0	1.588225E+11	-6.457256E-2	-5.753052E-2	1.231209E-2	-7.042045E-3	-5.198578E-2	-1.786078E+10	-1.761013E+10	2.558794E+6	-2.506548E+8	-1.580084E+11
2.866130E+2	1.173045E+0	1.799432E+10	1.156231E+0	8.152983E+8	1.172045E+0	1.801130E+10	1.149115E+0	8.163150E+8	1.176093E+0	1.360450E+11	1.165083E+0	1.356835E+11	1.175618E+0	1.540563E+11	1.166010E+0	1.536778E+11	-1.681398E-2	-2.293074E-2	7.116312E-3	6.116757E-3	-9.778571E-3	-1.717903E+10	-1.719498E+10	-1.016675E+6	1.595695E+7	-1.528625E+11
2.868020E+2	1.464206E+0	2.229550E+10	1.490566E+0	1.042765E+9	1.468990E+0	2.240815E+10	1.453433E+0	1.025151E+9	1.450213E+0	1.665916E+11	1.457280E+0	1.684649E+11	1.452416E+0	1.889998E+11	1.458086E+0	1.907604E+11	2.635943E-2	-1.555673E-2	3.713222E-2	4.191616E-2	3.247946E-2	-2.125274E+10	-2.138300E+10	1.761426E+7	1.302629E+8	-1.897177E+11
2.870070E+2	1.384917E+0	2.112420E+10	1.343294E+0	9.425679E+8	1.369117E+0	2.092934E+10	1.364508E+0	9.641267E+8	1.361569E+0	1.567136E+11	1.368238E+0	1.584754E+11	1.362455E+0	1.776429E+11	1.370179E+0	1.795996E+11	-4.162266E-2	-4.609307E-3	-2.121403E-2	-3.701335E-2	-2.688488E-2	-2.018163E+10	-1.996521E+10	-2.155875E+7	-2.164198E+8	-1.786570E+11
2.872120E+2	1.053231E+0	1.622438E+10	9.763019E-1	6.928825E+8	1.057580E+0	1.631641E+10	1.054479E+0	7.513725E+8	1.053690E+0	1.224050E+11	1.059024E+0	1.237848E+11	1.054146E+0	1.387214E+11	1.058350E+0	1.400092E+11	-7.692942E-2	-3.100255E-3	-7.817739E-2	-7.382917E-2	-8.204832E-2	-1.553150E+10	-1.556503E+10	-5.848995E+7	3.353706E+7	-1.393163E+11
2.874030E+2	9.270556E-1	1.436045E+10	9.122387E-1	6.492966E+8	9.329258E-1	1.447066E+10	8.751171E-1	6.282869E+8	9.414852E-1	1.099014E+11	9.403120E-1	1.104666E+11	9.404813E-1	1.243721E+11	9.387695E-1	1.248270E+11	-1.481694E-2	-5.780867E-2	3.712156E-2	4.299172E-2	-2.653088E-2	-1.371115E+10	-1.384237E+10	2.100975E+7	1.312217E+8	-1.241777E+11
2.876210E+2	8.361198E-1	1.301710E+10	8.276335E-1	5.917350E+8	8.280648E-1	1.291799E+10	8.707715E-1	6.253047E+8	8.420194E-1	9.881740E+10	8.397224E-1	9.918149E+10	8.403826E-1	1.117354E+11	8.393032E-1	1.121986E+11	-8.486344E-3	4.270666E-2	-4.313800E-2	-5.119301E-2	-1.166977E-2	-1.242536E+10	-1.229268E+10	-3.356977E+7	-1.326828E+8	-1.116069E+11
2.878020E+2	7.495693E-1	1.173853E+10	7.613577E-1	5.466438E+8	7.419615E-1	1.164306E+10	7.285015E-1	5.276734E+8	7.604110E-1	8.972336E+10	7.552339E-1	8.970277E+10	7.582471E-1	1.013664E+11	7.545748E-1	1.014413E+11	1.178841E-2	-1.345999E-2	3.285617E-2	2.524840E-2	6.782867E-3	-1.119189E+10	-1.111538E+10	1.897043E+7	-7.650456E+7	-1.008947E+11
2.880020E+2	6.797074E-1	1.070650E+10	6.862735E-1	4.955599E+8	6.781248E-1	1.069783E+10	6.503392E-1	4.740353E+8	6.899692E-1	8.187366E+10	6.870637E-1	8.205480E+10	6.885799E-1	9.257148E+10	6.862078E-1	9.276130E+10	6.566165E-3	-2.778563E-2	3.593434E-2	3.435179E-2	6.575355E-5	-1.021094E+10	-1.022379E+10	2.152458E+7	1.285619E+7	-9.226574E+10
2.882230E+2	6.979826E-1	1.097647E+10	7.545589E-1	5.420182E+8	7.130693E-1	1.121525E+10	7.363261E-1	5.330430E+8	7.228238E-1	8.553482E+10	7.160621E-1	8.530811E+10	7.216797E-1	9.675007E+10	7.139585E-1	9.628458E+10	5.657626E-2	2.325681E-2	1.823280E-2	3.331945E-2	4.060040E-2	-1.043445E+10	-1.068221E+10	8.975295E+6	2.477574E+8	-9.574256E+10
2.884130E+2	9.446383E-1	1.462019E+10	9.617585E-1	6.829878E+8	9.384484E-1	1.455243E+10	9.475257E-1	6.779766E+8	9.562372E-1	1.115453E+11	9.484523E-1	1.113798E+11	9.541507E-1	1.260977E+11	9.480085E-1	1.260000E+11	1.712029E-2	9.077281E-3	1.423287E-2	8.043004E-3	1.375006E-2	-1.393720E+10	-1.387446E+10	5.011248E+6	-6.274320E+7	-1.253170E+11
2.886030E+2	1.207275E+0	1.849999E+10	1.145441E+0	8.079572E+8	1.199537E+0	1.841837E+10	1.218637E+0	8.640237E+8	1.199900E+0	1.386979E+11	1.205092E+0	1.401721E+11	1.199857E+0	1.571162E+11	1.205346E+0	1.586721E+11	-6.183458E-2	1.909944E-2	-7.319566E-2	-8.093402E-2	-5.990533E-2	-1.769204E+10	-1.755434E+10	-5.606648E+7	-1.376939E+8	-1.578641E+11
2.888240E+2	1.256579E+0	1.922833E+10	1.186974E+0	8.362146E+8	1.252379E+0	1.920080E+10	1.162352E+0	8.253992E+8	1.241294E+0	1.433106E+11	1.254472E+0	1.457120E+11	1.242594E+0	1.625114E+11	1.254717E+0	1.649403E+11	-6.960502E-2	-9.002704E-2	2.462181E-2	2.042202E-2	-6.774276E-2	-1.839212E+10	-1.837540E+10	1.081541E+7	-1.671663E+7	-1.641041E+11
2.890220E+2	1.075995E+0	1.656065E+10	1.080450E+0	7.637402E+8	1.079799E+0	1.664541E+10	1.075990E+0	7.661342E+8	1.080698E+0	1.254146E+11	1.081925E+0	1.263541E+11	1.080593E+0	1.420600E+11	1.081235E+0	1.429147E+11	4.455271E-3	-3.808792E-3	4.459486E-3	8.264063E-3	-7.855332E-4	-1.579691E+10	-1.587928E+10	-2.394009E+6	8.236810E+7	-1.421510E+11
2.892010E+2	9.689550E-1	1.497941E+10	9.735471E-1	6.910082E+8	9.730113E-1	1.506420E+10	9.306036E-1	6.663639E+8	9.754154E-1	1.136824E+11	9.736149E-1	1.142028E+11	9.751334E-1	1.287466E+11	9.730727E-1	1.291822E+11	4.592136E-3	-4.240773E-2	4.294357E-2	4.699986E-2	4.744503E-4	-1.428840E+10	-1.439784E+10	2.464431E+7	1.094431E+8	-1.284912E+11
2.894050E+2	9.443787E-1	1.461635E+10	9.346228E-1	6.645258E+8	9.429184E-1	1.461862E+10	9.032039E-1	6.475612E+8	9.486779E-1	1.107029E+11	9.455263E-1	1.110516E+11	9.480024E-1	1.253215E+11	9.453928E-1	1.256679E+11	-9.755956E-3	-3.971451E-2	3.141893E-2	2.995855E-2	-1.077003E-2	-1.395183E+10	-1.397106E+10	1.696467E+7	1.923080E+7	-1.250034E+11
2.896180E+2	8.947784E-1	1.388363E+10	9.109173E-1	6.483977E+8	8.895440E-1	1.382831E+10	8.622860E-1	6.194817E+8	9.061769E-1	1.059668E+11	9.054444E-1	1.065548E+11	9.042260E-1	1.197951E+11	9.042034E-1	1.204384E+11	1.613890E-2	-2.725798E-2	4.863131E-2	4.339687E-2	6.713923E-3	-1.323524E+10	-1.320883E+10	2.891597E+7	-2.641049E+7	-1.197900E+11
2.898030E+2	8.142719E-1	1.269435E+10	7.803750E-1	5.595824E+8	8.057238E-1	1.258718E+10	8.109544E-1	5.842559E+8	8.201679E-1	9.638237E+10	8.181467E-1	9.676092E+10	8.184737E-1	1.089696E+11	8.176959E-1	1.094553E+11	-3.389692E-2	5.230613E-3	-3.057943E-2	-3.912753E-2	-3.732090E-2	-1.213477E+10	-1.200293E+10	-2.467351E+7	-1.318411E+8	-1.088957E+11
2.900030E+2	7.125835E-1	1.119216E+10	7.431201E-1	5.342358E+8	7.152299E-1	1.124724E+10	7.133967E-1	5.173079E+8	7.203305E-1	8.525697E+10	7.204775E-1	8.580347E+10	7.197322E-1	9.650422E+10	7.195590E-1	9.699562E+10	3.053658E-2	-1.833149E-3	2.972336E-2	3.236973E-2	2.356110E-2	-1.065792E+10	-1.072993E+10	1.692788E+7	7.201046E+7	-9.646139E+10
2.905220E+2	7.703292E-1	1.204521E+10	7.859820E-1	5.633971E+8	7.754568E-1	1.213902E+10	7.407978E-1	5.361116E+8	7.868806E-1	9.267300E+10	7.810034E-1	9.259384E+10	7.855407E-1	1.048120E+11	7.797615E-1	1.046390E+11	1.565278E-2	-3.465899E-2	4.518413E-2	5.031177E-2	6.220524E-3	-1.148181E+10	-1.160291E+10	2.728549E+7	1.210992E+8	-1.040756E+11
2.910040E+2	9.961889E-1	1.538172E+10	9.684884E-1	6.875665E+8	9.963888E-1	1.541035E+10	9.354664E-1	6.697010E+8	1.012339E+0	1.177971E+11	1.006572E+0	1.179003E+11	1.010469E+0	1.332074E+11	1.005364E+0	1.332820E+11	-2.770053E-2	-6.092234E-2	3.302193E-2	3.322181E-2	-3.687562E-2	-1.469415E+10	-1.474065E+10	1.786545E+7	4.650123E+7	-1.325944E+11
2.915150E+2	1.181356E+0	1.811711E+10	1.159213E+0	8.173272E+8	1.173124E+0	1.802727E+10	1.170166E+0	8.307613E+8	1.174678E+0	1.358873E+11	1.177462E+0	1.370723E+11	1.174496E+0	1.539146E+11	1.177915E+0	1.551894E+11	-2.214345E-2	-2.957953E-3	-1.095297E-2	-1.918549E-2	-1.870202E-2	-1.729978E+10	-1.719651E+10	-1.343409E+7	-1.032722E+8	-1.543721E+11
2.920010E+2	1.055904E+0	1.626386E+10	1.066417E+0	7.541930E+8	1.074091E+0	1.656088E+10	1.088293E+0	7.745765E+8	1.068279E+0	1.240307E+11	1.067310E+0	1.247145E+11	1.068960E+0	1.405915E+11	1.065983E+0	1.409783E+11	1.051297E-2	1.420209E-2	-2.187546E-2	-3.689128E-3	4.339535E-4	-1.550967E+10	-1.578631E+10	-2.038354E+7	2.766362E+8	-1.402241E+11
2.925020E+2	1.048857E+0	1.615976E+10	1.092020E+0	7.716120E+8	1.055775E+0	1.628968E+10	1.090953E+0	7.764018E+8	1.059159E+0	1.230143E+11	1.066434E+0	1.246161E+11	1.058762E+0	1.393040E+11	1.064389E+0	1.407759E+11	4.316253E-2	3.517766E-2	1.067372E-3	7.984869E-3	2.763109E-2	-1.538815E+10	-1.551328E+10	-4.789890E+6	1.251295E+8	-1.400043E+11
2.930020E+2	1.121262E+0	1.722936E+10	1.140808E+0	8.048051E+8	1.102978E+0	1.698861E+10	1.096781E+0	7.804015E+8	1.127326E+0	1.306106E+11	1.120150E+0	1.306425E+11	1.124470E+0	1.475992E+11	1.120279E+0	1.478718E+11	1.954592E-2	-6.196668E-3	4.402702E-2	2.574259E-2	2.052856E-2	-1.642456E+10	-1.620821E+10	2.440368E+7	-2.163448E+8	-1.470670E+11
2.935120E+2	1.150509E+0	1.766142E+10	1.126785E+0	7.952645E+8	1.147295E+0	1.764482E+10	1.156589E+0	8.214441E+8	1.150788E+0	1.332251E+11	1.152906E+0	1.343173E+11	1.150379E+0	1.508700E+11	1.152627E+0	1.519787E+11	-2.372454E-2	9.293583E-3	-2.980394E-2	-3.301813E-2	-2.584201E-2	-1.686615E+10	-1.682338E+10	-2.617957E+7	-4.277493E+7	-1.511835E+11
2.940110E+2	1.010674E+0	1.559570E+10	1.044902E+0	7.395553E+8	9.998494E-1	1.546160E+10	9.945920E-1	7.102754E+8	1.015075E+0	1.181019E+11	1.010679E+0	1.183610E+11	1.013289E+0	1.335635E+11	1.010679E+0	1.339567E+11	3.422881E-2	-5.257364E-3	5.031048E-2	3.948618E-2	3.422380E-2	-1.485614E+10	-1.475132E+10	2.927994E+7	-1.048197E+8	-1.332172E+11
2.945010E+2	8.986861E-1	1.394136E+10	8.902661E-1	6.343475E+8	8.942864E-1	1.389853E+10	9.207209E-1	6.595820E+8	9.030893E-1	1.056227E+11	8.986675E-1	1.057945E+11	9.020568E-1	1.195213E+11	8.986696E-1	1.197359E+11	-8.420069E-3	2.643444E-2	-3.045482E-2	-3.485451E-2	-8.403584E-3	-1.330701E+10	-1.323895E+10	-2.523458E+7	-6.806625E+7	-1.191015E+11
2.950070E+2	9.452272E-1	1.462889E+10	9.488514E-1	6.742063E+8	9.539121E-1	1.478140E+10	9.552316E-1	6.832647E+8	9.518316E-1	1.110543E+11	9.543050E-1	1.120364E+11	9.520756E-1	1.258358E+11	9.532488E-1	1.266653E+11	3.624146E-3	1.319460E-3	-6.380201E-3	2.304686E-3	-4.397407E-3	-1.395468E+10	-1.409814E+10	-9.058327E+6	1.434577E+8	-1.259911E+11
2.955070E+2	1.077116E+0	1.657721E+10	1.093352E+0	7.725180E+8	1.068268E+0	1.647466E+10	1.053023E+0	7.503734E+8	1.079764E+0	1.253105E+11	1.075916E+0	1.256799E+11	1.078416E+0	1.417852E+11	1.076056E+0	1.422571E+11	1.623567E-2	-1.524426E-2	4.032820E-2	3.147993E-2	1.729579E-2	-1.580470E+10	-1.572429E+10	2.214462E+7	-8.040491E+7	-1.414846E+11
2.960050E+2	1.135269E+0	1.743628E+10	1.173743E+0	8.272125E+8	1.132225E+0	1.742168E+10	1.112215E+0	7.909929E+8	1.133655E+0	1.313159E+11	1.130933E+0	1.318522E+11	1.133488E+0	1.487376E+11	1.131438E+0	1.492885E+11	3.847378E-2	-2.001002E-2	6.152763E-2	5.848379E-2	4.230503E-2	-1.660906E+10	-1.663068E+10	3.621952E+7	2.162097E+7	-1.484613E+11
2.965010E+2	1.064679E+0	1.639349E+10	1.058362E+0	7.487127E+8	1.069411E+0	1.649159E+10	1.033684E+0	7.371016E+8	1.062546E+0	1.233918E+11	1.061362E+0	1.240471E+11	1.063351E+0	1.398834E+11	1.061748E+0	1.404406E+11	-6.316722E-3	-3.572728E-2	2.467856E-2	2.941056E-2	-3.385885E-3	-1.564477E+10	-1.575449E+10	1.161109E+7	1.097154E+8	-1.396919E+11
2.970040E+2	9.638535E-1	1.490404E+10	9.533933E-1	6.772965E+8	9.681009E-1	1.499150E+10	9.719549E-1	6.947409E+8	9.677487E-1	1.128281E+11	9.680734E-1	1.135811E+11	9.677900E-1	1.278196E+11	9.675824E-1	1.284852E+11	-1.046014E-2	3.853966E-3	-1.856159E-2	-1.431410E-2	-1.418911E-2	-1.422675E+10	-1.429676E+10	-1.744441E+7	7.000929E+7	-1.278079E+11
2.975020E+2	1.004873E+0	1.551001E+10	1.047861E+0	7.415681E+8	1.000390E+0	1.546960E+10	1.031112E+0	7.353366E+8	1.002125E+0	1.166588E+11	1.000914E+0	1.172655E+11	1.001921E+0	1.321284E+11	1.001375E+0	1.327755E+11	4.298754E-2	3.072206E-2	1.674932E-2	1.226548E-2	4.648639E-2	-1.476844E+10	-1.473426E+10	6.231515E+6	-3.418489E+7	-1.320339E+11
2.980040E+2	1.037648E+0	1.599418E+10	9.995130E-1	7.086743E+8	1.023129E+0	1.580629E+10	1.018993E+0	7.270206E+8	1.028802E+0	1.196316E+11	1.028700E+0	1.203828E+11	1.028137E+0	1.354379E+11	1.029741E+0	1.363770E+11	-3.813528E-2	-4.135384E-3	-1.948036E-2	-3.399989E-2	-3.022832E-2	-1.528550E+10	-1.507927E+10	-1.834627E+7	-2.062309E+8	-1.356683E+11
2.985010E+2	1.042376E+0	1.606402E+10	1.041997E+0	7.375784E+8	1.052379E+0	1.623940E+10	1.026945E+0	7.324770E+8	1.046067E+0	1.215554E+11	1.048619E+0	1.226174E+11	1.046807E+0	1.377948E+11	1.047892E+0	1.386814E+11	-3.793441E-4	-2.543475E-2	1.505230E-2	2.505540E-2	-5.895356E-3	-1.532644E+10	-1.550693E+10	5.101461E+6	1.804858E+8	-1.379439E+11
2.990020E+2	1.002604E+0	1.547649E+10	1.026501E+0	7.270354E+8	1.011491E+0	1.563398E+10	1.007355E+0	7.190340E+8	1.004816E+0	1.169587E+11	1.005363E+0	1.177646E+11	1.005599E+0	1.325927E+11	1.005042E+0	1.332411E+11	2.389609E-2	-4.135997E-3	1.914530E-2	2.803209E-2	2.145882E-2	-1.474946E+10	-1.491494E+10	8.001419E+6	1.654853E+8	-1.325140E+11
2.995040E+2	9.304518E-1	1.441062E+10	8.964910E-1	6.385826E+8	9.371824E-1	1.453369E+10	9.218383E-1	6.603489E+8	9.367862E-1	1.093778E+11	9.360889E-1	1.099928E+11	9.368327E-1	1.239115E+11	9.354330E-1	1.244034E+11	-3.396075E-2	-1.534411E-2	-2.534727E-2	-1.861665E-2	-3.894194E-2	-1.377203E+10	-1.387334E+10	-2.176621E+7	1.013036E+8	-1.237648E+11
3.000040E+2	9.820458E-1	1.517279E+10	9.876375E-1	7.005947E+8	9.754287E-1	1.510000E+10	9.937568E-1	7.097022E+8	9.814040E-1	1.143498E+11	9.803159E-1	1.149546E+11	9.807032E-1	1.294498E+11	9.805171E-1	1.301274E+11	5.591740E-3	1.832817E-2	-6.119298E-3	-1.273643E-2	7.120409E-3	-1.447220E+10	-1.439030E+10	-9.107497E+6	-8.189867E+7	-1.294268E+11
