Photon Energy (eV)	X ref norm	X ref	X pump norm	X pump	Y ref norm	Y ref	Y pump norm	Y pump	X all norm	X all	Y all norm	Y all	X all Y ref norm	X all Y ref	Y all X ref norm	Y all X ref	BC(X hist) norm	BC(Y hist) norm	StS norm	BCSC norm	BCLR norm	BC(X hist)	BC(Y hist)	StS	BCSC	BCLR	
5.300110E+2	-5.534689E-3	1.178036E+9	-1.703108E-3	5.488541E+7	-5.061613E-3	1.212716E+9	-1.034562E-2	4.176064E+7	-5.387394E-3	8.461064E+9	-5.875493E-3	8.373520E+9	-5.346406E-3	9.673780E+9	-5.832607E-3	9.551556E+9	3.831581E-3	-5.284003E-3	8.642508E-3	9.115585E-3	4.129499E-3	-1.123151E+9	-1.170956E+9	1.312477E+7	4.780467E+7	-9.496670E+9
5.305180E+2	-2.377425E-3	1.269543E+9	-4.428729E-3	5.163187E+7	-5.418652E-3	1.202420E+9	9.760862E-6	5.403335E+7	-3.599500E-3	8.819311E+9	-4.046932E-3	8.741671E+9	-3.828374E-3	1.002173E+10	-3.836843E-3	1.001121E+10	-2.051304E-3	5.428413E-3	-4.438490E-3	-7.479717E-3	-5.918864E-4	-1.217911E+9	-1.148387E+9	-2.401476E+6	-6.952457E+7	-9.959582E+9
5.310150E+2	-3.969608E-3	1.223397E+9	-3.224648E-3	5.306917E+7	-4.680485E-3	1.223707E+9	-4.874578E-3	4.824466E+7	-3.868215E-3	8.765467E+9	-4.271749E-3	8.696408E+9	-3.970410E-3	9.989174E+9	-4.233728E-3	9.919805E+9	7.449606E-4	-1.940922E-4	1.649930E-3	9.390528E-4	1.009080E-3	-1.170328E+9	-1.175462E+9	4.824507E+6	5.134709E+6	-9.866735E+9
5.315080E+2	9.503774E-4	1.365992E+9	-2.483923E-3	5.395336E+7	8.616242E-4	1.383530E+9	3.046163E-3	5.763195E+7	1.090691E-3	9.759100E+9	1.407229E-3	9.839779E+9	1.061871E-3	1.114263E+10	1.349739E-3	1.120577E+10	-3.434301E-3	2.184539E-3	-5.530087E-3	-5.618840E-3	-3.833662E-3	-1.312039E+9	-1.325898E+9	-3.678589E+6	1.385874E+7	-1.115182E+10
5.320120E+2	4.281775E-3	1.462546E+9	3.140499E-3	6.066716E+7	6.877049E-3	1.557002E+9	3.538899E-3	5.821592E+7	4.429718E-3	1.042815E+10	5.119009E-3	1.058709E+10	4.737625E-3	1.198515E+10	5.013652E-3	1.204963E+10	-1.141276E-3	-3.338149E-3	-3.984003E-4	2.196874E-3	-1.873153E-3	-1.401879E+9	-1.498786E+9	2.451241E+6	9.690702E+7	-1.198897E+10
5.325120E+2	6.649570E-3	1.531172E+9	8.699909E-3	6.730335E+7	7.422077E-3	1.572719E+9	8.625370E-3	6.424416E+7	7.334701E-3	1.101023E+10	7.667936E-3	1.110027E+10	7.345694E-3	1.258295E+10	7.539786E-3	1.263144E+10	2.050339E-3	1.203293E-3	7.453864E-5	8.470457E-4	1.160123E-3	-1.463868E+9	-1.508475E+9	3.059188E+6	4.460681E+7	-1.256414E+10
5.330180E+2	2.002354E-2	1.918788E+9	1.936093E-2	8.002926E+7	2.200131E-2	1.993153E+9	2.661934E-2	8.556977E+7	2.045997E-2	1.364019E+10	2.023263E-2	1.362997E+10	2.065389E-2	1.563334E+10	2.020632E-2	1.554876E+10	-6.626138E-4	4.618036E-3	-7.258416E-3	-5.280650E-3	-8.453951E-4	-1.838759E+9	-1.907584E+9	-5.540507E+6	6.882446E+7	-1.546873E+10
5.331630E+2	2.542424E-2	2.075316E+9	2.158185E-2	8.268035E+7	2.740717E-2	2.149047E+9	3.257392E-2	9.262685E+7	2.722928E-2	1.499658E+10	2.731827E-2	1.505655E+10	2.725166E-2	1.714563E+10	2.707993E-2	1.713187E+10	-3.842386E-3	5.166746E-3	-1.099207E-2	-9.009132E-3	-5.498074E-3	-1.992636E+9	-2.056420E+9	-9.946502E+6	6.378420E+7	-1.704919E+10
5.333080E+2	2.899671E-2	2.178857E+9	3.603693E-2	9.993519E+7	3.164688E-2	2.271311E+9	3.978798E-2	1.011766E+8	3.049068E-2	1.565008E+10	3.098543E-2	1.579488E+10	3.063615E-2	1.792139E+10	3.073517E-2	1.797373E+10	7.040225E-3	8.141098E-3	-3.751045E-3	-1.100873E-3	5.301762E-3	-2.078922E+9	-2.170135E+9	-1.241428E+6	9.121280E+7	-1.787380E+10
5.334580E+2	4.666921E-2	2.691058E+9	5.294438E-2	1.201174E+8	4.463887E-2	2.645973E+9	4.897810E-2	1.120683E+8	4.690876E-2	1.893982E+10	4.455387E-2	1.852666E+10	4.662318E-2	2.158580E+10	4.482006E-2	2.121772E+10	6.275173E-3	4.339230E-3	3.966279E-3	1.935943E-3	8.124320E-3	-2.570940E+9	-2.533904E+9	8.049064E+6	-3.703588E+7	-2.109760E+10
5.336030E+2	5.697193E-2	2.989660E+9	5.079263E-2	1.175489E+8	5.697174E-2	3.001627E+9	5.307759E-2	1.169268E+8	5.734565E-2	2.103110E+10	5.728602E-2	2.109008E+10	5.729860E-2	2.403272E+10	5.724649E-2	2.407974E+10	-6.179299E-3	-3.894152E-3	-2.284965E-3	-2.285147E-3	-6.453862E-3	-2.872112E+9	-2.884700E+9	6.220220E+5	1.258808E+7	-2.396219E+10
5.337580E+2	7.911560E-2	3.631449E+9	6.653720E-2	1.363429E+8	8.060254E-2	3.683088E+9	8.469442E-2	1.543976E+8	8.110658E-2	2.579216E+10	8.073203E-2	2.581056E+10	8.104316E-2	2.947524E+10	8.052862E-2	2.944200E+10	-1.257840E-2	4.091881E-3	-1.815722E-2	-1.667028E-2	-1.399142E-2	-3.495106E+9	-3.528691E+9	-1.805467E+7	3.358507E+7	-2.930566E+10
5.339090E+2	1.210931E-1	4.848081E+9	1.426464E-1	2.271935E+8	1.233916E-1	4.917034E+9	1.171517E-1	1.928644E+8	1.278245E-1	3.515318E+10	1.252042E-1	3.476431E+10	1.272668E-1	4.007021E+10	1.246869E-1	3.961240E+10	2.155326E-2	-6.239954E-3	2.549476E-2	2.779321E-2	1.795954E-2	-4.620887E+9	-4.724170E+9	3.432909E+7	1.032828E+8	-3.938520E+10
5.340430E+2	1.762090E-1	6.445499E+9	1.933714E-1	2.877433E+8	1.810469E-1	6.579691E+9	1.993191E-1	2.902454E+8	1.843781E-1	4.648503E+10	1.809890E-1	4.599568E+10	1.839590E-1	5.306472E+10	1.803875E-1	5.244118E+10	1.716242E-2	1.827220E-2	-5.947676E-3	-1.109783E-3	1.298398E-2	-6.157756E+9	-6.289445E+9	-2.502129E+6	1.316894E+8	-5.215344E+10
5.342040E+2	3.183442E-1	1.056499E+10	3.173406E-1	4.357236E+8	3.093092E-1	1.027850E+10	3.114130E-1	4.230939E+8	3.265633E-1	7.497515E+10	3.163685E-1	7.325219E+10	3.243925E-1	8.525366E+10	3.166172E-1	8.381719E+10	-1.003581E-3	2.103853E-3	5.927563E-3	-3.107433E-3	7.234489E-4	-1.012927E+10	-9.855409E+9	1.262976E+7	-2.738589E+8	-8.338146E+10
5.343600E+2	5.761222E-1	1.803615E+10	6.082469E-1	7.829745E+8	5.835933E-1	1.818827E+10	5.843678E-1	7.465869E+8	5.934327E-1	1.284487E+11	5.837880E-1	1.270928E+11	5.921948E-1	1.466370E+11	5.828234E-1	1.451290E+11	3.212462E-2	7.744730E-4	2.387910E-2	3.135015E-2	2.542349E-2	-1.725318E+10	-1.744169E+10	3.638758E+7	1.885096E+8	-1.443460E+11
5.345160E+2	9.690973E-1	2.942572E+10	9.632680E-1	1.206759E+9	9.759250E-1	2.950229E+10	1.002170E+0	1.241746E+9	9.790840E-1	2.057230E+11	9.646244E-1	2.037681E+11	9.786866E-1	2.352252E+11	9.651873E-1	2.331938E+11	-5.829313E-3	2.624457E-2	-3.890158E-2	-3.207388E-2	-1.919233E-3	-2.821896E+10	-2.826054E+10	-3.498749E+7	4.158388E+7	-2.319871E+11
5.346620E+2	1.352208E+0	4.052938E+10	1.308282E+0	1.618598E+9	1.352133E+0	4.035133E+10	1.321212E+0	1.619860E+9	1.348237E+0	2.796913E+11	1.339046E+0	2.791520E+11	1.348727E+0	3.200426E+11	1.340703E+0	3.196814E+11	-4.392545E-2	-3.092084E-2	-1.292980E-2	-1.300461E-2	-3.242017E-2	-3.891078E+10	-3.873147E+10	-1.262717E+6	-1.793120E+8	-3.180628E+11
5.348120E+2	1.752720E+0	5.213740E+10	1.767282E+0	2.166500E+9	1.748566E+0	5.178363E+10	1.729637E+0	2.103906E+9	1.735012E+0	3.571908E+11	1.732380E+0	3.583433E+11	1.736717E+0	4.089744E+11	1.734939E+0	4.104807E+11	1.456198E-2	-1.892952E-2	3.764538E-2	3.349150E-2	3.234300E-2	-4.997090E+10	-4.967972E+10	6.259356E+7	-2.911781E+8	-4.083142E+11
5.349530E+2	1.968084E+0	5.837928E+10	1.908637E+0	2.335233E+9	1.981675E+0	5.850598E+10	1.949590E+0	2.364584E+9	1.937796E+0	3.978233E+11	1.938224E+0	3.997867E+11	1.943316E+0	4.563293E+11	1.941981E+0	4.581660E+11	-5.944739E-2	-3.208538E-2	-4.095246E-2	-2.736200E-2	-3.334411E-2	-5.604405E+10	-5.614140E+10	-2.935061E+7	9.734961E+7	-4.558308E+11
5.351140E+2	1.948876E+0	5.782257E+10	1.933160E+0	2.364506E+9	1.967932E+0	5.810967E+10	1.940307E+0	2.353582E+9	1.925289E+0	3.953172E+11	1.933887E+0	3.989137E+11	1.930654E+0	4.534269E+11	1.935773E+0	4.567362E+11	-1.571600E-2	-2.762548E-2	-7.146630E-3	1.190948E-2	-2.613291E-3	-5.545806E+10	-5.575609E+10	1.092373E+7	2.980280E+8	-4.543717E+11
5.352600E+2	1.857521E+0	5.517482E+10	1.867748E+0	2.286424E+9	1.859027E+0	5.496908E+10	1.828285E+0	2.220819E+9	1.830604E+0	3.763449E+11	1.836473E+0	3.793008E+11	1.834180E+0	4.313139E+11	1.839121E+0	4.344756E+11	1.022715E-2	-3.074184E-2	3.946250E-2	4.096899E-2	2.862660E-2	-5.288840E+10	-5.274826E+10	6.560448E+7	-1.401350E+8	-4.321892E+11
5.354170E+2	1.599147E+0	4.768641E+10	1.591676E+0	1.956881E+9	1.619720E+0	4.806797E+10	1.567792E+0	1.912095E+9	1.581604E+0	3.264520E+11	1.585930E+0	3.288581E+11	1.586400E+0	3.745200E+11	1.587593E+0	3.765445E+11	-7.471604E-3	-5.192759E-2	2.388357E-2	4.445599E-2	4.082621E-3	-4.572953E+10	-4.615587E+10	4.478515E+7	4.263416E+8	-3.745876E+11
5.355630E+2	1.401588E+0	4.196056E+10	1.388817E+0	1.714731E+9	1.396590E+0	4.163338E+10	1.401263E+0	1.714733E+9	1.384767E+0	2.870111E+11	1.389362E+0	2.892822E+11	1.386255E+0	3.286445E+11	1.390901E+0	3.312428E+11	-1.277059E-2	4.672512E-3	-1.244549E-2	-1.744311E-2	-2.083151E-3	-4.024583E+10	-3.991865E+10	-1.471283E+3	-3.271762E+8	-3.295281E+11
5.357090E+2	1.207324E+0	3.633023E+10	1.209351E+0	1.500504E+9	1.204081E+0	3.608181E+10	1.235346E+0	1.518096E+9	1.194112E+0	2.488089E+11	1.204570E+0	2.520773E+11	1.195366E+0	2.848907E+11	1.204916E+0	2.884075E+11	2.026615E-3	3.126572E-2	-2.599537E-2	-2.923910E-2	4.434671E-3	-3.482973E+10	-3.456372E+10	-1.759167E+7	-2.660117E+8	-2.869070E+11
5.358600E+2	9.863075E-1	2.992452E+10	1.012322E+0	1.265313E+9	9.890176E-1	2.987985E+10	9.900702E-1	1.227406E+9	9.859127E-1	2.070912E+11	9.907490E-1	2.090279E+11	9.863034E-1	2.369711E+11	9.901900E-1	2.389524E+11	2.601433E-2	1.052673E-3	2.225162E-2	2.496166E-2	2.213181E-2	-2.865921E+10	-2.865244E+10	3.790701E+7	-6.762136E+6	-2.376871E+11
5.360070E+2	8.157227E-1	2.498047E+10	8.139869E-1	1.028564E+9	8.124662E-1	2.478848E+10	8.339303E-1	1.042357E+9	8.149545E-1	1.728358E+11	8.180422E-1	1.742561E+11	8.146415E-1	1.976243E+11	8.177503E-1	1.992366E+11	-1.735780E-3	2.146414E-2	-1.994341E-2	-2.319992E-2	-3.763410E-3	-2.395191E+10	-2.374613E+10	-1.379307E+7	-2.057831E+8	-1.982081E+11
5.362630E+2	6.301214E-1	1.960120E+10	6.392439E-1	8.199752E+8	6.406002E-1	1.983223E+10	6.377737E-1	8.098812E+8	6.408972E-1	1.379593E+11	6.439924E-1	1.392140E+11	6.408598E-1	1.577915E+11	6.422469E-1	1.588152E+11	9.122483E-3	-2.826483E-3	1.470134E-3	1.194897E-2	-3.002995E-3	-1.878123E+10	-1.902235E+10	1.009404E+7	2.411221E+8	-1.579952E+11
5.365190E+2	5.205667E-1	1.642599E+10	5.247720E-1	6.833317E+8	5.247659E-1	1.649182E+10	5.287335E-1	6.806518E+8	5.270691E-1	1.151512E+11	5.289270E-1	1.160474E+11	5.267794E-1	1.316430E+11	5.278750E-1	1.324734E+11	4.205299E-3	3.967585E-3	-3.961443E-3	2.377140E-4	-3.102947E-3	-1.574266E+10	-1.581117E+10	2.679928E+6	6.850548E+7	-1.317901E+11
5.367660E+2	4.981448E-1	1.577614E+10	4.935846E-1	6.461038E+8	5.063282E-1	1.596011E+10	4.986707E-1	6.450228E+8	5.080636E-1	1.113430E+11	5.083969E-1	1.119140E+11	5.078452E-1	1.273031E+11	5.071068E-1	1.276902E+11	-4.560197E-3	-7.657502E-3	-5.086090E-3	3.097306E-3	-1.352212E-2	-1.513004E+10	-1.531509E+10	1.080906E+6	1.850556E+8	-1.270441E+11
5.370170E+2	5.183806E-1	1.636263E+10	5.034368E-1	6.578641E+8	5.176770E-1	1.628739E+10	5.012687E-1	6.481018E+8	5.243818E-1	1.146127E+11	5.247872E-1	1.152139E+11	5.235383E-1	1.309001E+11	5.239810E-1	1.315766E+11	-1.494379E-2	-1.640835E-2	2.168118E-3	1.464559E-3	-2.054417E-2	-1.570477E+10	-1.563929E+10	9.762328E+6	-6.547898E+7	-1.309187E+11
5.372640E+2	5.971876E-1	1.864669E+10	5.992079E-1	7.721849E+8	5.911561E-1	1.840637E+10	5.803256E-1	7.417964E+8	6.030705E-1	1.303798E+11	6.005895E-1	1.304755E+11	6.015715E-1	1.487862E+11	6.001614E-1	1.491222E+11	2.020344E-3	-1.083050E-2	1.888233E-2	1.285084E-2	-9.534659E-4	-1.787450E+10	-1.766457E+10	3.038850E+7	-2.099292E+8	-1.483500E+11
5.375110E+2	7.146239E-1	2.205033E+10	7.001936E-1	8.927301E+8	7.183644E-1	2.207479E+10	7.419815E-1	9.333833E+8	7.192776E-1	1.536647E+11	7.168692E-1	1.538866E+11	7.191627E-1	1.757394E+11	7.165866E-1	1.759369E+11	-1.443034E-2	2.361707E-2	-4.178791E-2	-3.804741E-2	-1.639308E-2	-2.115760E+10	-2.114140E+10	-4.065322E+7	-1.620079E+7	-1.750442E+11
5.377580E+2	7.667186E-1	2.356019E+10	7.069853E-1	9.008373E+8	7.740420E-1	2.368041E+10	7.472668E-1	9.396471E+8	7.707546E-1	1.639793E+11	7.694493E-1	1.644727E+11	7.711682E-1	1.876597E+11	7.691057E-1	1.880329E+11	-5.973324E-2	-2.677529E-2	-4.028143E-2	-3.295795E-2	-6.212033E-2	-2.265935E+10	-2.274077E+10	-3.880986E+7	8.141207E+7	-1.871321E+11
5.380210E+2	9.278220E-1	2.822944E+10	9.388427E-1	1.177602E+9	9.282251E-1	2.812672E+10	9.104201E-1	1.133009E+9	9.292607E-1	1.957397E+11	9.297105E-1	1.967388E+11	9.291304E-1	2.238664E+11	9.294728E-1	2.249682E+11	1.102069E-2	-1.780496E-2	2.842261E-2	2.882566E-2	9.369917E-3	-2.705184E+10	-2.699372E+10	4.459353E+7	-5.812161E+7	-2.237906E+11
5.382790E+2	1.061612E+0	3.210707E+10	1.033570E+0	1.290677E+9	1.067346E+0	3.213867E+10	1.047627E+0	1.295620E+9	1.065532E+0	2.230448E+11	1.064670E+0	2.239107E+11	1.065760E+0	2.551835E+11	1.064285E+0	2.560177E+11	-2.804228E-2	-1.971873E-2	-1.405736E-2	-8.323556E-3	-3.071527E-2	-3.081639E+10	-3.084305E+10	-4.943360E+6	2.666408E+7	-2.547271E+11
5.385110E+2	1.285058E+0	3.858318E+10	1.263303E+0	1.564906E+9	1.278940E+0	3.824059E+10	1.256742E+0	1.543453E+9	1.278106E+0	2.656390E+11	1.271783E+0	2.656096E+11	1.278211E+0	3.038796E+11	1.273454E+0	3.041928E+11	-2.175536E-2	-2.219759E-2	6.560723E-3	4.422351E-4	-1.015086E-2	-3.701828E+10	-3.669713E+10	2.145269E+7	-3.211439E+8	-3.026279E+11
5.387700E+2	1.492030E+0	4.458183E+10	1.414110E+0	1.744922E+9	1.494580E+0	4.445920E+10	1.512109E+0	1.846102E+9	1.481001E+0	3.062937E+11	1.474441E+0	3.064115E+11	1.482709E+0	3.507529E+11	1.476654E+0	3.509933E+11	-7.792022E-2	1.752865E-2	-9.799891E-2	-9.544887E-2	-6.254458E-2	-4.283691E+10	-4.261310E+10	-1.011795E+8	-2.238136E+8	-3.492484E+11
5.390240E+2	1.686176E+0	5.020876E+10	1.657088E+0	2.034962E+9	1.690177E+0	5.009980E+10	1.652323E+0	2.012277E+9	1.670034E+0	3.441710E+11	1.664541E+0	3.446851E+11	1.672568E+0	3.942708E+11	1.667263E+0	3.948938E+11	-2.908828E-2	-3.785441E-2	4.765277E-3	8.766126E-3	-1.017544E-2	-4.817380E+10	-4.808753E+10	2.268525E+7	-8.626994E+7	-3.928589E+11
5.392880E+2	1.879698E+0	5.581757E+10	1.798592E+0	2.203874E+9	1.883937E+0	5.568743E+10	1.790816E+0	2.176413E+9	1.846946E+0	3.796194E+11	1.844948E+0	3.810071E+11	1.851600E+0	4.353069E+11	1.849321E+0	4.368247E+11	-8.110527E-2	-9.312088E-2	7.776379E-3	1.201561E-2	-5.072817E-2	-5.361370E+10	-5.351101E+10	2.746142E+7	-1.026879E+8	-4.346208E+11
5.395210E+2	2.002264E+0	5.936990E+10	1.919830E+0	2.348594E+9	2.022418E+0	5.968092E+10	1.919933E+0	2.329436E+9	1.971321E+0	4.045408E+11	1.972255E+0	4.066384E+11	1.977750E+0	4.642217E+11	1.976031E+0	4.660083E+11	-8.243347E-2	-1.024846E-1	-1.026286E-4	2.005110E-2	-5.620068E-2	-5.702131E+10	-5.735148E+10	1.915820E+7	3.301718E+8	-4.636597E+11
5.397970E+2	2.060491E+0	6.105748E+10	1.950613E+0	2.385338E+9	2.061129E+0	6.079728E+10	1.924224E+0	2.334521E+9	2.015512E+0	4.133957E+11	2.018272E+0	4.159032E+11	2.021252E+0	4.741929E+11	2.023585E+0	4.769606E+11	-1.098781E-1	-1.369054E-1	2.638855E-2	2.702722E-2	-7.297209E-2	-5.867215E+10	-5.846276E+10	5.081698E+7	-2.093874E+8	-4.745753E+11
5.400240E+2	2.001408E+0	5.934511E+10	1.914843E+0	2.342640E+9	2.008332E+0	5.927472E+10	1.879746E+0	2.281808E+9	1.961571E+0	4.025873E+11	1.965866E+0	4.053521E+11	1.967455E+0	4.618620E+11	1.970339E+0	4.646972E+11	-8.656579E-2	-1.285863E-1	3.509679E-2	4.202051E-2	-5.549614E-2	-5.700246E+10	-5.699291E+10	6.083233E+7	-9.555287E+6	-4.623546E+11
5.402790E+2	1.877993E+0	5.576817E+10	1.810295E+0	2.217844E+9	1.867314E+0	5.520806E+10	1.831498E+0	2.224627E+9	1.847492E+0	3.797289E+11	1.848450E+0	3.817122E+11	1.849986E+0	4.349370E+11	1.852168E+0	4.374804E+11	-6.769779E-2	-3.581640E-2	-2.120238E-2	-3.188139E-2	-4.187219E-2	-5.355033E+10	-5.298343E+10	-6.782972E+6	-5.668954E+8	-4.352625E+11
5.405020E+2	1.776569E+0	5.282859E+10	1.704075E+0	2.091050E+9	1.783951E+0	5.280404E+10	1.768583E+0	2.150063E+9	1.755461E+0	3.612883E+11	1.758877E+0	3.636781E+11	1.759046E+0	4.140924E+11	1.761103E+0	4.165067E+11	-7.249327E-2	-1.536792E-2	-6.450774E-2	-5.712534E-2	-5.702779E-2	-5.073754E+10	-5.065398E+10	-5.901290E+7	-8.356192E+7	-4.144157E+11
5.407740E+2	1.699555E+0	5.059652E+10	1.628403E+0	2.000721E+9	1.709597E+0	5.065983E+10	1.627615E+0	1.982994E+9	1.669591E+0	3.440823E+11	1.674266E+0	3.466431E+11	1.674625E+0	3.947421E+11	1.677448E+0	3.972396E+11	-7.115207E-2	-8.198220E-2	7.883945E-4	1.083012E-2	-4.904530E-2	-4.859580E+10	-4.867684E+10	1.772725E+7	8.103773E+7	-3.952389E+11
5.410190E+2	1.654907E+0	4.930248E+10	1.610640E+0	1.979517E+9	1.662093E+0	4.928993E+10	1.559169E+0	1.901875E+9	1.635062E+0	3.371635E+11	1.638244E+0	3.393907E+11	1.638463E+0	3.864534E+11	1.640341E+0	3.886932E+11	-4.426712E-2	-1.029248E-1	5.147104E-2	5.865765E-2	-2.970142E-2	-4.732296E+10	-4.738806E+10	7.764235E+7	6.509326E+7	-3.867137E+11
5.412790E+2	1.544163E+0	4.609279E+10	1.478125E+0	1.821336E+9	1.568396E+0	4.658790E+10	1.536173E+0	1.874622E+9	1.534770E+0	3.170676E+11	1.543353E+0	3.202858E+11	1.539000E+0	3.636555E+11	1.543454E+0	3.663786E+11	-6.603794E-2	-3.222294E-2	-5.804845E-2	-3.381500E-2	-6.532981E-2	-4.427145E+10	-4.471328E+10	-5.328584E+7	4.418224E+8	-3.645572E+11
5.415190E+2	1.387026E+0	4.153851E+10	1.335679E+0	1.651300E+9	1.386664E+0	4.134712E+10	1.366768E+0	1.673851E+9	1.375217E+0	2.850975E+11	1.374163E+0	2.862222E+11	1.376657E+0	3.264446E+11	1.375782E+0	3.277607E+11	-5.134718E-2	-1.989559E-2	-3.108923E-2	-3.145159E-2	-4.010294E-2	-3.988721E+10	-3.967326E+10	-2.255063E+7	-2.139422E+8	-3.261094E+11
5.417700E+2	1.193615E+0	3.593288E+10	1.176323E+0	1.461079E+9	1.197549E+0	3.589347E+10	1.181891E+0	1.454743E+9	1.189673E+0	2.479193E+11	1.189927E+0	2.491292E+11	1.190664E+0	2.838128E+11	1.190391E+0	2.850621E+11	-1.729194E-2	-1.565855E-2	-5.568239E-3	-1.633394E-3	-1.406844E-2	-3.447180E+10	-3.443872E+10	6.335756E+6	-3.308088E+7	-2.836010E+11
5.420210E+2	1.042729E+0	3.155978E+10	1.019299E+0	1.273642E+9	1.039337E+0	3.133095E+10	1.028595E+0	1.273065E+9	1.042427E+0	2.184153E+11	1.039422E+0	2.188274E+11	1.042039E+0	2.497462E+11	1.039838E+0	2.503872E+11	-2.343007E-2	-1.074151E-2	-9.296220E-3	-1.268856E-2	-2.053904E-2	-3.028614E+10	-3.005789E+10	5.775386E+5	-2.282547E+8	-2.491136E+11
5.422730E+2	9.436139E-1	2.868713E+10	8.966284E-1	1.127212E+9	9.420061E-1	2.852414E+10	9.123679E-1	1.135317E+9	9.476335E-1	1.994211E+11	9.463416E-1	2.000872E+11	9.469255E-1	2.279452E+11	9.459984E-1	2.287743E+11	-4.698546E-2	-2.963824E-2	-1.573946E-2	-1.734722E-2	-4.936995E-2	-2.755992E+10	-2.738882E+10	-8.105514E+6	-1.710987E+8	-2.276471E+11
5.425190E+2	9.356761E-1	2.845707E+10	9.367589E-1	1.175115E+9	9.359003E-1	2.834806E+10	9.588319E-1	1.190384E+9	9.416958E-1	1.982314E+11	9.371332E-1	1.982332E+11	9.409667E-1	2.265794E+11	9.369499E-1	2.266903E+11	1.082794E-3	2.293152E-2	-2.207300E-2	-2.184873E-2	-1.910044E-4	-2.728196E+10	-2.715768E+10	-1.526927E+7	-1.242790E+8	-2.255152E+11
5.427650E+2	9.799656E-1	2.974071E+10	9.499737E-1	1.190889E+9	9.898755E-1	2.990459E+10	9.943329E-1	1.232458E+9	9.836897E-1	2.066458E+11	9.823143E-1	2.073297E+11	9.844680E-1	2.365504E+11	9.820187E-1	2.370704E+11	-2.999194E-2	4.457464E-3	-4.435927E-2	-3.444940E-2	-3.204503E-2	-2.854982E+10	-2.867213E+10	-4.156913E+7	1.223092E+8	-2.358795E+11
5.430070E+2	1.095908E+0	3.310106E+10	1.103741E+0	1.374440E+9	1.094382E+0	3.291834E+10	1.080831E+0	1.334972E+9	1.091443E+0	2.282367E+11	1.093056E+0	2.296258E+11	1.091813E+0	2.611551E+11	1.093415E+0	2.627268E+11	7.833284E-3	-1.355087E-2	2.290995E-2	2.138415E-2	1.032637E-2	-3.172662E+10	-3.158337E+10	3.946737E+7	-1.432509E+8	-2.613524E+11
5.432960E+2	1.241606E+0	3.732381E+10	1.218601E+0	1.511546E+9	1.255776E+0	3.757261E+10	1.247164E+0	1.532101E+9	1.247343E+0	2.594749E+11	1.245653E+0	2.603486E+11	1.248404E+0	2.970475E+11	1.245143E+0	2.976724E+11	-2.300489E-2	-8.612897E-3	-2.856256E-2	-1.439199E-2	-2.654230E-2	-3.581227E+10	-3.604051E+10	-2.055524E+7	2.282439E+8	-2.961609E+11
5.435330E+2	1.416721E+0	4.239915E+10	1.377724E+0	1.701489E+9	1.417220E+0	4.222831E+10	1.385120E+0	1.695601E+9	1.400084E+0	2.900801E+11	1.398934E+0	2.912095E+11	1.402240E+0	3.323084E+11	1.401173E+0	3.336086E+11	-3.899633E-2	-3.210024E-2	-7.395821E-3	-6.896086E-3	-2.344830E-2	-4.069766E+10	-4.053271E+10	5.888489E+6	-1.649491E+8	-3.319071E+11
5.437640E+2	1.526550E+0	4.558233E+10	1.477603E+0	1.820713E+9	1.520799E+0	4.521530E+10	1.509696E+0	1.843242E+9	1.508992E+0	3.119024E+11	1.507513E+0	3.130701E+11	1.510477E+0	3.571177E+11	1.509909E+0	3.586524E+11	-4.894740E-2	-1.110310E-2	-3.209296E-2	-3.784430E-2	-3.230602E-2	-4.376162E+10	-4.337205E+10	-2.252906E+7	-3.895644E+8	-3.568317E+11
5.440120E+2	1.582135E+0	4.719333E+10	1.526532E+0	1.879119E+9	1.602702E+0	4.757722E+10	1.551459E+0	1.892738E+9	1.569082E+0	3.239430E+11	1.575053E+0	3.266682E+11	1.573312E+0	3.715202E+11	1.575944E+0	3.738615E+11	-5.560260E-2	-5.124299E-2	-2.492743E-2	-4.359608E-3	-4.941235E-2	-4.531421E+10	-4.568448E+10	-1.361927E+7	3.702724E+8	-3.719824E+11
5.442650E+2	1.571743E+0	4.689215E+10	1.515593E+0	1.866061E+9	1.576221E+0	4.681354E+10	1.522081E+0	1.857920E+9	1.555390E+0	3.211994E+11	1.553271E+0	3.222828E+11	1.558011E+0	3.680129E+11	1.555596E+0	3.691749E+11	-5.614999E-2	-5.413986E-2	-6.487703E-3	-2.010132E-3	-4.000280E-2	-4.502609E+10	-4.495562E+10	8.141276E+6	-7.046866E+7	-3.673088E+11
5.445290E+2	1.513430E+0	4.520208E+10	1.507434E+0	1.856322E+9	1.513725E+0	4.501131E+10	1.454543E+0	1.777878E+9	1.495760E+0	3.092510E+11	1.501144E+0	3.117878E+11	1.498020E+0	3.542623E+11	1.502690E+0	3.569898E+11	-5.996510E-3	-5.918240E-2	5.289094E-2	5.318589E-2	4.743771E-3	-4.334576E+10	-4.323343E+10	7.844442E+7	-1.123256E+8	-3.551335E+11
5.447720E+2	1.454238E+0	4.348651E+10	1.428134E+0	1.761663E+9	1.457073E+0	4.337757E+10	1.369396E+0	1.676965E+9	1.442077E+0	2.984945E+11	1.442699E+0	3.000207E+11	1.443964E+0	3.418721E+11	1.444151E+0	3.435072E+11	-2.610361E-2	-8.767703E-2	5.873858E-2	6.157342E-2	-1.601638E-2	-4.172484E+10	-4.170060E+10	8.469805E+7	-2.424147E+7	-3.417455E+11
5.450200E+2	1.374482E+0	4.117496E+10	1.311684E+0	1.622657E+9	1.383051E+0	4.124294E+10	1.355748E+0	1.660790E+9	1.366252E+0	2.833011E+11	1.371823E+0	2.857510E+11	1.368366E+0	3.245441E+11	1.372157E+0	3.269259E+11	-6.279889E-2	-2.730350E-2	-4.406402E-2	-3.549539E-2	-6.047388E-2	-3.955230E+10	-3.958215E+10	-3.813250E+7	2.984584E+7	-3.253033E+11
5.452690E+2	1.311893E+0	3.936094E+10	1.303452E+0	1.612832E+9	1.319463E+0	3.940921E+10	1.266093E+0	1.554535E+9	1.300552E+0	2.701366E+11	1.305213E+0	2.723403E+11	1.302931E+0	3.095458E+11	1.306054E+0	3.117012E+11	-8.441150E-3	-5.337057E-2	3.735932E-2	4.492942E-2	-2.601863E-3	-3.774811E+10	-3.785467E+10	5.829636E+7	1.065576E+8	-3.100884E+11
5.455450E+2	1.225898E+0	3.686856E+10	1.213154E+0	1.505044E+9	1.227975E+0	3.677087E+10	1.208215E+0	1.485942E+9	1.231148E+0	2.562298E+11	1.229805E+0	2.571580E+11	1.230748E+0	2.930007E+11	1.229314E+0	2.940266E+11	-1.274413E-2	-1.975969E-2	4.939117E-3	7.015562E-3	-1.615933E-2	-3.536352E+10	-3.528493E+10	1.910289E+7	-7.858856E+7	-2.925216E+11
5.457890E+2	1.180552E+0	3.555428E+10	1.181214E+0	1.466918E+9	1.183953E+0	3.550136E+10	1.154428E+0	1.422196E+9	1.172002E+0	2.443785E+11	1.174783E+0	2.460802E+11	1.173505E+0	2.798799E+11	1.175509E+0	2.816345E+11	6.628294E-4	-2.952425E-2	2.678608E-2	3.018708E-2	5.705511E-3	-3.408736E+10	-3.407917E+10	4.472232E+7	-8.194604E+6	-2.801675E+11
5.460110E+2	1.150993E+0	3.469759E+10	1.114110E+0	1.386816E+9	1.149836E+0	3.451751E+10	1.122570E+0	1.384439E+9	1.143236E+0	2.386147E+11	1.145474E+0	2.401793E+11	1.144066E+0	2.731322E+11	1.146169E+0	2.748769E+11	-3.688346E-2	-2.726578E-2	-8.460701E-3	-9.617681E-3	-3.205908E-2	-3.331077E+10	-3.313308E+10	2.376840E+6	-1.776953E+8	-2.734901E+11
5.467710E+2	1.223993E+0	3.681333E+10	1.209367E+0	1.500524E+9	1.232365E+0	3.689747E+10	1.235873E+0	1.518721E+9	1.222795E+0	2.545562E+11	1.219145E+0	2.550117E+11	1.223999E+0	2.914536E+11	1.219755E+0	2.918250E+11	-1.462548E-2	3.508621E-3	-2.650625E-2	-1.813410E-2	-1.038763E-2	-3.531280E+10	-3.537875E+10	-1.819700E+7	6.594280E+7	-2.903245E+11
5.475070E+2	1.356213E+0	4.064545E+10	1.340606E+0	1.657182E+9	1.360749E+0	4.059980E+10	1.390984E+0	1.702550E+9	1.350834E+0	2.802117E+11	1.348371E+0	2.810293E+11	1.352081E+0	3.208115E+11	1.349358E+0	3.216748E+11	-1.560683E-2	3.023430E-2	-5.037763E-2	-4.584113E-2	-8.751674E-3	-3.898827E+10	-3.889725E+10	-4.536829E+7	-9.101773E+7	-3.200176E+11
5.482600E+2	1.449583E+0	4.335161E+10	1.422749E+0	1.755234E+9	1.455123E+0	4.332135E+10	1.414180E+0	1.730041E+9	1.432435E+0	2.965625E+11	1.431125E+0	2.976905E+11	1.435290E+0	3.398839E+11	1.433447E+0	3.410421E+11	-2.683485E-2	-4.094328E-2	8.568643E-3	1.410843E-2	-1.069883E-2	-4.159637E+10	-4.159131E+10	2.519304E+7	-5.066494E+6	-3.392868E+11
5.490380E+2	1.404387E+0	4.204169E+10	1.347837E+0	1.665814E+9	1.406737E+0	4.192598E+10	1.381251E+0	1.691016E+9	1.394249E+0	2.889110E+11	1.394964E+0	2.904101E+11	1.395820E+0	3.308370E+11	1.396150E+0	3.324518E+11	-5.655012E-2	-2.548524E-2	-3.341417E-2	-3.106488E-2	-4.831258E-2	-4.037588E+10	-4.023496E+10	-2.520228E+7	-1.409139E+8	-3.307860E+11
5.497850E+2	1.342425E+0	4.024584E+10	1.358409E+0	1.678433E+9	1.334125E+0	3.983200E+10	1.300582E+0	1.595411E+9	1.324174E+0	2.748699E+11	1.325586E+0	2.764421E+11	1.325426E+0	3.147019E+11	1.327705E+0	3.166879E+11	1.598462E-2	-3.354236E-2	5.782710E-2	4.952698E-2	3.070396E-2	-3.856740E+10	-3.823659E+10	8.302280E+7	-3.308079E+8	-3.150095E+11
5.505170E+2	1.301582E+0	3.906210E+10	1.312457E+0	1.623581E+9	1.305943E+0	3.901931E+10	1.257829E+0	1.544741E+9	1.297122E+0	2.694494E+11	1.295355E+0	2.703554E+11	1.298232E+0	3.084687E+11	1.296138E+0	3.094175E+11	1.087460E-2	-4.811448E-2	5.462824E-2	5.898907E-2	1.631849E-2	-3.743852E+10	-3.747457E+10	7.883951E+7	3.604772E+7	-3.077939E+11
5.512620E+2	1.287170E+0	3.864438E+10	1.238230E+0	1.534977E+9	1.300711E+0	3.886842E+10	1.278338E+0	1.569048E+9	1.284948E+0	2.670099E+11	1.288505E+0	2.689762E+11	1.286931E+0	3.058783E+11	1.288337E+0	3.076206E+11	-4.893964E-2	-2.237243E-2	-4.010812E-2	-2.656720E-2	-5.010654E-2	-3.710941E+10	-3.729937E+10	-3.407098E+7	1.899616E+8	-3.060856E+11
5.520210E+2	1.306437E+0	3.920281E+10	1.236042E+0	1.532365E+9	1.311014E+0	3.916554E+10	1.267354E+0	1.556031E+9	1.295167E+0	2.690575E+11	1.295004E+0	2.702847E+11	1.297160E+0	3.082230E+11	1.296443E+0	3.094875E+11	-7.039491E-2	-4.365932E-2	-3.131245E-2	-2.673558E-2	-6.040048E-2	-3.767044E+10	-3.760951E+10	-2.366544E+7	-6.093155E+7	-3.079552E+11
5.527650E+2	1.257532E+0	3.778541E+10	1.241615E+0	1.539017E+9	1.273672E+0	3.808867E+10	1.246671E+0	1.531518E+9	1.258668E+0	2.617441E+11	1.264321E+0	2.641073E+11	1.260555E+0	2.998328E+11	1.263467E+0	3.018927E+11	-1.591764E-2	-2.700074E-2	-5.056252E-3	1.108309E-2	-2.185205E-2	-3.624639E+10	-3.655716E+10	7.499722E+6	3.107642E+8	-3.003537E+11
5.535160E+2	1.189429E+0	3.581158E+10	1.175140E+0	1.459667E+9	1.199702E+0	3.595553E+10	1.169130E+0	1.439619E+9	1.183364E+0	2.466552E+11	1.186963E+0	2.485324E+11	1.185419E+0	2.826107E+11	1.187273E+0	2.843440E+11	-1.428926E-2	-3.057217E-2	6.010322E-3	1.628290E-2	-1.213344E-2	-3.435191E+10	-3.451591E+10	2.004803E+7	1.640053E+8	-2.828843E+11
5.542580E+2	1.093521E+0	3.303189E+10	1.081508E+0	1.347900E+9	1.096042E+0	3.296621E+10	1.112418E+0	1.372407E+9	1.088284E+0	2.276037E+11	1.094380E+0	2.298924E+11	1.089260E+0	2.605699E+11	1.094272E+0	2.629243E+11	-1.201356E-2	1.637589E-2	-3.091006E-2	-2.838945E-2	-1.276425E-2	-3.168399E+10	-3.159380E+10	-2.450729E+7	-9.018996E+7	-2.615764E+11
5.550190E+2	1.004115E+0	3.044064E+10	9.401182E-1	1.179125E+9	1.012405E+0	3.055429E+10	1.029729E+0	1.274408E+9	1.007903E+0	2.114975E+11	1.009820E+0	2.128675E+11	1.008469E+0	2.420518E+11	1.009102E+0	2.433081E+11	-6.399702E-2	1.732427E-2	-8.961080E-2	-8.132130E-2	-6.898377E-2	-2.926151E+10	-2.927988E+10	-9.528322E+7	1.836450E+7	-2.421290E+11
5.557710E+2	9.631484E-1	2.925330E+10	9.556814E-1	1.197702E+9	9.708793E-1	2.935678E+10	9.692752E-1	1.202761E+9	9.651685E-1	2.029347E+11	9.648722E-1	2.038180E+11	9.658870E-1	2.322914E+11	9.646553E-1	2.330713E+11	-7.467024E-3	-1.604086E-3	-1.359385E-2	-5.862938E-3	-8.973870E-3	-2.805560E+10	-2.815402E+10	-5.058703E+6	9.842239E+7	-2.318736E+11
5.560130E+2	9.714139E-1	2.949286E+10	9.885405E-1	1.236926E+9	9.797148E-1	2.961158E+10	9.567850E-1	1.187958E+9	9.701778E-1	2.039384E+11	9.720865E-1	2.052705E+11	9.713777E-1	2.335500E+11	9.720019E-1	2.347634E+11	1.712657E-2	-2.292987E-2	3.175554E-2	4.005644E-2	1.653861E-2	-2.825593E+10	-2.842362E+10	4.896767E+7	1.676869E+8	-2.335264E+11
5.565090E+2	9.787961E-1	2.970682E+10	9.379009E-1	1.176478E+9	9.685022E-1	2.928823E+10	9.835078E-1	1.219629E+9	9.771536E-1	2.053362E+11	9.738697E-1	2.056295E+11	9.760651E-1	2.346244E+11	9.744896E-1	2.353363E+11	-4.089522E-2	1.500561E-2	-4.560692E-2	-5.590083E-2	-3.658876E-2	-2.853034E+10	-2.806860E+10	-4.315081E+7	-4.617370E+8	-2.341599E+11
5.570270E+2	9.882497E-1	2.998081E+10	1.005839E+0	1.257575E+9	9.764854E-1	2.951845E+10	9.952778E-1	1.233578E+9	9.843325E-1	2.067746E+11	9.829291E-1	2.074535E+11	9.833452E-1	2.362931E+11	9.835987E-1	2.374343E+11	1.758962E-2	1.879240E-2	1.056150E-2	-1.202785E-3	2.224067E-2	-2.872323E+10	-2.828487E+10	2.399711E+7	-4.383625E+8	-2.361767E+11
5.575640E+2	9.853787E-1	2.989760E+10	9.711251E-1	1.216137E+9	9.913733E-1	2.994779E+10	1.005020E+0	1.245124E+9	9.913243E-1	2.081756E+11	9.917458E-1	2.092286E+11	9.913305E-1	2.381234E+11	9.909446E-1	2.391262E+11	-1.425356E-2	1.364637E-2	-3.389455E-2	-2.789992E-2	-1.981946E-2	-2.868146E+10	-2.870266E+10	-2.898634E+7	2.119949E+7	-2.379101E+11
5.580230E+2	1.005537E+0	3.048185E+10	1.010763E+0	1.263453E+9	1.005987E+0	3.036922E+10	1.019388E+0	1.262153E+9	1.002875E+0	2.104899E+11	1.001945E+0	2.112819E+11	1.003266E+0	2.408592E+11	1.002397E+0	2.417638E+11	5.226173E-3	1.340095E-2	-8.625007E-3	-8.174773E-3	8.366513E-3	-2.921839E+10	-2.910707E+10	1.300186E+6	-1.113261E+8	-2.405003E+11
5.585220E+2	1.011657E+0	3.065922E+10	9.943433E-1	1.243853E+9	1.008470E+0	3.044082E+10	9.667962E-1	1.199823E+9	1.011654E+0	2.122491E+11	1.012768E+0	2.134611E+11	1.011253E+0	2.426899E+11	1.012629E+0	2.441204E+11	-1.731385E-2	-4.167370E-2	2.754701E-2	2.435985E-2	-1.828525E-2	-2.941537E+10	-2.924099E+10	4.402944E+7	-1.743794E+8	-2.428765E+11
5.590160E+2	1.019420E+0	3.088421E+10	1.036234E+0	1.293857E+9	1.029866E+0	3.105782E+10	1.026842E+0	1.270986E+9	1.025158E+0	2.149549E+11	1.028232E+0	2.165745E+11	1.025750E+0	2.460127E+11	1.027123E+0	2.474587E+11	1.681403E-2	-3.023834E-3	9.392022E-3	1.983787E-2	9.110898E-3	-2.959035E+10	-2.978684E+10	2.287048E+7	1.964828E+8	-2.461648E+11
5.595110E+2	1.027106E+0	3.110699E+10	1.020124E+0	1.274627E+9	1.027740E+0	3.099651E+10	1.031580E+0	1.276602E+9	1.022214E+0	2.143651E+11	1.020580E+0	2.150339E+11	1.022909E+0	2.453616E+11	1.021401E+0	2.461408E+11	-6.982332E-3	3.840355E-3	-1.145593E-2	-1.082269E-2	-1.277163E-3	-2.983236E+10	-2.971991E+10	-1.975011E+6	-1.124521E+8	-2.448662E+11
5.600300E+2	1.000946E+0	3.034878E+10	1.008740E+0	1.261038E+9	1.004253E+0	3.031921E+10	1.005661E+0	1.245884E+9	1.004352E+0	2.107860E+11	1.003691E+0	2.116335E+11	1.004340E+0	2.411052E+11	1.003345E+0	2.419823E+11	7.794639E-3	1.408494E-3	3.079055E-3	6.386146E-3	5.395178E-3	-2.908774E+10	-2.907332E+10	1.515403E+7	-1.442070E+7	-2.407212E+11
5.605090E+2	1.007324E+0	3.053364E+10	1.015727E+0	1.269378E+9	1.002780E+0	3.027674E+10	1.017621E+0	1.260058E+9	1.006107E+0	2.111377E+11	1.005711E+0	2.120403E+11	1.005689E+0	2.414145E+11	1.005914E+0	2.425739E+11	8.402349E-3	1.484021E-2	-1.894010E-3	-6.437863E-3	9.812526E-3	-2.926427E+10	-2.901668E+10	9.319803E+6	-2.475846E+8	-2.413045E+11
5.610010E+2	1.004171E+0	3.044226E+10	1.010663E+0	1.263333E+9	1.004829E+0	3.033580E+10	9.915215E-1	1.229126E+9	1.004652E+0	2.108461E+11	1.006442E+0	2.121875E+11	1.004674E+0	2.411819E+11	1.006157E+0	2.426298E+11	6.491582E-3	-1.330698E-2	1.914128E-2	1.979856E-2	4.506230E-3	-2.917893E+10	-2.910668E+10	3.420663E+7	-7.225083E+7	-2.413664E+11
