Photon Energy (eV)	X ref norm	X ref	X pump norm	X pump	Y ref norm	Y ref	Y pump norm	Y pump	X all norm	X all	Y all norm	Y all	X all Y ref norm	X all Y ref	Y all X ref norm	Y all X ref	BC(X hist) norm	BC(Y hist) norm	StS norm	BCSC norm	BCLR norm	BC(X hist)	BC(Y hist)	StS	BCSC	BCLR	
5.300110E+2	-5.534689E-3	1.178036E+9	-5.046756E-3	5.112355E+7	-5.061613E-3	1.212716E+9	-1.410067E-2	3.597583E+7	-5.387394E-3	8.461064E+9	-5.875493E-3	8.373520E+9	-5.346406E-3	9.673780E+9	-5.832607E-3	9.551556E+9	4.879335E-4	-9.039061E-3	9.053919E-3	9.526995E-3	7.858510E-4	-1.126913E+9	-1.176740E+9	1.514772E+7	4.982762E+7	-9.500432E+9
5.305180E+2	-2.377425E-3	1.269543E+9	2.527411E-3	6.033466E+7	-5.418652E-3	1.202420E+9	-1.547553E-3	5.144328E+7	-3.599500E-3	8.819311E+9	-4.046932E-3	8.741671E+9	-3.828374E-3	1.002173E+10	-3.836843E-3	1.001121E+10	4.904836E-3	3.871099E-3	4.074964E-3	1.033737E-3	6.364254E-3	-1.209208E+9	-1.150977E+9	8.891388E+6	-5.823170E+7	-9.950879E+9
5.310150E+2	-3.969608E-3	1.223397E+9	-5.662769E-3	5.037440E+7	-4.680485E-3	1.223707E+9	2.242506E-3	5.611323E+7	-3.868215E-3	8.765467E+9	-4.271749E-3	8.696408E+9	-3.970410E-3	9.989174E+9	-4.233728E-3	9.919805E+9	-1.693160E-3	6.922991E-3	-7.905275E-3	-8.616151E-3	-1.429041E-3	-1.173022E+9	-1.167594E+9	-5.738834E+6	-5.428632E+6	-9.869430E+9
5.315080E+2	9.503774E-4	1.365992E+9	3.134778E-4	5.764225E+7	8.616242E-4	1.383530E+9	6.111618E-3	6.088060E+7	1.090691E-3	9.759100E+9	1.407229E-3	9.839779E+9	1.061871E-3	1.114263E+10	1.349739E-3	1.120577E+10	-6.368996E-4	5.249993E-3	-5.798140E-3	-5.886893E-3	-1.036261E-3	-1.308350E+9	-1.322649E+9	-3.238348E+6	1.429898E+7	-1.114813E+10
5.320120E+2	4.281775E-3	1.462546E+9	4.509727E-3	6.274540E+7	6.877049E-3	1.557002E+9	3.425248E-3	5.757056E+7	4.429718E-3	1.042815E+10	5.119009E-3	1.058709E+10	4.737625E-3	1.198515E+10	5.013652E-3	1.204963E+10	2.279520E-4	-3.451800E-3	1.084478E-3	3.679752E-3	-5.039256E-4	-1.399801E+9	-1.499431E+9	5.174842E+6	9.963062E+7	-1.198689E+10
5.325120E+2	6.649570E-3	1.531172E+9	3.358909E-3	6.134587E+7	7.422077E-3	1.572719E+9	3.868856E-3	5.811716E+7	7.334701E-3	1.101023E+10	7.667936E-3	1.110027E+10	7.345694E-3	1.258295E+10	7.539786E-3	1.263144E+10	-3.290662E-3	-3.553222E-3	-5.099470E-4	2.625601E-4	-4.180877E-3	-1.469826E+9	-1.514602E+9	3.228711E+6	4.477633E+7	-1.257010E+10
5.330180E+2	2.002354E-2	1.918788E+9	3.666948E-2	1.018556E+8	2.200131E-2	1.993153E+9	2.409706E-2	8.304153E+7	2.045997E-2	1.364019E+10	2.023263E-2	1.362997E+10	2.065389E-2	1.563334E+10	2.020632E-2	1.554876E+10	1.664594E-2	2.095750E-3	1.257242E-2	1.455019E-2	1.646316E-2	-1.816933E+9	-1.910112E+9	1.881409E+7	9.317905E+7	-1.544691E+10
5.331630E+2	2.542424E-2	2.075316E+9	2.660804E-2	8.961966E+7	2.740717E-2	2.149047E+9	3.209026E-2	9.289043E+7	2.722928E-2	1.499658E+10	2.731827E-2	1.505655E+10	2.725166E-2	1.714563E+10	2.707993E-2	1.713187E+10	1.183802E-3	4.683084E-3	-5.482217E-3	-3.499282E-3	-4.718861E-4	-1.985697E+9	-2.056157E+9	-3.270762E+6	7.045994E+7	-1.704225E+10
5.333080E+2	2.899671E-2	2.178857E+9	4.167837E-2	1.079470E+8	3.164688E-2	2.271311E+9	3.846941E-2	1.007506E+8	3.049068E-2	1.565008E+10	3.098543E-2	1.579488E+10	3.063615E-2	1.792139E+10	3.073517E-2	1.797373E+10	1.268166E-2	6.822528E-3	3.208960E-3	5.859132E-3	1.094320E-2	-2.070910E+9	-2.170561E+9	7.196475E+6	9.965071E+7	-1.786579E+10
5.334580E+2	4.666921E-2	2.691058E+9	5.249680E-2	1.211036E+8	4.463887E-2	2.645973E+9	4.383084E-2	1.073567E+8	4.690876E-2	1.893982E+10	4.455387E-2	1.852666E+10	4.662318E-2	2.158580E+10	4.482006E-2	2.121772E+10	5.827596E-3	-8.080343E-4	8.665967E-3	6.635631E-3	7.676743E-3	-2.569954E+9	-2.538616E+9	1.374689E+7	-3.133806E+7	-2.109662E+10
5.336030E+2	5.697193E-2	2.989660E+9	6.214788E-2	1.328405E+8	5.697174E-2	3.001627E+9	5.330494E-2	1.190303E+8	5.734565E-2	2.103110E+10	5.728602E-2	2.109008E+10	5.729860E-2	2.403272E+10	5.724649E-2	2.407974E+10	5.175954E-3	-3.666809E-3	8.842946E-3	8.842763E-3	4.901391E-3	-2.856820E+9	-2.882596E+9	1.381018E+7	2.577624E+7	-2.394690E+10
5.337580E+2	7.911560E-2	3.631449E+9	8.108452E-2	1.558698E+8	8.060254E-2	3.683088E+9	7.519668E-2	1.460044E+8	8.110658E-2	2.579216E+10	8.073203E-2	2.581056E+10	8.104316E-2	2.947524E+10	8.052862E-2	2.944200E+10	1.968921E-3	-5.405861E-3	5.887843E-3	7.374782E-3	5.559034E-4	-3.475579E+9	-3.537084E+9	9.865337E+6	6.150507E+7	-2.928613E+10
5.339090E+2	1.210931E-1	4.848081E+9	1.490815E-1	2.385625E+8	1.233916E-1	4.917034E+9	1.208988E-1	2.023167E+8	1.278245E-1	3.515318E+10	1.252042E-1	3.476431E+10	1.272668E-1	4.007021E+10	1.246869E-1	3.961240E+10	2.798840E-2	-2.492824E-3	2.818276E-2	3.048122E-2	2.439468E-2	-4.609518E+9	-4.714718E+9	3.624578E+7	1.051995E+8	-3.937383E+10
5.340430E+2	1.762090E-1	6.445499E+9	1.886757E-1	2.867138E+8	1.810469E-1	6.579691E+9	1.706285E-1	2.635917E+8	1.843781E-1	4.648503E+10	1.809890E-1	4.599568E+10	1.839590E-1	5.306472E+10	1.803875E-1	5.244118E+10	1.246667E-2	-1.041839E-2	1.804717E-2	2.288507E-2	8.288233E-3	-6.158786E+9	-6.316099E+9	2.312215E+7	1.573137E+8	-5.215447E+10
5.342040E+2	3.183442E-1	1.056499E+10	3.255074E-1	4.531180E+8	3.093092E-1	1.027850E+10	3.336248E-1	4.644291E+8	3.265633E-1	7.497515E+10	3.163685E-1	7.325219E+10	3.243925E-1	8.525366E+10	3.166172E-1	8.381719E+10	7.163177E-3	2.431558E-2	-8.117402E-3	-1.715240E-2	8.890207E-3	-1.011187E+10	-9.814074E+9	-1.131113E+7	-2.977998E+8	-8.336407E+10
5.343600E+2	5.761222E-1	1.803615E+10	6.224654E-1	8.142554E+8	5.835933E-1	1.818827E+10	5.321820E-1	7.090833E+8	5.934327E-1	1.284487E+11	5.837880E-1	1.270928E+11	5.921948E-1	1.466370E+11	5.828234E-1	1.451290E+11	4.634321E-2	-5.141131E-2	9.028347E-2	9.775451E-2	3.964208E-2	-1.722190E+10	-1.747919E+10	1.051722E+8	2.572942E+8	-1.443147E+11
5.345160E+2	9.690973E-1	2.942572E+10	1.039736E+0	1.321707E+9	9.759250E-1	2.950229E+10	9.716886E-1	1.250626E+9	9.790840E-1	2.057230E+11	9.646244E-1	2.037681E+11	9.786866E-1	2.352252E+11	9.651873E-1	2.331938E+11	7.063821E-2	-4.236381E-3	6.804690E-2	7.487459E-2	7.454829E-2	-2.810401E+10	-2.825166E+10	7.108150E+7	1.476529E+8	-2.318721E+11
5.346620E+2	1.352208E+0	4.052938E+10	1.405135E+0	1.766078E+9	1.352133E+0	4.035133E+10	1.329897E+0	1.691996E+9	1.348237E+0	2.796913E+11	1.339046E+0	2.791520E+11	1.348727E+0	3.200426E+11	1.340703E+0	3.196814E+11	5.292758E-2	-2.223585E-2	7.523824E-2	7.516343E-2	6.443285E-2	-3.876330E+10	-3.865933E+10	7.408253E+7	-1.039667E+8	-3.179153E+11
5.348120E+2	1.752720E+0	5.213740E+10	1.791340E+0	2.235751E+9	1.748566E+0	5.178363E+10	1.739385E+0	2.196550E+9	1.735012E+0	3.571908E+11	1.732380E+0	3.583433E+11	1.736717E+0	4.089744E+11	1.734939E+0	4.104807E+11	3.862010E-2	-9.181503E-3	5.195547E-2	4.780160E-2	5.640112E-2	-4.990165E+10	-4.958708E+10	3.920094E+7	-3.145707E+8	-4.082450E+11
5.349530E+2	1.968084E+0	5.837928E+10	1.959455E+0	2.440199E+9	1.981675E+0	5.850598E+10	1.984242E+0	2.498253E+9	1.937796E+0	3.978233E+11	1.938224E+0	3.997867E+11	1.943316E+0	4.563293E+11	1.941981E+0	4.581660E+11	-8.629603E-3	2.567360E-3	-2.478742E-2	-1.119696E-2	1.747367E-2	-5.593908E+10	-5.600773E+10	-5.805457E+7	6.864566E+7	-4.557258E+11
5.351140E+2	1.948876E+0	5.782257E+10	1.955433E+0	2.435307E+9	1.967932E+0	5.810967E+10	1.991192E+0	2.506816E+9	1.925289E+0	3.953172E+11	1.933887E+0	3.989137E+11	1.930654E+0	4.534269E+11	1.935773E+0	4.567362E+11	6.556614E-3	2.325940E-2	-3.575890E-2	-1.670279E-2	1.965932E-2	-5.538726E+10	-5.560286E+10	-7.150869E+7	2.155956E+8	-4.543009E+11
5.352600E+2	1.857521E+0	5.517482E+10	1.938802E+0	2.415083E+9	1.859027E+0	5.496908E+10	1.854943E+0	2.338935E+9	1.830604E+0	3.763449E+11	1.836473E+0	3.793008E+11	1.834180E+0	4.313139E+11	1.839121E+0	4.344756E+11	8.128170E-2	-4.084616E-3	8.385983E-2	8.536632E-2	9.968115E-2	-5.275974E+10	-5.263015E+10	7.614738E+7	-1.295921E+8	-4.320605E+11
5.354170E+2	1.599147E+0	4.768641E+10	1.606681E+0	2.011182E+9	1.619720E+0	4.806797E+10	1.611510E+0	2.038988E+9	1.581604E+0	3.264520E+11	1.585930E+0	3.288581E+11	1.586400E+0	3.745200E+11	1.587593E+0	3.765445E+11	7.533212E-3	-8.209894E-3	-4.829309E-3	1.574311E-2	1.908744E-2	-4.567523E+10	-4.602898E+10	-2.780562E+7	3.537508E+8	-3.745333E+11
5.355630E+2	1.401588E+0	4.196056E+10	1.394850E+0	1.753570E+9	1.396590E+0	4.163338E+10	1.373480E+0	1.745696E+9	1.384767E+0	2.870111E+11	1.389362E+0	2.892822E+11	1.386255E+0	3.286445E+11	1.390901E+0	3.312428E+11	-6.737588E-3	-2.311063E-2	2.137066E-2	1.637305E-2	3.949854E-3	-4.020699E+10	-3.988769E+10	7.874015E+6	-3.193007E+8	-3.294892E+11
5.357090E+2	1.207324E+0	3.633023E+10	1.220059E+0	1.541003E+9	1.204081E+0	3.608181E+10	1.200352E+0	1.532376E+9	1.194112E+0	2.488089E+11	1.204570E+0	2.520773E+11	1.195366E+0	2.848907E+11	1.204916E+0	2.884075E+11	1.273508E-2	-3.728353E-3	1.970717E-2	1.646343E-2	1.514314E-2	-3.478923E+10	-3.454944E+10	8.627409E+6	-2.397926E+8	-2.868665E+11
5.358600E+2	9.863075E-1	2.992452E+10	1.034247E+0	1.315032E+9	9.890176E-1	2.987985E+10	9.621993E-1	1.238933E+9	9.859127E-1	2.070912E+11	9.907490E-1	2.090279E+11	9.863034E-1	2.369711E+11	9.901900E-1	2.389524E+11	4.793926E-2	-2.681830E-2	7.204751E-2	7.475755E-2	4.405673E-2	-2.860949E+10	-2.864092E+10	7.609892E+7	3.142977E+7	-2.376374E+11
5.360070E+2	8.157227E-1	2.498047E+10	8.171188E-1	1.050978E+9	8.124662E-1	2.478848E+10	8.276203E-1	1.073110E+9	8.149545E-1	1.728358E+11	8.180422E-1	1.742561E+11	8.146415E-1	1.976243E+11	8.177503E-1	1.992366E+11	1.396105E-3	1.515417E-2	-1.050156E-2	-1.375807E-2	-6.315252E-4	-2.392949E+10	-2.371537E+10	-2.213267E+7	-2.141227E+8	-1.981856E+11
5.362630E+2	6.301214E-1	1.960120E+10	6.902305E-1	8.966660E+8	6.406002E-1	1.983223E+10	6.194557E-1	8.166185E+8	6.408972E-1	1.379593E+11	6.439924E-1	1.392140E+11	6.408598E-1	1.577915E+11	6.422469E-1	1.588152E+11	6.010908E-2	-2.114447E-2	7.077472E-2	8.125355E-2	4.798360E-2	-1.870454E+10	-1.901561E+10	8.004756E+7	3.110756E+8	-1.579185E+11
5.365190E+2	5.205667E-1	1.642599E+10	4.806984E-1	6.418493E+8	5.247659E-1	1.649182E+10	5.362799E-1	7.141325E+8	5.270691E-1	1.151512E+11	5.289270E-1	1.160474E+11	5.267794E-1	1.316430E+11	5.278750E-1	1.324734E+11	-3.986839E-2	1.151399E-2	-5.558154E-2	-5.138238E-2	-4.717663E-2	-1.578414E+10	-1.577768E+10	-7.228329E+7	-6.457737E+6	-1.318316E+11
5.367660E+2	4.981448E-1	1.577614E+10	5.038395E-1	6.699917E+8	5.063282E-1	1.596011E+10	4.993620E-1	6.686438E+8	5.080636E-1	1.113430E+11	5.083969E-1	1.119140E+11	5.078452E-1	1.273031E+11	5.071068E-1	1.276902E+11	5.694670E-3	-6.966264E-3	4.477538E-3	1.266093E-2	-3.267251E-3	-1.510615E+10	-1.529147E+10	1.347970E+6	1.853226E+8	-1.270202E+11
5.370170E+2	5.183806E-1	1.636263E+10	5.512684E-1	7.276712E+8	5.176770E-1	1.628739E+10	5.138187E-1	6.864567E+8	5.243818E-1	1.146127E+11	5.247872E-1	1.152139E+11	5.235383E-1	1.309001E+11	5.239810E-1	1.315766E+11	3.288787E-2	-3.858349E-3	3.744977E-2	3.674622E-2	2.728748E-2	-1.563496E+10	-1.560093E+10	4.121442E+7	-3.402689E+7	-1.308489E+11
5.372640E+2	5.971876E-1	1.864669E+10	6.183293E-1	8.092254E+8	5.911561E-1	1.840637E+10	5.827814E-1	7.714298E+8	6.030705E-1	1.303798E+11	6.005895E-1	1.304755E+11	6.015715E-1	1.487862E+11	6.001614E-1	1.491222E+11	2.114167E-2	-8.374712E-3	3.554787E-2	2.951638E-2	1.816786E-2	-1.783746E+10	-1.763494E+10	3.779552E+7	-2.025222E+8	-1.483130E+11
5.375110E+2	7.146239E-1	2.205033E+10	7.411641E-1	9.586076E+8	7.183644E-1	2.207479E+10	7.285963E-1	9.510970E+8	7.192776E-1	1.536647E+11	7.168692E-1	1.538866E+11	7.191627E-1	1.757394E+11	7.165866E-1	1.759369E+11	2.654021E-2	1.023188E-2	1.256783E-2	1.630833E-2	2.457747E-2	-2.109173E+10	-2.112369E+10	7.510566E+6	3.196300E+7	-1.749783E+11
5.377580E+2	7.667186E-1	2.356019E+10	7.252144E-1	9.392108E+8	7.740420E-1	2.368041E+10	7.686253E-1	1.000419E+9	7.707546E-1	1.639793E+11	7.694493E-1	1.644727E+11	7.711682E-1	1.876597E+11	7.691057E-1	1.880329E+11	-4.150414E-2	-5.416698E-3	-4.341092E-2	-3.608744E-2	-4.389123E-2	-2.262098E+10	-2.267999E+10	-6.120840E+7	5.901352E+7	-1.870937E+11
5.380210E+2	9.278220E-1	2.822944E+10	9.411557E-1	1.201822E+9	9.282251E-1	2.812672E+10	9.070705E-1	1.171006E+9	9.292607E-1	1.957397E+11	9.297105E-1	1.967388E+11	9.291304E-1	2.238664E+11	9.294728E-1	2.249682E+11	1.333369E-2	-2.115463E-2	3.408527E-2	3.448832E-2	1.168292E-2	-2.702762E+10	-2.695572E+10	3.081626E+7	-7.189887E+7	-2.237664E+11
5.382790E+2	1.061612E+0	3.210707E+10	1.107047E+0	1.403567E+9	1.067346E+0	3.213867E+10	1.073097E+0	1.375577E+9	1.065532E+0	2.230448E+11	1.064670E+0	2.239107E+11	1.065760E+0	2.551835E+11	1.064285E+0	2.560177E+11	4.543521E-2	5.751347E-3	3.395006E-2	3.968387E-2	4.276222E-2	-3.070350E+10	-3.076310E+10	2.798929E+7	5.959673E+7	-2.546142E+11
5.385110E+2	1.285058E+0	3.858318E+10	1.352714E+0	1.702327E+9	1.278940E+0	3.824059E+10	1.301076E+0	1.656483E+9	1.278106E+0	2.656390E+11	1.271783E+0	2.656096E+11	1.278211E+0	3.038796E+11	1.273454E+0	3.041928E+11	6.765542E-2	2.213640E-2	5.163751E-2	4.551902E-2	7.925992E-2	-3.688086E+10	-3.658410E+10	4.584334E+7	-2.967532E+8	-3.024905E+11
5.387700E+2	1.492030E+0	4.458183E+10	1.510975E+0	1.894792E+9	1.494580E+0	4.445920E+10	1.510091E+0	1.914023E+9	1.481001E+0	3.062937E+11	1.474441E+0	3.064115E+11	1.482709E+0	3.507529E+11	1.476654E+0	3.509933E+11	1.894483E-2	1.551069E-2	8.840949E-4	3.434135E-3	3.432047E-2	-4.268704E+10	-4.254517E+10	-1.923097E+7	-1.418651E+8	-3.490985E+11
5.390240E+2	1.686176E+0	5.020876E+10	1.736297E+0	2.168811E+9	1.690177E+0	5.009980E+10	1.710750E+0	2.161267E+9	1.670034E+0	3.441710E+11	1.664541E+0	3.446851E+11	1.672568E+0	3.942708E+11	1.667263E+0	3.948938E+11	5.012078E-2	2.057295E-2	2.554698E-2	2.954783E-2	6.903363E-2	-4.803995E+10	-4.793854E+10	7.544185E+6	-1.014110E+8	-3.927250E+11
5.392880E+2	1.879698E+0	5.581757E+10	1.882241E+0	2.346297E+9	1.883937E+0	5.568743E+10	1.902620E+0	2.397682E+9	1.846946E+0	3.796194E+11	1.844948E+0	3.810071E+11	1.851600E+0	4.353069E+11	1.849321E+0	4.368247E+11	2.543348E-3	1.868309E-2	-2.037897E-2	-1.613974E-2	3.292044E-2	-5.347128E+10	-5.328974E+10	-5.138440E+7	-1.815337E+8	-4.344784E+11
5.395210E+2	2.002264E+0	5.936990E+10	1.995385E+0	2.483894E+9	2.022418E+0	5.968092E+10	1.955016E+0	2.462242E+9	1.971321E+0	4.045408E+11	1.972255E+0	4.066384E+11	1.977750E+0	4.642217E+11	1.976031E+0	4.660083E+11	-6.878998E-3	-6.740144E-2	4.036872E-2	6.052244E-2	1.935379E-2	-5.688601E+10	-5.721867E+10	2.165198E+7	3.326656E+8	-4.635244E+11
5.397970E+2	2.060491E+0	6.105748E+10	2.088420E+0	2.597037E+9	2.061129E+0	6.079728E+10	2.026080E+0	2.549804E+9	2.015512E+0	4.133957E+11	2.018272E+0	4.159032E+11	2.021252E+0	4.741929E+11	2.023585E+0	4.769606E+11	2.792969E-2	-3.504948E-2	6.234050E-2	6.297917E-2	6.483575E-2	-5.846045E+10	-5.824748E+10	4.723273E+7	-2.129717E+8	-4.743636E+11
5.400240E+2	2.001408E+0	5.934511E+10	2.052543E+0	2.553405E+9	2.008332E+0	5.927472E+10	2.017608E+0	2.539365E+9	1.961571E+0	4.025873E+11	1.965866E+0	4.053521E+11	1.967455E+0	4.618620E+11	1.970339E+0	4.646972E+11	5.113427E-2	9.275574E-3	3.493498E-2	4.185870E-2	8.220392E-2	-5.679170E+10	-5.673535E+10	1.404012E+7	-5.634750E+7	-4.621438E+11
5.402790E+2	1.877993E+0	5.576817E+10	1.933980E+0	2.409218E+9	1.867314E+0	5.520806E+10	1.897100E+0	2.390881E+9	1.847492E+0	3.797289E+11	1.848450E+0	3.817122E+11	1.849986E+0	4.349370E+11	1.852168E+0	4.374804E+11	5.598688E-2	2.978615E-2	3.687973E-2	2.620073E-2	8.181249E-2	-5.335895E+10	-5.281718E+10	1.833774E+7	-5.417747E+8	-4.350712E+11
5.405020E+2	1.776569E+0	5.282859E+10	1.848245E+0	2.304954E+9	1.783951E+0	5.280404E+10	1.769352E+0	2.233475E+9	1.755461E+0	3.612883E+11	1.758877E+0	3.636781E+11	1.759046E+0	4.140924E+11	1.761103E+0	4.165067E+11	7.167654E-2	-1.459877E-2	7.889291E-2	8.627531E-2	8.714202E-2	-5.052364E+10	-5.057057E+10	7.147959E+7	4.693058E+7	-4.142018E+11
5.407740E+2	1.699555E+0	5.059652E+10	1.712879E+0	2.140332E+9	1.709597E+0	5.065983E+10	1.719195E+0	2.171673E+9	1.669591E+0	3.440823E+11	1.674266E+0	3.466431E+11	1.674625E+0	3.947421E+11	1.677448E+0	3.972396E+11	1.332349E-2	9.598497E-3	-6.316735E-3	3.724994E-3	3.543026E-2	-4.845619E+10	-4.848816E+10	-3.134144E+7	3.196903E+7	-3.950993E+11
5.410190E+2	1.654907E+0	4.930248E+10	1.610071E+0	2.015305E+9	1.662093E+0	4.928993E+10	1.666504E+0	2.106749E+9	1.635062E+0	3.371635E+11	1.638244E+0	3.393907E+11	1.638463E+0	3.864534E+11	1.640341E+0	3.886932E+11	-4.483568E-2	4.410409E-3	-5.643271E-2	-4.924609E-2	-3.026999E-2	-4.728717E+10	-4.718318E+10	-9.144361E+7	-1.039927E+8	-3.866779E+11
5.412790E+2	1.544163E+0	4.609279E+10	1.556141E+0	1.949720E+9	1.568396E+0	4.658790E+10	1.583544E+0	2.004530E+9	1.534770E+0	3.170676E+11	1.543353E+0	3.202858E+11	1.539000E+0	3.636555E+11	1.543454E+0	3.663786E+11	1.197874E-2	1.514832E-2	-2.740304E-2	-3.169584E-3	1.268687E-2	-4.414307E+10	-4.458337E+10	-5.480957E+7	4.402987E+8	-3.644288E+11
5.415190E+2	1.387026E+0	4.153851E+10	1.416160E+0	1.779485E+9	1.386664E+0	4.134712E+10	1.420280E+0	1.803362E+9	1.375217E+0	2.850975E+11	1.374163E+0	2.862222E+11	1.376657E+0	3.264446E+11	1.375782E+0	3.277607E+11	2.913382E-2	3.361666E-2	-4.120478E-3	-4.482837E-3	4.037806E-2	-3.975902E+10	-3.954375E+10	-2.387687E+7	-2.152684E+8	-3.259812E+11
5.417700E+2	1.193615E+0	3.593288E+10	1.247172E+0	1.573975E+9	1.197549E+0	3.589347E+10	1.184814E+0	1.513230E+9	1.189673E+0	2.479193E+11	1.189927E+0	2.491292E+11	1.190664E+0	2.838128E+11	1.190391E+0	2.850621E+11	5.355745E-2	-1.273566E-2	6.235827E-2	6.629311E-2	5.678096E-2	-3.435891E+10	-3.438024E+10	6.074558E+7	2.132895E+7	-2.834881E+11
5.420210E+2	1.042729E+0	3.155978E+10	1.057410E+0	1.343202E+9	1.039337E+0	3.133095E+10	1.066793E+0	1.367810E+9	1.042427E+0	2.184153E+11	1.039422E+0	2.188274E+11	1.042039E+0	2.497462E+11	1.039838E+0	2.503872E+11	1.468096E-2	2.745662E-2	-9.383329E-3	-1.277566E-2	1.757198E-2	-3.021658E+10	-2.996314E+10	-2.460834E+7	-2.534406E+8	-2.490440E+11
5.422730E+2	9.436139E-1	2.868713E+10	9.643553E-1	1.230035E+9	9.420061E-1	2.852414E+10	9.672067E-1	1.245103E+9	9.476335E-1	1.994211E+11	9.463416E-1	2.000872E+11	9.469255E-1	2.279452E+11	9.459984E-1	2.287743E+11	2.074138E-2	2.520054E-2	-2.851389E-3	-4.459154E-3	1.835689E-2	-2.745710E+10	-2.727904E+10	-1.506765E+7	-1.780609E+8	-2.275443E+11
5.425190E+2	9.356761E-1	2.845707E+10	1.017520E+0	1.294690E+9	9.359003E-1	2.834806E+10	9.624019E-1	1.239183E+9	9.416958E-1	1.982314E+11	9.371332E-1	1.982332E+11	9.409667E-1	2.265794E+11	9.369499E-1	2.266903E+11	8.184352E-2	2.650155E-2	5.511770E-2	5.534197E-2	8.056972E-2	-2.716238E+10	-2.710888E+10	5.550693E+7	-5.350282E+7	-2.253956E+11
5.427650E+2	9.799656E-1	2.974071E+10	1.012727E+0	1.288862E+9	9.898755E-1	2.990459E+10	9.870169E-1	1.269512E+9	9.836897E-1	2.066458E+11	9.823143E-1	2.073297E+11	9.844680E-1	2.365504E+11	9.820187E-1	2.370704E+11	3.276185E-2	-2.858610E-3	2.571059E-2	3.562046E-2	3.070875E-2	-2.845185E+10	-2.863508E+10	1.934954E+7	1.832279E+8	-2.357815E+11
5.430070E+2	1.095908E+0	3.310106E+10	1.144801E+0	1.449480E+9	1.094382E+0	3.291834E+10	1.042329E+0	1.337666E+9	1.091443E+0	2.282367E+11	1.093056E+0	2.296258E+11	1.091813E+0	2.611551E+11	1.093415E+0	2.627268E+11	4.889334E-2	-5.205339E-2	1.024725E-1	1.009467E-1	5.138642E-2	-3.165158E+10	-3.158068E+10	1.118144E+8	-7.090386E+7	-2.612773E+11
5.432960E+2	1.241606E+0	3.732381E+10	1.249348E+0	1.576622E+9	1.255776E+0	3.757261E+10	1.208738E+0	1.542708E+9	1.247343E+0	2.594749E+11	1.245653E+0	2.603486E+11	1.248404E+0	2.970475E+11	1.245143E+0	2.976724E+11	7.742211E-3	-4.703894E-2	4.061059E-2	5.478115E-2	4.204800E-3	-3.574719E+10	-3.602990E+10	3.391406E+7	2.827132E+8	-2.960958E+11
5.435330E+2	1.416721E+0	4.239915E+10	1.428662E+0	1.794690E+9	1.417220E+0	4.222831E+10	1.435250E+0	1.821808E+9	1.400084E+0	2.900801E+11	1.398934E+0	2.912095E+11	1.402240E+0	3.323084E+11	1.401173E+0	3.336086E+11	1.194175E-2	1.802985E-2	-6.587839E-3	-6.088103E-3	2.748978E-2	-4.060446E+10	-4.040650E+10	-2.711756E+7	-1.979551E+8	-3.318139E+11
5.437640E+2	1.526550E+0	4.558233E+10	1.561478E+0	1.956210E+9	1.520799E+0	4.521530E+10	1.542625E+0	1.954110E+9	1.508992E+0	3.119024E+11	1.507513E+0	3.130701E+11	1.510477E+0	3.571177E+11	1.509909E+0	3.586524E+11	3.492734E-2	2.182612E-2	1.885256E-2	1.310122E-2	5.156872E-2	-4.362612E+10	-4.326119E+10	2.099136E+6	-3.649362E+8	-3.566962E+11
5.440120E+2	1.582135E+0	4.719333E+10	1.692328E+0	2.115340E+9	1.602702E+0	4.757722E+10	1.610102E+0	2.037252E+9	1.569082E+0	3.239430E+11	1.575053E+0	3.266682E+11	1.573312E+0	3.715202E+11	1.575944E+0	3.738615E+11	1.101939E-1	7.399265E-3	8.222681E-2	1.027946E-1	1.163842E-1	-4.507799E+10	-4.553997E+10	7.808790E+7	4.619795E+8	-3.717462E+11
5.442650E+2	1.571743E+0	4.689215E+10	1.566292E+0	1.962064E+9	1.576221E+0	4.681354E+10	1.595865E+0	2.019711E+9	1.555390E+0	3.211994E+11	1.553271E+0	3.222828E+11	1.558011E+0	3.680129E+11	1.555596E+0	3.691749E+11	-5.451333E-3	1.964459E-2	-2.957350E-2	-2.509593E-2	1.069585E-2	-4.493008E+10	-4.479383E+10	-5.764670E+7	-1.362566E+8	-3.672128E+11
5.445290E+2	1.513430E+0	4.520208E+10	1.526448E+0	1.913610E+9	1.513725E+0	4.501131E+10	1.472317E+0	1.867480E+9	1.495760E+0	3.092510E+11	1.501144E+0	3.117878E+11	1.498020E+0	3.542623E+11	1.502690E+0	3.569898E+11	1.301795E-2	-4.140796E-2	5.413095E-2	5.442591E-2	2.375823E-2	-4.328847E+10	-4.314383E+10	4.612951E+7	-1.446405E+8	-3.550762E+11
5.447720E+2	1.454238E+0	4.348651E+10	1.511011E+0	1.894835E+9	1.457073E+0	4.337757E+10	1.509890E+0	1.913775E+9	1.442077E+0	2.984945E+11	1.442699E+0	3.000207E+11	1.443964E+0	3.418721E+11	1.444151E+0	3.435072E+11	5.677274E-2	5.281701E-2	1.120882E-3	3.955727E-3	6.685997E-2	-4.159167E+10	-4.146379E+10	-1.893979E+7	-1.278793E+8	-3.416124E+11
5.450200E+2	1.374482E+0	4.117496E+10	1.391059E+0	1.748960E+9	1.383051E+0	4.124294E+10	1.387484E+0	1.762952E+9	1.366252E+0	2.833011E+11	1.371823E+0	2.857510E+11	1.368366E+0	3.245441E+11	1.372157E+0	3.269259E+11	1.657696E-2	4.433329E-3	3.575005E-3	1.214363E-2	1.890196E-2	-3.942600E+10	-3.947999E+10	-1.399228E+7	5.398606E+7	-3.251770E+11
5.452690E+2	1.311893E+0	3.936094E+10	1.344713E+0	1.692597E+9	1.319463E+0	3.940921E+10	1.329246E+0	1.691193E+9	1.300552E+0	2.701366E+11	1.305213E+0	2.723403E+11	1.302931E+0	3.095458E+11	1.306054E+0	3.117012E+11	3.281959E-2	9.782555E-3	1.546693E-2	2.303704E-2	3.865888E-2	-3.766835E+10	-3.771801E+10	1.403721E+6	4.966493E+7	-3.100086E+11
5.455450E+2	1.225898E+0	3.686856E+10	1.268612E+0	1.600049E+9	1.227975E+0	3.677087E+10	1.212045E+0	1.546782E+9	1.231148E+0	2.562298E+11	1.229805E+0	2.571580E+11	1.230748E+0	2.930007E+11	1.229314E+0	2.940266E+11	4.271353E-2	-1.593030E-2	5.656739E-2	5.864383E-2	3.929833E-2	-3.526851E+10	-3.522409E+10	5.326646E+7	-4.442499E+7	-2.924266E+11
5.457890E+2	1.180552E+0	3.555428E+10	1.246573E+0	1.573247E+9	1.183953E+0	3.550136E+10	1.214509E+0	1.549819E+9	1.172002E+0	2.443785E+11	1.174783E+0	2.460802E+11	1.173505E+0	2.798799E+11	1.175509E+0	2.816345E+11	6.602170E-2	3.055611E-2	3.206459E-2	3.546559E-2	7.106438E-2	-3.398103E+10	-3.395154E+10	2.342853E+7	-2.948839E+7	-2.800612E+11
5.460110E+2	1.150993E+0	3.469759E+10	1.196304E+0	1.512113E+9	1.149836E+0	3.451751E+10	1.207453E+0	1.541125E+9	1.143236E+0	2.386147E+11	1.145474E+0	2.401793E+11	1.144066E+0	2.731322E+11	1.146169E+0	2.748769E+11	4.531082E-2	5.761683E-2	-1.114903E-2	-1.230601E-2	5.013520E-2	-3.318547E+10	-3.297639E+10	-2.901138E+7	-2.090836E+8	-2.733648E+11
5.467710E+2	1.223993E+0	3.681333E+10	1.252720E+0	1.580722E+9	1.232365E+0	3.689747E+10	1.250128E+0	1.593708E+9	1.222795E+0	2.545562E+11	1.219145E+0	2.550117E+11	1.223999E+0	2.914536E+11	1.219755E+0	2.918250E+11	2.872691E-2	1.776348E-2	2.591280E-3	1.096343E-2	3.296475E-2	-3.523261E+10	-3.530376E+10	-1.298586E+7	7.115394E+7	-2.902443E+11
5.475070E+2	1.356213E+0	4.064545E+10	1.377219E+0	1.732128E+9	1.360749E+0	4.059980E+10	1.357754E+0	1.726320E+9	1.350834E+0	2.802117E+11	1.348371E+0	2.810293E+11	1.352081E+0	3.208115E+11	1.349358E+0	3.216748E+11	2.100575E-2	-2.995047E-3	1.946429E-2	2.400080E-2	2.786090E-2	-3.891333E+10	-3.887348E+10	5.807817E+6	-3.984163E+7	-3.199426E+11
5.482600E+2	1.449583E+0	4.335161E+10	1.455637E+0	1.827495E+9	1.455123E+0	4.332135E+10	1.514818E+0	1.919847E+9	1.432435E+0	2.965625E+11	1.431125E+0	2.976905E+11	1.435290E+0	3.398839E+11	1.433447E+0	3.410421E+11	6.053889E-3	5.969451E-2	-5.918041E-2	-5.364062E-2	2.218991E-2	-4.152411E+10	-4.140150E+10	-9.235260E+7	-1.226121E+8	-3.392146E+11
5.490380E+2	1.404387E+0	4.204169E+10	1.401475E+0	1.761626E+9	1.406737E+0	4.192598E+10	1.394085E+0	1.771085E+9	1.394249E+0	2.889110E+11	1.394964E+0	2.904101E+11	1.395820E+0	3.308370E+11	1.396150E+0	3.324518E+11	-2.912699E-3	-1.265169E-2	7.389701E-3	9.738987E-3	5.324844E-3	-4.028007E+10	-4.015489E+10	-9.458996E+6	-1.251706E+8	-3.306902E+11
5.497850E+2	1.342425E+0	4.024584E+10	1.301877E+0	1.640503E+9	1.334125E+0	3.983200E+10	1.336890E+0	1.700612E+9	1.324174E+0	2.748699E+11	1.325586E+0	2.764421E+11	1.325426E+0	3.147019E+11	1.327705E+0	3.166879E+11	-4.054807E-2	2.765089E-3	-3.501304E-2	-4.331316E-2	-2.582873E-2	-3.860533E+10	-3.813139E+10	-6.010871E+7	-4.739394E+8	-3.150474E+11
5.505170E+2	1.301582E+0	3.906210E+10	1.344810E+0	1.692715E+9	1.305943E+0	3.901931E+10	1.278349E+0	1.628480E+9	1.297122E+0	2.694494E+11	1.295355E+0	2.703554E+11	1.298232E+0	3.084687E+11	1.296138E+0	3.094175E+11	4.322777E-2	-2.759443E-2	6.646136E-2	7.082220E-2	4.867167E-2	-3.736939E+10	-3.739083E+10	6.423544E+7	2.144365E+7	-3.077248E+11
5.512620E+2	1.287170E+0	3.864438E+10	1.338341E+0	1.684848E+9	1.300711E+0	3.886842E+10	1.369995E+0	1.741403E+9	1.284948E+0	2.670099E+11	1.288505E+0	2.689762E+11	1.286931E+0	3.058783E+11	1.288337E+0	3.076206E+11	5.117091E-2	6.928467E-2	-3.165467E-2	-1.811376E-2	5.000400E-2	-3.695954E+10	-3.712701E+10	-5.655542E+7	1.674772E+8	-3.059357E+11
5.520210E+2	1.306437E+0	3.920281E+10	1.306960E+0	1.646685E+9	1.311014E+0	3.916554E+10	1.283527E+0	1.634861E+9	1.295167E+0	2.690575E+11	1.295004E+0	2.702847E+11	1.297160E+0	3.082230E+11	1.296443E+0	3.094875E+11	5.231007E-4	-2.748652E-2	2.343276E-2	2.800962E-2	1.051753E-2	-3.755612E+10	-3.753068E+10	1.182432E+7	-2.544178E+7	-3.078408E+11
5.527650E+2	1.257532E+0	3.778541E+10	1.274767E+0	1.607535E+9	1.273672E+0	3.808867E+10	1.305822E+0	1.662331E+9	1.258668E+0	2.617441E+11	1.264321E+0	2.641073E+11	1.260555E+0	2.998328E+11	1.263467E+0	3.018927E+11	1.723502E-2	3.215025E-2	-3.105458E-2	-1.491524E-2	1.130061E-2	-3.617787E+10	-3.642634E+10	-5.479651E+7	2.484680E+8	-3.002851E+11
5.535160E+2	1.189429E+0	3.581158E+10	1.241375E+0	1.566926E+9	1.199702E+0	3.595553E+10	1.206125E+0	1.539488E+9	1.183364E+0	2.466552E+11	1.186963E+0	2.485324E+11	1.185419E+0	2.826107E+11	1.187273E+0	2.843440E+11	5.194625E-2	6.422814E-3	3.525085E-2	4.552343E-2	5.410207E-2	-3.424465E+10	-3.441605E+10	2.743787E+7	1.713952E+8	-2.827771E+11
5.542580E+2	1.093521E+0	3.303189E+10	1.120553E+0	1.419991E+9	1.096042E+0	3.296621E+10	1.141139E+0	1.459415E+9	1.088284E+0	2.276037E+11	1.094380E+0	2.298924E+11	1.089260E+0	2.605699E+11	1.094272E+0	2.629243E+11	2.703143E-2	4.509662E-2	-2.058579E-2	-1.806518E-2	2.628075E-2	-3.161190E+10	-3.150680E+10	-3.942417E+7	-1.051068E+8	-2.615043E+11
5.550190E+2	1.004115E+0	3.044064E+10	1.078472E+0	1.368815E+9	1.012405E+0	3.055429E+10	1.018182E+0	1.307912E+9	1.007903E+0	2.114975E+11	1.009820E+0	2.128675E+11	1.008469E+0	2.420518E+11	1.009102E+0	2.433081E+11	7.435656E-2	5.776924E-3	6.029013E-2	6.857963E-2	6.936981E-2	-2.907182E+10	-2.924637E+10	6.090272E+7	1.745504E+8	-2.419393E+11
5.557710E+2	9.631484E-1	2.925330E+10	9.810691E-1	1.250362E+9	9.708793E-1	2.935678E+10	1.011604E+0	1.299807E+9	9.651685E-1	2.029347E+11	9.648722E-1	2.038180E+11	9.658870E-1	2.322914E+11	9.646553E-1	2.330713E+11	1.792069E-2	4.072431E-2	-3.053454E-2	-2.280363E-2	1.641384E-2	-2.800294E+10	-2.805697E+10	-4.944574E+7	5.403535E+7	-2.318209E+11
5.560130E+2	9.714139E-1	2.949286E+10	9.628981E-1	1.228263E+9	9.797148E-1	2.961158E+10	9.673159E-1	1.245238E+9	9.701778E-1	2.039384E+11	9.720865E-1	2.052705E+11	9.713777E-1	2.335500E+11	9.720019E-1	2.347634E+11	-8.515798E-3	-1.239891E-2	-4.417785E-3	3.883108E-3	-9.103749E-3	-2.826460E+10	-2.836634E+10	-1.697433E+7	1.017449E+8	-2.335351E+11
5.565090E+2	9.787961E-1	2.970682E+10	1.000961E+0	1.274553E+9	9.685022E-1	2.928823E+10	9.599217E-1	1.236127E+9	9.771536E-1	2.053362E+11	9.738697E-1	2.056295E+11	9.760651E-1	2.346244E+11	9.744896E-1	2.353363E+11	2.216523E-2	-8.580462E-3	4.103961E-2	3.074570E-2	2.647170E-2	-2.843226E+10	-2.805210E+10	3.842602E+7	-3.801602E+8	-2.340618E+11
5.570270E+2	9.882497E-1	2.998081E+10	9.977776E-1	1.270681E+9	9.764854E-1	2.951845E+10	9.933645E-1	1.277334E+9	9.843325E-1	2.067746E+11	9.829291E-1	2.074535E+11	9.833452E-1	2.362931E+11	9.835987E-1	2.374343E+11	9.527863E-3	1.687910E-2	4.413049E-3	-7.351232E-3	1.417891E-2	-2.871013E+10	-2.824112E+10	-6.652688E+6	-4.690123E+8	-2.361636E+11
5.575640E+2	9.853787E-1	2.989760E+10	9.922437E-1	1.263951E+9	9.913733E-1	2.994779E+10	9.846471E-1	1.266593E+9	9.913243E-1	2.081756E+11	9.917458E-1	2.092286E+11	9.913305E-1	2.381234E+11	9.909446E-1	2.391262E+11	6.864980E-3	-6.726208E-3	7.596568E-3	1.359119E-2	1.299077E-3	-2.863365E+10	-2.868119E+10	-2.641339E+6	4.754449E+7	-2.378622E+11
5.580230E+2	1.005537E+0	3.048185E+10	9.803648E-1	1.249505E+9	1.005987E+0	3.036922E+10	1.005915E+0	1.292798E+9	1.002875E+0	2.104899E+11	1.001945E+0	2.112819E+11	1.003266E+0	2.408592E+11	1.002397E+0	2.417638E+11	-2.517215E-2	-7.226720E-5	-2.555012E-2	-2.509988E-2	-2.203181E-2	-2.923234E+10	-2.907642E+10	-4.329285E+7	-1.559192E+8	-2.405143E+11
5.585220E+2	1.011657E+0	3.065922E+10	1.014904E+0	1.291509E+9	1.008470E+0	3.044082E+10	9.827856E-1	1.264299E+9	1.011654E+0	2.122491E+11	1.012768E+0	2.134611E+11	1.011253E+0	2.426899E+11	1.012629E+0	2.441204E+11	3.246605E-3	-2.568438E-2	3.211815E-2	2.893098E-2	2.275209E-3	-2.936772E+10	-2.917652E+10	2.720976E+7	-1.911991E+8	-2.428289E+11
5.590160E+2	1.019420E+0	3.088421E+10	1.056602E+0	1.342219E+9	1.029866E+0	3.105782E+10	1.002538E+0	1.288637E+9	1.025158E+0	2.149549E+11	1.028232E+0	2.165745E+11	1.025750E+0	2.460127E+11	1.027123E+0	2.474587E+11	3.718233E-2	-2.732800E-2	5.406448E-2	6.451033E-2	2.947919E-2	-2.954199E+10	-2.976919E+10	5.358245E+7	2.271947E+8	-2.461165E+11
5.595110E+2	1.027106E+0	3.110699E+10	1.029658E+0	1.309452E+9	1.027740E+0	3.099651E+10	1.067637E+0	1.368849E+9	1.022214E+0	2.143651E+11	1.020580E+0	2.150339E+11	1.022909E+0	2.453616E+11	1.021401E+0	2.461408E+11	2.551861E-3	3.989757E-2	-3.797896E-2	-3.734571E-2	8.257030E-3	-2.979754E+10	-2.962766E+10	-5.939767E+7	-1.698748E+8	-2.448314E+11
5.600300E+2	1.000946E+0	3.034878E+10	9.535175E-1	1.216855E+9	1.004253E+0	3.031921E+10	1.017212E+0	1.306717E+9	1.004352E+0	2.107860E+11	1.003691E+0	2.116335E+11	1.004340E+0	2.411052E+11	1.003345E+0	2.419823E+11	-4.742831E-2	1.295880E-2	-6.369420E-2	-6.038711E-2	-4.982777E-2	-2.913193E+10	-2.901249E+10	-8.986190E+7	-1.194366E+8	-2.407654E+11
5.605090E+2	1.007324E+0	3.053364E+10	9.972456E-1	1.270034E+9	1.002780E+0	3.027674E+10	9.929846E-1	1.276866E+9	1.006107E+0	2.111377E+11	1.005711E+0	2.120403E+11	1.005689E+0	2.414145E+11	1.005914E+0	2.425739E+11	-1.007862E-2	-9.795809E-3	4.261044E-3	-2.828088E-4	-8.668440E-3	-2.926361E+10	-2.899987E+10	-6.831451E+6	-2.637359E+8	-2.413039E+11
5.610010E+2	1.004171E+0	3.044226E+10	1.013827E+0	1.290199E+9	1.004829E+0	3.033580E+10	1.025679E+0	1.317150E+9	1.004652E+0	2.108461E+11	1.006442E+0	2.121875E+11	1.004674E+0	2.411819E+11	1.006157E+0	2.426298E+11	9.656001E-3	2.085056E-2	-1.185184E-2	-1.119456E-2	7.670649E-3	-2.915206E+10	-2.901865E+10	-2.695101E+7	-1.334085E+8	-2.413396E+11
