Photon Energy (eV)	X ref norm	X ref	X pump norm	X pump	Y ref norm	Y ref	Y pump norm	Y pump	X all norm	X all	Y all norm	Y all	X all Y ref norm	X all Y ref	Y all X ref norm	Y all X ref	BC(X hist) norm	BC(Y hist) norm	StS norm	BCSC norm	BCLR norm	BC(X hist)	BC(Y hist)	StS	BCSC	BCLR	
5.300320E+2	-5.218250E-3	1.112037E+9	-9.788224E-3	4.050226E+7	-6.458667E-3	1.085888E+9	-5.786521E-3	4.564539E+7	-5.653432E-3	7.743030E+9	-6.140733E-3	7.710272E+9	-5.754792E-3	8.828918E+9	-6.025035E-3	8.822309E+9	-4.569973E-3	6.721456E-4	-4.001703E-3	-5.242119E-3	-3.763189E-3	-1.071535E+9	-1.040242E+9	-5.143128E+6	-3.129288E+7	-8.781807E+9
5.305080E+2	-2.997976E-3	1.174933E+9	-4.752957E-3	4.636573E+7	-3.854182E-3	1.159523E+9	-7.426481E-3	4.375357E+7	-4.199793E-3	8.028430E+9	-3.663956E-3	8.199526E+9	-4.156289E-3	9.187953E+9	-3.580429E-3	9.374459E+9	-1.754981E-3	-3.572300E-3	2.673524E-3	1.817319E-3	-1.172528E-3	-1.128567E+9	-1.115770E+9	2.612157E+6	-1.279776E+7	-9.328093E+9
5.310350E+2	-2.319508E-3	1.194153E+9	-8.351595E-3	4.217519E+7	-1.947689E-3	1.213425E+9	-5.367191E-3	4.612912E+7	-2.309400E-3	8.399581E+9	-3.079100E-3	8.315057E+9	-2.263869E-3	9.613005E+9	-2.983832E-3	9.509209E+9	-6.032087E-3	-3.419502E-3	-2.984404E-3	-2.612585E-3	-5.367763E-3	-1.151977E+9	-1.167296E+9	-3.953933E+6	1.531807E+7	-9.467034E+9
5.315180E+2	-7.336699E-4	1.239076E+9	4.646527E-3	5.731123E+7	1.353771E-3	1.306766E+9	3.184140E-3	5.599375E+7	2.386260E-4	8.899847E+9	7.110996E-4	9.063760E+9	3.789955E-4	1.020661E+10	5.298967E-4	1.030284E+10	5.380197E-3	1.830369E-3	1.462388E-3	3.549828E-3	4.116631E-3	-1.181765E+9	-1.250772E+9	1.317484E+6	6.900689E+7	-1.024553E+10
5.320120E+2	3.046560E-3	1.346162E+9	2.019533E-3	5.425215E+7	2.652602E-3	1.343487E+9	2.247987E-3	5.491382E+7	3.441161E-3	9.528617E+9	3.776659E-3	9.669321E+9	3.341901E-3	1.087210E+10	3.685090E-3	1.101548E+10	-1.027027E-3	-4.046158E-4	-2.284538E-4	-6.224112E-4	-1.665557E-3	-1.291910E+9	-1.288573E+9	-6.616705E+5	-3.336980E+6	-1.096123E+10
5.325120E+2	8.222845E-3	1.492796E+9	1.622672E-2	7.079612E+7	8.254165E-3	1.501858E+9	1.314807E-2	6.748791E+7	8.482838E-3	1.051847E+10	8.396031E-3	1.058182E+10	8.454054E-3	1.202033E+10	8.374310E-3	1.207461E+10	8.003871E-3	4.893903E-3	3.078649E-3	3.109968E-3	7.852406E-3	-1.422000E+9	-1.434370E+9	3.308207E+6	1.237027E+7	-1.200382E+10
5.330180E+2	1.696949E-2	1.740570E+9	2.621852E-2	8.243137E+7	1.568791E-2	1.712029E+9	1.688176E-2	7.179502E+7	1.747398E-2	1.228375E+10	1.695557E-2	1.227264E+10	1.724916E-2	1.399578E+10	1.695732E-2	1.401321E+10	9.249036E-3	1.193851E-3	9.336760E-3	8.055185E-3	9.261207E-3	-1.658139E+9	-1.640234E+9	1.063635E+7	-1.790436E+7	-1.393078E+10
5.331630E+2	2.049825E-2	1.840532E+9	2.375786E-2	7.956597E+7	2.137901E-2	1.872932E+9	2.014053E-2	7.555426E+7	2.222669E-2	1.321687E+10	2.198338E-2	1.326582E+10	2.211999E-2	1.508981E+10	2.179711E-2	1.510635E+10	3.259612E-3	-1.238481E-3	3.617329E-3	4.498092E-3	1.960744E-3	-1.760966E+9	-1.797377E+9	4.011717E+6	3.641078E+7	-1.502678E+10
5.333080E+2	2.834756E-2	2.062887E+9	3.426533E-2	9.180171E+7	2.755252E-2	2.047473E+9	3.076487E-2	8.781027E+7	2.941298E-2	1.462779E+10	2.737977E-2	1.433180E+10	2.917879E-2	1.667527E+10	2.750115E-2	1.639469E+10	5.917773E-3	3.212353E-3	3.500457E-3	2.705420E-3	6.764186E-3	-1.971086E+9	-1.959663E+9	3.991442E+6	-1.142292E+7	-1.630289E+10
5.334580E+2	3.809156E-2	2.338915E+9	4.956546E-2	1.096184E+8	3.826337E-2	2.350296E+9	2.734455E-2	8.386465E+7	3.834678E-2	1.638181E+10	3.728411E-2	1.628827E+10	3.833628E-2	1.873211E+10	3.738538E-2	1.862719E+10	1.147390E-2	-1.091882E-2	2.222092E-2	2.239272E-2	1.218008E-2	-2.229296E+9	-2.266432E+9	2.575374E+7	3.713555E+7	-1.851757E+10
5.336080E+2	5.052877E-2	2.691235E+9	4.325663E-2	1.022719E+8	4.847161E-2	2.638910E+9	4.550385E-2	1.048128E+8	4.969800E-2	1.861045E+10	4.746704E-2	1.829978E+10	4.954363E-2	2.124936E+10	4.785104E-2	2.099101E+10	-7.272134E-3	-2.967763E-3	-2.247212E-3	-4.304371E-3	-4.594409E-3	-2.588963E+9	-2.534097E+9	-2.540922E+6	-5.486573E+7	-2.088874E+10
5.337580E+2	5.635155E-2	2.856182E+9	6.324174E-2	1.255441E+8	6.001753E-2	2.965344E+9	6.847246E-2	1.313089E+8	6.170049E-2	2.096696E+10	6.127683E-2	2.102772E+10	6.148865E-2	2.393231E+10	6.065910E-2	2.388390E+10	6.890189E-3	8.454934E-3	-5.230725E-3	-1.564745E-3	2.582635E-3	-2.730638E+9	-2.834035E+9	-5.764770E+6	1.033965E+8	-2.375835E+10
5.339340E+2	8.756432E-2	3.740376E+9	8.176867E-2	1.471184E+8	8.785369E-2	3.752345E+9	8.885997E-2	1.548275E+8	9.269658E-2	2.705258E+10	8.949497E-2	2.660184E+10	9.208698E-2	3.080492E+10	8.925283E-2	3.034221E+10	-5.795650E-3	1.006280E-3	-7.091293E-3	-6.801931E-3	-7.484156E-3	-3.593257E+9	-3.597517E+9	-7.709110E+6	4.259829E+6	-3.019509E+10
5.340640E+2	1.274165E-1	4.869306E+9	1.316512E-1	2.052055E+8	1.280001E-1	4.887390E+9	1.459984E-1	2.207410E+8	1.360312E-1	3.556068E+10	1.289041E-1	3.438658E+10	1.350203E-1	4.044807E+10	1.287175E-1	3.925589E+10	4.234699E-3	1.799822E-2	-1.434714E-2	-1.376352E-2	2.933709E-3	-4.664100E+9	-4.666649E+9	-1.553550E+7	2.548524E+6	-3.905068E+10
5.342090E+2	2.164137E-1	7.390411E+9	2.029676E-1	2.882520E+8	2.124428E-1	7.274805E+9	2.107259E-1	2.954093E+8	2.251095E-1	5.304987E+10	2.128833E-1	5.097556E+10	2.235151E-1	6.032468E+10	2.133261E-1	5.836597E+10	-1.344608E-2	-1.716883E-3	-7.758307E-3	-1.172919E-2	-1.035848E-2	-7.102159E+9	-6.979395E+9	-7.157323E+6	-1.227639E+8	-5.807772E+10
5.343600E+2	3.666445E-1	1.164614E+10	4.056415E-1	5.242614E+8	3.646394E-1	1.157780E+10	3.966596E-1	5.098983E+8	3.880084E-1	8.503262E+10	3.708951E-1	8.218870E+10	3.850668E-1	9.661042E+10	3.703620E-1	9.383483E+10	3.899699E-2	3.202023E-2	8.981843E-3	6.976759E-3	3.527947E-2	-1.112188E+10	-1.106790E+10	1.436317E+7	-5.397487E+7	-9.331057E+10
5.345050E+2	6.483908E-1	1.962743E+10	6.818582E-1	8.459101E+8	6.454300E-1	1.951649E+10	6.243703E-1	7.725802E+8	6.760001E-1	1.415755E+11	6.487968E-1	1.370845E+11	6.721521E-1	1.610920E+11	6.487459E-1	1.567119E+11	3.346744E-2	-2.105969E-2	5.748795E-2	5.452713E-2	3.311236E-2	-1.878152E+10	-1.874391E+10	7.332989E+7	-3.761374E+7	-1.558660E+11
5.346620E+2	9.810085E-1	2.904980E+10	9.447424E-1	1.152033E+9	9.888385E-1	2.922554E+10	9.726533E-1	1.174352E+9	1.002522E+0	2.056831E+11	9.774788E-1	2.020112E+11	1.000799E+0	2.349086E+11	9.779215E-1	2.310610E+11	-3.626610E-2	-1.618522E-2	-2.791096E-2	-2.008088E-2	-3.317910E-2	-2.789777E+10	-2.805119E+10	-2.231857E+7	1.534263E+8	-2.299090E+11
5.348120E+2	1.382329E+0	4.041837E+10	1.378931E+0	1.657637E+9	1.385934E+0	4.045248E+10	1.331534E+0	1.588348E+9	1.386863E+0	2.811427E+11	1.372320E+0	2.800068E+11	1.386746E+0	3.215952E+11	1.373575E+0	3.204252E+11	-3.397680E-3	-5.440057E-2	4.739745E-2	5.100289E-2	5.356093E-3	-3.876074E+10	-3.886413E+10	6.928879E+7	1.033937E+8	-3.187675E+11
5.349630E+2	1.693119E+0	4.922241E+10	1.623161E+0	1.942038E+9	1.697577E+0	4.926344E+10	1.682272E+0	1.992952E+9	1.675492E+0	3.378106E+11	1.670919E+0	3.389912E+11	1.678272E+0	3.870741E+11	1.673703E+0	3.882136E+11	-6.995733E-2	-1.530521E-2	-5.911075E-2	-5.465212E-2	-5.054199E-2	-4.728037E+10	-4.727049E+10	-5.091424E+7	-9.878338E+6	-3.862715E+11
5.351350E+2	1.939534E+0	5.620285E+10	1.877746E+0	2.238496E+9	1.945198E+0	5.626434E+10	1.878423E+0	2.219228E+9	1.901323E+0	3.821493E+11	1.905450E+0	3.853197E+11	1.906846E+0	4.384136E+11	1.909725E+0	4.415225E+11	-6.178817E-2	-6.677504E-2	-6.771170E-4	4.986871E-3	-3.197899E-2	-5.396436E+10	-5.404511E+10	1.926884E+7	8.075304E+7	-4.392840E+11
5.352650E+2	1.932453E+0	5.600226E+10	1.830347E+0	2.183302E+9	1.941682E+0	5.616493E+10	1.882045E+0	2.223406E+9	1.888124E+0	3.795579E+11	1.897666E+0	3.837821E+11	1.894866E+0	4.357228E+11	1.902029E+0	4.397844E+11	-1.021061E-1	-5.963721E-2	-5.169772E-2	-4.246885E-2	-7.168210E-2	-5.381896E+10	-5.394152E+10	-4.010410E+7	1.225603E+8	-4.376011E+11
5.354060E+2	1.789657E+0	5.195715E+10	1.683411E+0	2.012197E+9	1.781089E+0	5.162455E+10	1.801493E+0	2.130482E+9	1.741714E+0	3.508124E+11	1.754277E+0	3.554575E+11	1.746671E+0	4.024370E+11	1.758715E+0	4.074146E+11	-1.062466E-1	2.040344E-2	-1.180820E-1	-1.266501E-1	-7.530379E-2	-4.994495E+10	-4.949407E+10	-1.182854E+8	-4.508868E+8	-4.054024E+11
5.355680E+2	1.596870E+0	4.649587E+10	1.529996E+0	1.833549E+9	1.593476E+0	4.632023E+10	1.496729E+0	1.778914E+9	1.557312E+0	3.146078E+11	1.572383E+0	3.195266E+11	1.561864E+0	3.609280E+11	1.575454E+0	3.660225E+11	-6.687342E-2	-9.674725E-2	3.326717E-2	2.987383E-2	-4.545764E-2	-4.466232E+10	-4.454132E+10	5.463524E+7	-1.210009E+8	-3.641889E+11
5.357090E+2	1.367170E+0	3.998896E+10	1.284904E+0	1.548145E+9	1.355835E+0	3.960150E+10	1.338093E+0	1.595915E+9	1.340542E+0	2.720484E+11	1.346941E+0	2.749936E+11	1.342467E+0	3.116499E+11	1.349478E+0	3.149825E+11	-8.226571E-2	-1.774152E-2	-5.318901E-2	-6.452419E-2	-6.457347E-2	-3.844082E+10	-3.800558E+10	-4.777052E+7	-4.352377E+8	-3.134344E+11
5.358600E+2	1.175533E+0	3.456027E+10	1.151300E+0	1.392565E+9	1.190801E+0	3.493556E+10	1.183987E+0	1.418141E+9	1.165906E+0	2.377612E+11	1.176849E+0	2.413941E+11	1.169040E+0	2.726967E+11	1.176684E+0	2.759544E+11	-2.423257E-2	-6.814574E-3	-3.268671E-2	-1.741800E-2	-2.538352E-2	-3.316770E+10	-3.351742E+10	-2.557601E+7	3.497188E+8	-2.745618E+11
5.360070E+2	9.678589E-1	2.867730E+10	9.638281E-1	1.174258E+9	9.726415E-1	2.876761E+10	9.813121E-1	1.184340E+9	9.674206E-1	1.987915E+11	9.714370E-1	2.008178E+11	9.680777E-1	2.275591E+11	9.709883E-1	2.294951E+11	-4.030853E-3	8.670567E-3	-1.748400E-2	-1.270142E-2	-7.160215E-3	-2.750304E+10	-2.758327E+10	-1.008221E+7	8.022938E+7	-2.283208E+11
5.362630E+2	7.456187E-1	2.238170E+10	7.082583E-1	8.766525E+8	7.413297E-1	2.222782E+10	7.227338E-1	8.860502E+8	7.449795E-1	1.551185E+11	7.476638E-1	1.566144E+11	7.445201E-1	1.773464E+11	7.474073E-1	1.789961E+11	-3.736039E-2	-1.859592E-2	-1.447546E-2	-1.876447E-2	-3.914900E-2	-2.150504E+10	-2.134177E+10	-9.397698E+6	-1.632707E+8	-1.781194E+11
5.365140E+2	5.702562E-1	1.741404E+10	5.721373E-1	7.181424E+8	5.667286E-1	1.729139E+10	5.736491E-1	7.140694E+8	5.719001E-1	1.211370E+11	5.736145E-1	1.222332E+11	5.712491E-1	1.384284E+11	5.731933E-1	1.396473E+11	1.881085E-3	6.920442E-3	-1.511794E-3	-5.039356E-3	-1.055974E-3	-1.669590E+10	-1.657732E+10	4.072988E+6	-1.185720E+8	-1.389291E+11
5.367760E+2	4.781494E-1	1.480484E+10	4.597556E-1	5.872762E+8	4.797947E-1	1.483354E+10	4.916640E-1	6.194932E+8	4.838410E-1	1.038479E+11	4.849157E-1	1.047119E+11	4.833316E-1	1.186815E+11	4.840671E-1	1.195168E+11	-1.839375E-2	1.186927E-2	-3.190837E-2	-3.026303E-2	-2.431145E-2	-1.421757E+10	-1.421405E+10	-3.221694E+7	-3.515532E+6	-1.189295E+11
5.370070E+2	4.486152E-1	1.396820E+10	4.490217E-1	5.747768E+8	4.479551E-1	1.393335E+10	4.588044E-1	5.815871E+8	4.470117E-1	9.661703E+10	4.458242E-1	9.698995E+10	4.471304E-1	1.105504E+11	4.461743E-1	1.109581E+11	4.065338E-4	1.084931E-2	-9.782661E-3	-1.044278E-2	2.847455E-3	-1.339342E+10	-1.335177E+10	-6.810233E+6	-4.165669E+7	-1.103834E+11
5.372640E+2	4.430785E-1	1.381136E+10	4.598626E-1	5.874008E+8	4.442022E-1	1.382725E+10	4.449407E-1	5.655943E+8	4.520444E-1	9.760513E+10	4.483017E-1	9.747934E+10	4.510573E-1	1.114324E+11	4.476466E-1	1.112907E+11	1.678401E-2	7.385626E-4	1.492180E-2	1.604544E-2	1.221594E-2	-1.322396E+10	-1.326166E+10	2.180647E+7	3.769775E+7	-1.107033E+11
5.375060E+2	4.907210E-1	1.516097E+10	5.330515E-1	6.726277E+8	5.003238E-1	1.541396E+10	5.305991E-1	6.644078E+8	4.985538E-1	1.067366E+11	4.946101E-1	1.066269E+11	4.987766E-1	1.221505E+11	4.941223E-1	1.217879E+11	4.233045E-2	3.027524E-2	2.452388E-3	1.205521E-2	3.892914E-2	-1.448834E+10	-1.474955E+10	8.219890E+6	2.612045E+8	-1.211153E+11
5.377690E+2	5.853542E-1	1.784173E+10	5.947555E-1	7.444808E+8	5.786550E-1	1.762858E+10	6.077514E-1	7.534090E+8	5.874292E-1	1.241859E+11	5.829169E-1	1.240708E+11	5.863248E-1	1.418145E+11	5.832226E-1	1.419125E+11	9.401273E-3	2.909635E-2	-1.299587E-2	-1.969508E-2	1.153293E-2	-1.709725E+10	-1.687517E+10	-8.928213E+6	-2.220791E+8	-1.411680E+11
5.380110E+2	6.763449E-1	2.041931E+10	7.268388E-1	8.982890E+8	6.752494E-1	2.035956E+10	6.979208E-1	8.574264E+8	6.909470E-1	1.445101E+11	6.839487E-1	1.440283E+11	6.889711E-1	1.648696E+11	6.829950E-1	1.644476E+11	5.049387E-2	2.267133E-2	2.891804E-2	2.782254E-2	4.384377E-2	-1.952102E+10	-1.950213E+10	4.086263E+7	-1.888981E+7	-1.635493E+11
5.382640E+2	8.264617E-1	2.467181E+10	8.134511E-1	9.991472E+8	8.268127E-1	2.464465E+10	8.261839E-1	1.005388E+9	8.332236E-1	1.724439E+11	8.314205E-1	1.731594E+11	8.324166E-1	1.970886E+11	8.307986E-1	1.978312E+11	-1.301063E-2	-6.287403E-4	-1.273289E-2	-1.238189E-2	-1.734755E-2	-2.367266E+10	-2.363926E+10	-6.240750E+6	-3.340040E+7	-1.968320E+11
5.385110E+2	1.047392E+0	3.093029E+10	1.063852E+0	1.290734E+9	1.052801E+0	3.103392E+10	1.098192E+0	1.319170E+9	1.050586E+0	2.151199E+11	1.043486E+0	2.150501E+11	1.050865E+0	2.461538E+11	1.043976E+0	2.459804E+11	1.646079E-2	4.539127E-2	-3.433963E-2	-2.893048E-2	1.987627E-2	-2.963956E+10	-2.971475E+10	-2.843608E+7	7.519077E+7	-2.446897E+11
5.387700E+2	1.239431E+0	3.637037E+10	1.210659E+0	1.461687E+9	1.250746E+0	3.663037E+10	1.194358E+0	1.430105E+9	1.239126E+0	2.521369E+11	1.234614E+0	2.528050E+11	1.240589E+0	2.887672E+11	1.235218E+0	2.891753E+11	-2.877196E-2	-5.638848E-2	1.630091E-2	2.761652E-2	-2.455958E-2	-3.490868E+10	-3.520026E+10	3.158212E+7	2.915778E+8	-2.877136E+11
5.390240E+2	1.457792E+0	4.255608E+10	1.401268E+0	1.683647E+9	1.461383E+0	4.258562E+10	1.500105E+0	1.782808E+9	1.449642E+0	2.934685E+11	1.448739E+0	2.951025E+11	1.451120E+0	3.360542E+11	1.449874E+0	3.376585E+11	-5.652410E-2	3.872148E-2	-9.883739E-2	-9.524558E-2	-4.860690E-2	-4.087243E+10	-4.080282E+10	-9.916095E+7	-6.961556E+7	-3.359749E+11
5.392930E+2	1.714465E+0	4.982710E+10	1.654101E+0	1.978067E+9	1.704761E+0	4.946656E+10	1.638569E+0	1.942537E+9	1.686699E+0	3.400110E+11	1.685165E+0	3.418052E+11	1.688973E+0	3.894776E+11	1.688839E+0	3.916323E+11	-6.036353E-2	-6.619210E-2	1.553207E-2	5.828565E-3	-3.473810E-2	-4.784904E+10	-4.752402E+10	3.552935E+7	-3.250161E+8	-3.896542E+11
5.395050E+2	1.827354E+0	5.302503E+10	1.779267E+0	2.123819E+9	1.840626E+0	5.330782E+10	1.820597E+0	2.152520E+9	1.799580E+0	3.621735E+11	1.800507E+0	3.645896E+11	1.804747E+0	4.154813E+11	1.803874E+0	4.176146E+11	-4.808782E-2	-2.002990E-2	-4.133007E-2	-2.805792E-2	-2.460793E-2	-5.090121E+10	-5.115530E+10	-2.870106E+7	2.540908E+8	-4.154908E+11
5.397700E+2	1.883586E+0	5.461795E+10	1.845108E+0	2.200490E+9	1.875875E+0	5.430440E+10	1.816358E+0	2.147630E+9	1.848466E+0	3.717715E+11	1.852210E+0	3.748029E+11	1.851916E+0	4.260759E+11	1.856146E+0	4.294208E+11	-3.847822E-2	-5.951780E-2	2.874987E-2	2.103958E-2	-1.103804E-2	-5.241746E+10	-5.215677E+10	5.285935E+7	-2.606876E+8	-4.272203E+11
5.400350E+2	1.901970E+0	5.513873E+10	1.779024E+0	2.123536E+9	1.892305E+0	5.476890E+10	1.871755E+0	2.211535E+9	1.854336E+0	3.729241E+11	1.865000E+0	3.773292E+11	1.859115E+0	4.276930E+11	1.869636E+0	4.324679E+11	-1.229459E-1	-2.054996E-2	-9.273092E-2	-1.023959E-1	-9.061251E-2	-5.301519E+10	-5.255736E+10	-8.799858E+7	-4.578274E+8	-4.303444E+11
5.402630E+2	1.855618E+0	5.382569E+10	1.762002E+0	2.103715E+9	1.876366E+0	5.431826E+10	1.819914E+0	2.151732E+9	1.829378E+0	3.680239E+11	1.832297E+0	3.708693E+11	1.835293E+0	4.223422E+11	1.835222E+0	4.246950E+11	-9.361620E-2	-5.645217E-2	-5.791145E-2	-3.716403E-2	-7.321987E-2	-5.172198E+10	-5.216653E+10	-4.801718E+7	4.445567E+8	-4.225912E+11
5.405240E+2	1.712181E+0	4.976240E+10	1.570956E+0	1.881246E+9	1.723112E+0	4.998537E+10	1.644000E+0	1.948803E+9	1.683129E+0	3.393101E+11	1.686525E+0	3.420739E+11	1.688162E+0	3.892954E+11	1.689743E+0	3.918363E+11	-1.412248E-1	-7.911139E-2	-7.304444E-2	-6.211339E-2	-1.187866E-1	-4.788115E+10	-4.803657E+10	-6.755693E+7	1.554167E+8	-3.899550E+11
5.407580E+2	1.672786E+0	4.864641E+10	1.616648E+0	1.934454E+9	1.676052E+0	4.865486E+10	1.584664E+0	1.880354E+9	1.645640E+0	3.319498E+11	1.647730E+0	3.344105E+11	1.649468E+0	3.806047E+11	1.650873E+0	3.830569E+11	-5.613710E-2	-9.138725E-2	3.198399E-2	3.525015E-2	-3.422411E-2	-4.671196E+10	-4.677451E+10	5.409963E+7	6.254583E+7	-3.811225E+11
5.410400E+2	1.639276E+0	4.769716E+10	1.562000E+0	1.870817E+9	1.637048E+0	4.755213E+10	1.596112E+0	1.893560E+9	1.612157E+0	3.253759E+11	1.614788E+0	3.279032E+11	1.615290E+0	3.729280E+11	1.617859E+0	3.756003E+11	-7.727554E-2	-4.093598E-2	-3.411177E-2	-3.633956E-2	-5.585860E-2	-4.582634E+10	-4.565857E+10	-2.274271E+7	-1.677713E+8	-3.737295E+11
5.412640E+2	1.489209E+0	4.344607E+10	1.429961E+0	1.717060E+9	1.491598E+0	4.343986E+10	1.477819E+0	1.757099E+9	1.475959E+0	2.986354E+11	1.481481E+0	3.015701E+11	1.477928E+0	3.420753E+11	1.482450E+0	3.450162E+11	-5.924811E-2	-1.377908E-2	-4.785796E-2	-4.546903E-2	-5.248915E-2	-4.172901E+10	-4.168277E+10	-4.003943E+7	-4.624034E+7	-3.432991E+11
5.415140E+2	1.380791E+0	4.037482E+10	1.289368E+0	1.553343E+9	1.385242E+0	4.043291E+10	1.396153E+0	1.662892E+9	1.363751E+0	2.766050E+11	1.370007E+0	2.795500E+11	1.366456E+0	3.170379E+11	1.371359E+0	3.199248E+11	-9.142303E-2	1.091132E-2	-1.067850E-1	-1.023344E-1	-8.199119E-2	-3.882148E+10	-3.877001E+10	-1.095490E+8	-5.146327E+7	-3.183714E+11
5.417760E+2	1.276006E+0	3.740648E+10	1.259678E+0	1.518769E+9	1.277531E+0	3.738765E+10	1.267770E+0	1.514792E+9	1.269956E+0	2.581897E+11	1.269511E+0	2.596984E+11	1.270909E+0	2.955774E+11	1.270326E+0	2.971049E+11	-1.632816E-2	-9.761286E-3	-8.091762E-3	-6.566875E-3	-1.064774E-2	-3.588771E+10	-3.587285E+10	3.977655E+6	-1.485913E+7	-2.955861E+11
5.420110E+2	1.097437E+0	3.234799E+10	1.073893E+0	1.302426E+9	1.095692E+0	3.224656E+10	1.140988E+0	1.368538E+9	1.090836E+0	2.230222E+11	1.090058E+0	2.242498E+11	1.091447E+0	2.552688E+11	1.090983E+0	2.565978E+11	-2.354483E-2	4.529579E-2	-6.709491E-2	-6.884062E-2	-1.709085E-2	-3.104557E+10	-3.087803E+10	-6.611238E+7	-1.675403E+8	-2.552953E+11
5.422620E+2	9.527724E-1	2.824993E+10	9.607499E-1	1.170674E+9	9.571513E-1	2.832966E+10	9.366548E-1	1.132825E+9	9.572172E-1	1.967882E+11	9.557257E-1	1.977142E+11	9.572089E-1	2.251179E+11	9.553553E-1	2.259641E+11	7.977521E-3	-2.049650E-2	2.409518E-2	2.847402E-2	5.394644E-3	-2.707926E+10	-2.719684E+10	3.784905E+7	1.175803E+8	-2.247935E+11
5.425190E+2	8.880777E-1	2.641726E+10	8.691989E-1	1.064064E+9	8.886051E-1	2.639168E+10	8.840010E-1	1.072084E+9	8.963588E-1	1.848396E+11	8.903666E-1	1.848034E+11	8.953828E-1	2.112313E+11	8.900795E-1	2.112207E+11	-1.887878E-2	-4.604080E-3	-1.480217E-2	-1.427470E-2	-2.088066E-2	-2.535320E+10	-2.531960E+10	-8.020095E+6	-3.359884E+7	-2.101566E+11
5.427650E+2	9.216352E-1	2.736788E+10	9.148482E-1	1.117222E+9	9.198769E-1	2.727582E+10	9.132993E-1	1.105882E+9	9.243931E-1	1.903437E+11	9.150641E-1	1.896821E+11	9.238246E-1	2.176195E+11	9.158882E-1	2.170499E+11	-6.787014E-3	-6.577603E-3	1.548845E-3	-2.094114E-4	-1.040039E-3	-2.625066E+10	-2.616994E+10	1.133971E+7	-8.071852E+7	-2.159327E+11
5.430120E+2	9.737400E-1	2.884390E+10	9.238150E-1	1.127664E+9	9.767817E-1	2.888466E+10	9.958324E-1	1.201091E+9	9.806763E-1	2.013941E+11	9.753794E-1	2.015965E+11	9.801860E-1	2.302787E+11	9.751738E-1	2.304404E+11	-4.992501E-2	1.905073E-2	-7.201742E-2	-6.897573E-2	-5.135884E-2	-2.771623E+10	-2.768357E+10	-7.342694E+7	-3.266027E+7	-2.293128E+11
5.433020E+2	1.140892E+0	3.357898E+10	1.148966E+0	1.389847E+9	1.147845E+0	3.372106E+10	1.115870E+0	1.339563E+9	1.147628E+0	2.341725E+11	1.142199E+0	2.345495E+11	1.147655E+0	2.678936E+11	1.142035E+0	2.681285E+11	8.073851E-3	-3.197459E-2	3.309604E-2	4.004844E-2	6.931169E-3	-3.218913E+10	-3.238150E+10	5.028407E+7	1.923709E+8	-2.667386E+11
5.435270E+2	1.332981E+0	3.902046E+10	1.284097E+0	1.547204E+9	1.329864E+0	3.886722E+10	1.281188E+0	1.530270E+9	1.323918E+0	2.687844E+11	1.321411E+0	2.699504E+11	1.324666E+0	3.076516E+11	1.322862E+0	3.089709E+11	-4.888436E-2	-4.867636E-2	2.909404E-3	-2.079958E-4	-3.876479E-2	-3.747326E+10	-3.733695E+10	1.693455E+7	-1.363033E+8	-3.074237E+11
5.437640E+2	1.394372E+0	4.075952E+10	1.342437E+0	1.615140E+9	1.407518E+0	4.106270E+10	1.363606E+0	1.625345E+9	1.388353E+0	2.814352E+11	1.392753E+0	2.840431E+11	1.390765E+0	3.224979E+11	1.392956E+0	3.248026E+11	-5.193464E-2	-4.391208E-2	-2.116858E-2	-8.022562E-3	-5.051893E-2	-3.914438E+10	-3.943735E+10	-1.020529E+7	2.929706E+8	-3.231875E+11
5.440120E+2	1.478351E+0	4.313849E+10	1.434001E+0	1.721764E+9	1.463742E+0	4.265231E+10	1.440127E+0	1.713619E+9	1.452870E+0	2.941021E+11	1.454380E+0	2.962167E+11	1.454238E+0	3.367544E+11	1.457386E+0	3.393552E+11	-4.435060E-2	-2.361509E-2	-6.126578E-3	-2.073550E-2	-2.338566E-2	-4.141672E+10	-4.093870E+10	8.145006E+6	-4.780293E+8	-3.376334E+11
5.442750E+2	1.528703E+0	4.456486E+10	1.450136E+0	1.740554E+9	1.519773E+0	4.423644E+10	1.480051E+0	1.759674E+9	1.502181E+0	3.037837E+11	1.508297E+0	3.068673E+11	1.504395E+0	3.480201E+11	1.510856E+0	3.514322E+11	-7.856677E-2	-3.972154E-2	-2.991458E-2	-3.884523E-2	-6.071969E-2	-4.282430E+10	-4.247676E+10	-1.912040E+7	-3.475401E+8	-3.496916E+11
5.445130E+2	1.501981E+0	4.380788E+10	1.466728E+0	1.759874E+9	1.501766E+0	4.372734E+10	1.459555E+0	1.736030E+9	1.486491E+0	3.007031E+11	1.490129E+0	3.032786E+11	1.488413E+0	3.444305E+11	1.491616E+0	3.470864E+11	-3.525345E-2	-4.221111E-2	7.173066E-3	6.957656E-3	-2.488813E-2	-4.204800E+10	-4.199131E+10	2.384395E+7	-5.669511E+7	-3.453266E+11
5.447830E+2	1.443918E+0	4.216306E+10	1.400030E+0	1.682206E+9	1.451321E+0	4.230114E+10	1.440164E+0	1.713661E+9	1.420824E+0	2.878105E+11	1.425549E+0	2.905215E+11	1.424663E+0	3.301116E+11	1.427852E+0	3.326845E+11	-4.388762E-2	-1.115765E-2	-4.013372E-2	-3.272997E-2	-2.782236E-2	-4.048085E+10	-4.058748E+10	-3.145520E+7	1.066309E+8	-3.310023E+11
5.450260E+2	1.383816E+0	4.046051E+10	1.372976E+0	1.650703E+9	1.385060E+0	4.042776E+10	1.335545E+0	1.592976E+9	1.370826E+0	2.779942E+11	1.373457E+0	2.802315E+11	1.372618E+0	3.184219E+11	1.374756E+0	3.206920E+11	-1.083992E-2	-4.951456E-2	3.743113E-2	3.867464E-2	-1.779802E-3	-3.880981E+10	-3.883478E+10	5.772696E+7	2.497144E+7	-3.190413E+11
5.452740E+2	1.328764E+0	3.890098E+10	1.279838E+0	1.542245E+9	1.340033E+0	3.915473E+10	1.294468E+0	1.545590E+9	1.323189E+0	2.686413E+11	1.325970E+0	2.708510E+11	1.325309E+0	3.077960E+11	1.326320E+0	3.097520E+11	-4.892569E-2	-4.556470E-2	-1.463056E-2	-3.360998E-3	-4.648243E-2	-3.735874E+10	-3.760914E+10	-3.345586E+6	2.504068E+8	-3.082098E+11
5.455130E+2	1.229300E+0	3.608338E+10	1.181212E+0	1.427397E+9	1.242055E+0	3.638465E+10	1.171349E+0	1.403563E+9	1.226178E+0	2.495946E+11	1.231090E+0	2.521088E+11	1.228176E+0	2.859792E+11	1.230866E+0	2.881922E+11	-4.808816E-2	-7.070610E-2	9.862395E-3	2.261793E-2	-4.965388E-2	-3.465599E+10	-3.498109E+10	2.383377E+7	3.251004E+8	-2.867648E+11
5.457940E+2	1.181998E+0	3.474340E+10	1.164961E+0	1.408473E+9	1.171554E+0	3.439139E+10	1.141283E+0	1.368879E+9	1.171497E+0	2.388588E+11	1.172557E+0	2.405463E+11	1.171504E+0	2.732502E+11	1.173741E+0	2.752897E+11	-1.703693E-2	-3.027090E-2	2.367759E-2	1.323397E-2	-8.780047E-3	-3.333493E+10	-3.302251E+10	3.959351E+7	-3.124245E+8	-2.738812E+11
5.460000E+2	1.161752E+0	3.416988E+10	1.137778E+0	1.376819E+9	1.159340E+0	3.404607E+10	1.114081E+0	1.337499E+9	1.155984E+0	2.358132E+11	1.155511E+0	2.371791E+11	1.156407E+0	2.698592E+11	1.156294E+0	2.713490E+11	-2.397380E-2	-4.525942E-2	2.369717E-2	2.128562E-2	-1.851557E-2	-3.279306E+10	-3.270857E+10	3.931977E+7	-8.449057E+7	-2.699722E+11
5.467600E+2	1.195209E+0	3.511765E+10	1.173882E+0	1.418862E+9	1.186382E+0	3.481060E+10	1.132625E+0	1.358891E+9	1.184257E+0	2.413641E+11	1.177606E+0	2.415436E+11	1.184524E+0	2.761747E+11	1.179813E+0	2.766613E+11	-2.132656E-2	-5.375699E-2	4.125780E-2	3.243043E-2	-5.931050E-3	-3.369879E+10	-3.345171E+10	5.997091E+7	-2.470822E+8	-2.752424E+11
5.475230E+2	1.286132E+0	3.769333E+10	1.253434E+0	1.511498E+9	1.296850E+0	3.793384E+10	1.253354E+0	1.498162E+9	1.276649E+0	2.595039E+11	1.277504E+0	2.612773E+11	1.279192E+0	2.974377E+11	1.278586E+0	2.989706E+11	-3.269815E-2	-4.349569E-2	7.987592E-5	1.079754E-2	-2.515201E-2	-3.618183E+10	-3.643567E+10	1.333620E+7	2.538433E+8	-2.974591E+11
5.482660E+2	1.383619E+0	4.045493E+10	1.316818E+0	1.585308E+9	1.375734E+0	4.016409E+10	1.332966E+0	1.590001E+9	1.365896E+0	2.770262E+11	1.370261E+0	2.796001E+11	1.367134E+0	3.171902E+11	1.371936E+0	3.200550E+11	-6.680081E-2	-4.276776E-2	-1.614776E-2	-2.403305E-2	-5.511770E-2	-3.886962E+10	-3.857409E+10	-4.692659E+6	-2.955322E+8	-3.184697E+11
5.490100E+2	1.364000E+0	3.989916E+10	1.346458E+0	1.619822E+9	1.366373E+0	3.989943E+10	1.345373E+0	1.604313E+9	1.359775E+0	2.758245E+11	1.359088E+0	2.773931E+11	1.360606E+0	3.157239E+11	1.359704E+0	3.172922E+11	-1.754246E-2	-2.100003E-2	1.084551E-3	3.457567E-3	-1.324643E-2	-3.827934E+10	-3.829512E+10	1.550926E+7	1.578404E+7	-3.156724E+11
5.497630E+2	1.312364E+0	3.843641E+10	1.287565E+0	1.551243E+9	1.323709E+0	3.869321E+10	1.302273E+0	1.554594E+9	1.310193E+0	2.660896E+11	1.311776E+0	2.680472E+11	1.311894E+0	3.047829E+11	1.311850E+0	3.064836E+11	-2.479892E-2	-2.143599E-2	-1.470819E-2	-3.362935E-3	-2.428473E-2	-3.688517E+10	-3.713862E+10	-3.350906E+6	2.534488E+8	-3.049324E+11
5.505000E+2	1.288417E+0	3.775806E+10	1.238335E+0	1.493915E+9	1.279337E+0	3.743869E+10	1.278696E+0	1.527396E+9	1.280855E+0	2.603296E+11	1.277631E+0	2.613024E+11	1.280664E+0	2.977683E+11	1.278984E+0	2.990605E+11	-5.008285E-2	-6.405947E-4	-4.036168E-2	-4.944225E-2	-4.064970E-2	-3.626414E+10	-3.591130E+10	-3.348088E+7	-3.528482E+8	-2.975666E+11
5.512510E+2	1.306865E+0	3.828063E+10	1.309998E+0	1.577365E+9	1.308769E+0	3.827080E+10	1.303852E+0	1.556415E+9	1.298516E+0	2.637971E+11	1.303047E+0	2.663229E+11	1.299806E+0	3.020679E+11	1.303526E+0	3.046035E+11	3.132885E-3	-4.916767E-3	6.145778E-3	8.049652E-3	6.471876E-3	-3.670327E+10	-3.671439E+10	2.095031E+7	1.112159E+7	-3.030262E+11
5.520100E+2	1.262388E+0	3.702069E+10	1.252850E+0	1.510818E+9	1.257372E+0	3.681768E+10	1.283559E+0	1.533006E+9	1.248460E+0	2.539694E+11	1.250836E+0	2.560094E+11	1.249582E+0	2.907870E+11	1.252285E+0	2.930301E+11	-9.538138E-3	2.618722E-2	-3.070940E-2	-3.572536E-2	5.645512E-4	-3.550987E+10	-3.528467E+10	-2.218799E+7	-2.251981E+8	-2.915192E+11
5.527700E+2	1.212130E+0	3.559699E+10	1.223173E+0	1.476260E+9	1.220654E+0	3.577957E+10	1.229108E+0	1.470192E+9	1.212586E+0	2.469260E+11	1.209831E+0	2.479094E+11	1.213601E+0	2.827056E+11	1.210120E+0	2.835064E+11	1.104340E-2	8.454027E-3	-5.934692E-3	2.589374E-3	1.305344E-2	-3.412073E+10	-3.430938E+10	6.068045E+6	1.886496E+8	-2.820302E+11
5.535100E+2	1.164564E+0	3.424954E+10	1.062635E+0	1.289316E+9	1.171873E+0	3.440040E+10	1.148006E+0	1.376634E+9	1.155615E+0	2.357406E+11	1.160791E+0	2.382222E+11	1.157661E+0	2.701410E+11	1.161264E+0	2.724717E+11	-1.019289E-1	-2.386696E-2	-8.537088E-2	-7.806199E-2	-9.862963E-2	-3.296022E+10	-3.302376E+10	-8.731786E+7	6.353843E+7	-2.711824E+11
5.542580E+2	1.087749E+0	3.207353E+10	1.077690E+0	1.306848E+9	1.094794E+0	3.222118E+10	1.063661E+0	1.279336E+9	1.081883E+0	2.212645E+11	1.085669E+0	2.233828E+11	1.083508E+0	2.534857E+11	1.085930E+0	2.554563E+11	-1.005837E-2	-3.113344E-2	1.402973E-2	2.107506E-2	-8.239668E-3	-3.076668E+10	-3.094185E+10	2.751259E+7	1.751664E+8	-2.541495E+11
5.550190E+2	1.016339E+0	3.005064E+10	1.000687E+0	1.217179E+9	1.013223E+0	2.991495E+10	9.528581E-1	1.151516E+9	1.010223E+0	2.071951E+11	1.010320E+0	2.084987E+11	1.010601E+0	2.371101E+11	1.011075E+0	2.385493E+11	-1.565229E-2	-6.036465E-2	4.782852E-2	4.471236E-2	-1.038861E-2	-2.883346E+10	-2.876343E+10	6.566266E+7	-7.002536E+7	-2.373321E+11
5.557660E+2	9.705787E-1	2.875435E+10	9.139000E-1	1.116118E+9	9.669749E-1	2.860740E+10	9.725893E-1	1.174278E+9	9.633577E-1	1.979938E+11	9.640632E-1	1.993612E+11	9.638130E-1	2.266012E+11	9.648804E-1	2.281155E+11	-5.667877E-2	5.614371E-3	-5.868934E-2	-6.229314E-2	-5.098041E-2	-2.763823E+10	-2.743312E+10	-5.816005E+7	-2.051039E+8	-2.269994E+11
5.560080E+2	9.648967E-1	2.859339E+10	1.008447E+0	1.226215E+9	9.620810E-1	2.846904E+10	9.661296E-1	1.166826E+9	9.610045E-1	1.975318E+11	9.607126E-1	1.986993E+11	9.611400E-1	2.260008E+11	9.612374E-1	2.272927E+11	4.354992E-2	4.048598E-3	4.231706E-2	3.950132E-2	4.720920E-2	-2.736717E+10	-2.730221E+10	5.938936E+7	-6.495963E+7	-2.260665E+11
5.565090E+2	9.501216E-1	2.817484E+10	9.638386E-1	1.174270E+9	9.537499E-1	2.823350E+10	9.537878E-1	1.152589E+9	9.517680E-1	1.957184E+11	9.550566E-1	1.975820E+11	9.520175E-1	2.239518E+11	9.544377E-1	2.257569E+11	1.371702E-2	3.791039E-5	1.005087E-2	1.367911E-2	9.400980E-3	-2.700057E+10	-2.708091E+10	2.168152E+7	8.033773E+7	-2.245826E+11
5.570500E+2	9.873630E-1	2.922981E+10	9.683342E-1	1.179505E+9	9.795681E-1	2.896345E+10	1.013029E+0	1.220928E+9	9.807813E-1	2.014147E+11	9.802802E-1	2.025646E+11	9.806286E-1	2.303781E+11	9.811686E-1	2.317944E+11	-1.902881E-2	3.346086E-2	-4.469473E-2	-5.248966E-2	-1.283433E-2	-2.805031E+10	-2.774252E+10	-4.142278E+7	-3.077892E+8	-2.306149E+11
5.575530E+2	9.878904E-1	2.924475E+10	9.813502E-1	1.194662E+9	9.837057E-1	2.908042E+10	1.019762E+0	1.228695E+9	9.878442E-1	2.028014E+11	9.831234E-1	2.031263E+11	9.873233E-1	2.318818E+11	9.837212E-1	2.323710E+11	-6.540170E-3	3.605609E-2	-3.841155E-2	-4.259626E-2	-2.371025E-3	-2.805009E+10	-2.785173E+10	-3.403274E+7	-1.983581E+8	-2.311763E+11
5.580110E+2	9.867094E-1	2.921130E+10	9.380203E-1	1.144205E+9	9.941783E-1	2.937651E+10	9.533064E-1	1.152034E+9	9.941502E-1	2.040395E+11	9.950535E-1	2.054829E+11	9.941538E-1	2.334160E+11	9.940070E-1	2.346942E+11	-4.868915E-2	-4.087185E-2	-1.528613E-2	-7.817295E-3	-5.598672E-2	-2.806709E+10	-2.822448E+10	-7.828136E+6	1.573882E+8	-2.335500E+11
5.585100E+2	1.010641E+0	2.988923E+10	1.011246E+0	1.229475E+9	1.008899E+0	2.979270E+10	1.012358E+0	1.220155E+9	1.011501E+0	2.074461E+11	1.010921E+0	2.086173E+11	1.011174E+0	2.372388E+11	1.010886E+0	2.385066E+11	6.048500E-4	3.459607E-3	-1.112469E-3	-2.854757E-3	3.599955E-4	-2.865976E+10	-2.857255E+10	9.320547E+6	-8.720947E+7	-2.372771E+11
5.590100E+2	1.020601E+0	3.017139E+10	1.041208E+0	1.264365E+9	1.021346E+0	3.014463E+10	1.045066E+0	1.257885E+9	1.019430E+0	2.090029E+11	1.020257E+0	2.104616E+11	1.019672E+0	2.391475E+11	1.020301E+0	2.406330E+11	2.060609E-2	2.371933E-2	-3.858116E-3	-3.113248E-3	2.090694E-2	-2.890702E+10	-2.888674E+10	6.479854E+6	-2.028271E+7	-2.393686E+11
5.595170E+2	1.004539E+0	2.971638E+10	1.036416E+0	1.258785E+9	1.006038E+0	2.971181E+10	9.855989E-1	1.189285E+9	9.998843E-1	2.051653E+11	1.000704E+0	2.065990E+11	1.000659E+0	2.348771E+11	1.001185E+0	2.363154E+11	3.187663E-2	-2.043897E-2	5.081712E-2	5.231560E-2	3.523123E-2	-2.845760E+10	-2.852253E+10	6.949976E+7	6.493204E+7	-2.350566E+11
5.599900E+2	9.989858E-1	2.955906E+10	1.003835E+0	1.220845E+9	1.002333E+0	2.960708E+10	1.002250E+0	1.208494E+9	9.956763E-1	2.043391E+11	1.000406E+0	2.065403E+11	9.965143E-1	2.339462E+11	1.000228E+0	2.360993E+11	4.849241E-3	-8.314349E-5	1.584878E-3	4.932384E-3	3.606911E-3	-2.833822E+10	-2.839858E+10	1.235136E+7	6.036785E+7	-2.348785E+11
5.605090E+2	9.931871E-1	2.939479E+10	1.021430E+0	1.241334E+9	9.964730E-1	2.944139E+10	9.625402E-1	1.162685E+9	9.992622E-1	2.050431E+11	9.992105E-1	2.063041E+11	9.989111E-1	2.344845E+11	9.984551E-1	2.356989E+11	2.824248E-2	-3.393283E-2	5.888934E-2	6.217531E-2	2.297447E-2	-2.815346E+10	-2.827871E+10	7.864831E+7	1.252456E+8	-2.344575E+11
5.610530E+2	1.010082E+0	2.987340E+10	9.981611E-1	1.214238E+9	1.007459E+0	2.975198E+10	1.006089E+0	1.212923E+9	1.011470E+0	2.074399E+11	1.010044E+0	2.084440E+11	1.010965E+0	2.371919E+11	1.010049E+0	2.383174E+11	-1.192116E-2	-1.369093E-3	-7.928351E-3	-1.055206E-2	-1.188747E-2	-2.865916E+10	-2.853906E+10	1.315254E+6	-1.201040E+8	-2.371032E+11
