Photon Energy (eV)	X ref norm	X ref	X pump norm	X pump	Y ref norm	Y ref	Y pump norm	Y pump	X all norm	X all	Y all norm	Y all	X all Y ref norm	X all Y ref	Y all X ref norm	Y all X ref	BC(X hist) norm	BC(Y hist) norm	StS norm	BCSC norm	BCLR norm	BC(X hist)	BC(Y hist)	StS	BCSC	BCLR	
5.300320E+2	-5.218250E-3	1.112037E+9	3.548840E-3	5.863473E+7	-6.458667E-3	1.085888E+9	1.071433E-4	5.124381E+7	-5.653432E-3	7.743030E+9	-6.140733E-3	7.710272E+9	-5.754792E-3	8.828918E+9	-6.025035E-3	8.822309E+9	8.767091E-3	6.565810E-3	3.441697E-3	2.201281E-3	9.573876E-3	-1.053403E+9	-1.034644E+9	7.390925E+6	-1.875883E+7	-8.763674E+9
5.305080E+2	-2.997976E-3	1.174933E+9	-7.981726E-3	4.503937E+7	-3.854182E-3	1.159523E+9	-7.633733E-3	4.203675E+7	-4.199793E-3	8.028430E+9	-3.663956E-3	8.199526E+9	-4.156289E-3	9.187953E+9	-3.580429E-3	9.374459E+9	-4.983750E-3	-3.779552E-3	-3.479930E-4	-1.204198E-3	-4.401297E-3	-1.129894E+9	-1.117486E+9	3.002621E+6	-1.240730E+7	-9.329420E+9
5.310350E+2	-2.319508E-3	1.194153E+9	-2.554858E-3	5.143804E+7	-1.947689E-3	1.213425E+9	-4.817453E-3	4.538645E+7	-2.309400E-3	8.399581E+9	-3.079100E-3	8.315057E+9	-2.263869E-3	9.613005E+9	-2.983832E-3	9.509209E+9	-2.353495E-4	-2.869764E-3	2.262596E-3	2.634415E-3	4.289747E-4	-1.142715E+9	-1.168038E+9	6.051582E+6	2.532359E+7	-9.457771E+9
5.315180E+2	-7.336699E-4	1.239076E+9	2.585372E-3	5.749873E+7	1.353771E-3	1.306766E+9	7.486248E-3	6.002057E+7	2.386260E-4	8.899847E+9	7.110996E-4	9.063760E+9	3.789955E-4	1.020661E+10	5.298967E-4	1.030284E+10	3.319042E-3	6.132477E-3	-4.900876E-3	-2.813435E-3	2.055475E-3	-1.181577E+9	-1.246745E+9	-2.521836E+6	6.516757E+7	-1.024534E+10
5.320120E+2	3.046560E-3	1.346162E+9	4.122653E-3	5.931130E+7	2.652602E-3	1.343487E+9	-1.634193E-3	4.917265E+7	3.441161E-3	9.528617E+9	3.776659E-3	9.669321E+9	3.341901E-3	1.087210E+10	3.685090E-3	1.101548E+10	1.076094E-3	-4.286795E-3	5.756846E-3	5.362889E-3	4.375636E-4	-1.286851E+9	-1.294314E+9	1.013865E+7	7.463341E+6	-1.095617E+10
5.325120E+2	8.222845E-3	1.492796E+9	2.797183E-4	5.478020E+7	8.254165E-3	1.501858E+9	6.491988E-3	5.883799E+7	8.482838E-3	1.051847E+10	8.396031E-3	1.058182E+10	8.454054E-3	1.202033E+10	8.374310E-3	1.207461E+10	-7.943127E-3	-1.762176E-3	-6.212270E-3	-6.180951E-3	-8.094592E-3	-1.438016E+9	-1.443020E+9	-4.057786E+6	5.004272E+6	-1.201983E+10
5.330180E+2	1.696949E-2	1.740570E+9	1.694485E-2	7.442959E+7	1.568791E-2	1.712029E+9	2.045792E-2	7.544917E+7	1.747398E-2	1.228375E+10	1.695557E-2	1.227264E+10	1.724916E-2	1.399578E+10	1.695732E-2	1.401321E+10	-2.463526E-5	4.770004E-3	-3.513064E-3	-4.794639E-3	-1.246410E-5	-1.666140E+9	-1.636580E+9	-1.019584E+6	-2.956029E+7	-1.393878E+10
5.331630E+2	2.049825E-2	1.840532E+9	2.256171E-2	8.105227E+7	2.137901E-2	1.872932E+9	1.481762E-2	6.874056E+7	2.222669E-2	1.321687E+10	2.198338E-2	1.326582E+10	2.211999E-2	1.508981E+10	2.179711E-2	1.510635E+10	2.063466E-3	-6.561386E-3	7.744088E-3	8.624851E-3	7.645977E-4	-1.759480E+9	-1.804191E+9	1.231170E+7	4.471076E+7	-1.502530E+10
5.333080E+2	2.834756E-2	2.062887E+9	2.699399E-2	8.627824E+7	2.755252E-2	2.047473E+9	3.213786E-2	8.934139E+7	2.941298E-2	1.462779E+10	2.737977E-2	1.433180E+10	2.917879E-2	1.667527E+10	2.750115E-2	1.639469E+10	-1.353566E-3	4.585339E-3	-5.143868E-3	-5.938905E-3	-5.071537E-4	-1.976609E+9	-1.958131E+9	-3.063144E+6	-1.847750E+7	-1.630841E+10
5.334580E+2	3.809156E-2	2.338915E+9	4.388878E-2	1.061984E+8	3.826337E-2	2.350296E+9	3.764185E-2	9.588787E+7	3.834678E-2	1.638181E+10	3.728411E-2	1.628827E+10	3.833628E-2	1.873211E+10	3.738538E-2	1.862719E+10	5.797215E-3	-6.215162E-4	6.246926E-3	6.418731E-3	6.503394E-3	-2.232716E+9	-2.254409E+9	1.031053E+7	2.169234E+7	-1.852099E+10
5.336080E+2	5.052877E-2	2.691235E+9	4.154232E-2	1.034318E+8	4.847161E-2	2.638910E+9	4.183192E-2	1.008716E+8	4.969800E-2	1.861045E+10	4.746704E-2	1.829978E+10	4.954363E-2	2.124936E+10	4.785104E-2	2.099101E+10	-8.986445E-3	-6.639691E-3	-2.895941E-4	-2.346754E-3	-6.308720E-3	-2.587803E+9	-2.538039E+9	2.560192E+6	-4.976462E+7	-2.088758E+10
5.337580E+2	5.635155E-2	2.856182E+9	4.930861E-2	1.125888E+8	6.001753E-2	2.965344E+9	6.253870E-2	1.255004E+8	6.170049E-2	2.096696E+10	6.127683E-2	2.102772E+10	6.148865E-2	2.393231E+10	6.065910E-2	2.388390E+10	-7.042935E-3	2.521170E-3	-1.323008E-2	-9.564104E-3	-1.135049E-2	-2.743594E+9	-2.839843E+9	-1.291160E+7	9.624963E+7	-2.377131E+10
5.339340E+2	8.756432E-2	3.740376E+9	8.523902E-2	1.549533E+8	8.785369E-2	3.752345E+9	7.902299E-2	1.451069E+8	9.269658E-2	2.705258E+10	8.949497E-2	2.660184E+10	9.208698E-2	3.080492E+10	8.925283E-2	3.034221E+10	-2.325307E-3	-8.830699E-3	6.216030E-3	6.505392E-3	-4.013813E-3	-3.585422E+9	-3.607238E+9	9.846374E+6	2.181531E+7	-3.018726E+10
5.340640E+2	1.274165E-1	4.869306E+9	1.464227E-1	2.270932E+8	1.280001E-1	4.887390E+9	1.273244E-1	2.025570E+8	1.360312E-1	3.556068E+10	1.289041E-1	3.438658E+10	1.350203E-1	4.044807E+10	1.287175E-1	3.925589E+10	1.900617E-2	-6.756995E-4	1.909825E-2	1.968187E-2	1.770518E-2	-4.642213E+9	-4.684833E+9	2.453618E+7	4.262021E+7	-3.902879E+10
5.342090E+2	2.164137E-1	7.390411E+9	2.387126E-1	3.359096E+8	2.124428E-1	7.274805E+9	2.094340E-1	3.002187E+8	2.251095E-1	5.304987E+10	2.128833E-1	5.097556E+10	2.235151E-1	6.032468E+10	2.133261E-1	5.836597E+10	2.229891E-2	-3.008825E-3	2.927863E-2	2.530774E-2	2.538651E-2	-7.054502E+9	-6.974586E+9	3.569087E+7	-7.991575E+7	-5.803006E+10
5.343600E+2	3.666445E-1	1.164614E+10	4.215970E-1	5.515433E+8	3.646394E-1	1.157780E+10	3.768897E-1	4.993918E+8	3.880084E-1	8.503262E+10	3.708951E-1	8.218870E+10	3.850668E-1	9.661042E+10	3.703620E-1	9.383483E+10	5.495251E-2	1.225031E-2	4.470729E-2	4.270220E-2	5.123499E-2	-1.109460E+10	-1.107841E+10	5.215151E+7	-1.618653E+7	-9.328329E+10
5.345050E+2	6.483908E-1	1.962743E+10	6.976663E-1	8.770488E+8	6.454300E-1	1.951649E+10	6.299963E-1	8.004387E+8	6.760001E-1	1.415755E+11	6.487968E-1	1.370845E+11	6.721521E-1	1.610920E+11	6.487459E-1	1.567119E+11	4.927554E-2	-1.543369E-2	6.767005E-2	6.470923E-2	4.892046E-2	-1.875038E+10	-1.871605E+10	7.661010E+7	-3.433353E+7	-1.558349E+11
5.346620E+2	9.810085E-1	2.904980E+10	1.033066E+0	1.272509E+9	9.888385E-1	2.922554E+10	9.992987E-1	1.239690E+9	1.002522E+0	2.056831E+11	9.774788E-1	2.020112E+11	1.000799E+0	2.349086E+11	9.779215E-1	2.310610E+11	5.205718E-2	1.046015E-2	3.376696E-2	4.159703E-2	5.514419E-2	-2.777729E+10	-2.798585E+10	3.281876E+7	2.085637E+8	-2.297885E+11
5.348120E+2	1.382329E+0	4.041837E+10	1.401164E+0	1.706523E+9	1.385934E+0	4.045248E+10	1.376124E+0	1.687888E+9	1.386863E+0	2.811427E+11	1.372320E+0	2.800068E+11	1.386746E+0	3.215952E+11	1.373575E+0	3.204252E+11	1.883539E-2	-9.810429E-3	2.504037E-2	2.864582E-2	2.758916E-2	-3.871185E+10	-3.876459E+10	1.863456E+7	5.273944E+7	-3.187187E+11
5.349630E+2	1.693119E+0	4.922241E+10	1.716009E+0	2.077747E+9	1.697577E+0	4.926344E+10	1.605754E+0	1.961012E+9	1.675492E+0	3.378106E+11	1.670919E+0	3.389912E+11	1.678272E+0	3.870741E+11	1.673703E+0	3.882136E+11	2.289019E-2	-9.182364E-2	1.102552E-1	1.147138E-1	4.230554E-2	-4.714466E+10	-4.730243E+10	1.167354E+8	1.577713E+8	-3.861358E+11
5.351350E+2	1.939534E+0	5.620285E+10	1.939508E+0	2.341269E+9	1.945198E+0	5.626434E+10	1.920504E+0	2.335378E+9	1.901323E+0	3.821493E+11	1.905450E+0	3.853197E+11	1.906846E+0	4.384136E+11	1.909725E+0	4.415225E+11	-2.652487E-5	-2.469416E-2	1.900365E-2	2.466764E-2	2.978265E-2	-5.386158E+10	-5.392896E+10	5.890030E+6	6.737423E+7	-4.391813E+11
5.352650E+2	1.932453E+0	5.600226E+10	1.964534E+0	2.370776E+9	1.941682E+0	5.616493E+10	1.984698E+0	2.411731E+9	1.888124E+0	3.795579E+11	1.897666E+0	3.837821E+11	1.894866E+0	4.357228E+11	1.902029E+0	4.397844E+11	3.208018E-2	4.301534E-2	-2.016402E-2	-1.093515E-2	6.250414E-2	-5.363149E+10	-5.375320E+10	-4.095497E+7	1.217094E+8	-4.374136E+11
5.354060E+2	1.789657E+0	5.195715E+10	1.747033E+0	2.114327E+9	1.781089E+0	5.162455E+10	1.760863E+0	2.145501E+9	1.741714E+0	3.508124E+11	1.754277E+0	3.554575E+11	1.746671E+0	4.024370E+11	1.758715E+0	4.074146E+11	-4.262469E-2	-2.022609E-2	-1.383058E-2	-2.239860E-2	-1.168186E-2	-4.984282E+10	-4.947905E+10	-3.117380E+7	-3.637752E+8	-4.053003E+11
5.355680E+2	1.596870E+0	4.649587E+10	1.612071E+0	1.955197E+9	1.593476E+0	4.632023E+10	1.619053E+0	1.976831E+9	1.557312E+0	3.146078E+11	1.572383E+0	3.195266E+11	1.561864E+0	3.609280E+11	1.575454E+0	3.660225E+11	1.520134E-2	2.557703E-2	-6.982352E-3	-1.037570E-2	3.661712E-2	-4.454067E+10	-4.434340E+10	-2.163348E+7	-1.972697E+8	-3.640673E+11
5.357090E+2	1.367170E+0	3.998896E+10	1.313370E+0	1.603008E+9	1.355835E+0	3.960150E+10	1.395280E+0	1.710673E+9	1.340542E+0	2.720484E+11	1.346941E+0	2.749936E+11	1.342467E+0	3.116499E+11	1.349478E+0	3.149825E+11	-5.380010E-2	3.944483E-2	-8.190975E-2	-9.324494E-2	-3.610786E-2	-3.838595E+10	-3.789082E+10	-1.076653E+8	-4.951325E+8	-3.133795E+11
5.358600E+2	1.175533E+0	3.456027E+10	1.150985E+0	1.411544E+9	1.190801E+0	3.493556E+10	1.205372E+0	1.484795E+9	1.165906E+0	2.377612E+11	1.176849E+0	2.413941E+11	1.169040E+0	2.726967E+11	1.176684E+0	2.759544E+11	-2.454775E-2	1.457070E-2	-5.438717E-2	-3.911845E-2	-2.569870E-2	-3.314872E+10	-3.345077E+10	-7.325126E+7	3.020436E+8	-2.745428E+11
5.360070E+2	9.678589E-1	2.867730E+10	9.687567E-1	1.196684E+9	9.726415E-1	2.876761E+10	9.700263E-1	1.204873E+9	9.674206E-1	1.987915E+11	9.714370E-1	2.008178E+11	9.680777E-1	2.275591E+11	9.709883E-1	2.294951E+11	8.977911E-4	-2.615185E-3	-1.269606E-3	3.512976E-3	-2.231571E-3	-2.748062E+10	-2.756274E+10	-8.189287E+6	8.212230E+7	-2.282984E+11
5.362630E+2	7.456187E-1	2.238170E+10	7.586490E-1	9.489517E+8	7.413297E-1	2.222782E+10	7.846632E-1	9.844007E+8	7.449795E-1	1.551185E+11	7.476638E-1	1.566144E+11	7.445201E-1	1.773464E+11	7.474073E-1	1.789961E+11	1.303023E-2	4.333346E-2	-2.601423E-2	-3.030324E-2	1.124162E-2	-2.143274E+10	-2.124342E+10	-3.544902E+7	-1.893221E+8	-1.780471E+11
5.365140E+2	5.702562E-1	1.741404E+10	6.068126E-1	7.699258E+8	5.667286E-1	1.729139E+10	6.173354E-1	7.853798E+8	5.719001E-1	1.211370E+11	5.736145E-1	1.222332E+11	5.712491E-1	1.384284E+11	5.731933E-1	1.396473E+11	3.655644E-2	5.060679E-2	-1.052279E-2	-1.405035E-2	3.361938E-2	-1.664411E+10	-1.650601E+10	-1.545398E+7	-1.380990E+8	-1.388773E+11
5.367760E+2	4.781494E-1	1.480484E+10	5.076621E-1	6.530202E+8	4.797947E-1	1.483354E+10	4.844781E-1	6.273583E+8	4.838410E-1	1.038479E+11	4.849157E-1	1.047119E+11	4.833316E-1	1.186815E+11	4.840671E-1	1.195168E+11	2.951271E-2	4.683393E-3	2.318397E-2	2.482932E-2	2.359501E-2	-1.415182E+10	-1.420618E+10	2.566193E+7	5.436335E+7	-1.188638E+11
5.370070E+2	4.486152E-1	1.396820E+10	4.467766E-1	5.812319E+8	4.479551E-1	1.393335E+10	4.385569E-1	5.727392E+8	4.470117E-1	9.661703E+10	4.458242E-1	9.698995E+10	4.471304E-1	1.105504E+11	4.461743E-1	1.109581E+11	-1.838564E-3	-9.398175E-3	8.219729E-3	7.559611E-3	6.023570E-4	-1.338697E+10	-1.336061E+10	8.492675E+6	-2.635378E+7	-1.103769E+11
5.372640E+2	4.430785E-1	1.381136E+10	4.429368E-1	5.767046E+8	4.442022E-1	1.382725E+10	4.317212E-1	5.646088E+8	4.520444E-1	9.760513E+10	4.483017E-1	9.747934E+10	4.510573E-1	1.114324E+11	4.476466E-1	1.112907E+11	-1.416998E-4	-1.248100E-2	1.121566E-2	1.233930E-2	-4.709763E-3	-1.323465E+10	-1.326264E+10	1.209575E+7	2.798703E+7	-1.107140E+11
5.375060E+2	4.907210E-1	1.516097E+10	4.907204E-1	6.330448E+8	5.003238E-1	1.541396E+10	4.773951E-1	6.189338E+8	4.985538E-1	1.067366E+11	4.946101E-1	1.066269E+11	4.987766E-1	1.221505E+11	4.941223E-1	1.217879E+11	-5.901270E-7	-2.292870E-2	1.332529E-2	2.292811E-2	-3.401902E-3	-1.452793E+10	-1.479502E+10	1.411106E+7	2.670956E+8	-1.211549E+11
5.377690E+2	5.853542E-1	1.784173E+10	5.770327E-1	7.348132E+8	5.786550E-1	1.762858E+10	5.883588E-1	7.509148E+8	5.874292E-1	1.241859E+11	5.829169E-1	1.240708E+11	5.863248E-1	1.418145E+11	5.832226E-1	1.419125E+11	-8.321477E-3	9.703789E-3	-1.132606E-2	-1.802527E-2	-6.189820E-3	-1.710692E+10	-1.687767E+10	-1.610158E+7	-2.292525E+8	-1.411777E+11
5.380110E+2	6.763449E-1	2.041931E+10	6.805455E-1	8.568621E+8	6.752494E-1	2.035956E+10	6.720768E-1	8.504896E+8	6.909470E-1	1.445101E+11	6.839487E-1	1.440283E+11	6.889711E-1	1.648696E+11	6.829950E-1	1.644476E+11	4.200540E-3	-3.172657E-3	8.468697E-3	7.373197E-3	-2.449555E-3	-1.956245E+10	-1.950907E+10	6.372524E+6	-5.337992E+7	-1.635907E+11
5.382640E+2	8.264617E-1	2.467181E+10	8.301400E-1	1.033245E+9	8.268127E-1	2.464465E+10	8.195434E-1	1.025888E+9	8.332236E-1	1.724439E+11	8.314205E-1	1.731594E+11	8.324166E-1	1.970886E+11	8.307986E-1	1.978312E+11	3.678366E-3	-7.269250E-3	1.059662E-2	1.094762E-2	-6.585618E-4	-2.363856E+10	-2.361876E+10	7.357254E+6	-1.980239E+7	-1.967979E+11
5.385110E+2	1.047392E+0	3.093029E+10	1.025808E+0	1.263952E+9	1.052801E+0	3.103392E+10	1.027541E+0	1.273282E+9	1.050586E+0	2.151199E+11	1.043486E+0	2.150501E+11	1.050865E+0	2.461538E+11	1.043976E+0	2.459804E+11	-2.158309E-2	-2.525920E-2	-1.733037E-3	3.676106E-3	-1.816761E-2	-2.966634E+10	-2.976064E+10	-9.330192E+6	9.429666E+7	-2.447165E+11
5.387700E+2	1.239431E+0	3.637037E+10	1.270795E+0	1.552808E+9	1.250746E+0	3.663037E+10	1.201245E+0	1.479886E+9	1.239126E+0	2.521369E+11	1.234614E+0	2.528050E+11	1.240589E+0	2.887672E+11	1.235218E+0	2.891753E+11	3.136373E-2	-4.950182E-2	6.954994E-2	8.086555E-2	3.557611E-2	-3.481756E+10	-3.515048E+10	7.292210E+7	3.329178E+8	-2.876225E+11
5.390240E+2	1.457792E+0	4.255608E+10	1.471631E+0	1.789608E+9	1.461383E+0	4.258562E+10	1.490984E+0	1.824505E+9	1.449642E+0	2.934685E+11	1.448739E+0	2.951025E+11	1.451120E+0	3.360542E+11	1.449874E+0	3.376585E+11	1.383891E-2	2.960107E-2	-1.935397E-2	-1.576216E-2	2.175611E-2	-4.076647E+10	-4.076112E+10	-3.489676E+7	-5.351367E+6	-3.358689E+11
5.392930E+2	1.714465E+0	4.982710E+10	1.675803E+0	2.030341E+9	1.704761E+0	4.946656E+10	1.679829E+0	2.049118E+9	1.686699E+0	3.400110E+11	1.685165E+0	3.418052E+11	1.688973E+0	3.894776E+11	1.688839E+0	3.916323E+11	-3.866218E-2	-2.493208E-2	-4.026597E-3	-1.373010E-2	-1.303675E-2	-4.779676E+10	-4.741744E+10	-1.877662E+7	-3.793221E+8	-3.896019E+11
5.395050E+2	1.827354E+0	5.302503E+10	1.831856E+0	2.214339E+9	1.840626E+0	5.330782E+10	1.789923E+0	2.180065E+9	1.799580E+0	3.621735E+11	1.800507E+0	3.645896E+11	1.804747E+0	4.154813E+11	1.803874E+0	4.176146E+11	4.501620E-3	-5.070317E-2	4.193264E-2	5.520479E-2	2.798151E-2	-5.081069E+10	-5.112775E+10	3.427465E+7	3.170665E+8	-4.154003E+11
5.397700E+2	1.883586E+0	5.461795E+10	1.850461E+0	2.236276E+9	1.875875E+0	5.430440E+10	1.864511E+0	2.268780E+9	1.848466E+0	3.717715E+11	1.852210E+0	3.748029E+11	1.851916E+0	4.260759E+11	1.856146E+0	4.294208E+11	-3.312476E-2	-1.136407E-2	-1.405040E-2	-2.176069E-2	-5.684580E-3	-5.238167E+10	-5.203562E+10	-3.250431E+7	-3.460512E+8	-4.271845E+11
5.400350E+2	1.901970E+0	5.513873E+10	1.851282E+0	2.237244E+9	1.892305E+0	5.476890E+10	1.910196E+0	2.323118E+9	1.854336E+0	3.729241E+11	1.865000E+0	3.773292E+11	1.859115E+0	4.276930E+11	1.869636E+0	4.324679E+11	-5.068790E-2	1.789148E-2	-5.891437E-2	-6.857938E-2	-1.835453E-2	-5.290148E+10	-5.244578E+10	-8.587434E+7	-4.557032E+8	-4.302307E+11
5.402630E+2	1.855618E+0	5.382569E+10	1.833092E+0	2.215797E+9	1.876366E+0	5.431826E+10	1.804205E+0	2.197052E+9	1.829378E+0	3.680239E+11	1.832297E+0	3.708693E+11	1.835293E+0	4.223422E+11	1.835222E+0	4.246950E+11	-2.252653E-2	-7.216068E-2	2.888673E-2	4.963415E-2	-2.130203E-3	-5.160989E+10	-5.212121E+10	1.874497E+7	5.113189E+8	-4.224792E+11
5.405240E+2	1.712181E+0	4.976240E+10	1.716206E+0	2.077980E+9	1.723112E+0	4.998537E+10	1.668259E+0	2.035356E+9	1.683129E+0	3.393101E+11	1.686525E+0	3.420739E+11	1.688162E+0	3.892954E+11	1.689743E+0	3.918363E+11	4.025545E-3	-5.485281E-2	4.794730E-2	5.887835E-2	2.646368E-2	-4.768442E+10	-4.795002E+10	4.262391E+7	2.655976E+8	-3.897583E+11
5.407580E+2	1.672786E+0	4.864641E+10	1.643621E+0	1.992396E+9	1.676052E+0	4.865486E+10	1.688219E+0	2.059097E+9	1.645640E+0	3.319498E+11	1.647730E+0	3.344105E+11	1.649468E+0	3.806047E+11	1.650873E+0	3.830569E+11	-2.916499E-2	1.216776E-2	-4.459891E-2	-4.133275E-2	-7.252003E-3	-4.665402E+10	-4.659576E+10	-6.670100E+7	-5.825479E+7	-3.810645E+11
5.410400E+2	1.639276E+0	4.769716E+10	1.633235E+0	1.980151E+9	1.637048E+0	4.755213E+10	1.563789E+0	1.911098E+9	1.612157E+0	3.253759E+11	1.614788E+0	3.279032E+11	1.615290E+0	3.729280E+11	1.617859E+0	3.756003E+11	-6.041265E-3	-7.325962E-2	6.944614E-2	6.721835E-2	1.537568E-2	-4.571701E+10	-4.564103E+10	6.905240E+7	-7.597615E+7	-3.736202E+11
5.412640E+2	1.489209E+0	4.344607E+10	1.440310E+0	1.752679E+9	1.491598E+0	4.343986E+10	1.502763E+0	1.838514E+9	1.475959E+0	2.986354E+11	1.481481E+0	3.015701E+11	1.477928E+0	3.420753E+11	1.482450E+0	3.450162E+11	-4.889857E-2	1.116498E-2	-6.245249E-2	-6.006356E-2	-4.213962E-2	-4.169339E+10	-4.160135E+10	-8.583473E+7	-9.203564E+7	-3.432635E+11
5.415140E+2	1.380791E+0	4.037482E+10	1.369018E+0	1.668620E+9	1.385242E+0	4.043291E+10	1.319732E+0	1.620816E+9	1.363751E+0	2.766050E+11	1.370007E+0	2.795500E+11	1.366456E+0	3.170379E+11	1.371359E+0	3.199248E+11	-1.177356E-2	-6.550977E-2	4.928557E-2	5.373621E-2	-2.341725E-3	-3.870620E+10	-3.881209E+10	4.780426E+7	1.058900E+8	-3.182562E+11
5.417760E+2	1.276006E+0	3.740648E+10	1.261553E+0	1.541912E+9	1.277531E+0	3.738765E+10	1.242462E+0	1.528910E+9	1.269956E+0	2.581897E+11	1.269511E+0	2.596984E+11	1.270909E+0	2.955774E+11	1.270326E+0	2.971049E+11	-1.445296E-2	-3.506924E-2	1.909140E-2	2.061628E-2	-8.772534E-3	-3.586457E+10	-3.585873E+10	1.300185E+7	-5.834935E+6	-2.955630E+11
5.420110E+2	1.097437E+0	3.234799E+10	1.105390E+0	1.357784E+9	1.095692E+0	3.224656E+10	1.095536E+0	1.354155E+9	1.090836E+0	2.230222E+11	1.090058E+0	2.242498E+11	1.091447E+0	2.552688E+11	1.090983E+0	2.565978E+11	7.952671E-3	-1.561311E-4	9.854517E-3	8.108803E-3	1.440665E-2	-3.099021E+10	-3.089241E+10	3.629563E+6	-9.779836E+7	-2.552400E+11
5.422620E+2	9.527724E-1	2.824993E+10	9.647331E-1	1.191940E+9	9.571513E-1	2.832966E+10	9.403285E-1	1.169550E+9	9.572172E-1	1.967882E+11	9.557257E-1	1.977142E+11	9.572089E-1	2.251179E+11	9.553553E-1	2.259641E+11	1.196069E-2	-1.682274E-2	2.440459E-2	2.878343E-2	9.377815E-3	-2.705799E+10	-2.716011E+10	2.238938E+7	1.021206E+8	-2.247722E+11
5.425190E+2	8.880777E-1	2.641726E+10	9.020274E-1	1.118005E+9	8.886051E-1	2.639168E+10	8.828836E-1	1.101225E+9	8.963588E-1	1.848396E+11	8.903666E-1	1.848034E+11	8.953828E-1	2.112313E+11	8.900795E-1	2.112207E+11	1.394978E-2	-5.721503E-3	1.914382E-2	1.967129E-2	1.194790E-2	-2.529926E+10	-2.529046E+10	1.678033E+7	-8.798419E+6	-2.101027E+11
5.427650E+2	9.216352E-1	2.736788E+10	9.455416E-1	1.169312E+9	9.198769E-1	2.727582E+10	9.075775E-1	1.130596E+9	9.243931E-1	1.903437E+11	9.150641E-1	1.896821E+11	9.238246E-1	2.176195E+11	9.158882E-1	2.170499E+11	2.390643E-2	-1.229941E-2	3.796409E-2	3.620583E-2	2.965340E-2	-2.619857E+10	-2.614522E+10	3.871552E+7	-5.334270E+7	-2.158806E+11
5.430120E+2	9.737400E-1	2.884390E+10	1.013735E+0	1.249716E+9	9.767817E-1	2.888466E+10	9.663931E-1	1.200552E+9	9.806763E-1	2.013941E+11	9.753794E-1	2.015965E+11	9.801860E-1	2.302787E+11	9.751738E-1	2.304404E+11	3.999460E-2	-1.038857E-2	4.734148E-2	5.038317E-2	3.856077E-2	-2.759418E+10	-2.768411E+10	4.916421E+7	8.993089E+7	-2.291907E+11
5.433020E+2	1.140892E+0	3.357898E+10	1.141414E+0	1.400259E+9	1.147845E+0	3.372106E+10	1.107753E+0	1.368686E+9	1.147628E+0	2.341725E+11	1.142199E+0	2.345495E+11	1.147655E+0	2.678936E+11	1.142035E+0	2.681285E+11	5.215752E-4	-4.009182E-2	3.366100E-2	4.061340E-2	-6.211071E-4	-3.217872E+10	-3.235238E+10	3.157282E+7	1.736597E+8	-2.667282E+11
5.435270E+2	1.332981E+0	3.902046E+10	1.280694E+0	1.564480E+9	1.329864E+0	3.886722E+10	1.319248E+0	1.620240E+9	1.323918E+0	2.687844E+11	1.321411E+0	2.699504E+11	1.324666E+0	3.076516E+11	1.322862E+0	3.089709E+11	-5.228775E-2	-1.061562E-2	-3.855474E-2	-4.167214E-2	-4.216819E-2	-3.745598E+10	-3.724698E+10	-5.576074E+7	-2.089986E+8	-3.074064E+11
5.437640E+2	1.394372E+0	4.075952E+10	1.401124E+0	1.706476E+9	1.407518E+0	4.106270E+10	1.369363E+0	1.679847E+9	1.388353E+0	2.814352E+11	1.392753E+0	2.840431E+11	1.390765E+0	3.224979E+11	1.392956E+0	3.248026E+11	6.752938E-3	-3.815435E-2	3.176127E-2	4.490729E-2	8.168651E-3	-3.905304E+10	-3.938285E+10	2.662886E+7	3.298047E+8	-3.230962E+11
5.440120E+2	1.478351E+0	4.313849E+10	1.425421E+0	1.735123E+9	1.463742E+0	4.265231E+10	1.447937E+0	1.773304E+9	1.452870E+0	2.941021E+11	1.454380E+0	2.962167E+11	1.454238E+0	3.367544E+11	1.457386E+0	3.393552E+11	-5.293040E-2	-1.580504E-2	-2.251644E-2	-3.712536E-2	-3.196547E-2	-4.140337E+10	-4.087901E+10	-3.818059E+7	-5.243549E+8	-3.376201E+11
5.442750E+2	1.528703E+0	4.456486E+10	1.534036E+0	1.863188E+9	1.519773E+0	4.423644E+10	1.523958E+0	1.863724E+9	1.502181E+0	3.037837E+11	1.508297E+0	3.068673E+11	1.504395E+0	3.480201E+11	1.510856E+0	3.514322E+11	5.332520E-3	4.185692E-3	1.007748E-2	1.146829E-3	2.317960E-2	-4.270167E+10	-4.237272E+10	-5.358015E+5	-3.289555E+8	-3.495690E+11
5.445130E+2	1.501981E+0	4.380788E+10	1.529264E+0	1.857562E+9	1.501766E+0	4.372734E+10	1.492855E+0	1.826730E+9	1.486491E+0	3.007031E+11	1.490129E+0	3.032786E+11	1.488413E+0	3.444305E+11	1.491616E+0	3.470864E+11	2.728258E-2	-8.910370E-3	3.640836E-2	3.619295E-2	3.764790E-2	-4.195032E+10	-4.190061E+10	3.083167E+7	-4.970739E+7	-3.452289E+11
5.447830E+2	1.443918E+0	4.216306E+10	1.412918E+0	1.720381E+9	1.451321E+0	4.230114E+10	1.414675E+0	1.733742E+9	1.420824E+0	2.878105E+11	1.425549E+0	2.905215E+11	1.424663E+0	3.301116E+11	1.427852E+0	3.326845E+11	-3.100004E-2	-3.664587E-2	-1.757913E-3	5.645831E-3	-1.493478E-2	-4.044268E+10	-4.056740E+10	-1.336101E+7	1.247251E+8	-3.309641E+11
5.450260E+2	1.383816E+0	4.046051E+10	1.370288E+0	1.670118E+9	1.385060E+0	4.042776E+10	1.347179E+0	1.653461E+9	1.370826E+0	2.779942E+11	1.373457E+0	2.802315E+11	1.372618E+0	3.184219E+11	1.374756E+0	3.206920E+11	-1.352805E-2	-3.788069E-2	2.310913E-2	2.435264E-2	-4.467926E-3	-3.879039E+10	-3.877430E+10	1.665667E+7	-1.609885E+7	-3.190219E+11
5.452740E+2	1.328764E+0	3.890098E+10	1.333518E+0	1.626763E+9	1.340033E+0	3.915473E+10	1.340119E+0	1.645064E+9	1.323189E+0	2.686413E+11	1.325970E+0	2.708510E+11	1.325309E+0	3.077960E+11	1.326320E+0	3.097520E+11	4.754294E-3	8.553829E-5	-6.600803E-3	4.668756E-3	7.197556E-3	-3.727422E+10	-3.750967E+10	-1.830049E+7	2.354519E+8	-3.081253E+11
5.455130E+2	1.229300E+0	3.608338E+10	1.258799E+0	1.538664E+9	1.242055E+0	3.638465E+10	1.261464E+0	1.551511E+9	1.226178E+0	2.495946E+11	1.231090E+0	2.521088E+11	1.228176E+0	2.859792E+11	1.230866E+0	2.881922E+11	2.949916E-2	1.940840E-2	-2.664788E-3	1.009075E-2	2.793344E-2	-3.454472E+10	-3.483314E+10	-1.284666E+7	2.884200E+8	-2.866535E+11
5.457940E+2	1.181998E+0	3.474340E+10	1.177573E+0	1.442893E+9	1.171554E+0	3.439139E+10	1.176945E+0	1.450983E+9	1.171497E+0	2.388588E+11	1.172557E+0	2.405463E+11	1.171504E+0	2.732502E+11	1.173741E+0	2.752897E+11	-4.424486E-3	5.390678E-3	6.284611E-4	-9.815165E-3	3.832399E-3	-3.330051E+10	-3.294040E+10	-8.090073E+6	-3.601080E+8	-2.738468E+11
5.460000E+2	1.161752E+0	3.416988E+10	1.149728E+0	1.410061E+9	1.159340E+0	3.404607E+10	1.191098E+0	1.467818E+9	1.155984E+0	2.358132E+11	1.155511E+0	2.371791E+11	1.156407E+0	2.698592E+11	1.156294E+0	2.713490E+11	-1.202416E-2	3.175805E-2	-4.137065E-2	-4.378221E-2	-6.565930E-3	-3.275982E+10	-3.257826E+10	-5.775632E+7	-1.815667E+8	-2.699389E+11
5.467600E+2	1.195209E+0	3.511765E+10	1.242719E+0	1.519705E+9	1.186382E+0	3.481060E+10	1.162411E+0	1.433696E+9	1.184257E+0	2.413641E+11	1.177606E+0	2.415436E+11	1.184524E+0	2.761747E+11	1.179813E+0	2.766613E+11	4.751017E-2	-2.397087E-2	8.030842E-2	7.148104E-2	6.290568E-2	-3.359795E+10	-3.337690E+10	8.600851E+7	-2.210446E+8	-2.751416E+11
5.475230E+2	1.286132E+0	3.769333E+10	1.290139E+0	1.575617E+9	1.296850E+0	3.793384E+10	1.296637E+0	1.593346E+9	1.276649E+0	2.595039E+11	1.277504E+0	2.612773E+11	1.279192E+0	2.974377E+11	1.278586E+0	2.989706E+11	4.007128E-3	-2.131233E-4	-6.497417E-3	4.220251E-3	1.155327E-2	-3.611771E+10	-3.634049E+10	-1.772915E+7	2.227779E+8	-2.973950E+11
5.482660E+2	1.383619E+0	4.045493E+10	1.407115E+0	1.713540E+9	1.375734E+0	4.016409E+10	1.376157E+0	1.687928E+9	1.365896E+0	2.770262E+11	1.370261E+0	2.796001E+11	1.367134E+0	3.171902E+11	1.371936E+0	3.200550E+11	2.349617E-2	4.231266E-4	3.095833E-2	2.307304E-2	3.517928E-2	-3.874139E+10	-3.847616E+10	2.561191E+7	-2.652276E+8	-3.183415E+11
5.490100E+2	1.364000E+0	3.989916E+10	1.431684E+0	1.742509E+9	1.366373E+0	3.989943E+10	1.326445E+0	1.628800E+9	1.359775E+0	2.758245E+11	1.359088E+0	2.773931E+11	1.360606E+0	3.157239E+11	1.359704E+0	3.172922E+11	6.768437E-2	-3.992810E-2	1.052395E-1	1.076125E-1	7.198039E-2	-3.815665E+10	-3.827063E+10	1.137085E+8	1.139833E+8	-3.155497E+11
5.497630E+2	1.312364E+0	3.843641E+10	1.322168E+0	1.613381E+9	1.323709E+0	3.869321E+10	1.336000E+0	1.640165E+9	1.310193E+0	2.660896E+11	1.311776E+0	2.680472E+11	1.311894E+0	3.047829E+11	1.311850E+0	3.064836E+11	9.804341E-3	1.229062E-2	-1.383153E-2	-2.486274E-3	1.031853E-2	-3.682303E+10	-3.705305E+10	-2.678346E+7	2.300162E+8	-3.048702E+11
5.505000E+2	1.288417E+0	3.775806E+10	1.304240E+0	1.592243E+9	1.279337E+0	3.743869E+10	1.286323E+0	1.581079E+9	1.280855E+0	2.603296E+11	1.277631E+0	2.613024E+11	1.280664E+0	2.977683E+11	1.278984E+0	2.990605E+11	1.582274E-2	6.986071E-3	1.791725E-2	8.836674E-3	2.525589E-2	-3.616582E+10	-3.585761E+10	1.116409E+7	-3.082033E+8	-2.974682E+11
5.512510E+2	1.306865E+0	3.828063E+10	1.280436E+0	1.564176E+9	1.308769E+0	3.827080E+10	1.323238E+0	1.624985E+9	1.298516E+0	2.637971E+11	1.303047E+0	2.663229E+11	1.299806E+0	3.020679E+11	1.303526E+0	3.046035E+11	-2.642826E-2	1.446911E-2	-4.280125E-2	-4.089737E-2	-2.308927E-2	-3.671646E+10	-3.664582E+10	-6.080891E+7	-7.063763E+7	-3.030394E+11
5.520100E+2	1.262388E+0	3.702069E+10	1.221633E+0	1.494843E+9	1.257372E+0	3.681768E+10	1.243257E+0	1.529855E+9	1.248460E+0	2.539694E+11	1.250836E+0	2.560094E+11	1.249582E+0	2.907870E+11	1.252285E+0	2.930301E+11	-4.075482E-2	-1.411503E-2	-2.162385E-2	-2.663980E-2	-3.065213E-2	-3.552585E+10	-3.528782E+10	-3.501254E+7	-2.380226E+8	-2.915352E+11
5.527700E+2	1.212130E+0	3.559699E+10	1.217174E+0	1.489586E+9	1.220654E+0	3.577957E+10	1.177048E+0	1.451106E+9	1.212586E+0	2.469260E+11	1.209831E+0	2.479094E+11	1.213601E+0	2.827056E+11	1.210120E+0	2.835064E+11	5.044716E-3	-4.360624E-2	4.012689E-2	4.865096E-2	7.054759E-3	-3.410740E+10	-3.432846E+10	3.848033E+7	2.210619E+8	-2.820168E+11
5.535100E+2	1.164564E+0	3.424954E+10	1.188178E+0	1.455397E+9	1.171873E+0	3.440040E+10	1.131942E+0	1.397457E+9	1.155615E+0	2.357406E+11	1.160791E+0	2.382222E+11	1.157661E+0	2.701410E+11	1.161264E+0	2.724717E+11	2.361412E-2	-3.993019E-2	5.623543E-2	6.354431E-2	2.691344E-2	-3.279414E+10	-3.300294E+10	5.793966E+7	2.087960E+8	-2.710163E+11
5.542580E+2	1.087749E+0	3.207353E+10	1.096671E+0	1.347504E+9	1.094794E+0	3.222118E+10	1.067452E+0	1.320752E+9	1.081883E+0	2.212645E+11	1.085669E+0	2.233828E+11	1.083508E+0	2.534857E+11	1.085930E+0	2.554563E+11	8.922736E-3	-2.734175E-2	2.921916E-2	3.626449E-2	1.074144E-2	-3.072602E+10	-3.090043E+10	2.675213E+7	1.744060E+8	-2.541088E+11
5.550190E+2	1.016339E+0	3.005064E+10	9.912456E-1	1.223200E+9	1.013223E+0	2.991495E+10	1.031111E+0	1.277527E+9	1.010223E+0	2.071951E+11	1.010320E+0	2.084987E+11	1.010601E+0	2.371101E+11	1.011075E+0	2.385493E+11	-2.509328E-2	1.788805E-2	-3.986518E-2	-4.298134E-2	-1.982960E-2	-2.882744E+10	-2.863742E+10	-5.432761E+7	-1.900156E+8	-2.373261E+11
5.557660E+2	9.705787E-1	2.875435E+10	9.255328E-1	1.145720E+9	9.669749E-1	2.860740E+10	9.682128E-1	1.202716E+9	9.633577E-1	1.979938E+11	9.640632E-1	1.993612E+11	9.638130E-1	2.266012E+11	9.648804E-1	2.281155E+11	-4.504595E-2	1.237898E-3	-4.268004E-2	-4.628385E-2	-3.934759E-2	-2.760863E+10	-2.740469E+10	-5.699641E+7	-2.039403E+8	-2.269698E+11
5.560080E+2	9.648967E-1	2.859339E+10	9.470305E-1	1.171067E+9	9.620810E-1	2.846904E+10	9.852841E-1	1.223021E+9	9.610045E-1	1.975318E+11	9.607126E-1	1.986993E+11	9.611400E-1	2.260008E+11	9.612374E-1	2.272927E+11	-1.786617E-2	2.320315E-2	-3.825359E-2	-4.106933E-2	-1.420689E-2	-2.742232E+10	-2.724602E+10	-5.195375E+7	-1.763027E+8	-2.261216E+11
5.565090E+2	9.501216E-1	2.817484E+10	9.239659E-1	1.143872E+9	9.537499E-1	2.823350E+10	9.370387E-1	1.165637E+9	9.517680E-1	1.957184E+11	9.550566E-1	1.975820E+11	9.520175E-1	2.239518E+11	9.544377E-1	2.257569E+11	-2.615569E-2	-1.671115E-2	-1.307277E-2	-9.444540E-3	-3.047173E-2	-2.703097E+10	-2.706786E+10	-2.176510E+7	3.689111E+7	-2.246130E+11
5.570500E+2	9.873630E-1	2.922981E+10	1.029486E+0	1.268288E+9	9.795681E-1	2.896345E+10	9.691068E-1	1.203779E+9	9.807813E-1	2.014147E+11	9.802802E-1	2.025646E+11	9.806286E-1	2.303781E+11	9.811686E-1	2.317944E+11	4.212280E-2	-1.046129E-2	6.037902E-2	5.258409E-2	4.831728E-2	-2.796152E+10	-2.775967E+10	6.450835E+7	-2.018581E+8	-2.305262E+11
5.575530E+2	9.878904E-1	2.924475E+10	9.884343E-1	1.219885E+9	9.837057E-1	2.908042E+10	9.735869E-1	1.209108E+9	9.878442E-1	2.028014E+11	9.831234E-1	2.031263E+11	9.873233E-1	2.318818E+11	9.837212E-1	2.323710E+11	5.438785E-4	-1.011871E-2	1.484731E-2	1.066259E-2	4.713023E-3	-2.802486E+10	-2.787132E+10	1.077690E+7	-1.535485E+8	-2.311511E+11
5.580110E+2	9.867094E-1	2.921130E+10	9.847425E-1	1.215532E+9	9.941783E-1	2.937651E+10	9.666966E-1	1.200913E+9	9.941502E-1	2.040395E+11	9.950535E-1	2.054829E+11	9.941538E-1	2.334160E+11	9.940070E-1	2.346942E+11	-1.966909E-3	-2.748164E-2	1.804590E-2	2.551473E-2	-9.264476E-3	-2.799576E+10	-2.817560E+10	1.461949E+7	1.798358E+8	-2.334787E+11
5.585100E+2	1.010641E+0	2.988923E+10	9.936049E-1	1.225982E+9	1.008899E+0	2.979270E+10	1.034102E+0	1.281085E+9	1.011501E+0	2.074461E+11	1.010921E+0	2.086173E+11	1.011174E+0	2.372388E+11	1.010886E+0	2.385066E+11	-1.703619E-2	2.520346E-2	-4.049736E-2	-4.223965E-2	-1.728105E-2	-2.866325E+10	-2.851162E+10	-5.510392E+7	-1.516339E+8	-2.372806E+11
5.590100E+2	1.020601E+0	3.017139E+10	1.015848E+0	1.252208E+9	1.021346E+0	3.014463E+10	1.024567E+0	1.269744E+9	1.019430E+0	2.090029E+11	1.020257E+0	2.104616E+11	1.019672E+0	2.391475E+11	1.020301E+0	2.406330E+11	-4.753436E-3	3.220940E-3	-8.719244E-3	-7.974377E-3	-4.452585E-3	-2.891918E+10	-2.887488E+10	-1.753669E+7	-4.429925E+7	-2.393808E+11
5.595170E+2	1.004539E+0	2.971638E+10	9.843130E-1	1.215026E+9	1.006038E+0	2.971181E+10	1.013168E+0	1.256186E+9	9.998843E-1	2.051653E+11	1.000704E+0	2.065990E+11	1.000659E+0	2.348771E+11	1.001185E+0	2.363154E+11	-2.022639E-2	7.130014E-3	-2.885487E-2	-2.735640E-2	-1.687179E-2	-2.850136E+10	-2.845563E+10	-4.116021E+7	-4.572793E+7	-2.351004E+11
5.599900E+2	9.989858E-1	2.955906E+10	1.012532E+0	1.248298E+9	1.002333E+0	2.960708E+10	9.748323E-1	1.210589E+9	9.956763E-1	2.043391E+11	1.000406E+0	2.065403E+11	9.965143E-1	2.339462E+11	1.000228E+0	2.360993E+11	1.354619E-2	-2.750101E-2	3.769970E-2	4.104721E-2	1.230386E-2	-2.831076E+10	-2.839649E+10	3.770863E+7	8.572513E+7	-2.348510E+11
5.605090E+2	9.931871E-1	2.939479E+10	9.903407E-1	1.222133E+9	9.964730E-1	2.944139E+10	9.991089E-1	1.239464E+9	9.992622E-1	2.050431E+11	9.992105E-1	2.063041E+11	9.989111E-1	2.344845E+11	9.984551E-1	2.356989E+11	-2.846350E-3	2.635838E-3	-8.768154E-3	-5.482189E-3	-8.114359E-3	-2.817266E+10	-2.820193E+10	-1.733121E+7	2.926611E+7	-2.344767E+11
5.610530E+2	1.010082E+0	2.987340E+10	1.000699E+0	1.234346E+9	1.007459E+0	2.975198E+10	1.044831E+0	1.293846E+9	1.011470E+0	2.074399E+11	1.010044E+0	2.084440E+11	1.010965E+0	2.371919E+11	1.010049E+0	2.383174E+11	-9.383601E-3	3.737240E-2	-4.413229E-2	-4.675600E-2	-9.349914E-3	-2.863905E+10	-2.845813E+10	-5.950065E+7	-1.809199E+8	-2.370831E+11
