Photon Energy (eV)	X ref norm	X ref	X pump norm	X pump	Y ref norm	Y ref	Y pump norm	Y pump	X all norm	X all	Y all norm	Y all	X all Y ref norm	X all Y ref	Y all X ref norm	Y all X ref	BC(X hist) norm	BC(Y hist) norm	StS norm	BCSC norm	BCLR norm	BC(X hist)	BC(Y hist)	StS	BCSC	BCLR	
5.300320E+2	-5.218250E-3	1.112037E+9	2.618976E-3	5.371589E+7	-6.458667E-3	1.085888E+9	-1.059544E-2	4.012513E+7	-5.653432E-3	7.743030E+9	-6.140733E-3	7.710272E+9	-5.754792E-3	8.828918E+9	-6.025035E-3	8.822309E+9	7.837227E-3	-4.136776E-3	1.321442E-2	1.197400E-2	8.644012E-3	-1.058321E+9	-1.045762E+9	1.359075E+7	-1.255900E+7	-8.768593E+9
5.305080E+2	-2.997976E-3	1.174933E+9	-6.963167E-3	4.285107E+7	-3.854182E-3	1.159523E+9	-6.553414E-3	4.471421E+7	-4.199793E-3	8.028430E+9	-3.663956E-3	8.199526E+9	-4.156289E-3	9.187953E+9	-3.580429E-3	9.374459E+9	-3.965191E-3	-2.699232E-3	-4.097534E-4	-1.265959E-3	-3.382738E-3	-1.132082E+9	-1.114809E+9	-1.863140E+6	-1.727306E+7	-9.331608E+9
5.310350E+2	-2.319508E-3	1.194153E+9	4.866609E-4	5.129814E+7	-1.947689E-3	1.213425E+9	-2.033354E-4	5.192371E+7	-2.309400E-3	8.399581E+9	-3.079100E-3	8.315057E+9	-2.263869E-3	9.613005E+9	-2.983832E-3	9.509209E+9	2.806169E-3	1.744354E-3	6.899963E-4	1.061815E-3	3.470493E-3	-1.142855E+9	-1.161501E+9	-6.255701E+5	1.864644E+7	-9.457911E+9
5.315180E+2	-7.336699E-4	1.239076E+9	2.203368E-3	5.324464E+7	1.353771E-3	1.306766E+9	-1.246830E-3	5.073899E+7	2.386260E-4	8.899847E+9	7.110996E-4	9.063760E+9	3.789955E-4	1.020661E+10	5.298967E-4	1.030284E+10	2.937037E-3	-2.600601E-3	3.450198E-3	5.537639E-3	1.673471E-3	-1.185832E+9	-1.256027E+9	2.505658E+6	7.019506E+7	-1.024959E+10
5.320120E+2	3.046560E-3	1.346162E+9	-8.508317E-4	4.978161E+7	2.652602E-3	1.343487E+9	1.345068E-2	6.742565E+7	3.441161E-3	9.528617E+9	3.776659E-3	9.669321E+9	3.341901E-3	1.087210E+10	3.685090E-3	1.101548E+10	-3.897392E-3	1.079807E-2	-1.430151E-2	-1.469547E-2	-4.535922E-3	-1.296381E+9	-1.276061E+9	-1.764405E+7	-2.031936E+7	-1.096570E+10
5.325120E+2	8.222845E-3	1.492796E+9	2.504994E-3	5.358665E+7	8.254165E-3	1.501858E+9	5.148345E-3	5.799968E+7	8.482838E-3	1.051847E+10	8.396031E-3	1.058182E+10	8.454054E-3	1.202033E+10	8.374310E-3	1.207461E+10	-5.717851E-3	-3.105819E-3	-2.643351E-3	-2.612032E-3	-5.869316E-3	-1.439209E+9	-1.443858E+9	-4.413038E+6	4.649020E+6	-1.202103E+10
5.330180E+2	1.696949E-2	1.740570E+9	2.170082E-2	7.535204E+7	1.568791E-2	1.712029E+9	2.545171E-2	8.105091E+7	1.747398E-2	1.228375E+10	1.695557E-2	1.227264E+10	1.724916E-2	1.399578E+10	1.695732E-2	1.401321E+10	4.731328E-3	9.763801E-3	-3.750898E-3	-5.032472E-3	4.743500E-3	-1.665218E+9	-1.630978E+9	-5.698874E+6	-3.423958E+7	-1.393786E+10
5.331630E+2	2.049825E-2	1.840532E+9	3.279573E-2	8.793212E+7	2.137901E-2	1.872932E+9	2.926773E-2	8.538339E+7	2.222669E-2	1.321687E+10	2.198338E-2	1.326582E+10	2.211999E-2	1.508981E+10	2.179711E-2	1.510635E+10	1.229749E-2	7.888724E-3	3.527998E-3	4.408762E-3	1.099862E-2	-1.752600E+9	-1.787548E+9	2.548736E+6	3.494779E+7	-1.501842E+10
5.333080E+2	2.834756E-2	2.062887E+9	1.839068E-2	7.159880E+7	2.755252E-2	2.047473E+9	2.884622E-2	8.490483E+7	2.941298E-2	1.462779E+10	2.737977E-2	1.433180E+10	2.917879E-2	1.667527E+10	2.750115E-2	1.639469E+10	-9.956878E-3	1.293700E-3	-1.045554E-2	-1.125058E-2	-9.110466E-3	-1.991288E+9	-1.962568E+9	-1.330603E+7	-2.872039E+7	-1.632309E+10
5.334580E+2	3.809156E-2	2.338915E+9	5.339935E-2	1.112938E+8	3.826337E-2	2.350296E+9	3.237133E-2	8.890703E+7	3.834678E-2	1.638181E+10	3.728411E-2	1.628827E+10	3.833628E-2	1.873211E+10	3.738538E-2	1.862719E+10	1.530779E-2	-5.892034E-3	2.102802E-2	2.119983E-2	1.601397E-2	-2.227621E+9	-2.261389E+9	2.238673E+7	3.376855E+7	-1.851589E+10
5.336080E+2	5.052877E-2	2.691235E+9	4.944135E-2	1.068059E+8	4.847161E-2	2.638910E+9	4.197694E-2	9.981266E+7	4.969800E-2	1.861045E+10	4.746704E-2	1.829978E+10	4.954363E-2	2.124936E+10	4.785104E-2	2.099101E+10	-1.087419E-3	-6.494664E-3	7.464404E-3	5.407244E-3	1.590306E-3	-2.584429E+9	-2.539098E+9	6.993272E+6	-4.533154E+7	-2.088420E+10
5.337580E+2	5.635155E-2	2.856182E+9	5.477806E-2	1.128570E+8	6.001753E-2	2.965344E+9	5.290154E-2	1.122158E+8	6.170049E-2	2.096696E+10	6.127683E-2	2.102772E+10	6.148865E-2	2.393231E+10	6.065910E-2	2.388390E+10	-1.573482E-3	-7.115986E-3	1.876525E-3	5.542504E-3	-5.881036E-3	-2.743325E+9	-2.853128E+9	6.412354E+5	1.098025E+8	-2.377104E+10
5.339340E+2	8.756432E-2	3.740376E+9	8.919913E-2	1.518857E+8	8.785369E-2	3.752345E+9	9.011002E-2	1.544601E+8	9.269658E-2	2.705258E+10	8.949497E-2	2.660184E+10	9.208698E-2	3.080492E+10	8.925283E-2	3.034221E+10	1.634807E-3	2.256331E-3	-9.108867E-4	-6.215241E-4	-5.369891E-5	-3.588490E+9	-3.597885E+9	-2.574339E+6	9.394600E+6	-3.019033E+10
5.340640E+2	1.274165E-1	4.869306E+9	1.346304E-1	2.033985E+8	1.280001E-1	4.887390E+9	1.606011E-1	2.344915E+8	1.360312E-1	3.556068E+10	1.289041E-1	3.438658E+10	1.350203E-1	4.044807E+10	1.287175E-1	3.925589E+10	7.213902E-3	3.260101E-2	-2.597073E-2	-2.538710E-2	5.912911E-3	-4.665907E+9	-4.652898E+9	-3.109298E+7	-1.300895E+7	-3.905249E+10
5.342090E+2	2.164137E-1	7.390411E+9	2.358907E-1	3.182135E+8	2.124428E-1	7.274805E+9	2.194100E-1	3.012595E+8	2.251095E-1	5.304987E+10	2.128833E-1	5.097556E+10	2.235151E-1	6.032468E+10	2.133261E-1	5.836597E+10	1.947703E-2	6.967241E-3	1.648068E-2	1.250979E-2	2.256463E-2	-7.072198E+9	-6.973545E+9	1.695401E+7	-9.865261E+7	-5.804776E+10
5.343600E+2	3.666445E-1	1.164614E+10	4.004329E-1	5.047815E+8	3.646394E-1	1.157780E+10	3.877283E-1	4.923580E+8	3.880084E-1	8.503262E+10	3.708951E-1	8.218870E+10	3.850668E-1	9.661042E+10	3.703620E-1	9.383483E+10	3.378846E-2	2.308889E-2	1.270466E-2	1.069957E-2	3.007094E-2	-1.114136E+10	-1.108544E+10	1.242355E+7	-5.591449E+7	-9.333005E+10
5.345050E+2	6.483908E-1	1.962743E+10	6.704435E-1	8.109359E+8	6.454300E-1	1.951649E+10	6.383039E-1	7.768465E+8	6.760001E-1	1.415755E+11	6.487968E-1	1.370845E+11	6.721521E-1	1.610920E+11	6.487459E-1	1.567119E+11	2.205270E-2	-7.126047E-3	3.213956E-2	2.917874E-2	2.169762E-2	-1.881649E+10	-1.873964E+10	3.408938E+7	-7.685425E+7	-1.559010E+11
5.346620E+2	9.810085E-1	2.904980E+10	1.045800E+0	1.236538E+9	9.888385E-1	2.922554E+10	1.001019E+0	1.188651E+9	1.002522E+0	2.056831E+11	9.774788E-1	2.020112E+11	1.000799E+0	2.349086E+11	9.779215E-1	2.310610E+11	6.479149E-2	1.218037E-2	4.478104E-2	5.261112E-2	6.787850E-2	-2.781326E+10	-2.803689E+10	4.788654E+7	2.236314E+8	-2.298245E+11
5.348120E+2	1.382329E+0	4.041837E+10	1.416762E+0	1.657157E+9	1.385934E+0	4.045248E+10	1.393913E+0	1.634720E+9	1.386863E+0	2.811427E+11	1.372320E+0	2.800068E+11	1.386746E+0	3.215952E+11	1.373575E+0	3.204252E+11	3.443330E-2	7.979091E-3	2.284876E-2	2.645420E-2	4.318707E-2	-3.876122E+10	-3.881776E+10	2.243722E+7	5.654209E+7	-3.187680E+11
5.349630E+2	1.693119E+0	4.922241E+10	1.654855E+0	1.927121E+9	1.697577E+0	4.926344E+10	1.672429E+0	1.950930E+9	1.675492E+0	3.378106E+11	1.670919E+0	3.389912E+11	1.678272E+0	3.870741E+11	1.673703E+0	3.882136E+11	-3.826388E-2	-2.514860E-2	-1.757392E-2	-1.311528E-2	-1.884854E-2	-4.729529E+10	-4.731251E+10	-2.380845E+7	1.722745E+7	-3.862864E+11
5.351350E+2	1.939534E+0	5.620285E+10	1.916579E+0	2.223880E+9	1.945198E+0	5.626434E+10	1.877107E+0	2.183310E+9	1.901323E+0	3.821493E+11	1.905450E+0	3.853197E+11	1.906846E+0	4.384136E+11	1.909725E+0	4.415225E+11	-2.295550E-2	-6.809076E-2	3.947127E-2	4.513526E-2	6.853677E-3	-5.397897E+10	-5.408103E+10	4.057009E+7	1.020543E+8	-4.392987E+11
5.352650E+2	1.932453E+0	5.600226E+10	1.882298E+0	2.185010E+9	1.941682E+0	5.616493E+10	1.883320E+0	2.190363E+9	1.888124E+0	3.795579E+11	1.897666E+0	3.837821E+11	1.894866E+0	4.357228E+11	1.902029E+0	4.397844E+11	-5.015568E-2	-5.836205E-2	-1.022503E-3	8.206366E-3	-1.973172E-2	-5.381725E+10	-5.397457E+10	-5.353399E+6	1.573110E+8	-4.375993E+11
5.354060E+2	1.789657E+0	5.195715E+10	1.757837E+0	2.043889E+9	1.781089E+0	5.162455E+10	1.766606E+0	2.057853E+9	1.741714E+0	3.508124E+11	1.754277E+0	3.554575E+11	1.746671E+0	4.024370E+11	1.758715E+0	4.074146E+11	-3.182017E-2	-1.448303E-2	-8.769134E-3	-1.733715E-2	-8.773467E-4	-4.991326E+10	-4.956670E+10	-1.396436E+7	-3.465658E+8	-4.053707E+11
5.355680E+2	1.596870E+0	4.649587E+10	1.541235E+0	1.798292E+9	1.593476E+0	4.632023E+10	1.579641E+0	1.845584E+9	1.557312E+0	3.146078E+11	1.572383E+0	3.195266E+11	1.561864E+0	3.609280E+11	1.575454E+0	3.660225E+11	-5.563454E-2	-1.383558E-2	-3.840562E-2	-4.179896E-2	-3.421875E-2	-4.469758E+10	-4.447465E+10	-4.729145E+7	-2.229276E+8	-3.642242E+11
5.357090E+2	1.367170E+0	3.998896E+10	1.374177E+0	1.608871E+9	1.355835E+0	3.960150E+10	1.329677E+0	1.561790E+9	1.340542E+0	2.720484E+11	1.346941E+0	2.749936E+11	1.342467E+0	3.116499E+11	1.349478E+0	3.149825E+11	7.006421E-3	-2.615816E-2	4.449976E-2	3.316458E-2	2.469866E-2	-3.838009E+10	-3.803971E+10	4.708146E+7	-3.403857E+8	-3.133736E+11
5.358600E+2	1.175533E+0	3.456027E+10	1.161299E+0	1.367498E+9	1.190801E+0	3.493556E+10	1.148454E+0	1.356040E+9	1.165906E+0	2.377612E+11	1.176849E+0	2.413941E+11	1.169040E+0	2.726967E+11	1.176684E+0	2.759544E+11	-1.423355E-2	-4.234722E-2	1.284495E-2	2.811367E-2	-1.538450E-2	-3.319277E+10	-3.357952E+10	1.145737E+7	3.867522E+8	-2.745869E+11
5.360070E+2	9.678589E-1	2.867730E+10	9.962282E-1	1.180330E+9	9.726415E-1	2.876761E+10	9.556471E-1	1.137139E+9	9.674206E-1	1.987915E+11	9.714370E-1	2.008178E+11	9.680777E-1	2.275591E+11	9.709883E-1	2.294951E+11	2.836931E-2	-1.699444E-2	4.058117E-2	4.536375E-2	2.523995E-2	-2.749697E+10	-2.763047E+10	4.319158E+7	1.335032E+8	-2.283148E+11
5.362630E+2	7.456187E-1	2.238170E+10	7.340403E-1	8.830458E+8	7.413297E-1	2.222782E+10	7.603647E-1	9.154270E+8	7.449795E-1	1.551185E+11	7.476638E-1	1.566144E+11	7.445201E-1	1.773464E+11	7.474073E-1	1.789961E+11	-1.157841E-2	1.903500E-2	-2.632440E-2	-3.061341E-2	-1.336702E-2	-2.149865E+10	-2.131240E+10	-3.238116E+7	-1.862542E+8	-1.781130E+11
5.365140E+2	5.702562E-1	1.741404E+10	5.677678E-1	6.945159E+8	5.667286E-1	1.729139E+10	5.663889E-1	6.951985E+8	5.719001E-1	1.211370E+11	5.736145E-1	1.222332E+11	5.712491E-1	1.384284E+11	5.731933E-1	1.396473E+11	-2.488457E-3	-3.397383E-4	1.378843E-3	-2.148719E-3	-5.425516E-3	-1.671952E+10	-1.659619E+10	-6.826128E+5	-1.233276E+8	-1.389527E+11
5.367760E+2	4.781494E-1	1.480484E+10	5.105244E-1	6.296099E+8	4.797947E-1	1.483354E+10	4.967315E-1	6.161137E+8	4.838410E-1	1.038479E+11	4.849157E-1	1.047119E+11	4.833316E-1	1.186815E+11	4.840671E-1	1.195168E+11	3.237505E-2	1.693678E-2	1.379292E-2	1.543826E-2	2.645735E-2	-1.417523E+10	-1.421743E+10	1.349625E+7	4.219767E+7	-1.188872E+11
5.370070E+2	4.486152E-1	1.396820E+10	4.665112E-1	5.797050E+8	4.479551E-1	1.393335E+10	4.454178E-1	5.578552E+8	4.470117E-1	9.661703E+10	4.458242E-1	9.698995E+10	4.471304E-1	1.105504E+11	4.461743E-1	1.109581E+11	1.789601E-2	-2.537255E-3	2.109338E-2	2.043326E-2	2.033693E-2	-1.338849E+10	-1.337550E+10	2.184987E+7	-1.299659E+7	-1.103784E+11
5.372640E+2	4.430785E-1	1.381136E+10	4.756886E-1	5.901110E+8	4.442022E-1	1.382725E+10	4.125377E-1	5.205251E+8	4.520444E-1	9.760513E+10	4.483017E-1	9.747934E+10	4.510573E-1	1.114324E+11	4.476466E-1	1.112907E+11	3.261006E-2	-3.166450E-2	6.315093E-2	6.427457E-2	2.804200E-2	-1.322125E+10	-1.330672E+10	6.958590E+7	8.547719E+7	-1.107006E+11
5.375060E+2	4.907210E-1	1.516097E+10	5.060832E-1	6.245742E+8	5.003238E-1	1.541396E+10	5.265263E-1	6.499409E+8	4.985538E-1	1.067366E+11	4.946101E-1	1.066269E+11	4.987766E-1	1.221505E+11	4.941223E-1	1.217879E+11	1.536214E-2	2.620245E-2	-2.044313E-2	-1.084031E-2	1.196083E-2	-1.453640E+10	-1.476401E+10	-2.536673E+7	2.276178E+8	-1.211633E+11
5.377690E+2	5.853542E-1	1.784173E+10	6.031928E-1	7.346830E+8	5.786550E-1	1.762858E+10	5.880647E-1	7.198079E+8	5.874292E-1	1.241859E+11	5.829169E-1	1.240708E+11	5.863248E-1	1.418145E+11	5.832226E-1	1.419125E+11	1.783862E-2	9.409688E-3	1.512814E-2	8.428934E-3	1.997028E-2	-1.710705E+10	-1.690877E+10	1.487512E+7	-1.982758E+8	-1.411778E+11
5.380110E+2	6.763449E-1	2.041931E+10	6.738318E-1	8.147777E+8	6.752494E-1	2.035956E+10	6.913062E-1	8.370221E+8	6.909470E-1	1.445101E+11	6.839487E-1	1.440283E+11	6.889711E-1	1.648696E+11	6.829950E-1	1.644476E+11	-2.513179E-3	1.605678E-2	-1.747446E-2	-1.856996E-2	-9.163273E-3	-1.960453E+10	-1.952254E+10	-2.224441E+7	-8.199685E+7	-1.636328E+11
5.382640E+2	8.264617E-1	2.467181E+10	8.398621E-1	1.003033E+9	8.268127E-1	2.464465E+10	8.414487E-1	1.007485E+9	8.332236E-1	1.724439E+11	8.314205E-1	1.731594E+11	8.324166E-1	1.970886E+11	8.307986E-1	1.978312E+11	1.340046E-2	1.463604E-2	-1.586580E-3	-1.235581E-3	9.063533E-3	-2.366878E+10	-2.363716E+10	-4.451855E+6	-3.161150E+7	-1.968282E+11
5.385110E+2	1.047392E+0	3.093029E+10	1.102431E+0	1.300750E+9	1.052801E+0	3.103392E+10	1.116010E+0	1.319205E+9	1.050586E+0	2.151199E+11	1.043486E+0	2.150501E+11	1.050865E+0	2.461538E+11	1.043976E+0	2.459804E+11	5.503985E-2	6.320898E-2	-1.357828E-2	-8.169135E-3	5.845533E-2	-2.962954E+10	-2.971472E+10	-1.845490E+7	8.517195E+7	-2.446797E+11
5.387700E+2	1.239431E+0	3.637037E+10	1.272667E+0	1.493773E+9	1.250746E+0	3.663037E+10	1.239739E+0	1.459679E+9	1.239126E+0	2.521369E+11	1.234614E+0	2.528050E+11	1.240589E+0	2.887672E+11	1.235218E+0	2.891753E+11	3.323614E-2	-1.100771E-2	3.292825E-2	4.424386E-2	3.744853E-2	-3.487660E+10	-3.517069E+10	3.409401E+7	2.940897E+8	-2.876816E+11
5.390240E+2	1.457792E+0	4.255608E+10	1.488968E+0	1.739029E+9	1.461383E+0	4.258562E+10	1.492540E+0	1.746694E+9	1.449642E+0	2.934685E+11	1.448739E+0	2.951025E+11	1.451120E+0	3.360542E+11	1.449874E+0	3.376585E+11	3.117685E-2	3.115623E-2	-3.571189E-3	2.062364E-5	3.909405E-2	-4.081705E+10	-4.083893E+10	-7.665214E+6	2.188018E+7	-3.359195E+11
5.392930E+2	1.714465E+0	4.982710E+10	1.639333E+0	1.909521E+9	1.704761E+0	4.946656E+10	1.704159E+0	1.986955E+9	1.686699E+0	3.400110E+11	1.685165E+0	3.418052E+11	1.688973E+0	3.894776E+11	1.688839E+0	3.916323E+11	-7.513234E-2	-6.019858E-4	-6.482685E-2	-7.453035E-2	-4.950691E-2	-4.791758E+10	-4.747960E+10	-7.743363E+7	-4.379791E+8	-3.897228E+11
5.395050E+2	1.827354E+0	5.302503E+10	1.796745E+0	2.088005E+9	1.840626E+0	5.330782E+10	1.889454E+0	2.197328E+9	1.799580E+0	3.621735E+11	1.800507E+0	3.645896E+11	1.804747E+0	4.154813E+11	1.803874E+0	4.176146E+11	-3.060972E-2	4.882800E-2	-9.270986E-2	-7.943772E-2	-7.129824E-3	-5.093702E+10	-5.111049E+10	-1.093232E+8	1.734687E+8	-4.155266E+11
5.397700E+2	1.883586E+0	5.461795E+10	1.825932E+0	2.121098E+9	1.875875E+0	5.430440E+10	1.883936E+0	2.191062E+9	1.848466E+0	3.717715E+11	1.852210E+0	3.748029E+11	1.851916E+0	4.260759E+11	1.856146E+0	4.294208E+11	-5.765419E-2	8.060214E-3	-5.800411E-2	-6.571440E-2	-3.021401E-2	-5.249685E+10	-5.211334E+10	-6.996352E+7	-3.835105E+8	-4.272997E+11
5.400350E+2	1.901970E+0	5.513873E+10	1.808624E+0	2.101475E+9	1.892305E+0	5.476890E+10	1.867284E+0	2.172156E+9	1.854336E+0	3.729241E+11	1.865000E+0	3.773292E+11	1.859115E+0	4.276930E+11	1.869636E+0	4.324679E+11	-9.334525E-2	-2.502097E-2	-5.865928E-2	-6.832428E-2	-6.101188E-2	-5.303725E+10	-5.259674E+10	-7.068175E+7	-4.405106E+8	-4.303664E+11
5.402630E+2	1.855618E+0	5.382569E+10	1.812420E+0	2.105778E+9	1.876366E+0	5.431826E+10	1.825015E+0	2.124167E+9	1.829378E+0	3.680239E+11	1.832297E+0	3.708693E+11	1.835293E+0	4.223422E+11	1.835222E+0	4.246950E+11	-4.319874E-2	-5.135077E-2	-1.259539E-2	8.152024E-3	-2.280242E-2	-5.171991E+10	-5.219410E+10	-1.838920E+7	4.741847E+8	-4.225892E+11
5.405240E+2	1.712181E+0	4.976240E+10	1.675992E+0	1.951087E+9	1.723112E+0	4.998537E+10	1.780265E+0	2.073361E+9	1.683129E+0	3.393101E+11	1.686525E+0	3.420739E+11	1.688162E+0	3.892954E+11	1.689743E+0	3.918363E+11	-3.618919E-2	5.715327E-2	-1.042735E-1	-9.334246E-2	-1.375106E-2	-4.781131E+10	-4.791201E+10	-1.222732E+8	1.007004E+8	-3.898852E+11
5.407580E+2	1.672786E+0	4.864641E+10	1.648609E+0	1.920040E+9	1.676052E+0	4.865486E+10	1.631858E+0	1.904868E+9	1.645640E+0	3.319498E+11	1.647730E+0	3.344105E+11	1.649468E+0	3.806047E+11	1.650873E+0	3.830569E+11	-2.417626E-2	-4.419339E-2	1.675098E-2	2.001714E-2	-2.263269E-3	-4.672637E+10	-4.674999E+10	1.517121E+7	2.361742E+7	-3.811369E+11
5.410400E+2	1.639276E+0	4.769716E+10	1.603162E+0	1.868508E+9	1.637048E+0	4.755213E+10	1.633996E+0	1.907296E+9	1.612157E+0	3.253759E+11	1.614788E+0	3.279032E+11	1.615290E+0	3.729280E+11	1.617859E+0	3.756003E+11	-3.611428E-2	-3.052136E-3	-3.083435E-2	-3.306214E-2	-1.469733E-2	-4.582865E+10	-4.564483E+10	-3.878709E+7	-1.838156E+8	-3.737318E+11
5.412640E+2	1.489209E+0	4.344607E+10	1.497215E+0	1.748380E+9	1.491598E+0	4.343986E+10	1.528529E+0	1.787555E+9	1.475959E+0	2.986354E+11	1.481481E+0	3.015701E+11	1.477928E+0	3.420753E+11	1.482450E+0	3.450162E+11	8.006062E-3	3.693122E-2	-3.131409E-2	-2.892516E-2	1.476502E-2	-4.169769E+10	-4.165231E+10	-3.917504E+7	-4.537595E+7	-3.432678E+11
5.415140E+2	1.380791E+0	4.037482E+10	1.367541E+0	1.601348E+9	1.385242E+0	4.043291E+10	1.373287E+0	1.611302E+9	1.363751E+0	2.766050E+11	1.370007E+0	2.795500E+11	1.366456E+0	3.170379E+11	1.371359E+0	3.199248E+11	-1.325004E-2	-1.195516E-2	-5.745517E-3	-1.294882E-3	-3.818206E-3	-3.877347E+10	-3.882160E+10	-9.954202E+6	4.813151E+7	-3.183234E+11
5.417760E+2	1.276006E+0	3.740648E+10	1.242403E+0	1.459458E+9	1.277531E+0	3.738765E+10	1.257274E+0	1.479588E+9	1.269956E+0	2.581897E+11	1.269511E+0	2.596984E+11	1.270909E+0	2.955774E+11	1.270326E+0	2.971049E+11	-3.360378E-2	-2.025704E-2	-1.487164E-2	-1.334675E-2	-2.792336E-2	-3.594702E+10	-3.590806E+10	-2.013034E+7	-3.896713E+7	-2.956454E+11
5.420110E+2	1.097437E+0	3.234799E+10	1.060909E+0	1.253670E+9	1.095692E+0	3.224656E+10	1.088927E+0	1.288457E+9	1.090836E+0	2.230222E+11	1.090058E+0	2.242498E+11	1.091447E+0	2.552688E+11	1.090983E+0	2.565978E+11	-3.652827E-2	-6.764925E-3	-2.801763E-2	-2.976334E-2	-3.007429E-2	-3.109432E+10	-3.095811E+10	-3.478705E+7	-1.362150E+8	-2.553441E+11
5.422620E+2	9.527724E-1	2.824993E+10	9.892665E-1	1.172437E+9	9.571513E-1	2.832966E+10	9.346595E-1	1.113311E+9	9.572172E-1	1.967882E+11	9.557257E-1	1.977142E+11	9.572089E-1	2.251179E+11	9.553553E-1	2.259641E+11	3.649411E-2	-2.249172E-2	5.460699E-2	5.898583E-2	3.391123E-2	-2.707749E+10	-2.721635E+10	5.912595E+7	1.388572E+8	-2.247917E+11
5.425190E+2	8.880777E-1	2.641726E+10	8.593186E-1	1.025094E+9	8.886051E-1	2.639168E+10	9.034754E-1	1.077906E+9	8.963588E-1	1.848396E+11	8.903666E-1	1.848034E+11	8.953828E-1	2.112313E+11	8.900795E-1	2.112207E+11	-2.875904E-2	1.487030E-2	-4.415681E-2	-4.362935E-2	-3.076092E-2	-2.539217E+10	-2.531378E+10	-5.281232E+7	-7.839106E+7	-2.101956E+11
5.427650E+2	9.216352E-1	2.736788E+10	9.040592E-1	1.075824E+9	9.198769E-1	2.727582E+10	9.540858E-1	1.135366E+9	9.243931E-1	1.903437E+11	9.150641E-1	1.896821E+11	9.238246E-1	2.176195E+11	9.158882E-1	2.170499E+11	-1.757604E-2	3.420887E-2	-5.002665E-2	-5.178491E-2	-1.182906E-2	-2.629205E+10	-2.614045E+10	-5.954276E+7	-1.516010E+8	-2.159741E+11
5.430120E+2	9.737400E-1	2.884390E+10	9.628926E-1	1.142532E+9	9.767817E-1	2.888466E+10	1.002529E+0	1.190366E+9	9.806763E-1	2.013941E+11	9.753794E-1	2.015965E+11	9.801860E-1	2.302787E+11	9.751738E-1	2.304404E+11	-1.084736E-2	2.574760E-2	-3.963665E-2	-3.659496E-2	-1.228119E-2	-2.770137E+10	-2.769430E+10	-4.783360E+7	-7.066926E+6	-2.292979E+11
5.433020E+2	1.140892E+0	3.357898E+10	1.187261E+0	1.396935E+9	1.147845E+0	3.372106E+10	1.206637E+0	1.422098E+9	1.147628E+0	2.341725E+11	1.142199E+0	2.345495E+11	1.147655E+0	2.678936E+11	1.142035E+0	2.681285E+11	4.636889E-2	5.879260E-2	-1.937611E-2	-1.242371E-2	4.522621E-2	-3.218204E+10	-3.229897E+10	-2.516289E+7	1.169240E+8	-2.667315E+11
5.435270E+2	1.332981E+0	3.902046E+10	1.346397E+0	1.577373E+9	1.329864E+0	3.886722E+10	1.376077E+0	1.614470E+9	1.323918E+0	2.687844E+11	1.321411E+0	2.699504E+11	1.324666E+0	3.076516E+11	1.322862E+0	3.089709E+11	1.341529E-2	4.621321E-2	-2.968051E-2	-3.279791E-2	2.353486E-2	-3.744309E+10	-3.725275E+10	-3.709728E+7	-1.903351E+8	-3.073935E+11
5.437640E+2	1.394372E+0	4.075952E+10	1.401890E+0	1.640294E+9	1.407518E+0	4.106270E+10	1.383735E+0	1.623164E+9	1.388353E+0	2.814352E+11	1.392753E+0	2.840431E+11	1.390765E+0	3.224979E+11	1.392956E+0	3.248026E+11	7.518327E-3	-2.378271E-2	1.815502E-2	3.130104E-2	8.934041E-3	-3.911923E+10	-3.943953E+10	1.713022E+7	3.203061E+8	-3.231623E+11
5.440120E+2	1.478351E+0	4.313849E+10	1.468260E+0	1.715549E+9	1.463742E+0	4.265231E+10	1.461738E+0	1.711724E+9	1.452870E+0	2.941021E+11	1.454380E+0	2.962167E+11	1.454238E+0	3.367544E+11	1.457386E+0	3.393552E+11	-1.009109E-2	-2.004456E-3	6.522291E-3	-8.086633E-3	1.087385E-2	-4.142294E+10	-4.094059E+10	3.824948E+6	-4.823493E+8	-3.376396E+11
5.442750E+2	1.528703E+0	4.456486E+10	1.535139E+0	1.791380E+9	1.519773E+0	4.423644E+10	1.495165E+0	1.749675E+9	1.502181E+0	3.037837E+11	1.508297E+0	3.068673E+11	1.504395E+0	3.480201E+11	1.510856E+0	3.514322E+11	6.435904E-3	-2.460778E-2	3.997433E-2	3.104368E-2	2.428298E-2	-4.277348E+10	-4.248676E+10	4.170546E+7	-2.867143E+8	-3.496408E+11
5.445130E+2	1.501981E+0	4.380788E+10	1.447274E+0	1.691753E+9	1.501766E+0	4.372734E+10	1.479112E+0	1.731450E+9	1.486491E+0	3.007031E+11	1.490129E+0	3.032786E+11	1.488413E+0	3.444305E+11	1.491616E+0	3.470864E+11	-5.470757E-2	-2.265365E-2	-3.183851E-2	-3.205392E-2	-4.434225E-2	-4.211612E+10	-4.199589E+10	-3.969655E+7	-1.202356E+8	-3.453947E+11
5.447830E+2	1.443918E+0	4.216306E+10	1.423613E+0	1.664925E+9	1.451321E+0	4.230114E+10	1.437505E+0	1.684211E+9	1.420824E+0	2.878105E+11	1.425549E+0	2.905215E+11	1.424663E+0	3.301116E+11	1.427852E+0	3.326845E+11	-2.030510E-2	-1.381634E-2	-1.389250E-2	-6.488759E-3	-4.239836E-3	-4.049813E+10	-4.061693E+10	-1.928674E+7	1.187993E+8	-3.310196E+11
5.450260E+2	1.383816E+0	4.046051E+10	1.393066E+0	1.630289E+9	1.385060E+0	4.042776E+10	1.354170E+0	1.589598E+9	1.370826E+0	2.779942E+11	1.373457E+0	2.802315E+11	1.372618E+0	3.184219E+11	1.374756E+0	3.206920E+11	9.249462E-3	-3.088996E-2	3.889591E-2	4.013942E-2	1.830958E-2	-3.883022E+10	-3.883816E+10	4.069124E+7	7.935725E+6	-3.190617E+11
5.452740E+2	1.328764E+0	3.890098E+10	1.363189E+0	1.596413E+9	1.340033E+0	3.915473E+10	1.301920E+0	1.530277E+9	1.323189E+0	2.686413E+11	1.325970E+0	2.708510E+11	1.325309E+0	3.077960E+11	1.326320E+0	3.097520E+11	3.442589E-2	-3.811280E-2	6.126914E-2	7.253870E-2	3.686916E-2	-3.730457E+10	-3.762446E+10	6.613665E+7	3.198891E+8	-3.081556E+11
5.455130E+2	1.229300E+0	3.608338E+10	1.204585E+0	1.416578E+9	1.242055E+0	3.638465E+10	1.233012E+0	1.452042E+9	1.226178E+0	2.495946E+11	1.231090E+0	2.521088E+11	1.228176E+0	2.859792E+11	1.230866E+0	2.881922E+11	-2.471458E-2	-9.043482E-3	-2.842664E-2	-1.567110E-2	-2.628029E-2	-3.466680E+10	-3.493261E+10	-3.546394E+7	2.658027E+8	-2.867756E+11
5.457940E+2	1.181998E+0	3.474340E+10	1.169398E+0	1.376681E+9	1.171554E+0	3.439139E+10	1.160341E+0	1.369536E+9	1.171497E+0	2.388588E+11	1.172557E+0	2.405463E+11	1.171504E+0	2.732502E+11	1.173741E+0	2.752897E+11	-1.259937E-2	-1.121265E-2	9.056900E-3	-1.386725E-3	-4.342485E-3	-3.336672E+10	-3.302185E+10	7.144666E+6	-3.448733E+8	-2.739130E+11
5.460000E+2	1.161752E+0	3.416988E+10	1.170190E+0	1.377578E+9	1.159340E+0	3.404607E+10	1.154713E+0	1.363146E+9	1.155984E+0	2.358132E+11	1.155511E+0	2.371791E+11	1.156407E+0	2.698592E+11	1.156294E+0	2.713490E+11	8.437787E-3	-4.627146E-3	1.547648E-2	1.306493E-2	1.389602E-2	-3.279231E+10	-3.268293E+10	1.443191E+7	-1.093784E+8	-2.699714E+11
5.467600E+2	1.195209E+0	3.511765E+10	1.177343E+0	1.385689E+9	1.186382E+0	3.481060E+10	1.163530E+0	1.373157E+9	1.184257E+0	2.413641E+11	1.177606E+0	2.415436E+11	1.184524E+0	2.761747E+11	1.179813E+0	2.766613E+11	-1.786625E-2	-2.285133E-2	1.381245E-2	4.985079E-3	-2.470743E-3	-3.373197E+10	-3.343744E+10	1.253208E+7	-2.945210E+8	-2.752756E+11
5.475230E+2	1.286132E+0	3.769333E+10	1.304042E+0	1.529348E+9	1.296850E+0	3.793384E+10	1.237631E+0	1.457287E+9	1.276649E+0	2.595039E+11	1.277504E+0	2.612773E+11	1.279192E+0	2.974377E+11	1.278586E+0	2.989706E+11	1.790960E-2	-5.921868E-2	6.641062E-2	7.712828E-2	2.545574E-2	-3.616398E+10	-3.647655E+10	7.206146E+7	3.125685E+8	-2.974412E+11
5.482660E+2	1.383619E+0	4.045493E+10	1.407611E+0	1.646781E+9	1.375734E+0	4.016409E+10	1.414577E+0	1.658180E+9	1.365896E+0	2.770262E+11	1.370261E+0	2.796001E+11	1.367134E+0	3.171902E+11	1.371936E+0	3.200550E+11	2.399161E-2	3.884294E-2	-6.966041E-3	-1.485133E-2	3.567472E-2	-3.880815E+10	-3.850591E+10	-1.139918E+7	-3.022387E+8	-3.184083E+11
5.490100E+2	1.364000E+0	3.989916E+10	1.364163E+0	1.597517E+9	1.366373E+0	3.989943E+10	1.377784E+0	1.616407E+9	1.359775E+0	2.758245E+11	1.359088E+0	2.773931E+11	1.360606E+0	3.157239E+11	1.359704E+0	3.172922E+11	1.624956E-4	1.141067E-2	-1.362119E-2	-1.124817E-2	4.458523E-3	-3.830164E+10	-3.828303E+10	-1.889077E+7	-1.861599E+7	-3.156947E+11
5.497630E+2	1.312364E+0	3.843641E+10	1.322130E+0	1.549858E+9	1.323709E+0	3.869321E+10	1.261329E+0	1.484191E+9	1.310193E+0	2.660896E+11	1.311776E+0	2.680472E+11	1.311894E+0	3.047829E+11	1.311850E+0	3.064836E+11	9.766636E-3	-6.238038E-2	6.080176E-2	7.214702E-2	1.028083E-2	-3.688655E+10	-3.720902E+10	6.566676E+7	3.224664E+8	-3.049338E+11
5.505000E+2	1.288417E+0	3.775806E+10	1.278236E+0	1.500088E+9	1.279337E+0	3.743869E+10	1.320790E+0	1.551700E+9	1.280855E+0	2.603296E+11	1.277631E+0	2.613024E+11	1.280664E+0	2.977683E+11	1.278984E+0	2.990605E+11	-1.018129E-2	4.145312E-2	-4.255383E-2	-5.163440E-2	-7.481359E-4	-3.625797E+10	-3.588699E+10	-5.161205E+7	-3.709794E+8	-2.975604E+11
5.512510E+2	1.306865E+0	3.828063E+10	1.284631E+0	1.507339E+9	1.308769E+0	3.827080E+10	1.301998E+0	1.530364E+9	1.298516E+0	2.637971E+11	1.303047E+0	2.663229E+11	1.299806E+0	3.020679E+11	1.303526E+0	3.046035E+11	-2.223385E-2	-6.771057E-3	-1.736667E-2	-1.546280E-2	-1.889486E-2	-3.677329E+10	-3.674044E+10	-2.302552E+7	-3.285424E+7	-3.030962E+11
5.520100E+2	1.262388E+0	3.702069E+10	1.247873E+0	1.465660E+9	1.257372E+0	3.681768E+10	1.277636E+0	1.502706E+9	1.248460E+0	2.539694E+11	1.250836E+0	2.560094E+11	1.249582E+0	2.907870E+11	1.252285E+0	2.930301E+11	-1.451487E-2	2.026446E-2	-2.976338E-2	-3.477933E-2	-4.412184E-3	-3.555503E+10	-3.531497E+10	-3.704563E+7	-2.400557E+8	-2.915644E+11
5.527700E+2	1.212130E+0	3.559699E+10	1.238766E+0	1.455334E+9	1.220654E+0	3.577957E+10	1.215680E+0	1.432364E+9	1.212586E+0	2.469260E+11	1.209831E+0	2.479094E+11	1.213601E+0	2.827056E+11	1.210120E+0	2.835064E+11	2.663615E-2	-4.974272E-3	2.308635E-2	3.161042E-2	2.864619E-2	-3.414165E+10	-3.434721E+10	2.297026E+7	2.055519E+8	-2.820511E+11
5.535100E+2	1.164564E+0	3.424954E+10	1.208772E+0	1.421326E+9	1.171873E+0	3.440040E+10	1.183720E+0	1.396079E+9	1.155615E+0	2.357406E+11	1.160791E+0	2.382222E+11	1.157661E+0	2.701410E+11	1.161264E+0	2.724717E+11	4.420868E-2	1.184703E-2	2.505276E-2	3.236165E-2	4.750799E-2	-3.282822E+10	-3.300432E+10	2.524717E+7	1.761035E+8	-2.710504E+11
5.542580E+2	1.087749E+0	3.207353E+10	1.110780E+0	1.310216E+9	1.094794E+0	3.222118E+10	1.075985E+0	1.273764E+9	1.081883E+0	2.212645E+11	1.085669E+0	2.233828E+11	1.083508E+0	2.534857E+11	1.085930E+0	2.554563E+11	2.303100E-2	-1.880876E-2	3.479443E-2	4.183976E-2	2.484971E-2	-3.076331E+10	-3.094742E+10	3.645222E+7	1.841061E+8	-2.541461E+11
5.550190E+2	1.016339E+0	3.005064E+10	1.048877E+0	1.240027E+9	1.013223E+0	2.991495E+10	9.752708E-1	1.159418E+9	1.010223E+0	2.071951E+11	1.010320E+0	2.084987E+11	1.010601E+0	2.371101E+11	1.011075E+0	2.385493E+11	3.253862E-2	-3.795188E-2	7.360666E-2	7.049050E-2	3.780230E-2	-2.881061E+10	-2.875553E+10	8.060886E+7	-5.507916E+7	-2.373093E+11
5.557660E+2	9.705787E-1	2.875435E+10	9.787676E-1	1.160532E+9	9.669749E-1	2.860740E+10	1.001497E+0	1.189194E+9	9.633577E-1	1.979938E+11	9.640632E-1	1.993612E+11	9.638130E-1	2.266012E+11	9.648804E-1	2.281155E+11	8.188833E-3	3.452209E-2	-2.272946E-2	-2.633326E-2	1.388719E-2	-2.759381E+10	-2.741821E+10	-2.866168E+7	-1.756055E+8	-2.269550E+11
5.560080E+2	9.648967E-1	2.859339E+10	9.421171E-1	1.118976E+9	9.620810E-1	2.846904E+10	9.443075E-1	1.124265E+9	9.610045E-1	1.975318E+11	9.607126E-1	1.986993E+11	9.611400E-1	2.260008E+11	9.612374E-1	2.272927E+11	-2.277959E-2	-1.777345E-2	-2.190401E-3	-5.006141E-3	-1.912031E-2	-2.747441E+10	-2.734477E+10	-5.288653E+6	-1.296376E+8	-2.261737E+11
5.565090E+2	9.501216E-1	2.817484E+10	9.611219E-1	1.140525E+9	9.537499E-1	2.823350E+10	9.575929E-1	1.139348E+9	9.517680E-1	1.957184E+11	9.550566E-1	1.975820E+11	9.520175E-1	2.239518E+11	9.544377E-1	2.257569E+11	1.100028E-2	3.843019E-3	3.529032E-3	7.157264E-3	6.684247E-3	-2.703431E+10	-2.709415E+10	1.176737E+6	5.983294E+7	-2.246164E+11
5.570500E+2	9.873630E-1	2.922981E+10	9.921464E-1	1.175702E+9	9.795681E-1	2.896345E+10	1.009398E+0	1.198164E+9	9.807813E-1	2.014147E+11	9.802802E-1	2.025646E+11	9.806286E-1	2.303781E+11	9.811686E-1	2.317944E+11	4.783401E-3	2.982943E-2	-1.725110E-2	-2.504603E-2	1.097788E-2	-2.805411E+10	-2.776528E+10	-2.246166E+7	-2.888281E+8	-2.306187E+11
5.575530E+2	9.878904E-1	2.924475E+10	1.014217E+0	1.200728E+9	9.837057E-1	2.908042E+10	9.669533E-1	1.149975E+9	9.878442E-1	2.028014E+11	9.831234E-1	2.031263E+11	9.873233E-1	2.318818E+11	9.837212E-1	2.323710E+11	2.632706E-2	-1.675237E-2	4.726415E-2	4.307944E-2	3.049621E-2	-2.804402E+10	-2.793045E+10	5.075242E+7	-1.135730E+8	-2.311703E+11
5.580110E+2	9.867094E-1	2.921130E+10	1.001893E+0	1.186753E+9	9.941783E-1	2.937651E+10	9.845647E-1	1.169970E+9	9.941502E-1	2.040395E+11	9.950535E-1	2.054829E+11	9.941538E-1	2.334160E+11	9.940070E-1	2.346942E+11	1.518320E-2	-9.613618E-3	1.732798E-2	2.479682E-2	7.885631E-3	-2.802454E+10	-2.820654E+10	1.678293E+7	1.819992E+8	-2.335074E+11
5.585100E+2	1.010641E+0	2.988923E+10	1.003108E+0	1.188131E+9	1.008899E+0	2.979270E+10	1.019181E+0	1.209271E+9	1.011501E+0	2.074461E+11	1.010921E+0	2.086173E+11	1.011174E+0	2.372388E+11	1.010886E+0	2.385066E+11	-7.533296E-3	1.028215E-2	-1.607316E-2	-1.781545E-2	-7.778150E-3	-2.870110E+10	-2.858343E+10	-2.114052E+7	-1.176705E+8	-2.373184E+11
5.590100E+2	1.020601E+0	3.017139E+10	9.846516E-1	1.167204E+9	1.021346E+0	3.014463E+10	1.015809E+0	1.205443E+9	1.019430E+0	2.090029E+11	1.020257E+0	2.104616E+11	1.019672E+0	2.391475E+11	1.020301E+0	2.406330E+11	-3.594984E-2	-5.537399E-3	-3.115731E-2	-3.041244E-2	-3.564899E-2	-2.900418E+10	-2.893918E+10	-3.823885E+7	-6.500142E+7	-2.394658E+11
5.595170E+2	1.004539E+0	2.971638E+10	9.938945E-1	1.177684E+9	1.006038E+0	2.971181E+10	9.977854E-1	1.184980E+9	9.998843E-1	2.051653E+11	1.000704E+0	2.065990E+11	1.000659E+0	2.348771E+11	1.001185E+0	2.363154E+11	-1.064488E-2	-8.252455E-3	-3.890895E-3	-2.392422E-3	-7.290277E-3	-2.853870E+10	-2.852683E+10	-7.295879E+6	-1.186360E+7	-2.351377E+11
5.599900E+2	9.989858E-1	2.955906E+10	9.864595E-1	1.169254E+9	1.002333E+0	2.960708E+10	9.898871E-1	1.176013E+9	9.956763E-1	2.043391E+11	1.000406E+0	2.065403E+11	9.965143E-1	2.339462E+11	1.000228E+0	2.360993E+11	-1.252637E-2	-1.244621E-2	-3.427669E-3	-8.016289E-5	-1.376870E-2	-2.838981E+10	-2.843106E+10	-6.758963E+6	4.125753E+7	-2.349301E+11
5.605090E+2	9.931871E-1	2.939479E+10	1.024065E+0	1.211893E+9	9.964730E-1	2.944139E+10	9.947494E-1	1.181533E+9	9.992622E-1	2.050431E+11	9.992105E-1	2.063041E+11	9.989111E-1	2.344845E+11	9.984551E-1	2.356989E+11	3.087748E-2	-1.723575E-3	2.931509E-2	3.260106E-2	2.560947E-2	-2.818290E+10	-2.825986E+10	3.035957E+7	7.695690E+7	-2.344870E+11
5.610530E+2	1.010082E+0	2.987340E+10	9.995655E-1	1.184114E+9	1.007459E+0	2.975198E+10	1.021673E+0	1.212100E+9	1.011470E+0	2.074399E+11	1.010044E+0	2.084440E+11	1.010965E+0	2.371919E+11	1.010049E+0	2.383174E+11	-1.051676E-2	1.421405E-2	-2.210710E-2	-2.473081E-2	-1.048307E-2	-2.868929E+10	-2.853988E+10	-2.798585E+7	-1.494051E+8	-2.371333E+11
