Photon Energy (eV)	X ref norm	X ref	X pump norm	X pump	Y ref norm	Y ref	Y pump norm	Y pump	X all norm	X all	Y all norm	Y all	X all Y ref norm	X all Y ref	Y all X ref norm	Y all X ref	BC(X hist) norm	BC(Y hist) norm	StS norm	BCSC norm	BCLR norm	BC(X hist)	BC(Y hist)	StS	BCSC	BCLR	
5.300320E+2	-5.218250E-3	1.112037E+9	-4.213010E-3	4.411183E+7	-6.458667E-3	1.085888E+9	-9.142646E-3	4.937889E+7	-5.653432E-3	7.743030E+9	-6.140733E-3	7.710272E+9	-5.754792E-3	8.828918E+9	-6.025035E-3	8.822309E+9	1.005240E-3	-2.683979E-3	4.929636E-3	3.689220E-3	1.812025E-3	-1.067925E+9	-1.036509E+9	-5.267053E+6	-3.141681E+7	-8.778197E+9
5.305080E+2	-2.997976E-3	1.174933E+9	-6.495126E-3	4.148687E+7	-3.854182E-3	1.159523E+9	-8.430487E-3	5.018574E+7	-4.199793E-3	8.028430E+9	-3.663956E-3	8.199526E+9	-4.156289E-3	9.187953E+9	-3.580429E-3	9.374459E+9	-3.497150E-3	-4.576305E-3	1.935361E-3	1.079155E-3	-2.914697E-3	-1.133446E+9	-1.109337E+9	-8.698870E+6	-2.410879E+7	-9.332972E+9
5.310350E+2	-2.319508E-3	1.194153E+9	-4.455550E-3	4.383286E+7	-1.947689E-3	1.213425E+9	-3.324083E-3	5.597113E+7	-2.309400E-3	8.399581E+9	-3.079100E-3	8.315057E+9	-2.263869E-3	9.613005E+9	-2.983832E-3	9.509209E+9	-2.136042E-3	-1.376393E-3	-1.131468E-3	-7.596490E-4	-1.471718E-3	-1.150320E+9	-1.157454E+9	-1.213827E+7	7.133731E+6	-9.465376E+9
5.315180E+2	-7.336699E-4	1.239076E+9	8.044684E-4	4.988310E+7	1.353771E-3	1.306766E+9	-4.532728E-3	5.460178E+7	2.386260E-4	8.899847E+9	7.110996E-4	9.063760E+9	3.789955E-4	1.020661E+10	5.298967E-4	1.030284E+10	1.538138E-3	-5.886499E-3	5.337196E-3	7.424637E-3	2.745717E-4	-1.189193E+9	-1.252164E+9	-4.718673E+6	6.297073E+7	-1.025295E+10
5.320120E+2	3.046560E-3	1.346162E+9	-1.361771E-3	4.739142E+7	2.652602E-3	1.343487E+9	8.822777E-3	6.973313E+7	3.441161E-3	9.528617E+9	3.776659E-3	9.669321E+9	3.341901E-3	1.087210E+10	3.685090E-3	1.101548E+10	-4.408330E-3	6.170174E-3	-1.018455E-2	-1.057850E-2	-5.046860E-3	-1.298771E+9	-1.273754E+9	-2.234171E+7	-2.501702E+7	-1.096809E+10
5.325120E+2	8.222845E-3	1.492796E+9	1.572099E-2	6.704057E+7	8.254165E-3	1.501858E+9	1.660717E-2	7.855259E+7	8.482838E-3	1.051847E+10	8.396031E-3	1.058182E+10	8.454054E-3	1.202033E+10	8.374310E-3	1.207461E+10	7.498144E-3	8.353002E-3	-8.861776E-4	-8.548583E-4	7.346679E-3	-1.425755E+9	-1.423305E+9	-1.151202E+7	-2.449962E+6	-1.200757E+10
5.330180E+2	1.696949E-2	1.740570E+9	2.370065E-2	7.621904E+7	1.568791E-2	1.712029E+9	1.394684E-2	7.553853E+7	1.747398E-2	1.228375E+10	1.695557E-2	1.227264E+10	1.724916E-2	1.399578E+10	1.695732E-2	1.401321E+10	6.731162E-3	-1.741075E-3	9.753812E-3	8.472237E-3	6.743334E-3	-1.664351E+9	-1.636491E+9	6.805130E+5	-2.786019E+7	-1.393699E+10
5.331630E+2	2.049825E-2	1.840532E+9	2.587243E-2	7.871710E+7	2.137901E-2	1.872932E+9	1.735650E-2	7.940157E+7	2.222669E-2	1.321687E+10	2.198338E-2	1.326582E+10	2.211999E-2	1.508981E+10	2.179711E-2	1.510635E+10	5.374188E-3	-4.022506E-3	8.515931E-3	9.396694E-3	4.075320E-3	-1.761815E+9	-1.793530E+9	-6.844697E+5	3.171459E+7	-1.502763E+10
5.333080E+2	2.834756E-2	2.062887E+9	3.202604E-2	8.579517E+7	2.755252E-2	2.047473E+9	1.518677E-2	7.694333E+7	2.941298E-2	1.462779E+10	2.737977E-2	1.433180E+10	2.917879E-2	1.667527E+10	2.750115E-2	1.639469E+10	3.678479E-3	-1.236575E-2	1.683927E-2	1.604423E-2	4.524892E-3	-1.977092E+9	-1.970530E+9	8.851846E+6	-6.562515E+6	-1.630889E+10
5.334580E+2	3.809156E-2	2.338915E+9	3.822733E-2	9.292810E+7	3.826337E-2	2.350296E+9	2.200476E-2	8.466789E+7	3.834678E-2	1.638181E+10	3.728411E-2	1.628827E+10	3.833628E-2	1.873211E+10	3.738538E-2	1.862719E+10	1.357699E-4	-1.625860E-2	1.622257E-2	1.639437E-2	8.419487E-4	-2.245987E+9	-2.265629E+9	8.260210E+6	1.964202E+7	-1.853426E+10
5.336080E+2	5.052877E-2	2.691235E+9	5.436841E-2	1.114941E+8	4.847161E-2	2.638910E+9	4.206024E-2	1.073901E+8	4.969800E-2	1.861045E+10	4.746704E-2	1.829978E+10	4.954363E-2	2.124936E+10	4.785104E-2	2.099101E+10	3.839641E-3	-6.411372E-3	1.230817E-2	1.025101E-2	6.517366E-3	-2.579741E+9	-2.531520E+9	4.104001E+6	-4.822081E+7	-2.087952E+10
5.337580E+2	5.635155E-2	2.856182E+9	7.630731E-2	1.367289E+8	6.001753E-2	2.965344E+9	6.429874E-2	1.325856E+8	6.170049E-2	2.096696E+10	6.127683E-2	2.102772E+10	6.148865E-2	2.393231E+10	6.065910E-2	2.388390E+10	1.995576E-2	4.281209E-3	1.200857E-2	1.567455E-2	1.564821E-2	-2.719453E+9	-2.832758E+9	4.143341E+6	1.133046E+8	-2.374717E+10
5.339340E+2	8.756432E-2	3.740376E+9	1.037488E-1	1.682930E+8	8.785369E-2	3.752345E+9	7.686589E-2	1.468238E+8	9.269658E-2	2.705258E+10	8.949497E-2	2.660184E+10	9.208698E-2	3.080492E+10	8.925283E-2	3.034221E+10	1.618445E-2	-1.098780E-2	2.688288E-2	2.717225E-2	1.449594E-2	-3.572083E+9	-3.605521E+9	2.146923E+7	3.343817E+7	-3.017392E+10
5.340640E+2	1.274165E-1	4.869306E+9	1.521833E-1	2.240039E+8	1.280001E-1	4.887390E+9	1.480679E-1	2.274934E+8	1.360312E-1	3.556068E+10	1.289041E-1	3.438658E+10	1.350203E-1	4.044807E+10	1.287175E-1	3.925589E+10	2.476675E-2	2.006779E-2	4.115335E-3	4.698956E-3	2.346576E-2	-4.645302E+9	-4.659896E+9	-3.489443E+6	1.459458E+7	-3.903188E+10
5.342090E+2	2.164137E-1	7.390411E+9	2.184136E-1	3.001843E+8	2.124428E-1	7.274805E+9	2.239897E-1	3.135103E+8	2.251095E-1	5.304987E+10	2.128833E-1	5.097556E+10	2.235151E-1	6.032468E+10	2.133261E-1	5.836597E+10	1.999967E-3	1.154691E-2	-5.576053E-3	-9.546940E-3	5.087563E-3	-7.090227E+9	-6.961294E+9	-1.332600E+7	-1.289326E+8	-5.806579E+10
5.343600E+2	3.666445E-1	1.164614E+10	4.142907E-1	5.254884E+8	3.646394E-1	1.157780E+10	3.955668E-1	5.079016E+8	3.880084E-1	8.503262E+10	3.708951E-1	8.218870E+10	3.850668E-1	9.661042E+10	3.703620E-1	9.383483E+10	4.764619E-2	3.092743E-2	1.872384E-2	1.671876E-2	4.392867E-2	-1.112065E+10	-1.106990E+10	1.758681E+7	-5.075123E+7	-9.330935E+10
5.345050E+2	6.483908E-1	1.962743E+10	6.622344E-1	8.106814E+8	6.454300E-1	1.951649E+10	6.833621E-1	8.339643E+8	6.760001E-1	1.415755E+11	6.487968E-1	1.370845E+11	6.721521E-1	1.610920E+11	6.487459E-1	1.567119E+11	1.384356E-2	3.793210E-2	-2.112773E-2	-2.408855E-2	1.348848E-2	-1.881675E+10	-1.868252E+10	-2.328297E+7	-1.342266E+8	-1.559012E+11
5.346620E+2	9.810085E-1	2.904980E+10	1.049010E+0	1.255563E+9	9.888385E-1	2.922554E+10	1.011935E+0	1.206227E+9	1.002522E+0	2.056831E+11	9.774788E-1	2.020112E+11	1.000799E+0	2.349086E+11	9.779215E-1	2.310610E+11	6.800163E-2	2.309651E-2	3.707504E-2	4.490512E-2	7.108863E-2	-2.779424E+10	-2.801932E+10	4.933658E+7	2.250815E+8	-2.298055E+11
5.348120E+2	1.382329E+0	4.041837E+10	1.393598E+0	1.651920E+9	1.385934E+0	4.045248E+10	1.416098E+0	1.664131E+9	1.386863E+0	2.811427E+11	1.372320E+0	2.800068E+11	1.386746E+0	3.215952E+11	1.373575E+0	3.204252E+11	1.126966E-2	3.016388E-2	-2.249966E-2	-1.889421E-2	2.002344E-2	-3.876645E+10	-3.878835E+10	-1.221030E+7	2.189458E+7	-3.187733E+11
5.349630E+2	1.693119E+0	4.922241E+10	1.661437E+0	1.959997E+9	1.697577E+0	4.926344E+10	1.735034E+0	2.025474E+9	1.675492E+0	3.378106E+11	1.670919E+0	3.389912E+11	1.678272E+0	3.870741E+11	1.673703E+0	3.882136E+11	-3.168121E-2	3.745648E-2	-7.359633E-2	-6.913770E-2	-1.226587E-2	-4.726241E+10	-4.723797E+10	-6.547693E+7	-2.444103E+7	-3.862536E+11
5.351350E+2	1.939534E+0	5.620285E+10	1.975015E+0	2.320685E+9	1.945198E+0	5.626434E+10	1.999427E+0	2.325023E+9	1.901323E+0	3.821493E+11	1.905450E+0	3.853197E+11	1.906846E+0	4.384136E+11	1.909725E+0	4.415225E+11	3.548114E-2	5.422827E-2	-2.441112E-2	-1.874713E-2	6.529032E-2	-5.388217E+10	-5.393931E+10	-4.337741E+6	5.714646E+7	-4.392019E+11
5.352650E+2	1.932453E+0	5.600226E+10	1.943566E+0	2.284511E+9	1.941682E+0	5.616493E+10	1.934776E+0	2.251776E+9	1.888124E+0	3.795579E+11	1.897666E+0	3.837821E+11	1.894866E+0	4.357228E+11	1.902029E+0	4.397844E+11	1.111291E-2	-6.906090E-3	8.790132E-3	1.801900E-2	4.153687E-2	-5.371775E+10	-5.391315E+10	3.273523E+7	1.953996E+8	-4.374998E+11
5.354060E+2	1.789657E+0	5.195715E+10	1.753044E+0	2.065367E+9	1.781089E+0	5.162455E+10	1.811733E+0	2.112372E+9	1.741714E+0	3.508124E+11	1.754277E+0	3.554575E+11	1.746671E+0	4.024370E+11	1.758715E+0	4.074146E+11	-3.661315E-2	3.064342E-2	-5.868856E-2	-6.725657E-2	-5.670326E-3	-4.989178E+10	-4.951218E+10	-4.700531E+7	-3.796067E+8	-4.053492E+11
5.355680E+2	1.596870E+0	4.649587E+10	1.609453E+0	1.900204E+9	1.593476E+0	4.632023E+10	1.613591E+0	1.887883E+9	1.557312E+0	3.146078E+11	1.572383E+0	3.195266E+11	1.561864E+0	3.609280E+11	1.575454E+0	3.660225E+11	1.258370E-2	2.011452E-2	-4.137469E-3	-7.530813E-3	3.399949E-2	-4.459567E+10	-4.443235E+10	1.232021E+7	-1.633160E+8	-3.641223E+11
5.357090E+2	1.367170E+0	3.998896E+10	1.350746E+0	1.602630E+9	1.355835E+0	3.960150E+10	1.442592E+0	1.694147E+9	1.340542E+0	2.720484E+11	1.346941E+0	2.749936E+11	1.342467E+0	3.116499E+11	1.349478E+0	3.149825E+11	-1.642396E-2	8.675696E-2	-9.184574E-2	-1.031809E-1	1.268278E-3	-3.838633E+10	-3.790735E+10	-9.151702E+7	-4.789842E+8	-3.133799E+11
5.358600E+2	1.175533E+0	3.456027E+10	1.139990E+0	1.360211E+9	1.190801E+0	3.493556E+10	1.223554E+0	1.445984E+9	1.165906E+0	2.377612E+11	1.176849E+0	2.413941E+11	1.169040E+0	2.726967E+11	1.176684E+0	2.759544E+11	-3.554293E-2	3.275240E-2	-8.356404E-2	-6.829533E-2	-3.669387E-2	-3.320006E+10	-3.348958E+10	-8.577283E+7	2.895220E+8	-2.745942E+11
5.360070E+2	9.678589E-1	2.867730E+10	1.014715E+0	1.216116E+9	9.726415E-1	2.876761E+10	1.010491E+0	1.204591E+9	9.674206E-1	1.987915E+11	9.714370E-1	2.008178E+11	9.680777E-1	2.275591E+11	9.709883E-1	2.294951E+11	4.685584E-2	3.784952E-2	4.223732E-3	9.006314E-3	4.372648E-2	-2.746118E+10	-2.756302E+10	1.152500E+7	1.018366E+8	-2.282790E+11
5.362630E+2	7.456187E-1	2.238170E+10	7.331751E-1	8.922798E+8	7.413297E-1	2.222782E+10	7.575401E-1	9.180057E+8	7.449795E-1	1.551185E+11	7.476638E-1	1.566144E+11	7.445201E-1	1.773464E+11	7.474073E-1	1.789961E+11	-1.244362E-2	1.621041E-2	-2.436502E-2	-2.865403E-2	-1.423223E-2	-2.148942E+10	-2.130982E+10	-2.572592E+7	-1.795990E+8	-1.781038E+11
5.365140E+2	5.702562E-1	1.741404E+10	6.038167E-1	7.434875E+8	5.667286E-1	1.729139E+10	5.950439E-1	7.339028E+8	5.719001E-1	1.211370E+11	5.736145E-1	1.222332E+11	5.712491E-1	1.384284E+11	5.731933E-1	1.396473E+11	3.356049E-2	2.831530E-2	8.772751E-3	5.245189E-3	3.062343E-2	-1.667055E+10	-1.655749E+10	9.584724E+6	-1.130603E+8	-1.389038E+11
5.367760E+2	4.781494E-1	1.480484E+10	5.000520E-1	6.241340E+8	4.797947E-1	1.483354E+10	4.820254E-1	6.058564E+8	4.838410E-1	1.038479E+11	4.849157E-1	1.047119E+11	4.833316E-1	1.186815E+11	4.840671E-1	1.195168E+11	2.190266E-2	2.230673E-3	1.802664E-2	1.967198E-2	1.598496E-2	-1.418071E+10	-1.422769E+10	1.827758E+7	4.697899E+7	-1.188927E+11
5.370070E+2	4.486152E-1	1.396820E+10	4.701562E-1	5.897468E+8	4.479551E-1	1.393335E+10	4.611562E-1	5.822122E+8	4.470117E-1	9.661703E+10	4.458242E-1	9.698995E+10	4.471304E-1	1.105504E+11	4.461743E-1	1.109581E+11	2.154104E-2	1.320112E-2	9.000045E-3	8.339927E-3	2.398197E-2	-1.337845E+10	-1.335114E+10	7.534589E+6	-2.731187E+7	-1.103684E+11
5.372640E+2	4.430785E-1	1.381136E+10	4.748053E-1	5.950944E+8	4.442022E-1	1.382725E+10	4.749436E-1	5.978330E+8	4.520444E-1	9.760513E+10	4.483017E-1	9.747934E+10	4.510573E-1	1.114324E+11	4.476466E-1	1.112907E+11	3.172676E-2	3.074143E-2	-1.383023E-4	9.853368E-4	2.715870E-2	-1.321626E+10	-1.322942E+10	-2.738596E+6	1.315269E+7	-1.106956E+11
5.375060E+2	4.907210E-1	1.516097E+10	5.152041E-1	6.415624E+8	5.003238E-1	1.541396E+10	4.825541E-1	6.064554E+8	4.985538E-1	1.067366E+11	4.946101E-1	1.066269E+11	4.987766E-1	1.221505E+11	4.941223E-1	1.217879E+11	2.448312E-2	-1.776971E-2	3.265001E-2	4.225283E-2	2.108181E-2	-1.451941E+10	-1.480750E+10	3.510699E+7	2.880916E+8	-1.211464E+11
5.377690E+2	5.853542E-1	1.784173E+10	5.886827E-1	7.260798E+8	5.786550E-1	1.762858E+10	6.027598E-1	7.426445E+8	5.874292E-1	1.241859E+11	5.829169E-1	1.240708E+11	5.863248E-1	1.418145E+11	5.832226E-1	1.419125E+11	3.328454E-3	2.410475E-2	-1.407709E-2	-2.077630E-2	5.460111E-3	-1.711565E+10	-1.688594E+10	-1.656469E+7	-2.297156E+8	-1.411864E+11
5.380110E+2	6.763449E-1	2.041931E+10	6.796168E-1	8.306753E+8	6.752494E-1	2.035956E+10	7.202729E-1	8.757831E+8	6.909470E-1	1.445101E+11	6.839487E-1	1.440283E+11	6.889711E-1	1.648696E+11	6.829950E-1	1.644476E+11	3.271900E-3	4.502348E-2	-4.065608E-2	-4.175158E-2	-3.378195E-3	-1.958864E+10	-1.948378E+10	-4.510785E+7	-1.048603E+8	-1.636169E+11
5.382640E+2	8.264617E-1	2.467181E+10	8.912512E-1	1.074104E+9	8.268127E-1	2.464465E+10	8.309712E-1	1.001201E+9	8.332236E-1	1.724439E+11	8.314205E-1	1.731594E+11	8.324166E-1	1.970886E+11	8.307986E-1	1.978312E+11	6.478948E-2	4.158493E-3	6.027999E-2	6.063099E-2	6.045256E-2	-2.359770E+10	-2.364345E+10	7.290333E+7	4.574368E+7	-1.967571E+11
5.385110E+2	1.047392E+0	3.093029E+10	1.090198E+0	1.302939E+9	1.052801E+0	3.103392E+10	1.068485E+0	1.270296E+9	1.050586E+0	2.151199E+11	1.043486E+0	2.150501E+11	1.050865E+0	2.461538E+11	1.043976E+0	2.459804E+11	4.280642E-2	1.568388E-2	2.171340E-2	2.712254E-2	4.622190E-2	-2.962735E+10	-2.976363E+10	3.264345E+7	1.362703E+8	-2.446775E+11
5.387700E+2	1.239431E+0	3.637037E+10	1.249020E+0	1.485622E+9	1.250746E+0	3.663037E+10	1.305869E+0	1.539244E+9	1.239126E+0	2.521369E+11	1.234614E+0	2.528050E+11	1.240589E+0	2.887672E+11	1.235218E+0	2.891753E+11	9.589338E-3	5.512225E-2	-5.684852E-2	-4.553291E-2	1.380172E-2	-3.488475E+10	-3.509112E+10	-5.362259E+7	2.063731E+8	-2.876897E+11
5.390240E+2	1.457792E+0	4.255608E+10	1.446200E+0	1.712424E+9	1.461383E+0	4.258562E+10	1.437271E+0	1.688119E+9	1.449642E+0	2.934685E+11	1.448739E+0	2.951025E+11	1.451120E+0	3.360542E+11	1.449874E+0	3.376585E+11	-1.159197E-2	-2.411228E-2	8.928497E-3	1.252031E-2	-3.674770E-3	-4.084366E+10	-4.089751E+10	2.430495E+7	5.385034E+7	-3.359461E+11
5.392930E+2	1.714465E+0	4.982710E+10	1.719521E+0	2.026807E+9	1.704761E+0	4.946656E+10	1.688178E+0	1.972388E+9	1.686699E+0	3.400110E+11	1.685165E+0	3.418052E+11	1.688973E+0	3.894776E+11	1.688839E+0	3.916323E+11	5.055659E-3	-1.658363E-2	3.134279E-2	2.163929E-2	3.068109E-2	-4.780030E+10	-4.749417E+10	5.441851E+7	-3.061270E+8	-3.896055E+11
5.395050E+2	1.827354E+0	5.302503E+10	1.823655E+0	2.146586E+9	1.840626E+0	5.330782E+10	1.801710E+0	2.101016E+9	1.799580E+0	3.621735E+11	1.800507E+0	3.645896E+11	1.804747E+0	4.154813E+11	1.803874E+0	4.176146E+11	-3.699029E-3	-3.891693E-2	2.194576E-2	3.521790E-2	1.978086E-2	-5.087844E+10	-5.120680E+10	4.556987E+7	3.283618E+8	-4.154680E+11
5.397700E+2	1.883586E+0	5.461795E+10	1.901162E+0	2.235737E+9	1.875875E+0	5.430440E+10	1.886370E+0	2.196934E+9	1.848466E+0	3.717715E+11	1.852210E+0	3.748029E+11	1.851916E+0	4.260759E+11	1.856146E+0	4.294208E+11	1.757637E-2	1.049495E-2	1.479171E-2	7.081420E-3	4.501655E-2	-5.238221E+10	-5.210747E+10	3.880272E+7	-2.747442E+8	-4.271851E+11
5.400350E+2	1.901970E+0	5.513873E+10	1.865773E+0	2.195031E+9	1.892305E+0	5.476890E+10	1.926153E+0	2.242006E+9	1.854336E+0	3.729241E+11	1.865000E+0	3.773292E+11	1.859115E+0	4.276930E+11	1.869636E+0	4.324679E+11	-3.619624E-2	3.384823E-2	-6.037947E-2	-7.004448E-2	-3.862869E-3	-5.294369E+10	-5.252689E+10	-4.697478E+7	-4.168036E+8	-4.302729E+11
5.402630E+2	1.855618E+0	5.382569E+10	1.846230E+0	2.172552E+9	1.876366E+0	5.431826E+10	1.867374E+0	2.175411E+9	1.829378E+0	3.680239E+11	1.832297E+0	3.708693E+11	1.835293E+0	4.223422E+11	1.835222E+0	4.246950E+11	-9.387981E-3	-8.992185E-3	-2.114321E-2	-3.957955E-4	1.100835E-2	-5.165314E+10	-5.214285E+10	-2.858781E+6	4.897151E+8	-4.225224E+11
5.405240E+2	1.712181E+0	4.976240E+10	1.736996E+0	2.046907E+9	1.723112E+0	4.998537E+10	1.704764E+0	1.991180E+9	1.683129E+0	3.393101E+11	1.686525E+0	3.420739E+11	1.688162E+0	3.892954E+11	1.689743E+0	3.918363E+11	2.481506E-2	-1.834753E-2	3.223154E-2	4.316259E-2	4.725319E-2	-4.771549E+10	-4.799419E+10	5.572714E+7	2.787008E+8	-3.897894E+11
5.407580E+2	1.672786E+0	4.864641E+10	1.698118E+0	2.002188E+9	1.676052E+0	4.865486E+10	1.696764E+0	1.982116E+9	1.645640E+0	3.319498E+11	1.647730E+0	3.344105E+11	1.649468E+0	3.806047E+11	1.650873E+0	3.830569E+11	2.533193E-2	2.071223E-2	1.353542E-3	4.619702E-3	4.724492E-2	-4.664423E+10	-4.667274E+10	2.007214E+7	2.851835E+7	-3.810547E+11
5.410400E+2	1.639276E+0	4.769716E+10	1.591102E+0	1.879096E+9	1.637048E+0	4.755213E+10	1.668292E+0	1.949859E+9	1.612157E+0	3.253759E+11	1.614788E+0	3.279032E+11	1.615290E+0	3.729280E+11	1.617859E+0	3.756003E+11	-4.817379E-2	3.124431E-2	-7.719031E-2	-7.941810E-2	-2.675685E-2	-4.581806E+10	-4.560227E+10	-7.076313E+7	-2.157917E+8	-3.737212E+11
5.412640E+2	1.489209E+0	4.344607E+10	1.493733E+0	1.767098E+9	1.491598E+0	4.343986E+10	1.475746E+0	1.731710E+9	1.475959E+0	2.986354E+11	1.481481E+0	3.015701E+11	1.477928E+0	3.420753E+11	1.482450E+0	3.450162E+11	4.524184E-3	-1.585141E-2	1.798666E-2	2.037560E-2	1.128314E-2	-4.167897E+10	-4.170815E+10	3.538822E+7	2.918731E+7	-3.432491E+11
5.415140E+2	1.380791E+0	4.037482E+10	1.308184E+0	1.553674E+9	1.385242E+0	4.043291E+10	1.420516E+0	1.669136E+9	1.363751E+0	2.766050E+11	1.370007E+0	2.795500E+11	1.366456E+0	3.170379E+11	1.371359E+0	3.199248E+11	-7.260715E-2	3.527406E-2	-1.123318E-1	-1.078812E-1	-6.317532E-2	-3.882115E+10	-3.876377E+10	-1.154619E+8	-5.737623E+7	-3.183711E+11
5.417760E+2	1.276006E+0	3.740648E+10	1.269644E+0	1.509344E+9	1.277531E+0	3.738765E+10	1.303945E+0	1.537065E+9	1.269956E+0	2.581897E+11	1.269511E+0	2.596984E+11	1.270909E+0	2.955774E+11	1.270326E+0	2.971049E+11	-6.362372E-3	2.641362E-2	-3.430088E-2	-3.277599E-2	-6.819478E-4	-3.589714E+10	-3.585058E+10	-2.772077E+7	-4.655755E+7	-2.955956E+11
5.420110E+2	1.097437E+0	3.234799E+10	1.126994E+0	1.345263E+9	1.095692E+0	3.224656E+10	1.163536E+0	1.377986E+9	1.090836E+0	2.230222E+11	1.090058E+0	2.242498E+11	1.091447E+0	2.552688E+11	1.090983E+0	2.565978E+11	2.955663E-2	6.784438E-2	-3.654203E-2	-3.828775E-2	3.601061E-2	-3.100273E+10	-3.086858E+10	-3.272278E+7	-1.341507E+8	-2.552525E+11
5.422620E+2	9.527724E-1	2.824993E+10	9.967084E-1	1.195404E+9	9.571513E-1	2.832966E+10	1.028164E+0	1.224614E+9	9.572172E-1	1.967882E+11	9.557257E-1	1.977142E+11	9.572089E-1	2.251179E+11	9.553553E-1	2.259641E+11	4.393595E-2	7.101302E-2	-3.145592E-2	-2.707708E-2	4.135307E-2	-2.705453E+10	-2.710505E+10	-2.920977E+7	5.052146E+7	-2.247687E+11
5.425190E+2	8.880777E-1	2.641726E+10	9.188479E-1	1.105847E+9	8.886051E-1	2.639168E+10	9.705227E-1	1.159308E+9	8.963588E-1	1.848396E+11	8.903666E-1	1.848034E+11	8.953828E-1	2.112313E+11	8.900795E-1	2.112207E+11	3.077021E-2	8.191763E-2	-5.167489E-2	-5.114742E-2	2.876833E-2	-2.531142E+10	-2.523238E+10	-5.346147E+7	-7.904022E+7	-2.101148E+11
5.427650E+2	9.216352E-1	2.736788E+10	1.012645E+0	1.213735E+9	9.198769E-1	2.727582E+10	9.687055E-1	1.157249E+9	9.243931E-1	1.903437E+11	9.150641E-1	1.896821E+11	9.238246E-1	2.176195E+11	9.158882E-1	2.170499E+11	9.100977E-2	4.882853E-2	4.393950E-2	4.218124E-2	9.675674E-2	-2.615414E+10	-2.611857E+10	5.648594E+7	-3.557228E+7	-2.158362E+11
5.430120E+2	9.737400E-1	2.884390E+10	1.052165E+0	1.259192E+9	9.767817E-1	2.888466E+10	1.022183E+0	1.217837E+9	9.806763E-1	2.013941E+11	9.753794E-1	2.015965E+11	9.801860E-1	2.302787E+11	9.751738E-1	2.304404E+11	7.842462E-2	4.540113E-2	2.998180E-2	3.302349E-2	7.699079E-2	-2.758471E+10	-2.766683E+10	4.135463E+7	8.212131E+7	-2.291813E+11
5.433020E+2	1.140892E+0	3.357898E+10	1.162879E+0	1.386540E+9	1.147845E+0	3.372106E+10	1.162944E+0	1.377315E+9	1.147628E+0	2.341725E+11	1.142199E+0	2.345495E+11	1.147655E+0	2.678936E+11	1.142035E+0	2.681285E+11	2.198705E-2	1.509891E-2	-6.426005E-5	6.888139E-3	2.084437E-2	-3.219244E+10	-3.234375E+10	9.224910E+6	1.513118E+8	-2.667419E+11
5.435270E+2	1.332981E+0	3.902046E+10	1.348462E+0	1.600003E+9	1.329864E+0	3.886722E+10	1.339250E+0	1.577064E+9	1.323918E+0	2.687844E+11	1.321411E+0	2.699504E+11	1.324666E+0	3.076516E+11	1.322862E+0	3.089709E+11	1.548042E-2	9.386130E-3	9.211691E-3	6.094291E-3	2.559999E-2	-3.742046E+10	-3.729016E+10	2.293835E+7	-1.302995E+8	-3.073709E+11
5.437640E+2	1.394372E+0	4.075952E+10	1.378576E+0	1.634641E+9	1.407518E+0	4.106270E+10	1.393248E+0	1.638242E+9	1.388353E+0	2.814352E+11	1.392753E+0	2.840431E+11	1.390765E+0	3.224979E+11	1.392956E+0	3.248026E+11	-1.579541E-2	-1.426944E-2	-1.467199E-2	-1.525969E-3	-1.437969E-2	-3.912488E+10	-3.942445E+10	-3.601163E+6	2.995747E+8	-3.231680E+11
5.440120E+2	1.478351E+0	4.313849E+10	1.490233E+0	1.763073E+9	1.463742E+0	4.265231E+10	1.478758E+0	1.735122E+9	1.452870E+0	2.941021E+11	1.454380E+0	2.962167E+11	1.454238E+0	3.367544E+11	1.457386E+0	3.393552E+11	1.188194E-2	1.501560E-2	1.147526E-2	-3.133661E-3	3.284688E-2	-4.137542E+10	-4.091719E+10	2.795059E+7	-4.582237E+8	-3.375921E+11
5.442750E+2	1.528703E+0	4.456486E+10	1.545079E+0	1.826159E+9	1.519773E+0	4.423644E+10	1.515256E+0	1.776474E+9	1.502181E+0	3.037837E+11	1.508297E+0	3.068673E+11	1.504395E+0	3.480201E+11	1.510856E+0	3.514322E+11	1.637619E-2	-4.516312E-3	2.982315E-2	2.089251E-2	3.422327E-2	-4.273870E+10	-4.245997E+10	4.968508E+7	-2.787347E+8	-3.496060E+11
5.445130E+2	1.501981E+0	4.380788E+10	1.520294E+0	1.797649E+9	1.501766E+0	4.372734E+10	1.528873E+0	1.791901E+9	1.486491E+0	3.007031E+11	1.490129E+0	3.032786E+11	1.488413E+0	3.444305E+11	1.491616E+0	3.470864E+11	1.831244E-2	2.710764E-2	-8.579794E-3	-8.795204E-3	2.867776E-2	-4.201023E+10	-4.193544E+10	5.747854E+6	-7.479121E+7	-3.452888E+11
5.447830E+2	1.443918E+0	4.216306E+10	1.407927E+0	1.668401E+9	1.451321E+0	4.230114E+10	1.391229E+0	1.635955E+9	1.420824E+0	2.878105E+11	1.425549E+0	2.905215E+11	1.424663E+0	3.301116E+11	1.427852E+0	3.326845E+11	-3.599112E-2	-6.009192E-2	1.669705E-2	2.410080E-2	-1.992586E-2	-4.049466E+10	-4.066519E+10	3.244569E+7	1.705318E+8	-3.310161E+11
5.450260E+2	1.383816E+0	4.046051E+10	1.415388E+0	1.676983E+9	1.385060E+0	4.042776E+10	1.389079E+0	1.633519E+9	1.370826E+0	2.779942E+11	1.373457E+0	2.802315E+11	1.372618E+0	3.184219E+11	1.374756E+0	3.206920E+11	3.157150E-2	4.019020E-3	2.630898E-2	2.755248E-2	4.063162E-2	-3.878353E+10	-3.879424E+10	4.346450E+7	1.070898E+7	-3.190150E+11
5.452740E+2	1.328764E+0	3.890098E+10	1.376227E+0	1.631939E+9	1.340033E+0	3.915473E+10	1.393458E+0	1.638480E+9	1.323189E+0	2.686413E+11	1.325970E+0	2.708510E+11	1.325309E+0	3.077960E+11	1.326320E+0	3.097520E+11	4.746347E-2	5.342465E-2	-1.723073E-2	-5.961171E-3	4.990674E-2	-3.726904E+10	-3.751625E+10	-6.540691E+6	2.472117E+8	-3.081201E+11
5.455130E+2	1.229300E+0	3.608338E+10	1.244829E+0	1.480800E+9	1.242055E+0	3.638465E+10	1.221752E+0	1.443943E+9	1.226178E+0	2.495946E+11	1.231090E+0	2.521088E+11	1.228176E+0	2.859792E+11	1.230866E+0	2.881922E+11	1.552873E-2	-2.030346E-2	2.307665E-2	3.583219E-2	1.396302E-2	-3.460258E+10	-3.494071E+10	3.685767E+7	3.381244E+8	-2.867114E+11
5.457940E+2	1.181998E+0	3.474340E+10	1.214536E+0	1.445956E+9	1.171554E+0	3.439139E+10	1.204250E+0	1.424114E+9	1.171497E+0	2.388588E+11	1.172557E+0	2.405463E+11	1.171504E+0	2.732502E+11	1.173741E+0	2.752897E+11	3.253799E-2	3.269647E-2	1.028515E-2	-1.584775E-4	4.079488E-2	-3.329745E+10	-3.296727E+10	2.184230E+7	-3.301757E+8	-2.738437E+11
5.460000E+2	1.161752E+0	3.416988E+10	1.143440E+0	1.364180E+9	1.159340E+0	3.404607E+10	1.166272E+0	1.381085E+9	1.155984E+0	2.358132E+11	1.155511E+0	2.371791E+11	1.156407E+0	2.698592E+11	1.156294E+0	2.713490E+11	-1.831152E-2	6.931573E-3	-2.283154E-2	-2.524309E-2	-1.285328E-2	-3.280570E+10	-3.266499E+10	-1.690529E+7	-1.407156E+8	-2.699848E+11
5.467600E+2	1.195209E+0	3.511765E+10	1.172404E+0	1.397496E+9	1.186382E+0	3.481060E+10	1.221850E+0	1.444053E+9	1.184257E+0	2.413641E+11	1.177606E+0	2.415436E+11	1.184524E+0	2.761747E+11	1.179813E+0	2.766613E+11	-2.280461E-2	3.546816E-2	-4.944540E-2	-5.827277E-2	-7.409102E-3	-3.372016E+10	-3.336655E+10	-4.655787E+7	-3.536110E+8	-2.752638E+11
5.475230E+2	1.286132E+0	3.769333E+10	1.301855E+0	1.546394E+9	1.296850E+0	3.793384E+10	1.311517E+0	1.545644E+9	1.276649E+0	2.595039E+11	1.277504E+0	2.612773E+11	1.279192E+0	2.974377E+11	1.278586E+0	2.989706E+11	1.572242E-2	1.466724E-2	-9.662485E-3	1.055183E-3	2.326856E-2	-3.614693E+10	-3.638819E+10	7.498482E+5	2.412569E+8	-2.974242E+11
5.482660E+2	1.383619E+0	4.045493E+10	1.343918E+0	1.594776E+9	1.375734E+0	4.016409E+10	1.388576E+0	1.632949E+9	1.365896E+0	2.770262E+11	1.370261E+0	2.796001E+11	1.367134E+0	3.171902E+11	1.371936E+0	3.200550E+11	-3.970149E-2	1.284248E-2	-4.465868E-2	-5.254397E-2	-2.801838E-2	-3.886016E+10	-3.853114E+10	-3.817349E+7	-3.290130E+8	-3.184603E+11
5.490100E+2	1.364000E+0	3.989916E+10	1.347117E+0	1.598456E+9	1.366373E+0	3.989943E+10	1.387145E+0	1.631327E+9	1.359775E+0	2.758245E+11	1.359088E+0	2.773931E+11	1.360606E+0	3.157239E+11	1.359704E+0	3.172922E+11	-1.688306E-2	2.077164E-2	-4.002771E-2	-3.765470E-2	-1.258703E-2	-3.830070E+10	-3.826811E+10	-3.287152E+7	-3.259674E+7	-3.156938E+11
5.497630E+2	1.312364E+0	3.843641E+10	1.301206E+0	1.545647E+9	1.323709E+0	3.869321E+10	1.378771E+0	1.621840E+9	1.310193E+0	2.660896E+11	1.311776E+0	2.680472E+11	1.311894E+0	3.047829E+11	1.311850E+0	3.064836E+11	-1.115820E-2	5.506194E-2	-7.756540E-2	-6.622015E-2	-1.064401E-2	-3.689076E+10	-3.707137E+10	-7.619317E+7	1.806065E+8	-3.049380E+11
5.505000E+2	1.288417E+0	3.775806E+10	1.262683E+0	1.501337E+9	1.279337E+0	3.743869E+10	1.268464E+0	1.496866E+9	1.280855E+0	2.603296E+11	1.277631E+0	2.613024E+11	1.280664E+0	2.977683E+11	1.278984E+0	2.990605E+11	-2.573415E-2	-1.087313E-2	-5.780447E-3	-1.486102E-2	-1.630100E-2	-3.625672E+10	-3.594183E+10	4.471774E+6	-3.148956E+8	-2.975591E+11
5.512510E+2	1.306865E+0	3.828063E+10	1.335905E+0	1.585559E+9	1.308769E+0	3.827080E+10	1.299499E+0	1.532027E+9	1.298516E+0	2.637971E+11	1.303047E+0	2.663229E+11	1.299806E+0	3.020679E+11	1.303526E+0	3.046035E+11	2.904029E-2	-9.269822E-3	3.640624E-2	3.831011E-2	3.237928E-2	-3.669507E+10	-3.673878E+10	5.353210E+7	4.370338E+7	-3.030180E+11
5.520100E+2	1.262388E+0	3.702069E+10	1.261390E+0	1.499850E+9	1.257372E+0	3.681768E+10	1.298038E+0	1.530372E+9	1.248460E+0	2.539694E+11	1.250836E+0	2.560094E+11	1.249582E+0	2.907870E+11	1.252285E+0	2.930301E+11	-9.974450E-4	4.066591E-2	-3.664741E-2	-4.166336E-2	9.105244E-3	-3.552084E+10	-3.528731E+10	-3.052182E+7	-2.335319E+8	-2.915302E+11
5.527700E+2	1.212130E+0	3.559699E+10	1.206206E+0	1.436376E+9	1.220654E+0	3.577957E+10	1.214014E+0	1.435176E+9	1.212586E+0	2.469260E+11	1.209831E+0	2.479094E+11	1.213601E+0	2.827056E+11	1.210120E+0	2.835064E+11	-5.923522E-3	-6.639570E-3	-7.808019E-3	7.160481E-4	-3.913479E-3	-3.416061E+10	-3.434439E+10	1.199523E+6	1.837811E+8	-2.820701E+11
5.535100E+2	1.164564E+0	3.424954E+10	1.186794E+0	1.414047E+9	1.171873E+0	3.440040E+10	1.155745E+0	1.369159E+9	1.155615E+0	2.357406E+11	1.160791E+0	2.382222E+11	1.157661E+0	2.701410E+11	1.161264E+0	2.724717E+11	2.223017E-2	-1.612766E-2	3.104894E-2	3.835782E-2	2.552948E-2	-3.283549E+10	-3.303124E+10	4.488805E+7	1.957443E+8	-2.710577E+11
5.542580E+2	1.087749E+0	3.207353E+10	1.040053E+0	1.245261E+9	1.094794E+0	3.222118E+10	1.020476E+0	1.215904E+9	1.081883E+0	2.212645E+11	1.085669E+0	2.233828E+11	1.083508E+0	2.534857E+11	1.085930E+0	2.554563E+11	-4.769516E-2	-7.431787E-2	1.957739E-2	2.662272E-2	-4.587645E-2	-3.082827E+10	-3.100528E+10	2.935767E+7	1.770115E+8	-2.542111E+11
5.550190E+2	1.016339E+0	3.005064E+10	9.626066E-1	1.156179E+9	1.013223E+0	2.991495E+10	1.012248E+0	1.206582E+9	1.010223E+0	2.071951E+11	1.010320E+0	2.084987E+11	1.010601E+0	2.371101E+11	1.011075E+0	2.385493E+11	-5.373225E-2	-9.744334E-4	-4.964167E-2	-5.275782E-2	-4.846857E-2	-2.889446E+10	-2.870837E+10	-5.040240E+7	-1.860904E+8	-2.373931E+11
5.557660E+2	9.705787E-1	2.875435E+10	9.662043E-1	1.160318E+9	9.669749E-1	2.860740E+10	1.033318E+0	1.230453E+9	9.633577E-1	1.979938E+11	9.640632E-1	1.993612E+11	9.638130E-1	2.266012E+11	9.648804E-1	2.281155E+11	-4.374466E-3	6.634328E-2	-6.711394E-2	-7.071774E-2	1.323890E-3	-2.759403E+10	-2.737695E+10	-7.013581E+7	-2.170797E+8	-2.269552E+11
5.560080E+2	9.648967E-1	2.859339E+10	9.524582E-1	1.144506E+9	9.620810E-1	2.846904E+10	9.912762E-1	1.182821E+9	9.610045E-1	1.975318E+11	9.607126E-1	1.986993E+11	9.611400E-1	2.260008E+11	9.612374E-1	2.272927E+11	-1.243853E-2	2.919525E-2	-3.881804E-2	-4.163378E-2	-8.779245E-3	-2.744888E+10	-2.728622E+10	-3.831480E+7	-1.626638E+8	-2.261482E+11
5.565090E+2	9.501216E-1	2.817484E+10	9.612492E-1	1.154618E+9	9.537499E-1	2.823350E+10	9.347066E-1	1.118730E+9	9.517680E-1	1.957184E+11	9.550566E-1	1.975820E+11	9.520175E-1	2.239518E+11	9.544377E-1	2.257569E+11	1.112755E-2	-1.904327E-2	2.654259E-2	3.017082E-2	6.811515E-3	-2.702022E+10	-2.711477E+10	3.588845E+7	9.454466E+7	-2.246023E+11
5.570500E+2	9.873630E-1	2.922981E+10	1.015209E+0	1.216684E+9	9.795681E-1	2.896345E+10	9.767390E-1	1.166351E+9	9.807813E-1	2.014147E+11	9.802802E-1	2.025646E+11	9.806286E-1	2.303781E+11	9.811686E-1	2.317944E+11	2.784553E-2	-2.829130E-3	3.846959E-2	3.067466E-2	3.404000E-2	-2.801313E+10	-2.779709E+10	5.033297E+7	-2.160335E+8	-2.305778E+11
5.575530E+2	9.878904E-1	2.924475E+10	9.714667E-1	1.166371E+9	9.837057E-1	2.908042E+10	9.839594E-1	1.174531E+9	9.878442E-1	2.028014E+11	9.831234E-1	2.031263E+11	9.873233E-1	2.318818E+11	9.837212E-1	2.323710E+11	-1.642371E-2	2.537348E-4	-1.249272E-2	-1.667744E-2	-1.225456E-2	-2.807838E+10	-2.790589E+10	-8.160883E+6	-1.724863E+8	-2.312046E+11
5.580110E+2	9.867094E-1	2.921130E+10	9.704421E-1	1.165192E+9	9.941783E-1	2.937651E+10	1.043574E+0	1.242073E+9	9.941502E-1	2.040395E+11	9.950535E-1	2.054829E+11	9.941538E-1	2.334160E+11	9.940070E-1	2.346942E+11	-1.626737E-2	4.939591E-2	-7.313211E-2	-6.566327E-2	-2.356493E-2	-2.804610E+10	-2.813444E+10	-7.688103E+7	8.833526E+7	-2.335290E+11
5.585100E+2	1.010641E+0	2.988923E+10	1.031826E+0	1.235797E+9	1.008899E+0	2.979270E+10	1.000480E+0	1.193249E+9	1.011501E+0	2.074461E+11	1.010921E+0	2.086173E+11	1.011174E+0	2.372388E+11	1.010886E+0	2.385066E+11	2.118456E-2	-8.418705E-3	3.134555E-2	2.960326E-2	2.093970E-2	-2.865343E+10	-2.859945E+10	4.254856E+7	-5.398145E+7	-2.372708E+11
5.590100E+2	1.020601E+0	3.017139E+10	1.013561E+0	1.214788E+9	1.021346E+0	3.014463E+10	9.873932E-1	1.178422E+9	1.019430E+0	2.090029E+11	1.020257E+0	2.104616E+11	1.019672E+0	2.391475E+11	1.020301E+0	2.406330E+11	-7.040928E-3	-3.395318E-2	2.616738E-2	2.691225E-2	-6.740076E-3	-2.895660E+10	-2.896620E+10	3.636652E+7	9.603955E+6	-2.394182E+11
5.595170E+2	1.004539E+0	2.971638E+10	1.017977E+0	1.219868E+9	1.006038E+0	2.971181E+10	1.030744E+0	1.227536E+9	9.998843E-1	2.051653E+11	1.000704E+0	2.065990E+11	1.000659E+0	2.348771E+11	1.001185E+0	2.363154E+11	1.343754E-2	2.470577E-2	-1.276671E-2	-1.126824E-2	1.679214E-2	-2.849651E+10	-2.848428E+10	-7.668296E+6	-1.223602E+7	-2.350955E+11
5.599900E+2	9.989858E-1	2.955906E+10	9.628584E-1	1.156469E+9	1.002333E+0	2.960708E+10	1.005633E+0	1.199086E+9	9.956763E-1	2.043391E+11	1.000406E+0	2.065403E+11	9.965143E-1	2.339462E+11	1.000228E+0	2.360993E+11	-3.612748E-2	3.299176E-3	-4.277416E-2	-3.942666E-2	-3.736981E-2	-2.840259E+10	-2.840799E+10	-4.261740E+7	5.399099E+6	-2.349429E+11
5.605090E+2	9.931871E-1	2.939479E+10	1.012398E+0	1.213451E+9	9.964730E-1	2.944139E+10	9.620020E-1	1.149654E+9	9.992622E-1	2.050431E+11	9.992105E-1	2.063041E+11	9.989111E-1	2.344845E+11	9.984551E-1	2.356989E+11	1.921100E-2	-3.447105E-2	5.039608E-2	5.368205E-2	1.394299E-2	-2.818134E+10	-2.829174E+10	6.379679E+7	1.103941E+8	-2.344854E+11
5.610530E+2	1.010082E+0	2.987340E+10	1.004263E+0	1.204094E+9	1.007459E+0	2.975198E+10	1.009476E+0	1.203441E+9	1.011470E+0	2.074399E+11	1.010044E+0	2.084440E+11	1.010965E+0	2.371919E+11	1.010049E+0	2.383174E+11	-5.819135E-3	2.017479E-3	-5.212901E-3	-7.836614E-3	-5.785448E-3	-2.866931E+10	-2.854854E+10	6.531529E+5	-1.207661E+8	-2.371133E+11
