Photon Energy (eV)	X ref norm	X ref	X pump norm	X pump	Y ref norm	Y ref	Y pump norm	Y pump	X all norm	X all	Y all norm	Y all	X all Y ref norm	X all Y ref	Y all X ref norm	Y all X ref	BC(X hist) norm	BC(Y hist) norm	StS norm	BCSC norm	BCLR norm	BC(X hist)	BC(Y hist)	StS	BCSC	BCLR	
5.290170E+2	2.679873E-3	4.147765E+9	-2.703225E-4	1.912400E+9	-1.758003E-3	4.075462E+9	-7.540477E-3	1.876802E+9	1.463565E-3	3.273413E+10	6.082009E-4	3.288460E+10	1.098740E-3	3.680959E+10	8.387149E-4	3.703236E+10	-2.950196E-3	-5.782474E-3	7.270154E-3	2.832278E-3	-1.109037E-3	-2.235364E+9	-2.198659E+9	3.559793E+7	-3.670499E+7	-3.511996E+10
5.295110E+2	-1.203559E-3	4.088597E+9	-8.366007E-3	1.855142E+9	2.901690E-3	4.147291E+9	-9.298747E-4	1.923364E+9	-2.395707E-3	3.226829E+10	-1.878685E-3	3.258196E+10	-1.795807E-3	3.641558E+10	-1.803564E-3	3.667056E+10	-7.162447E-3	-3.831564E-3	-7.436132E-3	-3.330883E-3	-6.562443E-3	-2.233454E+9	-2.223927E+9	-6.822129E+7	-9.527274E+6	-3.481542E+10
5.300160E+2	-1.184286E-2	3.926497E+9	-1.196287E-2	1.829703E+9	-1.374154E-2	3.890735E+9	-2.371086E-2	1.762907E+9	-1.383896E-2	3.088701E+10	-1.433887E-2	3.106565E+10	-1.382793E-2	3.477775E+10	-1.406114E-2	3.499215E+10	-1.200072E-4	-9.969320E-3	1.174800E-2	9.849312E-3	2.098277E-3	-2.096794E+9	-2.127828E+9	6.679598E+7	3.103460E+7	-3.316245E+10
5.305080E+2	-9.862285E-3	3.956673E+9	-3.565045E-4	1.911791E+9	-4.321069E-3	4.035952E+9	-4.816980E-3	1.895985E+9	-6.202036E-3	3.180884E+10	-5.709533E-3	3.211578E+10	-5.989027E-3	3.584479E+10	-6.171607E-3	3.607245E+10	9.505781E-3	-4.959108E-4	4.460475E-3	1.000169E-2	5.815103E-3	-2.044882E+9	-2.139967E+9	1.580561E+7	9.508484E+7	-3.416066E+10
5.310100E+2	-1.879251E-3	4.078302E+9	-1.025101E-3	1.907062E+9	-1.993670E-3	4.071829E+9	-4.678249E-3	1.896962E+9	-2.550568E-3	3.224960E+10	-3.705327E-3	3.235968E+10	-2.487502E-3	3.632143E+10	-3.502140E-3	3.643798E+10	8.541500E-4	-2.684579E-3	3.653147E-3	3.538729E-3	2.477039E-3	-2.171240E+9	-2.174867E+9	1.009972E+7	3.626623E+6	-3.453092E+10
5.315080E+2	1.331880E-2	4.309859E+9	1.727885E-2	2.036519E+9	5.160514E-3	4.182111E+9	2.243524E-2	2.087934E+9	1.512756E-2	3.438346E+10	1.284631E-2	3.437388E+10	1.399885E-2	3.856557E+10	1.289888E-2	3.868374E+10	3.960058E-3	1.727472E-2	-5.156384E-3	-1.331467E-2	4.379969E-3	-2.273340E+9	-2.094176E+9	-5.141528E+7	-1.791635E+8	-3.664722E+10
5.320070E+2	3.219510E-3	4.155986E+9	-6.196808E-3	1.870484E+9	5.182260E-3	4.182446E+9	4.456647E-3	1.961303E+9	1.497871E-3	3.273827E+10	3.423494E-3	3.322720E+10	1.915107E-3	3.692072E+10	3.400797E-3	3.738319E+10	-9.416319E-3	-7.256139E-4	-1.065345E-2	-8.690705E-3	-9.597605E-3	-2.285502E+9	-2.221142E+9	-9.081898E+7	-6.435969E+7	-3.551270E+10
5.325070E+2	5.569775E-3	4.191795E+9	1.089876E-2	1.991395E+9	8.569823E-3	4.234665E+9	1.478456E-2	2.034047E+9	6.898284E-3	3.339013E+10	8.754411E-3	3.387593E+10	7.087576E-3	3.762480E+10	8.400058E-3	3.806773E+10	5.328980E-3	6.214738E-3	-3.885805E-3	-8.857574E-4	2.498698E-3	-2.200400E+9	-2.200618E+9	-4.265231E+7	2.176849E+5	-3.607633E+10
5.330130E+2	9.797249E-3	4.256205E+9	8.860455E-3	1.976979E+9	9.187931E-3	4.244193E+9	1.788756E-2	2.055903E+9	1.263195E-2	3.408223E+10	1.247828E-2	3.432910E+10	1.224193E-2	3.832642E+10	1.217997E-2	3.858530E+10	-9.367941E-4	8.699626E-3	-9.027101E-3	-9.636420E-3	-3.319512E-3	-2.279226E+9	-2.188290E+9	-7.892424E+7	-9.093573E+7	-3.660832E+10
5.332040E+2	1.816756E-2	4.383734E+9	1.595843E-2	2.027180E+9	2.071301E-2	4.421852E+9	1.733400E-2	2.052004E+9	1.919195E-2	3.487406E+10	1.922262E-2	3.514983E+10	1.936420E-2	3.929591E+10	1.910522E-2	3.953357E+10	-2.209135E-3	-3.379004E-3	-1.375575E-3	1.169868E-3	-3.146797E-3	-2.356554E+9	-2.369848E+9	-2.482393E+7	1.329377E+7	-3.750639E+10
5.334060E+2	3.766894E-2	4.680857E+9	4.356594E-2	2.222438E+9	3.999941E-2	4.719152E+9	3.340784E-2	2.165219E+9	4.147026E-2	3.756320E+10	4.001059E-2	3.767957E+10	4.130369E-2	4.228235E+10	3.975004E-2	4.236043E+10	5.896996E-3	-6.591569E-3	1.015810E-2	1.248856E-2	3.815900E-3	-2.458418E+9	-2.553933E+9	5.721885E+7	9.551408E+7	-4.013799E+10
5.336180E+2	2.079887E-2	4.423825E+9	2.845610E-2	2.115572E+9	2.031145E-2	4.415662E+9	2.650528E-2	2.116601E+9	2.201422E-2	3.521473E+10	2.207858E-2	3.549738E+10	2.182139E-2	3.963039E+10	2.193618E-2	3.992121E+10	7.657230E-3	6.193831E-3	1.950825E-3	1.463399E-3	6.519919E-3	-2.308253E+9	-2.299061E+9	-1.029742E+6	-9.192603E+6	-3.780563E+10
5.338100E+2	5.814449E-2	4.992821E+9	5.647466E-2	2.313737E+9	5.906432E-2	5.013037E+9	4.718024E-2	2.262224E+9	5.636522E-2	3.936112E+10	5.800357E-2	3.986918E+10	5.667088E-2	4.437415E+10	5.801925E-2	4.486200E+10	-1.669832E-3	-1.188408E-2	9.294417E-3	1.021425E-2	-1.544591E-3	-2.679084E+9	-2.750813E+9	5.151245E+7	7.172860E+7	-4.254827E+10
5.340070E+2	6.615083E-2	5.114805E+9	7.099878E-2	2.416461E+9	6.573568E-2	5.115876E+9	6.509043E-2	2.388374E+9	6.446949E-2	4.033936E+10	6.481108E-2	4.069760E+10	6.461288E-2	4.545523E+10	6.496015E-2	4.581241E+10	4.847949E-3	-6.452562E-4	5.908350E-3	5.493205E-3	6.038626E-3	-2.698345E+9	-2.727503E+9	2.808694E+7	2.915780E+7	-4.339595E+10
5.342090E+2	1.541335E-1	6.455306E+9	1.625325E-1	3.063845E+9	1.495276E-1	6.407528E+9	1.626595E-1	3.075596E+9	1.598644E-1	5.185415E+10	1.554079E-1	5.172255E+10	1.586938E-1	5.826167E+10	1.552661E-1	5.817786E+10	8.398941E-3	1.313191E-2	-1.270622E-4	-4.732966E-3	7.266357E-3	-3.391461E+9	-3.331932E+9	-1.175068E+7	-5.952850E+7	-5.511401E+10
5.344120E+2	2.521181E-1	7.948195E+9	2.619672E-1	3.767111E+9	2.490236E-1	7.941257E+9	2.542748E-1	3.720883E+9	2.623520E-1	6.422507E+10	2.562154E-1	6.399007E+10	2.608427E-1	7.216633E+10	2.557595E-1	7.193826E+10	9.849166E-3	5.251290E-3	7.692392E-3	4.597876E-3	6.207722E-3	-4.181083E+9	-4.220374E+9	4.622832E+7	3.929101E+7	-6.817115E+10
5.346150E+2	5.017743E-1	1.175195E+10	5.059979E-1	5.493051E+9	5.024239E-1	1.184742E+10	5.024869E-1	5.469150E+9	5.117175E-1	9.432511E+10	5.013762E-1	9.382428E+10	5.106651E-1	1.061725E+11	5.014205E-1	1.055762E+11	4.223577E-3	6.306309E-5	3.510969E-3	4.160514E-3	4.577380E-3	-6.258895E+9	-6.378271E+9	2.390152E+7	1.193756E+8	-1.000832E+11
5.348180E+2	8.055230E-1	1.637985E+10	8.049789E-1	7.607635E+9	7.872153E-1	1.623748E+10	7.900489E-1	7.494576E+9	8.112278E-1	1.304780E+11	7.994739E-1	1.301005E+11	8.085085E-1	1.467154E+11	8.001470E-1	1.464804E+11	-5.441228E-4	2.833649E-3	1.492994E-2	-3.377772E-3	4.831913E-3	-8.772213E+9	-8.742902E+9	1.130595E+8	-2.931122E+7	-1.388727E+11
5.350100E+2	1.416924E+0	2.569513E+10	1.408171E+0	1.187379E+10	1.414383E+0	2.590527E+10	1.402405E+0	1.180767E+10	1.411974E+0	2.029920E+11	1.402627E+0	2.034996E+11	1.412247E+0	2.288973E+11	1.404217E+0	2.291948E+11	-8.753597E-3	-1.197831E-2	5.765608E-3	3.224709E-3	3.953133E-3	-1.382134E+10	-1.409760E+10	6.612210E+7	2.762578E+8	-2.173210E+11
5.352340E+2	1.969450E+0	3.411339E+10	1.908201E+0	1.541033E+10	1.953375E+0	3.421382E+10	1.900437E+0	1.531553E+10	1.913393E+0	2.635165E+11	1.912713E+0	2.655733E+11	1.917921E+0	2.977304E+11	1.919026E+0	2.996867E+11	-6.124892E-2	-5.293727E-2	7.763810E-3	-8.311650E-3	-1.082508E-2	-1.870307E+10	-1.889828E+10	9.479539E+7	1.952164E+8	-2.842764E+11
5.354010E+2	2.209309E+0	3.776787E+10	2.151220E+0	1.712911E+10	2.192579E+0	3.790115E+10	2.155273E+0	1.711045E+10	2.151631E+0	2.922734E+11	2.154889E+0	2.950442E+11	2.156268E+0	3.301745E+11	2.160944E+0	3.328121E+11	-5.808905E-2	-3.730583E-2	-4.053454E-3	-2.078322E-2	-9.724046E-3	-2.063876E+10	-2.079070E+10	1.865645E+7	1.519342E+8	-3.156830E+11
5.356250E+2	2.330995E+0	3.962188E+10	2.266332E+0	1.794326E+10	2.331421E+0	4.004140E+10	2.270848E+0	1.792449E+10	2.264603E+0	3.059098E+11	2.287532E+0	3.111860E+11	2.272170E+0	3.459512E+11	2.292368E+0	3.508078E+11	-6.466290E-2	-6.057334E-2	-4.515243E-3	-4.089564E-3	-2.603604E-2	-2.167862E+10	-2.211690E+10	1.876474E+7	4.382793E+8	-3.328646E+11
5.358130E+2	2.485994E+0	4.198343E+10	2.370990E+0	1.868346E+10	2.443124E+0	4.176330E+10	2.396055E+0	1.880638E+10	2.405696E+0	3.229407E+11	2.405765E+0	3.255740E+11	2.409935E+0	3.647040E+11	2.414692E+0	3.675575E+11	-1.150040E-1	-4.706908E-2	-2.506518E-2	-6.793496E-2	-4.370257E-2	-2.329997E+10	-2.295691E+10	-1.229219E+8	-3.430566E+8	-3.488740E+11
5.360070E+2	2.314891E+0	3.937652E+10	2.232246E+0	1.770218E+10	2.290424E+0	3.940943E+10	2.266487E+0	1.789378E+10	2.261013E+0	3.054765E+11	2.264687E+0	3.084059E+11	2.264344E+0	3.448860E+11	2.270273E+0	3.477824E+11	-8.264468E-2	-2.393771E-2	-3.424045E-2	-5.870697E-2	-3.802697E-2	-2.167434E+10	-2.151566E+10	-1.915982E+8	-1.586798E+8	-3.300802E+11
5.362110E+2	1.786844E+0	3.133121E+10	1.724452E+0	1.411073E+10	1.765430E+0	3.131665E+10	1.757116E+0	1.430606E+10	1.749666E+0	2.437536E+11	1.754039E+0	2.462639E+11	1.751451E+0	2.750703E+11	1.757690E+0	2.775951E+11	-6.239171E-2	-8.314052E-3	-3.266436E-2	-5.407766E-2	-3.323765E-2	-1.722047E+10	-1.701060E+10	-1.953228E+8	-2.098771E+8	-2.634844E+11
5.364150E+2	1.699139E+0	2.999495E+10	1.686965E+0	1.384560E+10	1.702351E+0	3.034428E+10	1.698045E+0	1.388999E+10	1.687668E+0	2.362701E+11	1.681312E+0	2.374136E+11	1.689331E+0	2.666144E+11	1.683296E+0	2.674085E+11	-1.217415E-2	-4.305357E-3	-1.108032E-2	-7.868793E-3	3.669174E-3	-1.614934E+10	-1.645429E+10	-4.439140E+7	3.049437E+8	-2.535629E+11
5.366190E+2	1.390224E+0	2.528833E+10	1.358655E+0	1.152359E+10	1.387978E+0	2.549823E+10	1.379644E+0	1.164735E+10	1.385088E+0	1.997466E+11	1.373517E+0	1.999572E+11	1.385415E+0	2.252448E+11	1.375376E+0	2.252455E+11	-3.156885E-2	-8.334490E-3	-2.098851E-2	-2.323436E-2	-1.672071E-2	-1.376474E+10	-1.385088E+10	-1.237646E+8	8.613911E+7	-2.137219E+11
5.368390E+2	1.438477E+0	2.602351E+10	1.424329E+0	1.198808E+10	1.417033E+0	2.594611E+10	1.444175E+0	1.210187E+10	1.432129E+0	2.054248E+11	1.423961E+0	2.060959E+11	1.430420E+0	2.313709E+11	1.425576E+0	2.321194E+11	-1.414803E-2	2.714195E-2	-1.984539E-2	-4.128998E-2	-1.247120E-3	-1.403544E+10	-1.384424E+10	-1.137957E+8	-1.912014E+8	-2.201313E+11
5.370070E+2	1.338273E+0	2.449680E+10	1.323380E+0	1.127410E+10	1.334577E+0	2.467506E+10	1.324033E+0	1.125566E+10	1.325144E+0	1.925110E+11	1.320381E+0	1.934910E+11	1.326212E+0	2.171861E+11	1.322372E+0	2.179878E+11	-1.489303E-2	-1.054447E-2	-6.527683E-4	-4.348561E-3	1.008028E-3	-1.322271E+10	-1.341940E+10	1.843906E+7	1.966909E+8	-2.067137E+11
5.372170E+2	1.134082E+0	2.138577E+10	1.123599E+0	9.861118E+9	1.118847E+0	2.134958E+10	1.112585E+0	9.766337E+9	1.128747E+0	1.688046E+11	1.119528E+0	1.690487E+11	1.127626E+0	1.901542E+11	1.121147E+0	1.904344E+11	-1.048368E-2	-6.262633E-3	1.101409E-2	-4.221043E-3	2.451208E-3	-1.152465E+10	-1.158324E+10	9.478099E+7	5.859712E+7	-1.805733E+11
5.374110E+2	1.338874E+0	2.450596E+10	1.328582E+0	1.131089E+10	1.312452E+0	2.433400E+10	1.299075E+0	1.107987E+10	1.321028E+0	1.920142E+11	1.307898E+0	1.919718E+11	1.320057E+0	2.163482E+11	1.311344E+0	2.164778E+11	-1.029186E-2	-1.337732E-2	2.950703E-2	3.085459E-3	1.723761E-2	-1.319507E+10	-1.325413E+10	2.310197E+8	5.906142E+7	-2.051669E+11
5.376110E+2	1.326366E+0	2.431539E+10	1.305310E+0	1.114630E+10	1.311153E+0	2.431398E+10	1.292446E+0	1.103318E+10	1.311104E+0	1.908163E+11	1.308981E+0	1.921036E+11	1.311110E+0	2.151303E+11	1.310915E+0	2.164190E+11	-2.105588E-2	-1.870775E-2	1.286464E-2	-2.348125E-3	-5.604896E-3	-1.316910E+10	-1.328080E+10	1.131205E+8	1.117067E+8	-2.052727E+11
5.378160E+2	1.785232E+0	3.130666E+10	1.767065E+0	1.441212E+10	1.766338E+0	3.133064E+10	1.766544E+0	1.437246E+10	1.768686E+0	2.460494E+11	1.756666E+0	2.465835E+11	1.768420E+0	2.773801E+11	1.759844E+0	2.778902E+11	-1.816764E-2	2.063878E-4	5.205592E-4	-1.837403E-2	7.220153E-3	-1.689454E+10	-1.695818E+10	3.965731E+7	6.364045E+7	-2.634781E+11
5.380160E+2	1.965123E+0	3.404746E+10	1.904632E+0	1.538508E+10	1.947839E+0	3.412848E+10	1.912371E+0	1.539959E+10	1.914693E+0	2.636735E+11	1.916507E+0	2.660350E+11	1.918447E+0	2.978019E+11	1.921916E+0	3.000824E+11	-6.049105E-2	-3.546762E-2	-7.739312E-3	-2.502343E-2	-1.728447E-2	-1.866238E+10	-1.872889E+10	-1.450414E+7	6.651076E+7	-2.846973E+11
5.382060E+2	1.879081E+0	3.273654E+10	1.822677E+0	1.480545E+10	1.844521E+0	3.253583E+10	1.827328E+0	1.480059E+10	1.826144E+0	2.529850E+11	1.828537E+0	2.553297E+11	1.828225E+0	2.855209E+11	1.834161E+0	2.880662E+11	-5.640388E-2	-1.719279E-2	-4.650487E-3	-3.921110E-2	-1.148346E-2	-1.793109E+10	-1.773524E+10	4.859039E+6	-1.958473E+8	-2.732608E+11
5.384010E+2	2.073413E+0	3.569737E+10	1.988215E+0	1.597623E+10	2.049138E+0	3.569000E+10	2.024408E+0	1.618871E+10	2.014138E+0	2.756771E+11	2.016512E+0	2.782048E+11	2.018101E+0	3.113671E+11	2.022843E+0	3.139022E+11	-8.519850E-2	-2.473012E-2	-3.619290E-2	-6.046839E-2	-3.462833E-2	-1.972114E+10	-1.950129E+10	-2.124750E+8	-2.198444E+8	-2.979259E+11
5.386170E+2	1.802364E+0	3.156768E+10	1.774271E+0	1.446309E+10	1.791247E+0	3.171462E+10	1.761735E+0	1.433859E+10	1.777216E+0	2.470791E+11	1.781631E+0	2.496215E+11	1.778805E+0	2.787937E+11	1.783938E+0	2.811892E+11	-2.809346E-2	-2.951258E-2	1.253623E-2	1.419125E-3	-9.666561E-3	-1.710460E+10	-1.737604E+10	1.244994E+8	2.714395E+8	-2.667261E+11
5.388440E+2	1.962783E+0	3.401182E+10	1.921251E+0	1.550262E+10	1.967511E+0	3.443173E+10	1.931426E+0	1.553380E+10	1.931327E+0	2.656812E+11	1.938033E+0	2.686546E+11	1.935424E+0	3.001130E+11	1.940787E+0	3.026664E+11	-4.153232E-2	-3.608485E-2	-1.017552E-2	-5.447476E-3	-1.953624E-2	-1.850920E+10	-1.889793E+10	-3.117819E+7	3.887351E+8	-2.871638E+11
5.390130E+2	1.732661E+0	3.050568E+10	1.697499E+0	1.392011E+10	1.709779E+0	3.045879E+10	1.706754E+0	1.395134E+10	1.703009E+0	2.381218E+11	1.708168E+0	2.406817E+11	1.703776E+0	2.685806E+11	1.710893E+0	2.711874E+11	-3.516187E-2	-3.024533E-3	-9.255560E-3	-3.213734E-2	-1.339424E-2	-1.658558E+10	-1.650745E+10	-3.123128E+7	-7.812276E+7	-2.572673E+11
5.392140E+2	1.410970E+0	2.560441E+10	1.396107E+0	1.178847E+10	1.405672E+0	2.577098E+10	1.408335E+0	1.184944E+10	1.395894E+0	2.010510E+11	1.401488E+0	2.033611E+11	1.397001E+0	2.268220E+11	1.402543E+0	2.289655E+11	-1.486320E-2	2.662811E-3	-1.222812E-2	-1.752602E-2	-6.436231E-3	-1.381594E+10	-1.392155E+10	-6.096785E+7	1.056027E+8	-2.171770E+11
5.394100E+2	1.322800E+0	2.426105E+10	1.296398E+0	1.108326E+10	1.315691E+0	2.438393E+10	1.318386E+0	1.121588E+10	1.300832E+0	1.895764E+11	1.302346E+0	1.912963E+11	1.302515E+0	2.139603E+11	1.304622E+0	2.155573E+11	-2.640148E-2	2.694407E-3	-2.198749E-2	-2.909588E-2	-8.224077E-3	-1.317779E+10	-1.316805E+10	-1.326186E+8	-9.742180E+6	-2.044741E+11
5.396110E+2	1.067442E+0	2.037044E+10	1.072678E+0	9.500971E+9	1.050646E+0	2.029826E+10	1.070335E+0	9.468757E+9	1.056934E+0	1.601363E+11	1.058842E+0	1.616637E+11	1.056222E+0	1.804346E+11	1.059799E+0	1.820341E+11	5.235176E-3	1.968913E-2	2.342194E-3	-1.445396E-2	1.287825E-2	-1.086947E+10	-1.082951E+10	3.221431E+7	-3.996344E+7	-1.725332E+11
5.398280E+2	1.023163E+0	1.969580E+10	1.018669E+0	9.118988E+9	1.004082E+0	1.958047E+10	1.040115E+0	9.255901E+9	1.016136E+0	1.552117E+11	1.019430E+0	1.568675E+11	1.014771E+0	1.747921E+11	1.019845E+0	1.765633E+11	-4.493595E-3	3.603329E-2	-2.144601E-2	-4.052689E-2	-1.176458E-3	-1.057681E+10	-1.032457E+10	-1.369133E+8	-2.522377E+8	-1.674443E+11
5.400090E+2	8.492680E-1	1.704635E+10	8.335282E-1	7.809554E+9	8.402982E-1	1.705575E+10	8.600062E-1	7.987316E+9	8.442197E-1	1.344603E+11	8.458559E-1	1.357448E+11	8.437756E-1	1.515160E+11	8.462355E-1	1.527912E+11	-1.573975E-2	1.970796E-2	-2.647799E-2	-3.544770E-2	-1.270733E-2	-9.236791E+9	-9.068436E+9	-1.777612E+8	-1.683550E+8	-1.449816E+11
5.402160E+2	6.698303E-1	1.431244E+10	6.824558E-1	6.741074E+9	6.721298E-1	1.446344E+10	6.721285E-1	6.664010E+9	6.757580E-1	1.141259E+11	6.752182E-1	1.149795E+11	6.753472E-1	1.285893E+11	6.746187E-1	1.292920E+11	1.262546E-2	-1.304931E-6	1.032733E-2	1.262677E-2	7.837143E-3	-7.571367E+9	-7.799426E+9	7.706411E+7	2.280589E+8	-1.225509E+11
5.404070E+2	6.071540E-1	1.335751E+10	6.097149E-1	6.226605E+9	6.030720E-1	1.339891E+10	6.036729E-1	6.181847E+9	6.056225E-1	1.056601E+11	6.100737E-1	1.070519E+11	6.053337E-1	1.190590E+11	6.097488E-1	1.204094E+11	2.560971E-3	6.009021E-4	6.042072E-3	1.960069E-3	-3.385706E-5	-7.130902E+9	-7.217063E+9	4.475736E+7	8.616116E+7	-1.141828E+11
5.406140E+2	5.048827E-1	1.179931E+10	4.903827E-1	5.382611E+9	4.916610E-1	1.168151E+10	4.962968E-1	5.425550E+9	4.975178E-1	9.261112E+10	4.974361E-1	9.334480E+10	4.968546E-1	1.042926E+11	4.982647E-1	1.051441E+11	-1.450002E-2	4.635818E-3	-5.914083E-3	-1.913584E-2	-7.882006E-3	-6.416695E+9	-6.255961E+9	-4.293918E+7	-1.607346E+8	-9.976150E+10
5.408220E+2	5.098485E-1	1.187496E+10	5.203381E-1	5.594474E+9	5.101880E-1	1.196711E+10	5.167574E-1	5.569663E+9	5.120559E-1	9.436596E+10	5.116989E-1	9.508048E+10	5.118444E-1	1.063331E+11	5.114930E-1	1.069554E+11	1.048961E-2	6.569333E-3	3.580701E-3	3.920280E-3	8.845044E-3	-6.280490E+9	-6.397442E+9	2.481135E+7	1.169529E+8	-1.013610E+11
5.410080E+2	4.299227E-1	1.065722E+10	4.271073E-1	4.935087E+9	4.240379E-1	1.063910E+10	4.389863E-1	5.021887E+9	4.326195E-1	8.477746E+10	4.313018E-1	8.529675E+10	4.316476E-1	9.541656E+10	4.311484E-1	9.595397E+10	-2.815469E-3	1.494843E-2	-1.187903E-2	-1.776390E-2	-4.041100E-3	-5.722132E+9	-5.617214E+9	-8.680031E+7	-1.049180E+8	-9.101889E+10
5.415040E+2	5.450032E-1	1.241058E+10	5.300562E-1	5.663207E+9	5.418943E-1	1.245586E+10	5.423417E-1	5.749865E+9	5.443480E-1	9.826383E+10	5.413405E-1	9.868763E+10	5.440702E-1	1.107197E+11	5.417481E-1	1.110982E+11	-1.494694E-2	4.473573E-4	-1.228545E-2	-1.539430E-2	-1.169184E-2	-6.747372E+9	-6.705993E+9	-8.665719E+7	-4.137930E+7	-1.054350E+11
5.420110E+2	6.684379E-1	1.429123E+10	6.465352E-1	6.487021E+9	6.504175E-1	1.412874E+10	6.610500E-1	6.585980E+9	6.612494E-1	1.123746E+11	6.574774E-1	1.128206E+11	6.600228E-1	1.265033E+11	6.586970E-1	1.271118E+11	-2.190271E-2	1.063257E-2	-1.451486E-2	-3.253528E-2	-1.216184E-2	-7.804205E+9	-7.542761E+9	-9.895917E+7	-2.614440E+8	-1.206248E+11
5.424870E+2	9.109102E-1	1.798552E+10	9.139610E-1	8.378426E+9	8.903477E-1	1.782726E+10	9.014478E-1	8.279207E+9	9.051237E-1	1.418118E+11	9.024542E-1	1.426324E+11	9.034504E-1	1.596391E+11	9.033951E-1	1.606180E+11	3.050825E-3	1.110006E-2	1.251325E-2	-8.049232E-3	1.056593E-2	-9.607097E+9	-9.548057E+9	9.921957E+7	-5.904057E+7	-1.522395E+11
5.430120E+2	1.108323E+0	2.099329E+10	1.081053E+0	9.560206E+9	1.082289E+0	2.078604E+10	1.081534E+0	9.547635E+9	1.086678E+0	1.637266E+11	1.086881E+0	1.650757E+11	1.086181E+0	1.845127E+11	1.089267E+0	1.860690E+11	-2.726997E-2	-7.547533E-4	-4.814031E-4	-2.651522E-2	-8.213689E-3	-1.143309E+10	-1.123840E+10	1.257100E+7	-1.946863E+8	-1.765088E+11
5.435110E+2	1.145193E+0	2.155505E+10	1.136395E+0	9.951622E+9	1.120256E+0	2.137130E+10	1.141602E+0	9.970716E+9	1.126074E+0	1.684820E+11	1.123845E+0	1.695740E+11	1.125415E+0	1.898533E+11	1.126220E+0	1.911291E+11	-8.797960E-3	2.134533E-2	-5.206559E-3	-3.014329E-2	1.017458E-2	-1.160343E+10	-1.140059E+10	-1.909457E+7	-2.028393E+8	-1.811775E+11
5.440170E+2	1.281160E+0	2.362664E+10	1.262090E+0	1.084062E+10	1.266245E+0	2.362172E+10	1.282052E+0	1.095997E+10	1.262359E+0	1.849325E+11	1.270121E+0	1.873747E+11	1.262799E+0	2.085542E+11	1.271349E+0	2.110013E+11	-1.907014E-2	1.580687E-2	-1.996145E-2	-3.487701E-2	-9.258910E-3	-1.278602E+10	-1.266175E+10	-1.193499E+8	-1.242758E+8	-2.001607E+11
5.445240E+2	1.165081E+0	2.185805E+10	1.154200E+0	1.007755E+10	1.168223E+0	2.211071E+10	1.164835E+0	1.013436E+10	1.158503E+0	1.723963E+11	1.156228E+0	1.735147E+11	1.159603E+0	1.945070E+11	1.157213E+0	1.953728E+11	-1.088110E-2	-3.387820E-3	-1.063561E-2	-7.493281E-3	-3.013140E-3	-1.178051E+10	-1.197635E+10	-5.681396E+7	1.958403E+8	-1.852952E+11
5.450150E+2	1.190751E+0	2.224917E+10	1.175954E+0	1.023141E+10	1.181995E+0	2.232300E+10	1.193022E+0	1.033290E+10	1.185504E+0	1.756556E+11	1.188371E+0	1.774263E+11	1.185107E+0	1.979786E+11	1.188635E+0	1.996755E+11	-1.479682E-2	1.102755E-2	-1.706814E-2	-2.582437E-2	-1.268117E-2	-1.201776E+10	-1.199011E+10	-1.014859E+8	-2.765204E+7	-1.894441E+11
5.455180E+2	1.093930E+0	2.077400E+10	1.074229E+0	9.511944E+9	1.083760E+0	2.080872E+10	1.076675E+0	9.513411E+9	1.085147E+0	1.635418E+11	1.081092E+0	1.643713E+11	1.084990E+0	1.843505E+11	1.082521E+0	1.851453E+11	-1.970089E-2	-7.085201E-3	-2.446224E-3	-1.261569E-2	-8.291583E-3	-1.126206E+10	-1.129531E+10	-1.467330E+6	3.324735E+7	-1.756334E+11
5.460160E+2	9.944657E-1	1.925857E+10	9.819700E-1	8.859430E+9	9.910316E-1	1.937931E+10	1.008484E+0	9.033107E+9	9.918807E-1	1.522839E+11	9.926922E-1	1.536137E+11	9.917845E-1	1.716632E+11	9.928896E-1	1.728723E+11	-1.249571E-2	1.745196E-2	-2.651356E-2	-2.994767E-2	-1.091953E-2	-1.039914E+10	-1.034620E+10	-1.736778E+8	-5.294511E+7	-1.640129E+11
5.465100E+2	1.051287E+0	2.012430E+10	1.038805E+0	9.261403E+9	1.048022E+0	2.025781E+10	1.043886E+0	9.282464E+9	1.042257E+0	1.583648E+11	1.043483E+0	1.597945E+11	1.042910E+0	1.786226E+11	1.044351E+0	1.799188E+11	-1.248204E-2	-4.135894E-3	-5.081125E-3	-8.346144E-3	-5.546005E-3	-1.086290E+10	-1.097535E+10	-2.106035E+7	1.124519E+8	-1.706574E+11
5.470110E+2	1.111945E+0	2.104848E+10	1.093539E+0	9.648513E+9	1.097178E+0	2.101554E+10	1.093359E+0	9.630921E+9	1.106484E+0	1.661174E+11	1.099130E+0	1.665664E+11	1.105431E+0	1.871329E+11	1.100556E+0	1.876149E+11	-1.840619E-2	-3.818772E-3	1.796976E-4	-1.458742E-2	-7.017406E-3	-1.139996E+10	-1.138462E+10	1.759196E+7	-1.534082E+7	-1.779664E+11
5.475180E+2	1.292916E+0	2.380575E+10	1.282073E+0	1.098195E+10	1.273978E+0	2.374092E+10	1.281009E+0	1.095263E+10	1.282381E+0	1.873492E+11	1.282918E+0	1.889321E+11	1.281429E+0	2.110901E+11	1.284031E+0	2.127378E+11	-1.084324E-2	7.031262E-3	1.063403E-3	-1.787450E-2	-1.957957E-3	-1.282380E+10	-1.278830E+10	2.932080E+7	-3.550476E+7	-2.017559E+11
5.480360E+2	1.334416E+0	2.443803E+10	1.307086E+0	1.115885E+10	1.328358E+0	2.457919E+10	1.324520E+0	1.125909E+10	1.320606E+0	1.919632E+11	1.324395E+0	1.939795E+11	1.321484E+0	2.165424E+11	1.325510E+0	2.184175E+11	-2.732990E-2	-3.838419E-3	-1.743414E-2	-2.349148E-2	-1.842449E-2	-1.327918E+10	-1.332010E+10	-1.002353E+8	4.092269E+7	-2.072586E+11
5.485120E+2	1.425941E+0	2.583251E+10	1.368385E+0	1.159240E+10	1.390322E+0	2.553436E+10	1.372685E+0	1.159834E+10	1.388253E+0	2.001287E+11	1.387264E+0	2.016301E+11	1.388487E+0	2.256630E+11	1.391567E+0	2.274626E+11	-5.755640E-2	-1.763708E-2	-4.300201E-3	-3.991931E-2	-2.318254E-2	-1.424011E+10	-1.393603E+10	-5.937433E+6	-3.040878E+8	-2.158702E+11
5.490320E+2	1.623815E+0	2.884731E+10	1.560757E+0	1.295298E+10	1.614806E+0	2.899478E+10	1.603417E+0	1.322349E+10	1.587265E+0	2.241508E+11	1.594342E+0	2.268299E+11	1.590384E+0	2.531456E+11	1.597621E+0	2.556772E+11	-6.305850E-2	-1.138877E-2	-4.266069E-2	-5.166972E-2	-3.686462E-2	-1.589434E+10	-1.577130E+10	-2.705107E+8	-1.230409E+8	-2.427243E+11
5.495040E+2	1.603890E+0	2.854374E+10	1.589539E+0	1.315655E+10	1.581625E+0	2.848330E+10	1.571054E+0	1.299554E+10	1.573221E+0	2.224555E+11	1.575665E+0	2.245571E+11	1.574173E+0	2.509388E+11	1.578805E+0	2.531008E+11	-1.435107E-2	-1.057144E-2	1.848577E-2	-3.779632E-3	1.073403E-2	-1.538720E+10	-1.548776E+10	1.610111E+8	1.005669E+8	-2.399443E+11
5.499940E+2	1.814334E+0	3.175005E+10	1.779292E+0	1.449859E+10	1.786575E+0	3.164259E+10	1.759803E+0	1.432498E+10	1.764200E+0	2.455080E+11	1.767052E+0	2.478474E+11	1.766734E+0	2.771506E+11	1.772313E+0	2.795975E+11	-3.504273E-2	-2.677201E-2	1.948881E-2	-8.270723E-3	6.978719E-3	-1.725146E+10	-1.731762E+10	1.736160E+8	6.615629E+7	-2.650989E+11
5.505060E+2	1.631568E+0	2.896544E+10	1.576613E+0	1.306512E+10	1.621878E+0	2.910380E+10	1.608686E+0	1.326060E+10	1.595749E+0	2.251748E+11	1.600959E+0	2.276352E+11	1.598708E+0	2.542786E+11	1.604365E+0	2.566007E+11	-5.495539E-2	-1.319198E-2	-3.207294E-2	-4.176342E-2	-2.775219E-2	-1.590032E+10	-1.584320E+10	-1.954736E+8	-5.712009E+7	-2.435355E+11
5.510250E+2	1.520795E+0	2.727770E+10	1.490180E+0	1.245382E+10	1.515665E+0	2.746653E+10	1.501874E+0	1.250827E+10	1.493346E+0	2.128140E+11	1.496794E+0	2.149591E+11	1.495873E+0	2.402806E+11	1.499465E+0	2.422368E+11	-3.061445E-2	-1.379169E-2	-1.169334E-2	-1.682275E-2	-9.284249E-3	-1.482388E+10	-1.495826E+10	-5.445459E+7	1.343755E+8	-2.297830E+11
5.515000E+2	1.368118E+0	2.495152E+10	1.341258E+0	1.140055E+10	1.353947E+0	2.497364E+10	1.351755E+0	1.145092E+10	1.346622E+0	1.951036E+11	1.351671E+0	1.972988E+11	1.347452E+0	2.200772E+11	1.353501E+0	2.222503E+11	-2.685929E-2	-2.191973E-3	-1.049641E-2	-2.466731E-2	-1.224290E-2	-1.355097E+10	-1.352272E+10	-5.037208E+7	-2.825073E+7	-2.108497E+11
5.520100E+2	1.314226E+0	2.413042E+10	1.286548E+0	1.101360E+10	1.305483E+0	2.422658E+10	1.289515E+0	1.101253E+10	1.294409E+0	1.888011E+11	1.291733E+0	1.900047E+11	1.295663E+0	2.130277E+11	1.294236E+0	2.141352E+11	-2.767744E-2	-1.596843E-2	-2.966812E-3	-1.170902E-2	-7.687738E-3	-1.311682E+10	-1.321404E+10	1.064877E+6	9.722100E+7	-2.031216E+11
5.525090E+2	1.232996E+0	2.289281E+10	1.230449E+0	1.061683E+10	1.223611E+0	2.296452E+10	1.228836E+0	1.058515E+10	1.221472E+0	1.799971E+11	1.221210E+0	1.814226E+11	1.221714E+0	2.029616E+11	1.222521E+0	2.043154E+11	-2.546659E-3	5.224807E-3	1.613257E-3	-7.771466E-3	7.927753E-3	-1.227597E+10	-1.237937E+10	3.168644E+7	1.033954E+8	-1.936986E+11
5.530200E+2	1.018291E+0	1.962157E+10	9.892966E-1	8.911247E+9	1.009739E+0	1.966769E+10	1.008103E+0	9.030428E+9	1.010430E+0	1.545230E+11	1.010610E+0	1.557942E+11	1.010352E+0	1.741907E+11	1.011465E+0	1.754158E+11	-2.899413E-2	-1.636308E-3	-1.880656E-2	-2.735782E-2	-2.216824E-2	-1.071032E+10	-1.063726E+10	-1.191801E+8	-7.306277E+7	-1.665045E+11
5.535050E+2	1.036289E+0	1.989579E+10	1.030083E+0	9.199713E+9	1.025900E+0	1.991680E+10	1.037715E+0	9.238995E+9	1.029818E+0	1.568632E+11	1.030110E+0	1.581671E+11	1.029374E+0	1.767800E+11	1.030797E+0	1.780629E+11	-6.206132E-3	1.181482E-2	-7.631947E-3	-1.802095E-2	-7.143760E-4	-1.069607E+10	-1.067780E+10	-3.928157E+7	-1.827079E+7	-1.688632E+11
5.540130E+2	9.161762E-1	1.806576E+10	9.038584E-1	8.306974E+9	9.108141E-1	1.814275E+10	9.223775E-1	8.426625E+9	9.169332E-1	1.432373E+11	9.155173E-1	1.442221E+11	9.162402E-1	1.613800E+11	9.155906E-1	1.622879E+11	-1.231778E-2	1.156348E-2	-1.851917E-2	-2.388126E-2	-1.173224E-2	-9.758782E+9	-9.716128E+9	-1.196504E+8	-4.265389E+7	-1.539809E+11
5.550190E+2	1.026922E+0	1.975308E+10	1.014331E+0	9.088309E+9	1.024614E+0	1.989697E+10	1.031478E+0	9.195068E+9	1.020589E+0	1.557493E+11	1.023876E+0	1.574085E+11	1.021045E+0	1.756463E+11	1.024214E+0	1.771616E+11	-1.259081E-2	6.864495E-3	-1.714681E-2	-1.945530E-2	-9.883227E-3	-1.066477E+10	-1.070190E+10	-1.067588E+8	3.713609E+7	-1.680733E+11
5.560130E+2	1.149907E+0	2.162688E+10	1.131046E+0	9.913787E+9	1.129859E+0	2.151933E+10	1.121451E+0	9.828789E+9	1.124925E+0	1.683433E+11	1.126792E+0	1.699327E+11	1.125484E+0	1.898626E+11	1.129364E+0	1.915596E+11	-1.886176E-2	-8.407789E-3	9.594328E-3	-1.045397E-2	1.681194E-3	-1.171309E+10	-1.169054E+10	8.499842E+7	-2.254713E+7	-1.816458E+11
5.570390E+2	1.054211E+0	2.016886E+10	1.039424E+0	9.265784E+9	1.047581E+0	2.025101E+10	1.043908E+0	9.282616E+9	1.035313E+0	1.575265E+11	1.039944E+0	1.593640E+11	1.036702E+0	1.777775E+11	1.041532E+0	1.795328E+11	-1.478703E-2	-3.672964E-3	-4.483379E-3	-1.111406E-2	-2.107548E-3	-1.090307E+10	-1.096839E+10	-1.683208E+7	6.532198E+7	-1.702670E+11
5.580230E+2	1.139061E+0	2.146162E+10	1.130071E+0	9.906896E+9	1.135664E+0	2.160881E+10	1.124963E+0	9.853525E+9	1.130805E+0	1.690530E+11	1.132390E+0	1.706139E+11	1.131355E+0	1.906618E+11	1.133132E+0	1.920755E+11	-8.989461E-3	-1.070072E-2	5.107943E-3	1.711257E-3	-3.060883E-3	-1.155472E+10	-1.175529E+10	5.337039E+7	2.005673E+8	-1.821686E+11
5.590160E+2	1.039244E+0	1.994081E+10	1.025655E+0	9.168396E+9	1.028547E+0	1.995760E+10	1.020136E+0	9.115181E+9	1.037859E+0	1.578338E+11	1.032388E+0	1.584444E+11	1.036805E+0	1.777914E+11	1.033151E+0	1.783853E+11	-1.358938E-2	-8.410643E-3	5.518659E-3	-5.178736E-3	-7.496432E-3	-1.077242E+10	-1.084242E+10	5.321466E+7	7.000075E+7	-1.692169E+11
5.600180E+2	1.072997E+0	2.045507E+10	1.088922E+0	9.615859E+9	1.074698E+0	2.066902E+10	1.097274E+0	9.658495E+9	1.076802E+0	1.625345E+11	1.080536E+0	1.643037E+11	1.076564E+0	1.832035E+11	1.079697E+0	1.847587E+11	1.592447E-2	2.257575E-2	-8.352005E-3	-6.651283E-3	9.224426E-3	-1.083921E+10	-1.101052E+10	-4.263538E+7	1.713105E+8	-1.751429E+11
5.610010E+2	1.027392E+0	1.976023E+10	1.038159E+0	9.256834E+9	1.040335E+0	2.013931E+10	1.042145E+0	9.270199E+9	1.033159E+0	1.572665E+11	1.033136E+0	1.585354E+11	1.033972E+0	1.774059E+11	1.032496E+0	1.782956E+11	1.076748E-2	1.810373E-3	-3.985898E-3	8.957106E-3	5.662537E-3	-1.050339E+10	-1.086911E+10	-1.336505E+7	3.657156E+8	-1.690388E+11
5.620390E+2	9.092294E-1	1.795992E+10	9.129511E-1	8.371284E+9	9.006063E-1	1.798540E+10	8.930519E-1	8.220071E+9	9.037723E-1	1.416487E+11	9.063284E-1	1.431039E+11	9.034138E-1	1.596341E+11	9.066512E-1	1.610638E+11	3.721708E-3	-7.554352E-3	1.989919E-2	1.127606E-2	6.299949E-3	-9.588632E+9	-9.765328E+9	1.512125E+8	1.766965E+8	-1.526925E+11
5.630240E+2	9.870243E-1	1.914519E+10	9.933080E-1	8.939619E+9	9.815773E-1	1.923357E+10	9.838815E-1	8.859824E+9	9.906958E-1	1.521409E+11	9.841103E-1	1.525694E+11	9.896632E-1	1.713745E+11	9.844345E-1	1.717146E+11	6.283766E-3	2.304203E-3	9.426541E-3	3.979563E-3	8.873494E-3	-1.020558E+10	-1.037374E+10	7.979519E+7	1.681673E+8	-1.627749E+11
5.640230E+2	9.037623E-1	1.787662E+10	9.171171E-1	8.400748E+9	9.091192E-1	1.811663E+10	9.210106E-1	8.416997E+9	9.121645E-1	1.426617E+11	9.143127E-1	1.440755E+11	9.118196E-1	1.607783E+11	9.131388E-1	1.619521E+11	1.335485E-2	1.189144E-2	-3.893533E-3	1.463408E-3	3.978315E-3	-9.475870E+9	-9.699629E+9	-1.624846E+7	2.237593E+8	-1.535514E+11
5.650150E+2	1.067640E+0	2.037345E+10	1.051314E+0	9.349873E+9	1.060991E+0	2.045773E+10	1.056559E+0	9.371721E+9	1.059959E+0	1.605015E+11	1.053678E+0	1.610353E+11	1.060076E+0	1.809592E+11	1.055232E+0	1.814087E+11	-1.632606E-2	-4.432314E-3	-5.244870E-3	-1.189375E-2	-3.917951E-3	-1.102358E+10	-1.108601E+10	-2.184847E+7	6.242924E+7	-1.720588E+11
5.660270E+2	1.071276E+0	2.042885E+10	1.085684E+0	9.592964E+9	1.072343E+0	2.063272E+10	1.063034E+0	9.417327E+9	1.062035E+0	1.607520E+11	1.066310E+0	1.625725E+11	1.063202E+0	1.813847E+11	1.066863E+0	1.830013E+11	1.440840E-2	-9.309674E-3	2.265083E-2	2.371808E-2	1.882151E-2	-1.083589E+10	-1.121540E+10	1.756367E+8	3.795094E+8	-1.734084E+11
5.670320E+2	1.033677E+0	1.985599E+10	1.001467E+0	8.997321E+9	1.035028E+0	2.005752E+10	1.040319E+0	9.257337E+9	1.038214E+0	1.578767E+11	1.042124E+0	1.596292E+11	1.037853E+0	1.779342E+11	1.041184E+0	1.794852E+11	-3.221014E-2	5.290321E-3	-3.885226E-2	-3.750046E-2	-3.971786E-2	-1.085867E+10	-1.080018E+10	-2.600155E+8	-5.848796E+7	-1.704879E+11
