Photon Energy (eV)	X ref norm	X ref	X pump norm	X pump	Y ref norm	Y ref	Y pump norm	Y pump	X all norm	X all	Y all norm	Y all	X all Y ref norm	X all Y ref	Y all X ref norm	Y all X ref	BC(X hist) norm	BC(Y hist) norm	StS norm	BCSC norm	BCLR norm	BC(X hist)	BC(Y hist)	StS	BCSC	BCLR	
2.790030E+2	-4.185894E-3	4.270953E+8	-3.076457E-3	3.887085E+8	-5.050380E-3	4.273868E+8	-4.212054E-3	3.742000E+8	-3.388087E-3	3.279659E+9	-4.377760E-3	3.243512E+9	-3.581257E-3	3.707045E+9	-4.355747E-3	3.670607E+9	1.109436E-3	8.383251E-4	1.135597E-3	2.711114E-4	1.279289E-3	-3.838688E+7	-5.318676E+7	1.450845E+7	1.479988E+7	-3.281899E+9
2.795050E+2	-1.393507E-3	4.544753E+8	-4.618279E-3	3.752843E+8	-1.759655E-3	4.597997E+8	-1.746538E-3	3.957278E+8	-2.780053E-3	3.325207E+9	-2.040514E-3	3.420335E+9	-2.661475E-3	3.785007E+9	-1.966280E-3	3.874810E+9	-3.224772E-3	1.311747E-5	-2.871741E-3	-3.237890E-3	-2.651999E-3	-7.919101E+7	-6.407186E+7	-2.044352E+7	-1.511915E+7	-3.499526E+9
2.800020E+2	-4.027738E-3	4.286461E+8	-1.721946E-3	4.005018E+8	-3.336912E-3	4.442641E+8	-2.436923E-3	3.896997E+8	-1.671904E-3	3.408219E+9	-2.100631E-3	3.415787E+9	-1.865391E-3	3.852483E+9	-2.321737E-3	3.844433E+9	2.305791E-3	8.999887E-4	7.149771E-4	1.405803E-3	5.997911E-4	-2.814432E+7	-5.456438E+7	1.080210E+7	2.642005E+7	-3.443931E+9
2.805050E+2	-2.534669E-3	4.432860E+8	-1.775559E-3	4.000350E+8	-2.243773E-3	4.550312E+8	-3.551564E-3	3.799671E+8	-1.732266E-3	3.403697E+9	-1.250397E-3	3.480111E+9	-1.791707E-3	3.858728E+9	-1.397748E-3	3.923397E+9	7.591100E-4	-1.307791E-3	1.776005E-3	2.066901E-3	-3.778109E-4	-4.325098E+7	-7.506411E+7	2.006786E+7	3.181313E+7	-3.523362E+9
2.810050E+2	-1.494049E-3	4.534895E+8	4.031264E-4	4.190041E+8	5.580502E-5	4.776816E+8	-1.515819E-5	4.108455E+8	-7.536186E-4	3.477008E+9	-1.228229E-3	3.481788E+9	-6.595576E-4	3.954690E+9	-1.258728E-3	3.935277E+9	1.897176E-3	-7.096320E-5	4.182846E-4	1.968139E-3	1.661854E-3	-3.448534E+7	-6.683610E+7	8.158667E+6	3.235076E+7	-3.516273E+9
2.815000E+2	1.090179E-3	4.788284E+8	2.851750E-3	4.403235E+8	2.936002E-4	4.800238E+8	3.191592E-3	4.388454E+8	1.158155E-3	3.620220E+9	4.428897E-4	3.608216E+9	1.057687E-3	4.100244E+9	5.171565E-4	4.087044E+9	1.761570E-3	2.897992E-3	-3.398422E-4	-1.136421E-3	2.334593E-3	-3.850487E+7	-4.117841E+7	1.478152E+6	2.673540E+6	-3.646721E+9
2.820040E+2	3.523062E-3	5.026834E+8	1.873276E-3	4.318043E+8	5.705052E-3	5.333254E+8	4.365418E-3	4.490947E+8	3.318535E-3	3.782056E+9	4.430355E-3	3.909885E+9	3.595865E-3	4.315381E+9	4.326257E-3	4.412569E+9	-1.649786E-3	-1.339633E-3	-2.492143E-3	-3.101528E-4	-2.452981E-3	-7.087909E+7	-8.423067E+7	-1.729045E+7	1.335158E+7	-3.980764E+9
2.825040E+2	9.022615E-3	5.566077E+8	6.064089E-3	4.682924E+8	6.336263E-3	5.395427E+8	4.405228E-3	4.494423E+8	5.849239E-3	3.971632E+9	6.124286E-3	4.038039E+9	5.905835E-3	4.511175E+9	6.456826E-3	4.594647E+9	-2.958526E-3	-1.931035E-3	1.658862E-3	-1.027491E-3	-3.927365E-4	-8.831530E+7	-9.010037E+7	1.885007E+7	1.785061E+6	-4.126354E+9
2.830040E+2	1.149191E-2	5.808197E+8	1.040040E-2	5.060473E+8	9.430368E-3	5.700189E+8	1.757348E-2	5.644216E+8	1.146782E-2	4.392524E+9	1.147981E-2	4.443208E+9	1.123106E-2	4.962543E+9	1.148120E-2	5.024028E+9	-1.091504E-3	8.143108E-3	-7.173073E-3	-9.234612E-3	-1.080796E-3	-7.477231E+7	-5.597296E+6	-5.837430E+7	-6.917502E+7	-4.517981E+9
2.835010E+2	1.928454E-2	6.572281E+8	1.502461E-2	5.463089E+8	1.164664E-2	5.918487E+8	2.106079E-2	5.948713E+8	1.791468E-2	4.875461E+9	1.837973E-2	4.965218E+9	1.718629E-2	5.467310E+9	1.848355E-2	5.622447E+9	-4.259926E-3	9.414147E-3	-6.036178E-3	-1.367407E-2	-3.458934E-3	-1.109192E+8	3.022574E+6	-4.856242E+7	-1.139418E+8	-5.076138E+9
2.840020E+2	3.464278E-2	8.078191E+8	2.926292E-2	6.702775E+8	3.343223E-2	8.064320E+8	4.016216E-2	7.616560E+8	3.502281E-2	6.157042E+9	3.496436E-2	6.219920E+9	3.483798E-2	6.963474E+9	3.492746E-2	7.027739E+9	-5.379858E-3	6.729925E-3	-1.089923E-2	-1.210978E-2	-5.664540E-3	-1.375416E+8	-4.477596E+7	-9.137851E+7	-9.276565E+7	-6.357462E+9
2.841010E+2	4.067198E-2	8.669367E+8	4.000080E-2	7.637688E+8	3.978772E-2	8.690321E+8	3.612821E-2	7.264334E+8	3.941848E-2	6.486324E+9	3.983259E-2	6.588224E+9	3.946139E-2	7.355356E+9	3.992890E-2	7.455160E+9	-6.711794E-4	-3.659505E-3	3.872584E-3	2.988326E-3	7.189802E-5	-1.031678E+8	-1.425987E+8	3.733544E+7	3.943087E+7	-6.691392E+9
2.842030E+2	5.345300E-2	9.922574E+8	6.373308E-2	9.703985E+8	5.654304E-2	1.034068E+9	6.275452E-2	9.589226E+8	6.062987E-2	8.075282E+9	5.981609E-2	8.100065E+9	6.015495E-2	9.109351E+9	5.908602E-2	9.092322E+9	1.028008E-2	6.211479E-3	9.785535E-4	4.068599E-3	4.647058E-3	-2.185895E+7	-7.514578E+7	1.147592E+7	5.328683E+7	-8.121924E+9
2.843030E+2	8.974719E-2	1.348130E+9	8.951471E-2	1.194871E+9	8.262696E-2	1.290989E+9	8.753583E-2	1.175302E+9	8.693739E-2	1.004599E+10	8.714389E-2	1.016754E+10	8.643649E-2	1.133698E+10	8.744258E-2	1.151567E+10	-2.324755E-4	4.908868E-3	1.978882E-3	-5.141343E-3	2.072132E-3	-1.532587E+8	-1.156872E+8	1.956926E+7	-3.757156E+7	-1.032079E+10
2.844030E+2	1.056306E-1	1.503870E+9	1.105438E-1	1.377965E+9	1.130835E-1	1.590979E+9	1.088169E-1	1.361119E+9	1.117433E-1	1.190422E+10	1.113680E-1	1.200020E+10	1.118990E-1	1.349520E+10	1.107098E-1	1.350407E+10	4.913185E-3	-4.266635E-3	1.726888E-3	9.179820E-3	-1.660008E-4	-1.259054E+8	-2.298607E+8	1.684605E+7	1.039553E+8	-1.212611E+10
2.845030E+2	1.329534E-1	1.771777E+9	1.361727E-1	1.601108E+9	1.330719E-1	1.787860E+9	1.280840E-1	1.529351E+9	1.378677E-1	1.386121E+10	1.345802E-1	1.375630E+10	1.373104E-1	1.564907E+10	1.343935E-1	1.552808E+10	3.219266E-3	-4.987846E-3	8.088662E-3	8.207111E-3	1.779180E-3	-1.706688E+8	-2.585094E+8	7.175695E+7	8.784062E+7	-1.392697E+10
2.846010E+2	2.086725E-1	2.514219E+9	2.218633E-1	2.347190E+9	2.077009E-1	2.522940E+9	2.235970E-1	2.363328E+9	2.235610E-1	2.028055E+10	2.117320E-1	1.959319E+10	2.217179E-1	2.280349E+10	2.113810E-1	2.210741E+10	1.319081E-2	1.589606E-2	-1.733713E-3	-2.705255E-3	1.048231E-2	-1.670293E+8	-1.596121E+8	-1.613847E+7	-7.417148E+6	-1.976022E+10
2.847020E+2	4.489260E-1	4.869958E+9	4.694475E-1	4.502829E+9	4.510263E-1	4.919641E+9	4.477198E-1	4.320269E+9	4.814681E-1	3.960053E+10	4.513604E-1	3.772215E+10	4.779305E-1	4.452017E+10	4.510811E-1	4.259211E+10	2.052145E-2	-3.306481E-3	2.172772E-2	2.382793E-2	1.836636E-2	-3.671292E+8	-5.993716E+8	1.825599E+8	2.322424E+8	-3.808928E+10
2.848020E+2	9.566212E-1	9.848021E+9	9.630591E-1	8.800553E+9	9.424550E-1	9.760105E+9	9.475781E-1	8.684811E+9	9.866771E-1	7.744604E+10	9.445905E-1	7.503722E+10	9.815382E-1	8.720614E+10	9.459708E-1	8.488524E+10	6.437967E-3	5.123105E-3	1.548100E-2	1.314862E-3	1.708832E-2	-1.047468E+9	-1.075294E+9	1.157422E+8	2.782610E+7	-7.608469E+10
2.849020E+2	1.536774E+0	1.553655E+10	1.517928E+0	1.363163E+10	1.512895E+0	1.537881E+10	1.523591E+0	1.371430E+10	1.523914E+0	1.176908E+11	1.518681E+0	1.184697E+11	1.522633E+0	1.330696E+11	1.520757E+0	1.340063E+11	-1.884597E-2	1.069623E-2	-5.662571E-3	-2.954221E-2	-2.828559E-3	-1.904922E+9	-1.664509E+9	-8.267154E+7	-2.404135E+8	-1.203747E+11
2.850010E+2	1.768963E+0	1.781321E+10	1.747450E+0	1.563000E+10	1.768313E+0	1.789463E+10	1.727725E+0	1.549671E+10	1.738079E+0	1.337340E+11	1.755979E+0	1.364224E+11	1.741592E+0	1.516286E+11	1.757469E+0	1.542356E+11	-2.151241E-2	-4.058841E-2	1.972515E-2	1.907600E-2	-1.001843E-2	-2.183204E+9	-2.397918E+9	1.332955E+8	2.147144E+8	-1.386056E+11
2.851000E+2	1.758668E+0	1.771226E+10	1.752070E+0	1.567023E+10	1.755111E+0	1.776458E+10	1.749356E+0	1.568558E+10	1.738831E+0	1.337903E+11	1.742053E+0	1.353689E+11	1.740723E+0	1.515549E+11	1.743959E+0	1.530811E+11	-6.597307E-3	-5.755009E-3	2.714772E-3	-8.422970E-4	8.110997E-3	-2.042034E+9	-2.079005E+9	-1.534649E+7	3.697131E+7	-1.374109E+11
2.851990E+2	1.522026E+0	1.539194E+10	1.525310E+0	1.369589E+10	1.535563E+0	1.560209E+10	1.519233E+0	1.367625E+10	1.521272E+0	1.174928E+11	1.526010E+0	1.190243E+11	1.522933E+0	1.330949E+11	1.525553E+0	1.344162E+11	3.283720E-3	-1.632995E-2	6.076208E-3	1.961367E-2	-2.437048E-4	-1.696044E+9	-1.925838E+9	1.964274E+7	2.297938E+8	-1.207203E+11
2.853000E+2	1.146428E+0	1.170912E+10	1.158217E+0	1.049973E+10	1.149653E+0	1.180096E+10	1.169046E+0	1.061857E+10	1.158590E+0	9.032413E+10	1.154899E+0	9.094803E+10	1.157551E+0	1.021251E+11	1.153927E+0	1.026571E+11	1.178928E-2	1.939303E-2	-1.082898E-2	-7.603745E-3	4.289876E-3	-1.209384E+9	-1.182388E+9	-1.188377E+8	-2.699542E+7	-9.215741E+10
2.854010E+2	7.536781E-1	7.858119E+9	7.569749E-1	7.006241E+9	7.444096E-1	7.809402E+9	7.420415E-1	6.890156E+9	7.561886E-1	6.018001E+10	7.421313E-1	5.972027E+10	7.548198E-1	6.798941E+10	7.434561E-1	6.757839E+10	3.296763E-3	-2.368159E-3	1.493338E-2	5.664922E-3	1.351877E-2	-8.518783E+8	-9.192459E+8	1.160851E+8	6.736752E+7	-6.057215E+10
2.855000E+2	5.859393E-1	6.213403E+9	5.975642E-1	5.618302E+9	5.959567E-1	6.347173E+9	5.914652E-1	5.575390E+9	5.938662E-1	4.802034E+10	5.861129E-1	4.791679E+10	5.941091E-1	5.436751E+10	5.860930E-1	5.413019E+10	1.162496E-2	-4.491511E-3	6.099027E-3	1.611647E-2	1.147122E-2	-5.951013E+8	-7.717829E+8	4.291135E+7	1.766817E+8	-4.851189E+10
2.856030E+2	4.541271E-1	4.920955E+9	4.608495E-1	4.427969E+9	4.571822E-1	4.980276E+9	4.574402E-1	4.405143E+9	4.646804E-1	3.834295E+10	4.586686E-1	3.827505E+10	4.638091E-1	4.332323E+10	4.581475E-1	4.319600E+10	6.722437E-3	2.579310E-4	3.409340E-3	6.464506E-3	2.702007E-3	-4.929865E+8	-5.751325E+8	2.282576E+7	8.214600E+7	-3.876803E+10
2.858010E+2	3.484923E-1	3.885183E+9	3.628287E-1	3.574532E+9	3.500705E-1	3.925249E+9	3.558398E-1	3.518014E+9	3.582918E-1	3.037332E+10	3.513754E-1	3.015783E+10	3.573365E-1	3.429857E+10	3.510446E-1	3.404302E+10	1.433644E-2	5.769362E-3	6.988900E-3	8.567073E-3	1.178418E-2	-3.106508E+8	-4.072345E+8	5.651828E+7	9.658369E+7	-3.046848E+10
2.860100E+2	5.400477E-1	5.763426E+9	5.339904E-1	5.064784E+9	5.490569E-1	5.885221E+9	5.467105E-1	5.184612E+9	5.516726E-1	4.485959E+10	5.444815E-1	4.476718E+10	5.513686E-1	5.074481E+10	5.439728E-1	5.053061E+10	-6.057299E-3	-2.346411E-3	-1.272009E-2	-3.710889E-3	-9.982364E-3	-6.986421E+8	-7.006086E+8	-1.198280E+8	1.966531E+6	-4.546582E+10
2.862030E+2	1.150188E+0	1.174599E+10	1.169815E+0	1.060071E+10	1.151342E+0	1.181759E+10	1.156288E+0	1.050717E+10	1.163425E+0	9.068634E+10	1.157582E+0	9.115102E+10	1.162021E+0	1.025039E+11	1.156734E+0	1.028970E+11	1.962697E-2	4.945917E-3	1.352731E-2	1.468105E-2	1.308090E-2	-1.145274E+9	-1.310422E+9	9.354219E+7	1.651483E+8	-9.229630E+10
2.864190E+2	1.509943E+0	1.527346E+10	1.510461E+0	1.356661E+10	1.512421E+0	1.537415E+10	1.503252E+0	1.353671E+10	1.490035E+0	1.151528E+11	1.506030E+0	1.175127E+11	1.492636E+0	1.305270E+11	1.506479E+0	1.327861E+11	5.178040E-4	-9.168910E-3	7.208590E-3	9.686714E-3	3.981547E-3	-1.706853E+9	-1.837433E+9	2.989942E+7	1.305801E+8	-1.192195E+11
2.866180E+2	1.326868E+0	1.347837E+10	1.322502E+0	1.193011E+10	1.317066E+0	1.344994E+10	1.328352E+0	1.200956E+10	1.328829E+0	1.030768E+11	1.319862E+0	1.034282E+11	1.327462E+0	1.165268E+11	1.320666E+0	1.169066E+11	-4.366250E-3	1.128623E-2	-5.850695E-3	-1.565248E-2	1.835643E-3	-1.548264E+9	-1.440378E+9	-7.945468E+7	-1.078857E+8	-1.049765E+11
2.868020E+2	1.417439E+0	1.436644E+10	1.422764E+0	1.280306E+10	1.419025E+0	1.445421E+10	1.423691E+0	1.284202E+10	1.415347E+0	1.095580E+11	1.414642E+0	1.105987E+11	1.415775E+0	1.240122E+11	1.414963E+0	1.249652E+11	5.325223E-3	4.665810E-3	-9.266538E-4	6.594130E-4	7.801126E-3	-1.563378E+9	-1.612197E+9	-3.895326E+7	4.881911E+7	-1.121621E+11
2.870040E+2	1.480867E+0	1.498837E+10	1.490029E+0	1.338871E+10	1.488838E+0	1.514186E+10	1.486089E+0	1.338685E+10	1.473520E+0	1.139157E+11	1.490411E+0	1.163310E+11	1.475300E+0	1.290576E+11	1.489316E+0	1.313194E+11	9.161664E-3	-2.749002E-3	3.939589E-3	1.191067E-2	7.125879E-4	-1.599653E+9	-1.755006E+9	1.864019E+6	1.553535E+8	-1.179307E+11
2.872160E+2	1.150704E+0	1.175105E+10	1.151682E+0	1.044284E+10	1.135744E+0	1.166396E+10	1.143261E+0	1.039343E+10	1.140397E+0	8.896129E+10	1.144920E+0	9.019304E+10	1.139856E+0	1.006252E+11	1.145584E+0	1.019441E+11	9.780021E-4	7.517065E-3	8.421378E-3	-6.539063E-3	6.098928E-3	-1.308212E+9	-1.270531E+9	4.941036E+7	-3.768163E+7	-9.150125E+10
2.874030E+2	8.303938E-1	8.610334E+9	8.378612E-1	7.710493E+9	8.423348E-1	8.773943E+9	8.512151E-1	7.843412E+9	8.401047E-1	6.646621E+10	8.392750E-1	6.706963E+10	8.403638E-1	7.524015E+10	8.382560E-1	7.567997E+10	7.467416E-3	8.880338E-3	-1.335390E-2	-1.412922E-3	-3.948227E-4	-8.998402E+8	-9.305308E+8	-1.329183E+8	3.069066E+7	-6.796947E+10
2.876210E+2	5.838649E-1	6.193063E+9	5.753623E-1	5.424997E+9	5.751950E-1	6.142676E+9	5.747642E-1	5.429564E+9	5.775371E-1	4.679711E+10	5.767699E-1	4.720994E+10	5.772649E-1	5.293979E+10	5.775839E-1	5.340301E+10	-8.502526E-3	-4.308798E-4	5.981792E-4	-8.071647E-3	-2.221602E-3	-7.680663E+8	-7.131112E+8	-4.567544E+6	-5.495512E+7	-4.797801E+10
2.878000E+2	6.226155E-1	6.573022E+9	6.216930E-1	5.828384E+9	5.993739E-1	6.380832E+9	6.099866E-1	5.737111E+9	6.207871E-1	5.003700E+10	6.116369E-1	4.984779E+10	6.182987E-1	5.641783E+10	6.128965E-1	5.642081E+10	-9.224951E-4	1.061266E-2	1.170641E-2	-1.153515E-2	8.796482E-3	-7.446380E+8	-6.437212E+8	9.127253E+7	-1.009168E+8	-5.059243E+10
2.880020E+2	6.936039E-1	7.269079E+9	7.004586E-1	6.514171E+9	6.972204E-1	7.344598E+9	7.032349E-1	6.551314E+9	7.015104E-1	5.608403E+10	6.989727E-1	5.645514E+10	7.010119E-1	6.342863E+10	6.983567E-1	6.372422E+10	6.854664E-3	6.014501E-3	-2.776266E-3	8.401635E-4	2.101854E-3	-7.549076E+8	-7.932842E+8	-3.714236E+7	3.837662E+7	-5.721005E+10
2.882200E+2	7.843622E-1	8.158984E+9	7.970906E-1	7.355516E+9	7.884567E-1	8.243256E+9	7.993454E-1	7.390508E+9	7.954617E-1	6.312198E+10	7.872268E-1	6.313195E+10	7.946477E-1	7.136523E+10	7.868981E-1	7.129094E+10	1.272835E-2	1.088865E-2	-2.254776E-3	1.839707E-3	1.019247E-2	-8.034678E+8	-8.527477E+8	-3.499179E+7	4.927984E+7	-6.393542E+10
2.884180E+2	8.708429E-1	9.006946E+9	9.046988E-1	8.292428E+9	8.673705E-1	9.020539E+9	8.707426E-1	8.013917E+9	8.845936E-1	6.979890E+10	8.679994E-1	6.924277E+10	8.825922E-1	7.881944E+10	8.683257E-1	7.824971E+10	3.385587E-2	3.372111E-3	3.395621E-2	3.048376E-2	3.637311E-2	-7.145186E+8	-1.006622E+9	2.785107E+8	2.921031E+8	-6.995728E+10
2.886030E+2	1.006445E+0	1.033655E+10	1.001316E+0	9.133646E+9	9.756137E-1	1.008671E+10	9.968662E-1	9.115173E+9	1.000899E+0	7.851139E+10	9.922032E-1	7.863934E+10	9.979604E-1	8.859810E+10	9.938372E-1	8.897589E+10	-5.128308E-3	2.125247E-2	4.450076E-3	-2.638078E-2	7.479041E-3	-1.202904E+9	-9.715381E+8	1.847372E+7	-2.313661E+8	-7.984225E+10
2.888130E+2	1.262214E+0	1.284442E+10	1.247426E+0	1.127645E+10	1.266188E+0	1.294880E+10	1.256861E+0	1.138534E+10	1.246302E+0	9.689471E+10	1.257440E+0	9.870572E+10	1.248613E+0	1.098435E+11	1.257988E+0	1.115501E+11	-1.478737E-2	-9.326685E-3	-9.434960E-3	-5.460688E-3	-1.056158E-2	-1.567973E+9	-1.563468E+9	-1.088841E+8	-4.504790E+6	-1.002737E+11
2.890230E+2	1.096165E+0	1.121628E+10	1.083998E+0	9.853534E+9	1.092063E+0	1.123371E+10	1.104448E+0	1.005453E+10	1.088895E+0	8.510326E+10	1.098017E+0	8.664463E+10	1.089263E+0	9.633697E+10	1.097805E+0	9.786091E+10	-1.216649E-2	1.238516E-2	-2.045003E-2	-2.455165E-2	-1.380616E-2	-1.362744E+9	-1.179180E+9	-2.009990E+8	-1.835641E+8	-8.800738E+10
2.892010E+2	8.471517E-1	8.774649E+9	8.504355E-1	7.819974E+9	8.565672E-1	8.914129E+9	8.406771E-1	7.751399E+9	8.502726E-1	6.722789E+10	8.515988E-1	6.800199E+10	8.510041E-1	7.614202E+10	8.510886E-1	7.677664E+10	3.283841E-3	-1.589013E-2	9.758422E-3	1.917397E-2	-6.530520E-4	-9.546743E+8	-1.162731E+9	6.857566E+7	2.080563E+8	-6.895666E+10
2.894040E+2	7.157769E-1	7.486490E+9	7.352011E-1	6.816664E+9	7.163781E-1	7.533298E+9	7.148850E-1	6.653037E+9	7.227708E-1	5.767665E+10	7.199300E-1	5.804065E+10	7.220279E-1	6.520995E+10	7.194535E-1	6.552714E+10	1.942424E-2	-1.493169E-3	2.031620E-2	2.091741E-2	1.574764E-2	-6.698258E+8	-8.802604E+8	1.636269E+8	2.104346E+8	-5.871048E+10
2.896080E+2	8.131373E-1	8.441130E+9	8.161891E-1	7.521802E+9	8.027543E-1	8.384084E+9	7.991482E-1	7.388787E+9	8.058051E-1	6.389681E+10	7.991533E-1	6.403425E+10	8.054506E-1	7.228089E+10	8.007577E-1	7.247538E+10	3.051859E-3	-3.606076E-3	1.704091E-2	6.657934E-3	1.543142E-2	-9.193283E+8	-9.952970E+8	1.330147E+8	7.596870E+7	-6.495357E+10
2.898030E+2	8.499605E-1	8.802190E+9	8.409350E-1	7.737256E+9	8.472559E-1	8.822415E+9	8.478838E-1	7.814324E+9	8.475869E-1	6.702671E+10	8.441465E-1	6.743818E+10	8.475484E-1	7.584912E+10	8.448135E-1	7.624037E+10	-9.025569E-3	6.279082E-4	-6.948839E-3	-9.653477E-3	-3.878572E-3	-1.064934E+9	-1.008090E+9	-7.706852E+7	-5.684385E+7	-6.850312E+10
2.900050E+2	8.303993E-1	8.610388E+9	8.149716E-1	7.511201E+9	8.279026E-1	8.631789E+9	8.187551E-1	7.559986E+9	8.299986E-1	6.570916E+10	8.262402E-1	6.608349E+10	8.297550E-1	7.434095E+10	8.267174E-1	7.469388E+10	-1.542773E-2	-9.147487E-3	-3.783573E-3	-6.280248E-3	-1.174583E-2	-1.099187E+9	-1.071804E+9	-4.878520E+7	-2.738374E+7	-6.718268E+10
2.905200E+2	7.404169E-1	7.728090E+9	7.439887E-1	6.893175E+9	7.491311E-1	7.855907E+9	7.492800E-1	6.953360E+9	7.539646E-1	6.001340E+10	7.500779E-1	6.032147E+10	7.534029E-1	6.786931E+10	7.489694E-1	6.804956E+10	3.571863E-3	1.489763E-4	-5.291323E-3	3.422887E-3	-4.980682E-3	-8.349153E+8	-9.025470E+8	-6.018515E+7	6.763169E+7	-6.115639E+10
2.910060E+2	9.050378E-1	9.342235E+9	9.226510E-1	8.448733E+9	8.984464E-1	9.326630E+9	9.224614E-1	8.465503E+9	9.173583E-1	7.225332E+10	9.045972E-1	7.201155E+10	9.151606E-1	8.157995E+10	9.046478E-1	8.135379E+10	1.761327E-2	2.401492E-2	1.896769E-4	-6.401653E-3	1.800329E-2	-8.935020E+8	-8.611276E+8	-1.677011E+7	-3.237442E+7	-7.290506E+10
2.915180E+2	1.220974E+0	1.244006E+10	1.219346E+0	1.103196E+10	1.234081E+0	1.263256E+10	1.231529E+0	1.116414E+10	1.224322E+0	9.524816E+10	1.225031E+0	9.625380E+10	1.225456E+0	1.078807E+11	1.224565E+0	1.086939E+11	-1.628393E-3	-2.552279E-3	-1.218291E-2	9.238865E-4	-5.219478E-3	-1.408099E+9	-1.468414E+9	-1.321797E+8	6.031540E+7	-9.766190E+10
2.920030E+2	9.906181E-1	1.018137E+10	1.017502E+0	9.274572E+9	9.949105E-1	1.027678E+10	9.956046E-1	9.104157E+9	9.982712E-1	7.831456E+10	9.952950E-1	7.887325E+10	9.978807E-1	8.859134E+10	9.947584E-1	8.905462E+10	2.688405E-2	6.940523E-4	2.189761E-2	2.619000E-2	2.274375E-2	-9.067967E+8	-1.172623E+9	1.704154E+8	2.658265E+8	-7.978005E+10
2.925020E+2	9.346980E-1	9.633059E+9	9.276868E-1	8.492578E+9	9.288297E-1	9.625899E+9	9.314672E-1	8.544138E+9	9.273860E-1	7.300450E+10	9.317352E-1	7.406467E+10	9.275537E-1	8.263040E+10	9.320752E-1	8.369773E+10	-7.011153E-3	2.637509E-3	-3.780401E-3	-9.648662E-3	-4.388339E-3	-1.140482E+9	-1.081761E+9	-5.156029E+7	-5.872095E+7	-7.520515E+10
2.930050E+2	9.559281E-1	9.841226E+9	9.606676E-1	8.779731E+9	9.606523E-1	9.939344E+9	9.733753E-1	8.910061E+9	9.647958E-1	7.580690E+10	9.675340E-1	7.677300E+10	9.643143E-1	8.574624E+10	9.662024E-1	8.661423E+10	4.739481E-3	1.272303E-2	-1.270772E-2	-7.983544E-3	-5.534752E-3	-1.061495E+9	-1.029283E+9	-1.303298E+8	-3.221135E+7	-7.783450E+10
2.935120E+2	1.206455E+0	1.229770E+10	1.169061E+0	1.059414E+10	1.188188E+0	1.218052E+10	1.181317E+0	1.072572E+10	1.181981E+0	9.207635E+10	1.183908E+0	9.314265E+10	1.182702E+0	1.042569E+11	1.186495E+0	1.054404E+11	-3.739464E-2	-6.870682E-3	-1.225678E-2	-3.052396E-2	-1.743415E-2	-1.703555E+9	-1.454802E+9	-1.315743E+8	-2.487529E+8	-9.484621E+10
2.940070E+2	9.485562E-1	9.768942E+9	9.495038E-1	8.682532E+9	9.351760E-1	9.688409E+9	9.377161E-1	8.598700E+9	9.404471E-1	7.398292E+10	9.386180E-1	7.458538E+10	9.398346E-1	8.367133E+10	9.397583E-1	8.435432E+10	9.476700E-4	2.540085E-3	1.178773E-2	-1.592415E-3	9.745558E-3	-1.086410E+9	-1.089708E+9	8.383121E+7	3.297675E+6	-7.567179E+10
2.945010E+2	8.259372E-1	8.566636E+9	8.187624E-1	7.544206E+9	8.149461E-1	8.504170E+9	8.242033E-1	7.607557E+9	8.268988E-1	6.547695E+10	8.247260E-1	6.596894E+10	8.255098E-1	7.398112E+10	8.248650E-1	7.453558E+10	-7.174842E-3	9.257263E-3	-5.440954E-3	-1.643211E-2	-6.102629E-3	-1.022430E+9	-8.966131E+8	-6.335098E+7	-1.258171E+8	-6.699137E+10
2.950040E+2	9.599789E-1	9.880945E+9	9.715321E-1	8.874325E+9	9.640587E-1	9.972896E+9	9.644845E-1	8.832430E+9	9.642651E-1	7.576714E+10	9.598130E-1	7.618888E+10	9.642411E-1	8.574004E+10	9.598320E-1	8.606982E+10	1.155317E-2	4.258041E-4	7.047616E-3	1.112737E-2	1.170005E-2	-1.006620E+9	-1.140466E+9	4.189491E+7	1.338464E+8	-7.719550E+10
2.955050E+2	1.121548E+0	1.146517E+10	1.104418E+0	1.003133E+10	1.117292E+0	1.148221E+10	1.111559E+0	1.011662E+10	1.115406E+0	8.708919E+10	1.112901E+0	8.777065E+10	1.115625E+0	9.857139E+10	1.113893E+0	9.923582E+10	-1.713003E-2	-5.732336E-3	-7.140981E-3	-1.139770E-2	-9.474481E-3	-1.433845E+9	-1.365585E+9	-8.529801E+7	-6.825978E+7	-8.920449E+10
2.960050E+2	1.212426E+0	1.235624E+10	1.200142E+0	1.086476E+10	1.197759E+0	1.227479E+10	1.212886E+0	1.100136E+10	1.205708E+0	9.385380E+10	1.205617E+0	9.478505E+10	1.204785E+0	1.061286E+11	1.206398E+0	1.071413E+11	-1.228362E-2	1.512749E-2	-1.274434E-2	-2.741111E-2	-6.256203E-3	-1.491480E+9	-1.273426E+9	-1.366043E+8	-2.180536E+8	-9.627653E+10
2.964960E+2	1.069145E+0	1.095135E+10	1.064744E+0	9.685896E+9	1.059877E+0	1.091669E+10	1.072849E+0	9.778618E+9	1.070937E+0	8.375797E+10	1.071368E+0	8.462851E+10	1.069652E+0	9.467466E+10	1.071113E+0	9.557986E+10	-4.401039E-3	1.297135E-2	-8.104209E-3	-1.737239E-2	-6.368559E-3	-1.265451E+9	-1.138070E+9	-9.272196E+7	-1.273805E+8	-8.589397E+10
2.970040E+2	9.739130E-1	1.001757E+10	9.611960E-1	8.784332E+9	9.684807E-1	1.001645E+10	9.569727E-1	8.766840E+9	9.653074E-1	7.584522E+10	9.670054E-1	7.673302E+10	9.656762E-1	8.586167E+10	9.677980E-1	8.675059E+10	-1.271700E-2	-1.150796E-2	4.223277E-3	-1.209045E-3	-6.601972E-3	-1.233240E+9	-1.249611E+9	1.749105E+7	1.637159E+7	-7.796626E+10
2.975040E+2	1.037937E+0	1.064534E+10	1.035344E+0	9.429916E+9	1.033002E+0	1.065198E+10	1.043095E+0	9.518818E+9	1.041230E+0	8.153265E+10	1.039339E+0	8.220534E+10	1.040274E+0	9.218463E+10	1.039178E+0	9.285068E+10	-2.592749E-3	1.009218E-2	-7.750447E-3	-1.268493E-2	-3.833588E-3	-1.215423E+9	-1.133158E+9	-8.890199E+7	-8.226511E+7	-8.342076E+10
2.980020E+2	1.018511E+0	1.045487E+10	1.011574E+0	9.222954E+9	1.005984E+0	1.038585E+10	1.003505E+0	9.173140E+9	1.005141E+0	7.882916E+10	1.004148E+0	7.954302E+10	1.005239E+0	8.921501E+10	1.005796E+0	8.999788E+10	-6.937474E-3	-2.478661E-3	8.068580E-3	-4.458814E-3	5.777679E-3	-1.231912E+9	-1.212708E+9	4.981384E+7	-1.920333E+7	-8.077493E+10
2.985020E+2	9.339938E-1	9.626155E+9	9.498104E-1	8.685201E+9	9.499295E-1	9.833727E+9	9.356092E-1	8.580304E+9	9.427050E-1	7.415206E+10	9.429108E-1	7.491015E+10	9.435446E-1	8.398579E+10	9.418877E-1	8.453631E+10	1.581659E-2	-1.432024E-2	1.420118E-2	3.013683E-2	7.922680E-3	-9.409542E+8	-1.253423E+9	1.048968E+8	3.124685E+8	-7.585110E+10
2.990010E+2	9.087619E-1	9.378751E+9	9.118765E-1	8.354922E+9	9.106134E-1	9.446472E+9	9.124049E-1	8.377694E+9	9.097388E-1	7.168254E+10	9.070661E-1	7.219834E+10	9.098404E-1	8.112901E+10	9.072607E-1	8.157709E+10	3.114526E-3	1.791527E-3	-5.284760E-4	1.322999E-3	4.615787E-3	-1.023829E+9	-1.068778E+9	-2.277278E+7	4.494861E+7	-7.322217E+10
2.995020E+2	1.013211E+0	1.040290E+10	1.013961E+0	9.243738E+9	1.023131E+0	1.055474E+10	1.019327E+0	9.311291E+9	1.018415E+0	7.982355E+10	1.022130E+0	8.090346E+10	1.018963E+0	9.037829E+10	1.021107E+0	9.130636E+10	7.494179E-4	-3.803605E-3	-5.366256E-3	4.553023E-3	-7.146287E-3	-1.159162E+9	-1.243451E+9	-6.755257E+7	8.428887E+7	-8.206263E+10
3.000030E+2	1.087585E+0	1.113215E+10	1.077435E+0	9.796386E+9	1.077340E+0	1.108870E+10	1.086059E+0	9.893967E+9	1.082770E+0	8.464441E+10	1.084406E+0	8.561492E+10	1.082139E+0	9.573311E+10	1.084771E+0	9.674707E+10	-1.015031E-2	8.718799E-3	-8.624578E-3	-1.886911E-2	-7.336271E-3	-1.335764E+9	-1.194730E+9	-9.758115E+7	-1.410349E+8	-8.695068E+10
