Photon Energy (eV)	X ref norm	X ref	X pump norm	X pump	Y ref norm	Y ref	Y pump norm	Y pump	X all norm	X all	Y all norm	Y all	X all Y ref norm	X all Y ref	Y all X ref norm	Y all X ref	BC(X hist) norm	BC(Y hist) norm	StS norm	BCSC norm	BCLR norm	BC(X hist)	BC(Y hist)	StS	BCSC	BCLR	
2.790030E+2	-4.185894E-3	4.270953E+8	7.731468E-3	2.465009E+7	-5.050380E-3	4.273868E+8	-4.218691E-3	1.861337E+7	-3.388087E-3	3.279659E+9	-4.377760E-3	3.243512E+9	-3.581257E-3	3.707045E+9	-4.355747E-3	3.670607E+9	1.191736E-2	8.316889E-4	1.195016E-2	1.108567E-2	1.208721E-2	-4.024452E+8	-4.087734E+8	6.036729E+6	6.328168E+6	-3.645957E+9
2.795050E+2	-1.393507E-3	4.544753E+8	-1.371841E-2	1.505259E+7	-1.759655E-3	4.597997E+8	2.419801E-3	2.157533E+7	-2.780053E-3	3.325207E+9	-2.040514E-3	3.420335E+9	-2.661475E-3	3.785007E+9	-1.966280E-3	3.874810E+9	-1.232490E-2	4.179456E-3	-1.613821E-2	-1.650436E-2	-1.175213E-2	-4.394227E+8	-4.382244E+8	-6.522742E+6	-1.198375E+6	-3.859758E+9
2.800020E+2	-4.027738E-3	4.286461E+8	9.609179E-3	2.549025E+7	-3.336912E-3	4.442641E+8	-5.608877E-3	1.799309E+7	-1.671904E-3	3.408219E+9	-2.100631E-3	3.415787E+9	-1.865391E-3	3.852483E+9	-2.321737E-3	3.844433E+9	1.363692E-2	-2.271965E-3	1.521806E-2	1.590888E-2	1.193092E-2	-4.031558E+8	-4.262710E+8	7.497164E+6	2.311512E+7	-3.818943E+9
2.805050E+2	-2.534669E-3	4.432860E+8	7.458809E-4	2.152447E+7	-2.243773E-3	4.550312E+8	-1.003507E-2	1.601821E+7	-1.732266E-3	3.403697E+9	-1.250397E-3	3.480111E+9	-1.791707E-3	3.858728E+9	-1.397748E-3	3.923397E+9	3.280550E-3	-7.791293E-3	1.078095E-2	1.107184E-2	2.143629E-3	-4.217615E+8	-4.390130E+8	5.506264E+6	1.725153E+7	-3.901872E+9
2.810050E+2	-1.494049E-3	4.534895E+8	-1.175405E-2	1.593152E+7	5.580502E-5	4.776816E+8	3.160523E-3	2.190583E+7	-7.536186E-4	3.477008E+9	-1.228229E-3	3.481788E+9	-6.595576E-4	3.954690E+9	-1.258728E-3	3.935277E+9	-1.026000E-2	3.104718E-3	-1.491457E-2	-1.336471E-2	-1.049532E-2	-4.375580E+8	-4.557757E+8	-5.974307E+6	1.821779E+7	-3.919346E+9
2.815000E+2	1.090179E-3	4.788284E+8	-7.378723E-3	1.788921E+7	2.936002E-4	4.800238E+8	1.954320E-3	2.136765E+7	1.158155E-3	3.620220E+9	4.428897E-4	3.608216E+9	1.057687E-3	4.100244E+9	5.171565E-4	4.087044E+9	-8.468903E-3	1.660720E-3	-9.333044E-3	-1.012962E-2	-7.895880E-3	-4.609392E+8	-4.586562E+8	-3.478435E+6	-2.283047E+6	-4.069155E+9
2.820040E+2	3.523062E-3	5.026834E+8	1.811585E-3	2.200131E+7	5.705052E-3	5.333254E+8	1.458135E-2	2.700159E+7	3.318535E-3	3.782056E+9	4.430355E-3	3.909885E+9	3.595865E-3	4.315381E+9	4.326257E-3	4.412569E+9	-1.711476E-3	8.876294E-3	-1.276976E-2	-1.058777E-2	-2.514672E-3	-4.806820E+8	-5.063238E+8	-5.000276E+6	2.564176E+7	-4.390567E+9
2.825040E+2	9.022615E-3	5.566077E+8	1.295306E-2	2.698644E+7	6.336263E-3	5.395427E+8	-2.253357E-3	1.949026E+7	5.849239E-3	3.971632E+9	6.124286E-3	4.038039E+9	5.905835E-3	4.511175E+9	6.456826E-3	4.594647E+9	3.930448E-3	-8.589620E-3	1.520642E-2	1.252007E-2	6.496237E-3	-5.296213E+8	-5.200524E+8	7.496177E+6	-9.568834E+6	-4.567660E+9
2.830040E+2	1.149191E-2	5.808197E+8	1.782470E-2	2.916619E+7	9.430368E-3	5.700189E+8	2.281395E-2	3.067482E+7	1.146782E-2	4.392524E+9	1.147981E-2	4.443208E+9	1.123106E-2	4.962543E+9	1.148120E-2	5.024028E+9	6.332791E-3	1.338358E-2	-4.989249E-3	-7.050788E-3	6.343499E-3	-5.516535E+8	-5.393441E+8	-1.508623E+6	-1.230933E+7	-4.994862E+9
2.835010E+2	1.928454E-2	6.572281E+8	1.247424E-2	2.677219E+7	1.164664E-2	5.918487E+8	2.445235E-2	3.140584E+7	1.791468E-2	4.875461E+9	1.837973E-2	4.965218E+9	1.718629E-2	5.467310E+9	1.848355E-2	5.622447E+9	-6.810298E-3	1.280571E-2	-1.197811E-2	-1.961601E-2	-6.009307E-3	-6.304559E+8	-5.604429E+8	-4.633650E+6	-7.001302E+7	-5.595674E+9
2.840020E+2	3.464278E-2	8.078191E+8	5.027378E-2	4.368517E+7	3.343223E-2	8.064320E+8	3.899734E-2	3.789554E+7	3.502281E-2	6.157042E+9	3.496436E-2	6.219920E+9	3.483798E-2	6.963474E+9	3.492746E-2	7.027739E+9	1.563100E-2	5.565108E-3	1.127644E-2	1.006589E-2	1.534632E-2	-7.641339E+8	-7.685364E+8	5.789625E+6	4.402489E+6	-6.984054E+9
2.841010E+2	4.067198E-2	8.669367E+8	5.410504E-2	4.539942E+7	3.978772E-2	8.690321E+8	3.187391E-2	3.471720E+7	3.941848E-2	6.486324E+9	3.983259E-2	6.588224E+9	3.946139E-2	7.355356E+9	3.992890E-2	7.455160E+9	1.343306E-2	-7.913806E-3	2.223113E-2	2.134687E-2	1.417614E-2	-8.215373E+8	-8.343149E+8	1.068222E+7	1.277764E+7	-7.409761E+9
2.842030E+2	5.345300E-2	9.922574E+8	3.524365E-2	3.696011E+7	5.654304E-2	1.034068E+9	5.370815E-2	4.445923E+7	6.062987E-2	8.075282E+9	5.981609E-2	8.100065E+9	6.015495E-2	9.109351E+9	5.908602E-2	9.092322E+9	-1.820935E-2	-2.834894E-3	-1.846450E-2	-1.537445E-2	-2.384237E-2	-9.552973E+8	-9.896091E+8	-7.499121E+6	3.431179E+7	-9.055362E+9
2.843030E+2	8.974719E-2	1.348130E+9	6.712544E-2	5.122525E+7	8.262696E-2	1.290989E+9	1.116202E-1	7.029848E+7	8.693739E-2	1.004599E+10	8.714389E-2	1.016754E+10	8.643649E-2	1.133698E+10	8.744258E-2	1.151567E+10	-2.262175E-2	2.899322E-2	-4.449474E-2	-5.161496E-2	-2.031714E-2	-1.296905E+9	-1.220691E+9	-1.907323E+7	-7.621406E+7	-1.146444E+10
2.844030E+2	1.056306E-1	1.503870E+9	1.101341E-1	7.046896E+7	1.130835E-1	1.590979E+9	1.046563E-1	6.719133E+7	1.117433E-1	1.190422E+10	1.113680E-1	1.200020E+10	1.118990E-1	1.349520E+10	1.107098E-1	1.350407E+10	4.503486E-3	-8.427204E-3	5.477758E-3	1.293069E-2	-5.756997E-4	-1.433401E+9	-1.523788E+9	3.277635E+6	9.038690E+7	-1.343360E+10
2.845030E+2	1.329534E-1	1.771777E+9	1.285363E-1	7.870285E+7	1.330719E-1	1.787860E+9	1.403245E-1	8.310581E+7	1.378677E-1	1.386121E+10	1.345802E-1	1.375630E+10	1.373104E-1	1.564907E+10	1.343935E-1	1.552808E+10	-4.417111E-3	7.252623E-3	-1.178818E-2	-1.166973E-2	-5.857197E-3	-1.693074E+9	-1.704755E+9	-4.402961E+6	1.168071E+7	-1.544938E+10
2.846010E+2	2.086725E-1	2.514219E+9	2.028768E-1	1.119656E+8	2.077009E-1	2.522940E+9	1.975893E-1	1.086563E+8	2.235610E-1	2.028055E+10	2.117320E-1	1.959319E+10	2.217179E-1	2.280349E+10	2.113810E-1	2.210741E+10	-5.795711E-3	-1.011161E-2	5.287446E-3	4.315904E-3	-8.504212E-3	-2.402253E+9	-2.414284E+9	3.309344E+6	1.203066E+7	-2.199544E+10
2.847020E+2	4.489260E-1	4.869958E+9	5.652118E-1	2.740883E+8	4.510263E-1	4.919641E+9	4.517081E-1	2.220393E+8	4.814681E-1	3.960053E+10	4.513604E-1	3.772215E+10	4.779305E-1	4.452017E+10	4.510811E-1	4.259211E+10	1.162858E-1	6.817974E-4	1.135038E-1	1.156040E-1	1.141307E-1	-4.595870E+9	-4.697601E+9	5.204905E+7	1.017315E+8	-4.231802E+10
2.848020E+2	9.566212E-1	9.848021E+9	9.458515E-1	4.444012E+8	9.424550E-1	9.760105E+9	8.692496E-1	4.083384E+8	9.866771E-1	7.744604E+10	9.445905E-1	7.503722E+10	9.815382E-1	8.720614E+10	9.459708E-1	8.488524E+10	-1.076966E-2	-7.320540E-2	7.660187E-2	6.243574E-2	-1.193054E-4	-9.403620E+9	-9.351767E+9	3.606277E+7	-5.185330E+7	-8.444084E+10
2.849020E+2	1.536774E+0	1.553655E+10	1.553924E+0	7.164763E+8	1.512895E+0	1.537881E+10	1.566119E+0	7.192684E+8	1.523914E+0	1.176908E+11	1.518681E+0	1.184697E+11	1.522633E+0	1.330696E+11	1.520757E+0	1.340063E+11	1.714993E-2	5.322457E-2	-1.219500E-2	-3.607464E-2	3.316735E-2	-1.482007E+10	-1.465954E+10	-2.792078E+6	-1.605340E+8	-1.332898E+11
2.850010E+2	1.768963E+0	1.781321E+10	1.780889E+0	8.180293E+8	1.768313E+0	1.789463E+10	1.811163E+0	8.286024E+8	1.738079E+0	1.337340E+11	1.755979E+0	1.364224E+11	1.741592E+0	1.516286E+11	1.757469E+0	1.542356E+11	1.192682E-2	4.284980E-2	-3.027384E-2	-3.092298E-2	2.342079E-2	-1.699518E+10	-1.706602E+10	-1.057311E+7	7.084580E+7	-1.534176E+11
2.851000E+2	1.758668E+0	1.771226E+10	1.762206E+0	8.096697E+8	1.755111E+0	1.776458E+10	1.786396E+0	8.175520E+8	1.738831E+0	1.337903E+11	1.742053E+0	1.353689E+11	1.740723E+0	1.515549E+11	1.743959E+0	1.530811E+11	3.538366E-3	3.128575E-2	-2.419031E-2	-2.774738E-2	1.824667E-2	-1.690259E+10	-1.694703E+10	-7.882250E+6	4.443555E+7	-1.522715E+11
2.851990E+2	1.522026E+0	1.539194E+10	1.551748E+0	7.155025E+8	1.535563E+0	1.560209E+10	1.509084E+0	6.938205E+8	1.521272E+0	1.174928E+11	1.526010E+0	1.190243E+11	1.522933E+0	1.330949E+11	1.525553E+0	1.344162E+11	2.972170E-2	-2.647907E-2	4.266331E-2	5.620077E-2	2.619427E-2	-1.467644E+10	-1.490827E+10	2.168193E+7	2.318329E+8	-1.337007E+11
2.853000E+2	1.146428E+0	1.170912E+10	1.156399E+0	5.386084E+8	1.149653E+0	1.180096E+10	1.138559E+0	5.284992E+8	1.158590E+0	9.032413E+10	1.154899E+0	9.094803E+10	1.157551E+0	1.021251E+11	1.153927E+0	1.026571E+11	9.971501E-3	-1.109403E-2	1.784030E-2	2.106553E-2	2.472096E-3	-1.117051E+10	-1.127246E+10	1.010923E+7	1.019515E+8	-1.021185E+11
2.854010E+2	7.536781E-1	7.858119E+9	7.571003E-1	3.599466E+8	7.444096E-1	7.809402E+9	7.607920E-1	3.599467E+8	7.561886E-1	6.018001E+10	7.421313E-1	5.972027E+10	7.548198E-1	6.798941E+10	7.434561E-1	6.757839E+10	3.422250E-3	1.638235E-2	-3.691638E-3	-1.296010E-2	1.364426E-2	-7.498173E+9	-7.449455E+9	-2.940635E+1	-4.871765E+7	-6.721845E+10
2.855000E+2	5.859393E-1	6.213403E+9	6.093704E-1	2.938465E+8	5.959567E-1	6.347173E+9	5.952230E-1	2.860729E+8	5.938662E-1	4.802034E+10	5.861129E-1	4.791679E+10	5.941091E-1	5.436751E+10	5.860930E-1	5.413019E+10	2.343110E-2	-7.337138E-4	1.414737E-2	2.416481E-2	2.327736E-2	-5.919556E+9	-6.061100E+9	7.773631E+6	1.415440E+8	-5.383634E+10
2.856030E+2	4.541271E-1	4.920955E+9	4.640357E-1	2.288182E+8	4.571822E-1	4.980276E+9	4.450055E-1	2.190487E+8	4.646804E-1	3.834295E+10	4.586686E-1	3.827505E+10	4.638091E-1	4.332323E+10	4.581475E-1	4.319600E+10	9.908606E-3	-1.217677E-2	1.903021E-2	2.208538E-2	5.888177E-3	-4.692137E+9	-4.761227E+9	9.769508E+6	6.908975E+7	-4.296719E+10
2.858010E+2	3.484923E-1	3.885183E+9	3.783071E-1	1.904599E+8	3.500705E-1	3.925249E+9	3.307111E-1	1.680527E+8	3.582918E-1	3.037332E+10	3.513754E-1	3.015783E+10	3.573365E-1	3.429857E+10	3.510446E-1	3.404302E+10	2.981480E-2	-1.935943E-2	4.759605E-2	4.917422E-2	2.726254E-2	-3.694723E+9	-3.757196E+9	2.240724E+7	6.247266E+7	-3.385256E+10
2.860100E+2	5.400477E-1	5.763426E+9	5.991905E-1	2.892917E+8	5.490569E-1	5.885221E+9	4.938090E-1	2.408239E+8	5.516726E-1	4.485959E+10	5.444815E-1	4.476718E+10	5.513686E-1	5.074481E+10	5.439728E-1	5.053061E+10	5.914280E-2	-5.524796E-2	1.053816E-1	1.143908E-1	5.521773E-2	-5.474135E+9	-5.644397E+9	4.846780E+7	1.702623E+8	-5.024132E+10
2.862030E+2	1.150188E+0	1.174599E+10	1.213141E+0	5.639970E+8	1.151342E+0	1.181759E+10	1.161788E+0	5.388633E+8	1.163425E+0	9.068634E+10	1.157582E+0	9.115102E+10	1.162021E+0	1.025039E+11	1.156734E+0	1.028970E+11	6.295355E-2	1.044591E-2	5.135390E-2	5.250764E-2	5.640749E-2	-1.118199E+10	-1.127873E+10	2.513371E+7	9.673984E+7	-1.023330E+11
2.864190E+2	1.509943E+0	1.527346E+10	1.484467E+0	6.853987E+8	1.512421E+0	1.537415E+10	1.464754E+0	6.740410E+8	1.490035E+0	1.151528E+11	1.506030E+0	1.175127E+11	1.492636E+0	1.305270E+11	1.506479E+0	1.327861E+11	-2.547574E-2	-4.766758E-2	1.971372E-2	2.219184E-2	-2.201200E-2	-1.458807E+10	-1.470010E+10	1.135765E+7	1.120383E+8	-1.321007E+11
2.866180E+2	1.326868E+0	1.347837E+10	1.417511E+0	6.554397E+8	1.317066E+0	1.344994E+10	1.323732E+0	6.111199E+8	1.328829E+0	1.030768E+11	1.319862E+0	1.034282E+11	1.327462E+0	1.165268E+11	1.320666E+0	1.169066E+11	9.064257E-2	6.665903E-3	9.377845E-2	8.397667E-2	9.684447E-2	-1.282293E+10	-1.283882E+10	4.431973E+7	1.588876E+7	-1.162512E+11
2.868020E+2	1.417439E+0	1.436644E+10	1.406640E+0	6.505755E+8	1.419025E+0	1.445421E+10	1.398976E+0	6.446924E+8	1.415347E+0	1.095580E+11	1.414642E+0	1.105987E+11	1.415775E+0	1.240122E+11	1.414963E+0	1.249652E+11	-1.079941E-2	-2.004892E-2	7.663444E-3	9.249511E-3	-8.323509E-3	-1.371587E+10	-1.380952E+10	5.883176E+6	9.365555E+7	-1.243146E+11
2.870040E+2	1.480867E+0	1.498837E+10	1.499408E+0	6.920839E+8	1.488838E+0	1.514186E+10	1.527009E+0	7.018181E+8	1.473520E+0	1.139157E+11	1.490411E+0	1.163310E+11	1.475300E+0	1.290576E+11	1.489316E+0	1.313194E+11	1.854138E-2	3.817056E-2	-2.760026E-2	-1.962918E-2	1.009230E-2	-1.429628E+10	-1.444004E+10	-9.734166E+6	1.437553E+8	-1.306273E+11
2.872160E+2	1.150704E+0	1.175105E+10	1.142200E+0	5.322551E+8	1.135744E+0	1.166396E+10	1.181774E+0	5.477809E+8	1.140397E+0	8.896129E+10	1.144920E+0	9.019304E+10	1.139856E+0	1.006252E+11	1.145584E+0	1.019441E+11	-8.504509E-3	4.603005E-2	-3.957412E-2	-5.453456E-2	-3.383583E-3	-1.121880E+10	-1.111618E+10	-1.552586E+7	-1.026178E+8	-1.014118E+11
2.874030E+2	8.303938E-1	8.610334E+9	8.689976E-1	4.100138E+8	8.423348E-1	8.773943E+9	8.446956E-1	3.973829E+8	8.401047E-1	6.646621E+10	8.392750E-1	6.706963E+10	8.403638E-1	7.524015E+10	8.382560E-1	7.567997E+10	3.860382E-2	2.360879E-3	2.430196E-2	3.624294E-2	3.074158E-2	-8.200320E+9	-8.376560E+9	1.263089E+7	1.762398E+8	-7.526995E+10
2.876210E+2	5.838649E-1	6.193063E+9	5.406895E-1	2.631161E+8	5.751950E-1	6.142676E+9	5.730387E-1	2.761747E+8	5.775371E-1	4.679711E+10	5.767699E-1	4.720994E+10	5.772649E-1	5.293979E+10	5.775839E-1	5.340301E+10	-4.317539E-2	-2.156385E-3	-3.234918E-2	-4.101901E-2	-3.689447E-2	-5.929947E+9	-5.866501E+9	-1.305862E+7	-6.344619E+7	-5.313989E+10
2.878000E+2	6.226155E-1	6.573022E+9	5.972957E-1	2.884439E+8	5.993739E-1	6.380832E+9	6.409409E-1	3.064714E+8	6.207871E-1	5.003700E+10	6.116369E-1	4.984779E+10	6.182987E-1	5.641783E+10	6.128965E-1	5.642081E+10	-2.531979E-2	4.156693E-2	-4.364515E-2	-6.688671E-2	-1.560081E-2	-6.284578E+9	-6.074361E+9	-1.802748E+7	-2.102168E+8	-5.613237E+10
2.880020E+2	6.936039E-1	7.269079E+9	6.756212E-1	3.234897E+8	6.972204E-1	7.344598E+9	6.747418E-1	3.215527E+8	7.015104E-1	5.608403E+10	6.989727E-1	5.645514E+10	7.010119E-1	6.342863E+10	6.983567E-1	6.372422E+10	-1.798270E-2	-2.247860E-2	8.794726E-4	4.495902E-3	-2.273551E-2	-6.945589E+9	-7.023045E+9	1.937056E+6	7.745603E+7	-6.340073E+10
2.882200E+2	7.843622E-1	8.158984E+9	7.503169E-1	3.569115E+8	7.884567E-1	8.243256E+9	7.431352E-1	3.520686E+8	7.954617E-1	6.312198E+10	7.872268E-1	6.313195E+10	7.946477E-1	7.136523E+10	7.868981E-1	7.129094E+10	-3.404532E-2	-4.532149E-2	7.181680E-3	1.127616E-2	-3.658121E-2	-7.802073E+9	-7.891187E+9	4.842910E+6	8.911454E+7	-7.093403E+10
2.884180E+2	8.708429E-1	9.006946E+9	9.007292E-1	4.242117E+8	8.673705E-1	9.020539E+9	8.809210E-1	4.135460E+8	8.845936E-1	6.979890E+10	8.679994E-1	6.924277E+10	8.825922E-1	7.881944E+10	8.683257E-1	7.824971E+10	2.988629E-2	1.355056E-2	1.980817E-2	1.633573E-2	3.240352E-2	-8.582734E+9	-8.606993E+9	1.066575E+7	2.425814E+7	-7.782550E+10
2.886030E+2	1.006445E+0	1.033655E+10	9.922882E-1	4.651788E+8	9.756137E-1	1.008671E+10	9.554175E-1	4.467849E+8	1.000899E+0	7.851139E+10	9.922032E-1	7.863934E+10	9.979604E-1	8.859810E+10	9.938372E-1	8.897589E+10	-1.415634E-2	-2.019624E-2	3.687076E-2	6.039908E-3	-1.548986E-3	-9.871372E+9	-9.639926E+9	1.839389E+7	-2.314460E+8	-8.851072E+10
2.888130E+2	1.262214E+0	1.284442E+10	1.273791E+0	5.911338E+8	1.266188E+0	1.294880E+10	1.268061E+0	5.862803E+8	1.246302E+0	9.689471E+10	1.257440E+0	9.870572E+10	1.248613E+0	1.098435E+11	1.257988E+0	1.115501E+11	1.157676E-2	1.872459E-3	5.730024E-3	9.704296E-3	1.580255E-2	-1.225329E+10	-1.236252E+10	4.853466E+6	1.092327E+8	-1.109590E+11
2.890230E+2	1.096165E+0	1.121628E+10	1.075283E+0	5.023138E+8	1.092063E+0	1.123371E+10	1.137411E+0	5.279868E+8	1.088895E+0	8.510326E+10	1.098017E+0	8.664463E+10	1.089263E+0	9.633697E+10	1.097805E+0	9.786091E+10	-2.088188E-2	4.534748E-2	-6.212775E-2	-6.622936E-2	-2.252155E-2	-1.071396E+10	-1.070573E+10	-2.567301E+7	-8.238129E+6	-9.735860E+10
2.892010E+2	8.471517E-1	8.774649E+9	8.827615E-1	4.161723E+8	8.565672E-1	8.914129E+9	8.563328E-1	4.025752E+8	8.502726E-1	6.722789E+10	8.515988E-1	6.800199E+10	8.510041E-1	7.614202E+10	8.510886E-1	7.677664E+10	3.560982E-2	-2.343853E-4	2.642865E-2	3.584420E-2	3.167292E-2	-8.358476E+9	-8.511554E+9	1.359709E+7	1.530778E+8	-7.636046E+10
2.894040E+2	7.157769E-1	7.486490E+9	7.445562E-1	3.543339E+8	7.163781E-1	7.533298E+9	6.990560E-1	3.324012E+8	7.227708E-1	5.767665E+10	7.199300E-1	5.804065E+10	7.220279E-1	6.520995E+10	7.194535E-1	6.552714E+10	2.877925E-2	-1.732213E-2	4.550016E-2	4.610138E-2	2.510265E-2	-7.132156E+9	-7.200896E+9	2.193265E+7	6.874040E+7	-6.517281E+10
2.896080E+2	8.131373E-1	8.441130E+9	7.490520E-1	3.563455E+8	8.027543E-1	8.384084E+9	7.560487E-1	3.578303E+8	8.058051E-1	6.389681E+10	7.991533E-1	6.403425E+10	8.054506E-1	7.228089E+10	8.007577E-1	7.247538E+10	-6.408524E-2	-4.670562E-2	-6.996645E-3	-1.737962E-2	-5.170569E-2	-8.084784E+9	-8.026254E+9	-1.484782E+6	-5.853079E+7	-7.211903E+10
2.898030E+2	8.499605E-1	8.802190E+9	8.408760E-1	3.974311E+8	8.472559E-1	8.822415E+9	8.747919E-1	4.108113E+8	8.475869E-1	6.702671E+10	8.441465E-1	6.743818E+10	8.475484E-1	7.584912E+10	8.448135E-1	7.624037E+10	-9.084541E-3	2.753597E-2	-3.391588E-2	-3.662052E-2	-3.937544E-3	-8.404759E+9	-8.411603E+9	-1.338017E+7	6.844496E+6	-7.584294E+10
2.900050E+2	8.303993E-1	8.610388E+9	8.445151E-1	3.990594E+8	8.279026E-1	8.631789E+9	8.428206E-1	3.965463E+8	8.299986E-1	6.570916E+10	8.262402E-1	6.608349E+10	8.297550E-1	7.434095E+10	8.267174E-1	7.469388E+10	1.411581E-2	1.491802E-2	1.694468E-3	-8.022070E-4	1.779771E-2	-8.211328E+9	-8.235243E+9	2.513072E+6	2.391453E+7	-7.429482E+10
2.905200E+2	7.404169E-1	7.728090E+9	7.673344E-1	3.645258E+8	7.491311E-1	7.855907E+9	7.767525E-1	3.670680E+8	7.539646E-1	6.001340E+10	7.500779E-1	6.032147E+10	7.534029E-1	6.786931E+10	7.489694E-1	6.804956E+10	2.691758E-2	2.762145E-2	-9.418082E-3	-7.038724E-4	1.836503E-2	-7.363564E+9	-7.488839E+9	-2.542191E+6	1.252746E+8	-6.768504E+10
2.910060E+2	9.050378E-1	9.342235E+9	8.612918E-1	4.065659E+8	8.984464E-1	9.326630E+9	9.137213E-1	4.281808E+8	9.173583E-1	7.225332E+10	9.045972E-1	7.201155E+10	9.151606E-1	8.157995E+10	9.046478E-1	8.135379E+10	-4.374595E-2	1.527482E-2	-5.242944E-2	-5.902077E-2	-4.335593E-2	-8.935669E+9	-8.898449E+9	-2.161490E+7	-3.721921E+7	-8.094722E+10
2.915180E+2	1.220974E+0	1.244006E+10	1.199770E+0	5.580143E+8	1.234081E+0	1.263256E+10	1.183022E+0	5.483379E+8	1.224322E+0	9.524816E+10	1.225031E+0	9.625380E+10	1.225456E+0	1.078807E+11	1.224565E+0	1.086939E+11	-2.120390E-2	-5.105867E-2	1.674797E-2	2.985476E-2	-2.479499E-2	-1.188205E+10	-1.208422E+10	9.676387E+6	2.021715E+8	-1.081358E+11
2.920030E+2	9.906181E-1	1.018137E+10	9.910120E-1	4.646077E+8	9.949105E-1	1.027678E+10	9.966523E-1	4.651831E+8	9.982712E-1	7.831456E+10	9.952950E-1	7.887325E+10	9.978807E-1	8.859134E+10	9.947584E-1	8.905462E+10	3.939010E-4	1.741767E-3	-5.640257E-3	-1.347866E-3	-3.746404E-3	-9.716761E+9	-9.811597E+9	-5.753271E+5	9.483583E+7	-8.859001E+10
2.925020E+2	9.346980E-1	9.633059E+9	9.548066E-1	4.484080E+8	9.288297E-1	9.625899E+9	9.652431E-1	4.511689E+8	9.273860E-1	7.300450E+10	9.317352E-1	7.406467E+10	9.275537E-1	8.263040E+10	9.320752E-1	8.369773E+10	2.010859E-2	3.641334E-2	-1.043649E-2	-1.630475E-2	2.273140E-2	-9.184651E+9	-9.174730E+9	-2.760843E+6	-9.921501E+6	-8.324932E+10
2.930050E+2	9.559281E-1	9.841226E+9	9.191133E-1	4.324375E+8	9.606523E-1	9.939344E+9	9.278601E-1	4.344893E+8	9.647958E-1	7.580690E+10	9.675340E-1	7.677300E+10	9.643143E-1	8.574624E+10	9.662024E-1	8.661423E+10	-3.681486E-2	-3.279226E-2	-8.746773E-3	-4.022595E-3	-4.708909E-2	-9.408788E+9	-9.504855E+9	-2.051807E+6	9.606667E+7	-8.618179E+10
2.935120E+2	1.206455E+0	1.229770E+10	1.237132E+0	5.747311E+8	1.188188E+0	1.218052E+10	1.260545E+0	5.829272E+8	1.181981E+0	9.207635E+10	1.183908E+0	9.314265E+10	1.182702E+0	1.042569E+11	1.186495E+0	1.054404E+11	3.067632E-2	7.235743E-2	-2.341393E-2	-4.168111E-2	5.063682E-2	-1.172297E+10	-1.159759E+10	-8.196114E+6	-1.253747E+8	-1.048656E+11
2.940070E+2	9.485562E-1	9.768942E+9	9.580752E-1	4.498705E+8	9.351760E-1	9.688409E+9	1.004661E+0	4.687564E+8	9.404471E-1	7.398292E+10	9.386180E-1	7.458538E+10	9.398346E-1	8.367133E+10	9.397583E-1	8.435432E+10	9.519007E-3	6.948482E-2	-4.658567E-2	-5.996581E-2	1.831689E-2	-9.319072E+9	-9.219652E+9	-1.888582E+7	-9.941935E+7	-8.390445E+10
2.945010E+2	8.259372E-1	8.566636E+9	8.363145E-1	3.953901E+8	8.149461E-1	8.504170E+9	8.877023E-1	4.165716E+8	8.268988E-1	6.547695E+10	8.247260E-1	6.596894E+10	8.255098E-1	7.398112E+10	8.248650E-1	7.453558E+10	1.037725E-2	7.275621E-2	-5.138781E-2	-6.237896E-2	1.144946E-2	-8.171246E+9	-8.087598E+9	-2.118155E+7	-8.364762E+7	-7.414019E+10
2.950040E+2	9.599789E-1	9.880945E+9	9.968539E-1	4.672216E+8	9.640587E-1	9.972896E+9	9.584164E-1	4.481229E+8	9.642651E-1	7.576714E+10	9.598130E-1	7.618888E+10	9.642411E-1	8.574004E+10	9.598320E-1	8.606982E+10	3.687496E-2	-5.642290E-3	3.843750E-2	4.251726E-2	3.702184E-2	-9.413723E+9	-9.524773E+9	1.909868E+7	1.110502E+8	-8.560260E+10
2.955050E+2	1.121548E+0	1.146517E+10	1.114486E+0	5.198548E+8	1.117292E+0	1.148221E+10	1.092526E+0	5.079602E+8	1.115406E+0	8.708919E+10	1.112901E+0	8.777065E+10	1.115625E+0	9.857139E+10	1.113893E+0	9.923582E+10	-7.062504E-3	-2.476553E-2	2.195974E-2	1.770302E-2	5.930470E-4	-1.094532E+10	-1.097425E+10	1.189453E+7	2.893277E+7	-9.871597E+10
2.960050E+2	1.212426E+0	1.235624E+10	1.238595E+0	5.753857E+8	1.197759E+0	1.227479E+10	1.275261E+0	5.894931E+8	1.205708E+0	9.385380E+10	1.205617E+0	9.478505E+10	1.204785E+0	1.061286E+11	1.206398E+0	1.071413E+11	2.616898E-2	7.750232E-2	-3.666657E-2	-5.133334E-2	3.219640E-2	-1.178085E+10	-1.168530E+10	-1.410735E+7	-9.555664E+7	-1.065659E+11
2.964960E+2	1.069145E+0	1.095135E+10	1.077264E+0	5.032002E+8	1.059877E+0	1.091669E+10	1.113142E+0	5.171588E+8	1.070937E+0	8.375797E+10	1.071368E+0	8.462851E+10	1.069652E+0	9.467466E+10	1.071113E+0	9.557986E+10	8.118402E-3	5.326515E-2	-3.587856E-2	-4.514674E-2	6.150882E-3	-1.044815E+10	-1.039953E+10	-1.395863E+7	-4.861715E+7	-9.507666E+10
2.970040E+2	9.739130E-1	1.001757E+10	9.295464E-1	4.371057E+8	9.684807E-1	1.001645E+10	9.603967E-1	4.490065E+8	9.653074E-1	7.584522E+10	9.670054E-1	7.673302E+10	9.656762E-1	8.586167E+10	9.677980E-1	8.675059E+10	-4.436660E-2	-8.084020E-3	-3.085026E-2	-3.628259E-2	-3.825157E-2	-9.580466E+9	-9.567445E+9	-1.190085E+7	-1.302030E+7	-8.631348E+10
2.975040E+2	1.037937E+0	1.064534E+10	1.058134E+0	4.946407E+8	1.033002E+0	1.065198E+10	1.045972E+0	4.871887E+8	1.041230E+0	8.153265E+10	1.039339E+0	8.220534E+10	1.040274E+0	9.218463E+10	1.039178E+0	9.285068E+10	2.019705E-2	1.296973E-2	1.216180E-2	7.227322E-3	1.895621E-2	-1.015070E+10	-1.016479E+10	7.452020E+6	1.408891E+7	-9.235604E+10
2.980020E+2	1.018511E+0	1.045487E+10	9.808664E-1	4.600682E+8	1.005984E+0	1.038585E+10	1.044090E+0	4.863489E+8	1.005141E+0	7.882916E+10	1.004148E+0	7.954302E+10	1.005239E+0	8.921501E+10	1.005796E+0	8.999788E+10	-3.764472E-2	3.810627E-2	-6.322360E-2	-7.575099E-2	-2.492957E-2	-9.994797E+9	-9.899499E+9	-2.628068E+7	-9.529785E+7	-8.953781E+10
2.985020E+2	9.339938E-1	9.626155E+9	9.815497E-1	4.603739E+8	9.499295E-1	9.833727E+9	9.603714E-1	4.489952E+8	9.427050E-1	7.415206E+10	9.429108E-1	7.491015E+10	9.435446E-1	8.398579E+10	9.418877E-1	8.453631E+10	4.755585E-2	1.044193E-2	2.117827E-2	3.711393E-2	3.966194E-2	-9.165781E+9	-9.384731E+9	1.137870E+7	2.189504E+8	-8.407593E+10
2.990010E+2	9.087619E-1	9.378751E+9	8.725084E-1	4.115847E+8	9.106134E-1	9.446472E+9	8.751430E-1	4.109679E+8	9.097388E-1	7.168254E+10	9.070661E-1	7.219834E+10	9.098404E-1	8.112901E+10	9.072607E-1	8.157709E+10	-3.625349E-2	-3.547045E-2	-2.634523E-3	-7.830475E-4	-3.475223E-2	-8.967166E+9	-9.035504E+9	6.167589E+5	6.833815E+7	-8.116550E+10
2.995020E+2	1.013211E+0	1.040290E+10	1.038677E+0	4.859350E+8	1.023131E+0	1.055474E+10	9.996794E-1	4.665337E+8	1.018415E+0	7.982355E+10	1.022130E+0	8.090346E+10	1.018963E+0	9.037829E+10	1.021107E+0	9.130636E+10	2.546580E-2	-2.345122E-2	3.899774E-2	4.891702E-2	1.757010E-2	-9.916965E+9	-1.008821E+10	1.940124E+7	1.712427E+8	-9.082043E+10
3.000030E+2	1.087585E+0	1.113215E+10	1.068265E+0	4.991735E+8	1.077340E+0	1.108870E+10	1.074744E+0	5.000262E+8	1.082770E+0	8.464441E+10	1.084406E+0	8.561492E+10	1.082139E+0	9.573311E+10	1.084771E+0	9.674707E+10	-1.932049E-2	-2.596261E-3	-6.479700E-3	-1.672423E-2	-1.650645E-2	-1.063298E+10	-1.058867E+10	-8.527271E+5	-4.430649E+7	-9.624789E+10
