Photon Energy (eV)	X ref norm	X ref	X pump norm	X pump	Y ref norm	Y ref	Y pump norm	Y pump	X all norm	X all	Y all norm	Y all	X all Y ref norm	X all Y ref	Y all X ref norm	Y all X ref	BC(X hist) norm	BC(Y hist) norm	StS norm	BCSC norm	BCLR norm	BC(X hist)	BC(Y hist)	StS	BCSC	BCLR	
2.790030E+2	-4.185894E-3	4.270953E+8	-8.959327E-3	1.763991E+7	-5.050380E-3	4.273868E+8	5.828448E-3	2.351986E+7	-3.388087E-3	3.279659E+9	-4.377760E-3	3.243512E+9	-3.581257E-3	3.707045E+9	-4.355747E-3	3.670607E+9	-4.773433E-3	1.087883E-2	-1.478777E-2	-1.565226E-2	-4.603581E-3	-4.094554E+8	-4.038669E+8	-5.879951E+6	-5.588512E+6	-3.652967E+9
2.795050E+2	-1.393507E-3	4.544753E+8	9.212147E-3	2.561109E+7	-1.759655E-3	4.597997E+8	-6.136269E-3	1.814122E+7	-2.780053E-3	3.325207E+9	-2.040514E-3	3.420335E+9	-2.661475E-3	3.785007E+9	-1.966280E-3	3.874810E+9	1.060565E-2	-4.376614E-3	1.534842E-2	1.498227E-2	1.117843E-2	-4.288642E+8	-4.416585E+8	7.469871E+6	1.279424E+7	-3.849199E+9
2.800020E+2	-4.027738E-3	4.286461E+8	6.554093E-3	2.444509E+7	-3.336912E-3	4.442641E+8	-6.298898E-3	1.806811E+7	-1.671904E-3	3.408219E+9	-2.100631E-3	3.415787E+9	-1.865391E-3	3.852483E+9	-2.321737E-3	3.844433E+9	1.058183E-2	-2.961986E-3	1.285299E-2	1.354382E-2	8.875830E-3	-4.042010E+8	-4.261960E+8	6.376986E+6	2.199494E+7	-3.819988E+9
2.805050E+2	-2.534669E-3	4.432860E+8	-6.770440E-3	1.860009E+7	-2.243773E-3	4.550312E+8	-6.297666E-3	1.806866E+7	-1.732266E-3	3.403697E+9	-1.250397E-3	3.480111E+9	-1.791707E-3	3.858728E+9	-1.397748E-3	3.923397E+9	-4.235771E-3	-4.053893E-3	-4.727748E-4	-1.818785E-4	-5.372692E-3	-4.246859E+8	-4.369626E+8	5.314326E+5	1.227670E+7	-3.904797E+9
2.810050E+2	-1.494049E-3	4.534895E+8	6.247622E-3	2.431066E+7	5.580502E-5	4.776816E+8	1.709477E-3	2.166821E+7	-7.536186E-4	3.477008E+9	-1.228229E-3	3.481788E+9	-6.595576E-4	3.954690E+9	-1.258728E-3	3.935277E+9	7.741672E-3	1.653672E-3	4.538145E-3	6.087999E-3	7.506351E-3	-4.291788E+8	-4.560134E+8	2.642447E+6	2.683454E+7	-3.910967E+9
2.815000E+2	1.090179E-3	4.788284E+8	-1.432390E-2	1.528666E+7	2.936002E-4	4.800238E+8	7.447703E-3	2.424778E+7	1.158155E-3	3.620220E+9	4.428897E-4	3.608216E+9	1.057687E-3	4.100244E+9	5.171565E-4	4.087044E+9	-1.541408E-2	7.154103E-3	-2.177161E-2	-2.256818E-2	-1.484106E-2	-4.635418E+8	-4.557760E+8	-8.961122E+6	-7.765734E+6	-4.071757E+9
2.820040E+2	3.523062E-3	5.026834E+8	-7.994646E-4	2.121935E+7	5.705052E-3	5.333254E+8	-6.369322E-3	1.803645E+7	3.318535E-3	3.782056E+9	4.430355E-3	3.909885E+9	3.595865E-3	4.315381E+9	4.326257E-3	4.412569E+9	-4.322526E-3	-1.207437E-2	5.569858E-3	7.751847E-3	-5.125722E-3	-4.814640E+8	-5.152889E+8	3.182900E+6	3.382494E+7	-4.391349E+9
2.825040E+2	9.022615E-3	5.566077E+8	8.839272E-3	2.544752E+7	6.336263E-3	5.395427E+8	1.011653E-2	2.544753E+7	5.849239E-3	3.971632E+9	6.124286E-3	4.038039E+9	5.905835E-3	4.511175E+9	6.456826E-3	4.594647E+9	-1.833431E-4	3.780264E-3	-1.277255E-3	-3.963608E-3	2.382446E-3	-5.311602E+8	-5.140952E+8	-9.701875E+0	-1.706502E+7	-4.569199E+9
2.830040E+2	1.149191E-2	5.808197E+8	1.528993E-2	2.827719E+7	9.430368E-3	5.700189E+8	6.916370E-3	2.400892E+7	1.146782E-2	4.392524E+9	1.147981E-2	4.443208E+9	1.123106E-2	4.962543E+9	1.148120E-2	5.024028E+9	3.798023E-3	-2.513998E-3	8.373560E-3	6.312021E-3	3.808731E-3	-5.525425E+8	-5.460100E+8	4.268269E+6	-6.532442E+6	-4.995751E+9
2.835010E+2	1.928454E-2	6.572281E+8	1.859697E-3	2.238583E+7	1.164664E-2	5.918487E+8	1.545147E-2	2.784581E+7	1.791468E-2	4.875461E+9	1.837973E-2	4.965218E+9	1.718629E-2	5.467310E+9	1.848355E-2	5.622447E+9	-1.742484E-2	3.804831E-3	-1.359178E-2	-2.122967E-2	-1.662385E-2	-6.348423E+8	-5.640029E+8	-5.459983E+6	-7.083935E+7	-5.600061E+9
2.840020E+2	3.464278E-2	8.078191E+8	3.608004E-2	3.739708E+7	3.343223E-2	8.064320E+8	5.283931E-2	4.465321E+7	3.502281E-2	6.157042E+9	3.496436E-2	6.219920E+9	3.483798E-2	6.963474E+9	3.492746E-2	7.027739E+9	1.437259E-3	1.940707E-2	-1.675926E-2	-1.796981E-2	1.152578E-3	-7.704220E+8	-7.617788E+8	-7.256133E+6	-8.643269E+6	-6.990342E+9
2.841010E+2	4.067198E-2	8.669367E+8	2.179407E-2	3.113033E+7	3.978772E-2	8.690321E+8	5.801178E-2	4.697845E+7	3.941848E-2	6.486324E+9	3.983259E-2	6.588224E+9	3.946139E-2	7.355356E+9	3.992890E-2	7.455160E+9	-1.887791E-2	1.822406E-2	-3.621771E-2	-3.710197E-2	-1.813483E-2	-8.358064E+8	-8.220537E+8	-1.584812E+7	-1.375270E+7	-7.424030E+9
2.842030E+2	5.345300E-2	9.922574E+8	4.534023E-2	4.145919E+7	5.654304E-2	1.034068E+9	7.479146E-2	5.452162E+7	6.062987E-2	8.075282E+9	5.981609E-2	8.100065E+9	6.015495E-2	9.109351E+9	5.908602E-2	9.092322E+9	-8.112771E-3	1.824842E-2	-2.945124E-2	-2.636119E-2	-1.374579E-2	-9.507983E+8	-9.795467E+8	-1.306243E+7	2.874848E+7	-9.050863E+9
2.843030E+2	8.974719E-2	1.348130E+9	9.436624E-2	6.296516E+7	8.262696E-2	1.290989E+9	8.457897E-2	5.892152E+7	8.693739E-2	1.004599E+10	8.714389E-2	1.016754E+10	8.643649E-2	1.133698E+10	8.744258E-2	1.151567E+10	4.619049E-3	1.952010E-3	9.787264E-3	2.667039E-3	6.923657E-3	-1.285165E+9	-1.232068E+9	4.043637E+6	-5.309719E+7	-1.145270E+10
2.844030E+2	1.056306E-1	1.503870E+9	1.088396E-1	6.931411E+7	1.130835E-1	1.590979E+9	1.064122E-1	6.873648E+7	1.117433E-1	1.190422E+10	1.113680E-1	1.200020E+10	1.118990E-1	1.349520E+10	1.107098E-1	1.350407E+10	3.209044E-3	-6.671284E-3	2.427397E-3	9.880329E-3	-1.870141E-3	-1.434556E+9	-1.522243E+9	5.776339E+5	8.768690E+7	-1.343476E+10
2.845030E+2	1.329534E-1	1.771777E+9	1.495195E-1	8.715894E+7	1.330719E-1	1.787860E+9	1.512704E-1	8.890213E+7	1.378677E-1	1.386121E+10	1.345802E-1	1.375630E+10	1.373104E-1	1.564907E+10	1.343935E-1	1.552808E+10	1.656609E-2	1.819855E-2	-1.750908E-3	-1.632459E-3	1.512600E-2	-1.684618E+9	-1.698958E+9	-1.743185E+6	1.434049E+7	-1.544092E+10
2.846010E+2	2.086725E-1	2.514219E+9	2.348236E-1	1.245788E+8	2.077009E-1	2.522940E+9	2.176831E-1	1.187574E+8	2.235610E-1	2.028055E+10	2.117320E-1	1.959319E+10	2.217179E-1	2.280349E+10	2.113810E-1	2.210741E+10	2.615115E-2	9.982150E-3	1.714054E-2	1.616900E-2	2.344265E-2	-2.389640E+9	-2.404183E+9	5.821419E+6	1.454274E+7	-2.198283E+10
2.847020E+2	4.489260E-1	4.869958E+9	5.209683E-1	2.501003E+8	4.510263E-1	4.919641E+9	4.357616E-1	2.167928E+8	4.814681E-1	3.960053E+10	4.513604E-1	3.772215E+10	4.779305E-1	4.452017E+10	4.510811E-1	4.259211E+10	7.204226E-2	-1.526470E-2	8.520674E-2	8.730696E-2	6.988717E-2	-4.619858E+9	-4.702848E+9	3.330749E+7	8.298994E+7	-4.234201E+10
2.848020E+2	9.566212E-1	9.848021E+9	1.064299E+0	4.884401E+8	9.424550E-1	9.760105E+9	9.019408E-1	4.263599E+8	9.866771E-1	7.744604E+10	9.445905E-1	7.503722E+10	9.815382E-1	8.720614E+10	9.459708E-1	8.488524E+10	1.076776E-1	-4.051422E-2	1.623580E-1	1.481919E-1	1.183280E-1	-9.359581E+9	-9.333745E+9	6.208014E+7	-2.583593E+7	-8.439680E+10
2.849020E+2	1.536774E+0	1.553655E+10	1.448276E+0	6.568774E+8	1.512895E+0	1.537881E+10	1.450106E+0	6.727831E+8	1.523914E+0	1.176908E+11	1.518681E+0	1.184697E+11	1.522633E+0	1.330696E+11	1.520757E+0	1.340063E+11	-8.849766E-2	-6.278872E-2	-1.829298E-3	-2.570894E-2	-7.248024E-2	-1.487967E+10	-1.470602E+10	-1.590564E+7	-1.736476E+8	-1.333494E+11
2.850010E+2	1.768963E+0	1.781321E+10	1.789464E+0	8.065442E+8	1.768313E+0	1.789463E+10	1.726776E+0	7.971580E+8	1.738079E+0	1.337340E+11	1.755979E+0	1.364224E+11	1.741592E+0	1.516286E+11	1.757469E+0	1.542356E+11	2.050129E-2	-4.153715E-2	6.268759E-2	6.203844E-2	3.199527E-2	-1.700666E+10	-1.709747E+10	9.386140E+6	9.080505E+7	-1.534291E+11
2.851000E+2	1.758668E+0	1.771226E+10	1.677292E+0	7.573384E+8	1.755111E+0	1.776458E+10	1.714714E+0	7.917356E+8	1.738831E+0	1.337903E+11	1.742053E+0	1.353689E+11	1.740723E+0	1.515549E+11	1.743959E+0	1.530811E+11	-8.137555E-2	-4.039641E-2	-3.742208E-2	-4.097915E-2	-6.666725E-2	-1.695493E+10	-1.697285E+10	-3.439721E+7	1.792060E+7	-1.523238E+11
2.851990E+2	1.522026E+0	1.539194E+10	1.529627E+0	6.925632E+8	1.535563E+0	1.560209E+10	1.482377E+0	6.872904E+8	1.521272E+0	1.174928E+11	1.526010E+0	1.190243E+11	1.522933E+0	1.330949E+11	1.525553E+0	1.344162E+11	7.601605E-3	-5.318623E-2	4.725037E-2	6.078783E-2	4.074180E-3	-1.469938E+10	-1.491480E+10	5.272833E+6	2.154238E+8	-1.337236E+11
2.853000E+2	1.146428E+0	1.170912E+10	1.201088E+0	5.484448E+8	1.149653E+0	1.180096E+10	1.195842E+0	5.584810E+8	1.158590E+0	9.032413E+10	1.154899E+0	9.094803E+10	1.157551E+0	1.021251E+11	1.153927E+0	1.026571E+11	5.466059E-2	4.618917E-2	5.246181E-3	8.471411E-3	4.716118E-2	-1.116067E+10	-1.124248E+10	-1.003613E+7	8.180616E+7	-1.021087E+11
2.854010E+2	7.536781E-1	7.858119E+9	8.044573E-1	3.744569E+8	7.444096E-1	7.809402E+9	7.132538E-1	3.415372E+8	7.561886E-1	6.018001E+10	7.421313E-1	5.972027E+10	7.548198E-1	6.798941E+10	7.434561E-1	6.757839E+10	5.077923E-2	-3.115583E-2	9.120353E-2	8.193507E-2	6.100125E-2	-7.483662E+9	-7.467865E+9	3.291965E+7	-1.579797E+7	-6.720394E+10
2.855000E+2	5.859393E-1	6.213403E+9	6.633096E-1	3.125404E+8	5.959567E-1	6.347173E+9	5.763298E-1	2.799841E+8	5.938662E-1	4.802034E+10	5.861129E-1	4.791679E+10	5.941091E-1	5.436751E+10	5.860930E-1	5.413019E+10	7.737032E-2	-1.962692E-2	8.697980E-2	9.699724E-2	7.721659E-2	-5.900863E+9	-6.067189E+9	3.255624E+7	1.663266E+8	-5.381765E+10
2.856030E+2	4.541271E-1	4.920955E+9	4.332703E-1	2.116303E+8	4.571822E-1	4.980276E+9	4.699219E-1	2.321493E+8	4.646804E-1	3.834295E+10	4.586686E-1	3.827505E+10	4.638091E-1	4.332323E+10	4.581475E-1	4.319600E+10	-2.085673E-2	1.273969E-2	-3.665159E-2	-3.359642E-2	-2.487716E-2	-4.709325E+9	-4.748126E+9	-2.051900E+7	3.880124E+7	-4.298437E+10
2.858010E+2	3.484923E-1	3.885183E+9	3.664961E-1	1.823388E+8	3.500705E-1	3.925249E+9	3.629938E-1	1.840807E+8	3.582918E-1	3.037332E+10	3.513754E-1	3.015783E+10	3.573365E-1	3.429857E+10	3.510446E-1	3.404302E+10	1.800378E-2	1.292336E-2	3.502257E-3	5.080429E-3	1.545153E-2	-3.702844E+9	-3.741168E+9	-1.741828E+6	3.832358E+7	-3.386068E+10
2.860100E+2	5.400477E-1	5.763426E+9	6.043607E-1	2.866816E+8	5.490569E-1	5.885221E+9	5.618335E-1	2.734674E+8	5.516726E-1	4.485959E+10	5.444815E-1	4.476718E+10	5.513686E-1	5.074481E+10	5.439728E-1	5.053061E+10	6.431292E-2	1.277657E-2	4.252715E-2	5.153635E-2	6.038786E-2	-5.476745E+9	-5.611754E+9	1.321413E+7	1.350087E+8	-5.024393E+10
2.862030E+2	1.150188E+0	1.174599E+10	1.196638E+0	5.464924E+8	1.151342E+0	1.181759E+10	1.185687E+0	5.539157E+8	1.163425E+0	9.068634E+10	1.157582E+0	9.115102E+10	1.162021E+0	1.025039E+11	1.156734E+0	1.028970E+11	4.644957E-2	3.434528E-2	1.095056E-2	1.210430E-2	3.990351E-2	-1.119949E+10	-1.126368E+10	-7.423362E+6	6.418277E+7	-1.023505E+11
2.864190E+2	1.509943E+0	1.527346E+10	1.468633E+0	6.658070E+8	1.512421E+0	1.537415E+10	1.543233E+0	7.146475E+8	1.490035E+0	1.151528E+11	1.506030E+0	1.175127E+11	1.492636E+0	1.305270E+11	1.506479E+0	1.327861E+11	-4.131040E-2	3.081153E-2	-7.460005E-2	-7.212193E-2	-3.784665E-2	-1.460766E+10	-1.465950E+10	-4.884057E+7	5.184009E+7	-1.321203E+11
2.866180E+2	1.326868E+0	1.347837E+10	1.370645E+0	6.228234E+8	1.317066E+0	1.344994E+10	1.335226E+0	6.211398E+8	1.328829E+0	1.030768E+11	1.319862E+0	1.034282E+11	1.327462E+0	1.165268E+11	1.320666E+0	1.169066E+11	4.377738E-2	1.815976E-2	3.541940E-2	2.561762E-2	4.997927E-2	-1.285555E+10	-1.282880E+10	1.683641E+6	-2.674734E+7	-1.162838E+11
2.868020E+2	1.417439E+0	1.436644E+10	1.471305E+0	6.669791E+8	1.419025E+0	1.445421E+10	1.382657E+0	6.424621E+8	1.415347E+0	1.095580E+11	1.414642E+0	1.105987E+11	1.415775E+0	1.240122E+11	1.414963E+0	1.249652E+11	5.386569E-2	-3.636791E-2	8.864753E-2	9.023360E-2	5.634160E-2	-1.369946E+10	-1.381175E+10	2.451700E+7	1.122894E+8	-1.242982E+11
2.870040E+2	1.480867E+0	1.498837E+10	1.509110E+0	6.835628E+8	1.488838E+0	1.514186E+10	1.550171E+0	7.177664E+8	1.473520E+0	1.139157E+11	1.490411E+0	1.163310E+11	1.475300E+0	1.290576E+11	1.489316E+0	1.313194E+11	2.824275E-2	6.133260E-2	-4.106093E-2	-3.308985E-2	1.979367E-2	-1.430480E+10	-1.442409E+10	-3.420362E+7	1.192859E+8	-1.306358E+11
2.872160E+2	1.150704E+0	1.175105E+10	1.139754E+0	5.215396E+8	1.135744E+0	1.166396E+10	1.187983E+0	5.549478E+8	1.140397E+0	8.896129E+10	1.144920E+0	9.019304E+10	1.139856E+0	1.006252E+11	1.145584E+0	1.019441E+11	-1.095055E-2	5.223870E-2	-4.822881E-2	-6.318925E-2	-5.829628E-3	-1.122951E+10	-1.110901E+10	-3.340822E+7	-1.205002E+8	-1.014226E+11
2.874030E+2	8.303938E-1	8.610334E+9	8.486865E-1	3.938586E+8	8.423348E-1	8.773943E+9	8.575377E-1	4.063989E+8	8.401047E-1	6.646621E+10	8.392750E-1	6.706963E+10	8.403638E-1	7.524015E+10	8.382560E-1	7.567997E+10	1.829274E-2	1.520295E-2	-8.851186E-3	3.089797E-3	1.043050E-2	-8.216475E+9	-8.367544E+9	-1.254024E+7	1.510687E+8	-7.528611E+10
2.876210E+2	5.838649E-1	6.193063E+9	5.614979E-1	2.678792E+8	5.751950E-1	6.142676E+9	5.638114E-1	2.743566E+8	5.775371E-1	4.679711E+10	5.767699E-1	4.720994E+10	5.772649E-1	5.293979E+10	5.775839E-1	5.340301E+10	-2.236699E-2	-1.138366E-2	-2.313502E-3	-1.098333E-2	-1.608607E-2	-5.925184E+9	-5.868319E+9	-6.477386E+6	-5.686496E+7	-5.313513E+10
2.878000E+2	6.226155E-1	6.573022E+9	6.155608E-1	2.915947E+8	5.993739E-1	6.380832E+9	5.700357E-1	2.771547E+8	6.207871E-1	5.003700E+10	6.116369E-1	4.984779E+10	6.182987E-1	5.641783E+10	6.128965E-1	5.642081E+10	-7.054733E-3	-2.933820E-2	4.552503E-2	2.228347E-2	2.664244E-3	-6.281427E+9	-6.103678E+9	1.443997E+7	-1.777493E+8	-5.612922E+10
2.880020E+2	6.936039E-1	7.269079E+9	7.024977E-1	3.297308E+8	6.972204E-1	7.344598E+9	6.674175E-1	3.209319E+8	7.015104E-1	5.608403E+10	6.989727E-1	5.645514E+10	7.010119E-1	6.342863E+10	6.983567E-1	6.372422E+10	8.893762E-3	-2.980286E-2	3.508019E-2	3.869662E-2	4.140951E-3	-6.939348E+9	-7.023666E+9	8.798923E+6	8.431790E+7	-6.339449E+10
2.882200E+2	7.843622E-1	8.158984E+9	8.713342E-1	4.037934E+8	7.884567E-1	8.243256E+9	7.733654E-1	3.685599E+8	7.954617E-1	6.312198E+10	7.872268E-1	6.313195E+10	7.946477E-1	7.136523E+10	7.868981E-1	7.129094E+10	8.697200E-2	-1.509131E-2	9.796883E-2	1.020633E-1	8.443612E-2	-7.755191E+9	-7.874696E+9	3.523349E+7	1.195051E+8	-7.088714E+10
2.884180E+2	8.708429E-1	9.006946E+9	9.145111E-1	4.227335E+8	8.673705E-1	9.020539E+9	8.629071E-1	4.088126E+8	8.845936E-1	6.979890E+10	8.679994E-1	6.924277E+10	8.825922E-1	7.881944E+10	8.683257E-1	7.824971E+10	4.366816E-2	-4.463369E-3	5.160397E-2	4.813152E-2	4.618539E-2	-8.584213E+9	-8.611726E+9	1.392088E+7	2.751327E+7	-7.782698E+10
2.886030E+2	1.006445E+0	1.033655E+10	1.045438E+0	4.801667E+8	9.756137E-1	1.008671E+10	1.003093E+0	4.718320E+8	1.000899E+0	7.851139E+10	9.922032E-1	7.863934E+10	9.979604E-1	8.859810E+10	9.938372E-1	8.897589E+10	3.899380E-2	2.747899E-2	4.234566E-2	1.151481E-2	5.160115E-2	-9.856384E+9	-9.614879E+9	8.334723E+6	-2.415051E+8	-8.849573E+10
2.888130E+2	1.262214E+0	1.284442E+10	1.255934E+0	5.725038E+8	1.266188E+0	1.294880E+10	1.240462E+0	5.785393E+8	1.246302E+0	9.689471E+10	1.257440E+0	9.870572E+10	1.248613E+0	1.098435E+11	1.257988E+0	1.115501E+11	-6.279472E-3	-2.572627E-2	1.547253E-2	1.944680E-2	-2.053676E-3	-1.227192E+10	-1.237026E+10	-6.035548E+6	9.834373E+7	-1.109776E+11
2.890230E+2	1.096165E+0	1.121628E+10	1.085482E+0	4.977325E+8	1.092063E+0	1.123371E+10	1.087512E+0	5.097819E+8	1.088895E+0	8.510326E+10	1.098017E+0	8.664463E+10	1.089263E+0	9.633697E+10	1.097805E+0	9.786091E+10	-1.068265E-2	-4.551447E-3	-2.029589E-3	-6.131207E-3	-1.232232E-2	-1.071855E+10	-1.072393E+10	-1.204939E+7	5.385490E+6	-9.736318E+10
2.892010E+2	8.471517E-1	8.774649E+9	8.753328E-1	4.055474E+8	8.565672E-1	8.914129E+9	8.287754E-1	3.934690E+8	8.502726E-1	6.722789E+10	8.515988E-1	6.800199E+10	8.510041E-1	7.614202E+10	8.510886E-1	7.677664E+10	2.818108E-2	-2.779180E-2	4.655733E-2	5.597288E-2	2.424419E-2	-8.369101E+9	-8.520660E+9	1.207837E+7	1.515590E+8	-7.637109E+10
2.894040E+2	7.157769E-1	7.486490E+9	7.374333E-1	3.450558E+8	7.163781E-1	7.533298E+9	6.723296E-1	3.231401E+8	7.227708E-1	5.767665E+10	7.199300E-1	5.804065E+10	7.220279E-1	6.520995E+10	7.194535E-1	6.552714E+10	2.165636E-2	-4.404851E-2	6.510365E-2	6.570487E-2	1.797976E-2	-7.141434E+9	-7.210158E+9	2.191571E+7	6.872347E+7	-6.518208E+10
2.896080E+2	8.131373E-1	8.441130E+9	8.231225E-1	3.826446E+8	8.027543E-1	8.384084E+9	8.289268E-1	3.935371E+8	8.058051E-1	6.389681E+10	7.991533E-1	6.403425E+10	8.054506E-1	7.228089E+10	8.007577E-1	7.247538E+10	9.985250E-3	2.617247E-2	-5.804245E-3	-1.618722E-2	2.236481E-2	-8.058485E+9	-7.990547E+9	-1.089244E+7	-6.793845E+7	-7.209273E+10
2.898030E+2	8.499605E-1	8.802190E+9	8.826162E-1	4.087424E+8	8.472559E-1	8.822415E+9	8.289965E-1	3.935684E+8	8.475869E-1	6.702671E+10	8.441465E-1	6.743818E+10	8.475484E-1	7.584912E+10	8.448135E-1	7.624037E+10	3.265568E-2	-1.825934E-2	5.361965E-2	5.091502E-2	3.780268E-2	-8.393448E+9	-8.428846E+9	1.517395E+7	3.539861E+7	-7.583163E+10
2.900050E+2	8.303993E-1	8.610388E+9	8.559274E-1	3.970350E+8	8.279026E-1	8.631789E+9	7.842512E-1	3.734535E+8	8.299986E-1	6.570916E+10	8.262402E-1	6.608349E+10	8.297550E-1	7.434095E+10	8.267174E-1	7.469388E+10	2.552814E-2	-4.365148E-2	7.167629E-2	6.917961E-2	2.921004E-2	-8.213353E+9	-8.258336E+9	2.358147E+7	4.498293E+7	-7.429685E+10
2.905200E+2	7.404169E-1	7.728090E+9	7.469498E-1	3.492303E+8	7.491311E-1	7.855907E+9	7.509822E-1	3.584977E+8	7.539646E-1	6.001340E+10	7.500779E-1	6.032147E+10	7.534029E-1	6.786931E+10	7.489694E-1	6.804956E+10	6.532914E-3	1.851121E-3	-4.032417E-3	4.681793E-3	-2.019631E-3	-7.378860E+9	-7.497409E+9	-9.267362E+6	1.185495E+8	-6.770033E+10
2.910060E+2	9.050378E-1	9.342235E+9	9.548644E-1	4.404351E+8	8.984464E-1	9.326630E+9	8.904140E-1	4.211781E+8	9.173583E-1	7.225332E+10	9.045972E-1	7.201155E+10	9.151606E-1	8.157995E+10	9.046478E-1	8.135379E+10	4.982663E-2	-8.032445E-3	6.445040E-2	5.785907E-2	5.021665E-2	-8.901799E+9	-8.905452E+9	1.925695E+7	3.652640E+6	-8.091335E+10
2.915180E+2	1.220974E+0	1.244006E+10	1.317023E+0	5.993011E+8	1.234081E+0	1.263256E+10	1.228135E+0	5.729979E+8	1.224322E+0	9.524816E+10	1.225031E+0	9.625380E+10	1.225456E+0	1.078807E+11	1.224565E+0	1.086939E+11	9.604848E-2	-5.946008E-3	8.888769E-2	1.019945E-1	9.245739E-2	-1.184076E+10	-1.205956E+10	2.630316E+7	2.187982E+8	-1.080946E+11
2.920030E+2	9.906181E-1	1.018137E+10	1.007483E+0	4.635169E+8	9.949105E-1	1.027678E+10	9.944275E-1	4.679366E+8	9.982712E-1	7.831456E+10	9.952950E-1	7.887325E+10	9.978807E-1	8.859134E+10	9.947584E-1	8.905462E+10	1.686460E-2	-4.829994E-4	1.305521E-2	1.734760E-2	1.272430E-2	-9.717852E+9	-9.808843E+9	-4.419702E+6	9.099145E+7	-8.859110E+10
2.925020E+2	9.346980E-1	9.633059E+9	9.755207E-1	4.494963E+8	9.288297E-1	9.625899E+9	8.979875E-1	4.245828E+8	9.273860E-1	7.300450E+10	9.317352E-1	7.406467E+10	9.275537E-1	8.263040E+10	9.320752E-1	8.369773E+10	4.082273E-2	-3.084217E-2	7.753316E-2	7.166490E-2	4.344554E-2	-9.183563E+9	-9.201316E+9	2.491351E+7	1.775285E+7	-8.324823E+10
2.930050E+2	9.559281E-1	9.841226E+9	9.441191E-1	4.357215E+8	9.606523E-1	9.939344E+9	9.315270E-1	4.396601E+8	9.647958E-1	7.580690E+10	9.675340E-1	7.677300E+10	9.643143E-1	8.574624E+10	9.662024E-1	8.661423E+10	-1.180901E-2	-2.912535E-2	1.259216E-2	1.731634E-2	-2.208325E-2	-9.405504E+9	-9.499684E+9	-3.938624E+6	9.417985E+7	-8.617851E+10
2.935120E+2	1.206455E+0	1.229770E+10	1.241845E+0	5.663234E+8	1.188188E+0	1.218052E+10	1.176331E+0	5.497096E+8	1.181981E+0	9.207635E+10	1.183908E+0	9.314265E+10	1.182702E+0	1.042569E+11	1.186495E+0	1.054404E+11	3.538997E-2	-1.185748E-2	6.551463E-2	4.724745E-2	5.535047E-2	-1.173138E+10	-1.163081E+10	1.661373E+7	-1.005648E+8	-1.048740E+11
2.940070E+2	9.485562E-1	9.768942E+9	9.541458E-1	4.401199E+8	9.351760E-1	9.688409E+9	9.099475E-1	4.299593E+8	9.404471E-1	7.398292E+10	9.386180E-1	7.458538E+10	9.398346E-1	8.367133E+10	9.397583E-1	8.435432E+10	5.589628E-3	-2.522856E-2	4.419833E-2	3.081819E-2	1.438752E-2	-9.328822E+9	-9.258449E+9	1.016061E+7	-7.037293E+7	-8.391420E+10
2.945010E+2	8.259372E-1	8.566636E+9	8.555584E-1	3.968731E+8	8.149461E-1	8.504170E+9	8.003948E-1	3.807107E+8	8.268988E-1	6.547695E+10	8.247260E-1	6.596894E+10	8.255098E-1	7.398112E+10	8.248650E-1	7.453558E+10	2.962120E-2	-1.455130E-2	5.516365E-2	4.417250E-2	3.069341E-2	-8.169763E+9	-8.123459E+9	1.616236E+7	-4.630371E+7	-7.413870E+10
2.950040E+2	9.599789E-1	9.880945E+9	9.899571E-1	4.558290E+8	9.640587E-1	9.972896E+9	1.014932E+0	4.771542E+8	9.642651E-1	7.576714E+10	9.598130E-1	7.618888E+10	9.642411E-1	8.574004E+10	9.598320E-1	8.606982E+10	2.997818E-2	5.087329E-2	-2.497486E-2	-2.089511E-2	3.012506E-2	-9.425116E+9	-9.495742E+9	-2.132518E+7	7.062635E+7	-8.561399E+10
2.955050E+2	1.121548E+0	1.146517E+10	1.131980E+0	5.181293E+8	1.117292E+0	1.148221E+10	1.040646E+0	4.887137E+8	1.115406E+0	8.708919E+10	1.112901E+0	8.777065E+10	1.115625E+0	9.857139E+10	1.113893E+0	9.923582E+10	1.043139E-2	-7.664576E-2	9.133387E-2	8.707715E-2	1.808694E-2	-1.094704E+10	-1.099349E+10	2.941562E+7	4.645385E+7	-9.871769E+10
2.960050E+2	1.212426E+0	1.235624E+10	1.236517E+0	5.639861E+8	1.197759E+0	1.227479E+10	1.159730E+0	5.422468E+8	1.205708E+0	9.385380E+10	1.205617E+0	9.478505E+10	1.204785E+0	1.061286E+11	1.206398E+0	1.071413E+11	2.409149E-2	-3.802932E-2	7.678758E-2	6.212081E-2	3.011891E-2	-1.179225E+10	-1.173254E+10	2.173935E+7	-5.970994E+7	-1.065773E+11
2.964960E+2	1.069145E+0	1.095135E+10	1.096647E+0	5.026302E+8	1.059877E+0	1.091669E+10	1.024647E+0	4.815216E+8	1.070937E+0	8.375797E+10	1.071368E+0	8.462851E+10	1.069652E+0	9.467466E+10	1.071113E+0	9.557986E+10	2.750170E-2	-3.523011E-2	7.199999E-2	6.273181E-2	2.553418E-2	-1.044872E+10	-1.043517E+10	2.110856E+7	-1.354995E+7	-9.507723E+10
2.970040E+2	9.739130E-1	1.001757E+10	1.008881E+0	4.641304E+8	9.684807E-1	1.001645E+10	1.017754E+0	4.784229E+8	9.653074E-1	7.584522E+10	9.670054E-1	7.673302E+10	9.656762E-1	8.586167E+10	9.677980E-1	8.675059E+10	3.496835E-2	4.927345E-2	-8.872777E-3	-1.430510E-2	4.108338E-2	-9.553441E+9	-9.538029E+9	-1.429247E+7	-1.541192E+7	-8.628646E+10
2.975040E+2	1.037937E+0	1.064534E+10	1.014145E+0	4.664393E+8	1.033002E+0	1.065198E+10	1.006438E+0	4.733360E+8	1.041230E+0	8.153265E+10	1.039339E+0	8.220534E+10	1.040274E+0	9.218463E+10	1.039178E+0	9.285068E+10	-2.379206E-2	-2.656402E-2	7.706444E-3	2.771962E-3	-2.503290E-2	-1.017890E+10	-1.017864E+10	-6.896663E+6	-2.597763E+5	-9.238424E+10
2.980020E+2	1.018511E+0	1.045487E+10	1.004354E+0	4.621443E+8	1.005984E+0	1.038585E+10	9.564112E-1	4.508467E+8	1.005141E+0	7.882916E+10	1.004148E+0	7.954302E+10	1.005239E+0	8.921501E+10	1.005796E+0	8.999788E+10	-1.415728E-2	-4.957249E-2	4.794261E-2	3.541521E-2	-1.442124E-3	-9.992721E+9	-9.935002E+9	1.129768E+7	-5.771949E+7	-8.953574E+10
2.985020E+2	9.339938E-1	9.626155E+9	9.681596E-1	4.462672E+8	9.499295E-1	9.833727E+9	9.342348E-1	4.408774E+8	9.427050E-1	7.415206E+10	9.429108E-1	7.491015E+10	9.435446E-1	8.398579E+10	9.418877E-1	8.453631E+10	3.416580E-2	-1.569465E-2	3.392480E-2	4.986045E-2	2.627188E-2	-9.179888E+9	-9.392849E+9	5.389789E+6	2.129615E+8	-8.409004E+10
2.990010E+2	9.087619E-1	9.378751E+9	9.514798E-1	4.389504E+8	9.106134E-1	9.446472E+9	9.339530E-1	4.407507E+8	9.097388E-1	7.168254E+10	9.070661E-1	7.219834E+10	9.098404E-1	8.112901E+10	9.072607E-1	8.157709E+10	4.271782E-2	2.333956E-2	1.752679E-2	1.937826E-2	4.421908E-2	-8.939800E+9	-9.005721E+9	-1.800368E+6	6.592103E+7	-8.113814E+10
2.995020E+2	1.013211E+0	1.040290E+10	9.809786E-1	4.518905E+8	1.023131E+0	1.055474E+10	1.044053E+0	4.902453E+8	1.018415E+0	7.982355E+10	1.022130E+0	8.090346E+10	1.018963E+0	9.037829E+10	1.021107E+0	9.130636E+10	-3.223273E-2	2.092236E-2	-6.307437E-2	-5.315509E-2	-4.012844E-2	-9.951010E+9	-1.006450E+10	-3.835484E+7	1.134866E+8	-9.085447E+10
3.000030E+2	1.087585E+0	1.113215E+10	1.080883E+0	4.957152E+8	1.077340E+0	1.108870E+10	1.124910E+0	5.265938E+8	1.082770E+0	8.464441E+10	1.084406E+0	8.561492E+10	1.082139E+0	9.573311E+10	1.084771E+0	9.674707E+10	-6.701544E-3	4.756926E-2	-4.402627E-2	-5.427080E-2	-3.887503E-3	-1.063644E+10	-1.056210E+10	-3.087863E+7	-7.433239E+7	-9.625135E+10
