Photon Energy (eV)	X ref norm	X ref	X pump norm	X pump	Y ref norm	Y ref	Y pump norm	Y pump	X all norm	X all	Y all norm	Y all	X all Y ref norm	X all Y ref	Y all X ref norm	Y all X ref	BC(X hist) norm	BC(Y hist) norm	StS norm	BCSC norm	BCLR norm	BC(X hist)	BC(Y hist)	StS	BCSC	BCLR	
5.300470E+2	-7.180530E-3	9.056403E+8	-2.063060E-4	5.317031E+7	-5.288523E-3	9.469937E+8	-1.108475E-2	4.191073E+7	-5.561412E-3	7.746665E+9	-5.079215E-3	7.984789E+9	-5.531530E-3	8.693659E+9	-5.307619E-3	8.890429E+9	6.974224E-3	-5.796226E-3	1.087844E-2	1.277045E-2	5.101313E-3	-8.524700E+8	-9.050830E+8	1.125958E+7	5.261295E+7	-8.837259E+9
5.305130E+2	-3.783987E-3	9.840919E+8	-1.036406E-2	4.139604E+7	-2.576497E-3	1.009702E+9	-1.663838E-3	5.268591E+7	-3.716135E-3	8.093636E+9	-3.513570E-3	8.281321E+9	-3.591340E-3	9.103338E+9	-3.542963E-3	9.265413E+9	-6.580076E-3	9.126590E-4	-8.700226E-3	-7.492735E-3	-6.821100E-3	-9.426959E+8	-9.570157E+8	-1.128987E+7	1.431985E+7	-9.224017E+9
5.310100E+2	-1.860100E-3	1.028529E+9	4.079660E-4	5.388234E+7	-5.836440E-4	1.055781E+9	-2.834749E-3	5.134668E+7	-1.570257E-3	8.497129E+9	-1.523682E-3	8.658204E+9	-1.462219E-3	9.552910E+9	-1.560249E-3	9.686733E+9	2.268066E-3	-2.251105E-3	3.242715E-3	4.519172E-3	1.968215E-3	-9.746465E+8	-1.004434E+9	2.535664E+6	2.978753E+7	-9.632850E+9
5.315180E+2	-2.004182E-4	1.066863E+9	-2.735303E-3	5.023885E+7	-4.174588E-4	1.059623E+9	-4.673103E-4	5.405444E+7	-3.525948E-4	8.726088E+9	-7.555720E-4	8.803683E+9	-3.596977E-4	9.785712E+9	-6.952291E-4	9.870547E+9	-2.534885E-3	-4.985153E-5	-2.267993E-3	-2.485033E-3	-2.040074E-3	-1.016624E+9	-1.005569E+9	-3.815589E+6	-1.105564E+7	-9.820308E+9
5.320070E+2	4.034548E-3	1.164680E+9	-1.169249E-3	5.205413E+7	2.205532E-3	1.120273E+9	6.211890E-3	6.169378E+7	3.066942E-3	9.369070E+9	2.700299E-3	9.458222E+9	2.972614E-3	1.048934E+10	2.845326E-3	1.062290E+10	-5.203797E-3	4.006358E-3	-7.381139E-3	-9.210155E-3	-4.014575E-3	-1.112626E+9	-1.058579E+9	-9.639651E+6	-5.404751E+7	-1.057085E+10
5.325070E+2	8.990488E-3	1.279150E+9	1.406696E-2	6.971504E+7	6.660590E-3	1.223283E+9	9.838756E-3	6.584201E+7	8.133457E-3	1.032174E+10	8.171740E-3	1.049451E+10	7.972172E-3	1.154502E+10	8.260734E-3	1.177366E+10	5.076468E-3	3.178166E-3	4.228200E-3	1.898302E-3	5.806222E-3	-1.209435E+9	-1.157441E+9	3.873029E+6	-5.199392E+7	-1.170394E+10
5.330030E+2	1.642170E-2	1.450792E+9	1.838838E-2	7.472417E+7	1.552710E-2	1.428296E+9	4.650647E-3	5.990810E+7	1.696341E-2	1.198205E+10	1.600481E-2	1.197809E+10	1.680613E-2	1.341034E+10	1.605013E-2	1.342888E+10	1.966676E-3	-1.087645E-2	1.373773E-2	1.284313E-2	2.338249E-3	-1.376068E+9	-1.368388E+9	1.481607E+7	-7.680202E+6	-1.335415E+10
5.331580E+2	1.963347E-2	1.524976E+9	1.825321E-2	7.456749E+7	1.853139E-2	1.497762E+9	1.409547E-2	7.071062E+7	1.998605E-2	1.255040E+10	1.905857E-2	1.255647E+10	1.982676E-2	1.404816E+10	1.912106E-2	1.408144E+10	-1.380260E-3	-4.435920E-3	4.157740E-3	3.055660E-3	-8.678510E-4	-1.450409E+9	-1.427051E+9	3.856869E+6	-2.335748E+7	-1.400687E+10
5.333130E+2	2.570653E-2	1.665249E+9	2.253536E-2	7.953111E+7	2.468578E-2	1.640065E+9	2.180741E-2	7.953117E+7	2.591628E-2	1.366547E+10	2.516484E-2	1.371299E+10	2.578153E-2	1.530554E+10	2.522372E-2	1.537824E+10	-3.171167E-3	-2.878367E-3	7.279467E-4	-2.928001E-4	-2.688356E-3	-1.585717E+9	-1.560534E+9	-5.521918E+1	-2.518385E+7	-1.529870E+10
5.334580E+2	2.975301E-2	1.758712E+9	3.429790E-2	9.316555E+7	3.103068E-2	1.786773E+9	2.920276E-2	8.798960E+7	3.184082E-2	1.477947E+10	3.117013E-2	1.485039E+10	3.175211E-2	1.656625E+10	3.101610E-2	1.660910E+10	4.544889E-3	-1.827920E-3	5.095137E-3	6.372809E-3	3.281799E-3	-1.665547E+9	-1.698783E+9	5.175952E+6	3.323651E+7	-1.651593E+10
5.336080E+2	3.993598E-2	1.993913E+9	4.580843E-2	1.065079E+8	3.961876E-2	1.985348E+9	4.028325E-2	1.006629E+8	4.191190E-2	1.667316E+10	4.003534E-2	1.652945E+10	4.166080E-2	1.865850E+10	4.002454E-2	1.852336E+10	5.872456E-3	6.644939E-4	5.525180E-3	5.207962E-3	5.783889E-3	-1.887405E+9	-1.884685E+9	5.844966E+6	-2.720375E+6	-1.841685E+10
5.337630E+2	4.990939E-2	2.224274E+9	5.612340E-2	1.184644E+8	5.304807E-2	2.295863E+9	4.162000E-2	1.021918E+8	5.156176E-2	1.848764E+10	5.093836E-2	1.859447E+10	5.172452E-2	2.078350E+10	5.082652E-2	2.081875E+10	6.214018E-3	-1.142808E-2	1.450341E-2	1.764209E-2	5.296886E-3	-2.105809E+9	-2.193671E+9	1.627257E+7	8.786147E+7	-2.070028E+10
5.339290E+2	7.237588E-2	2.743193E+9	7.171261E-2	1.365345E+8	7.365764E-2	2.772401E+9	7.279408E-2	1.378472E+8	7.355388E-2	2.262285E+10	7.140436E-2	2.247071E+10	7.356524E-2	2.539525E+10	7.150996E-2	2.521391E+10	-6.632710E-4	-8.635633E-4	-1.081468E-3	2.002923E-4	2.026466E-4	-2.606659E+9	-2.634553E+9	-1.312716E+6	2.789480E+7	-2.507737E+10
5.340640E+2	9.758993E-2	3.325574E+9	9.554516E-2	1.641598E+8	9.772383E-2	3.328863E+9	9.695227E-2	1.654781E+8	1.026920E-1	2.810176E+10	9.782423E-2	2.747462E+10	1.021480E-1	3.143062E+10	9.779876E-2	3.080019E+10	-2.044768E-3	-7.715660E-4	-1.407101E-3	-1.273202E-3	-2.253596E-3	-3.161415E+9	-3.163385E+9	-1.318368E+6	1.970694E+6	-3.063603E+10
5.342040E+2	1.445470E-1	4.410165E+9	1.639452E-1	2.434451E+8	1.449610E-1	4.421090E+9	1.467614E-1	2.224473E+8	1.540842E-1	3.776511E+10	1.478119E-1	3.694223E+10	1.530852E-1	4.218620E+10	1.474570E-1	4.135240E+10	1.939816E-2	1.800333E-3	1.718384E-2	1.759783E-2	1.648821E-2	-4.166720E+9	-4.198643E+9	2.099773E+7	3.192263E+7	-4.110895E+10
5.343600E+2	2.391889E-1	6.596154E+9	2.366795E-1	3.277544E+8	2.435902E-1	6.701610E+9	2.325035E-1	3.205149E+8	2.558784E-1	5.690565E+10	2.426479E-1	5.490409E+10	2.545328E-1	6.360726E+10	2.422719E-1	6.150025E+10	-2.509349E-3	-1.108671E-2	4.176070E-3	8.577364E-3	-5.592370E-3	-6.268399E+9	-6.381096E+9	7.239504E+6	1.126964E+8	-6.117249E+10
5.345110E+2	4.315406E-1	1.103899E+10	4.737444E-1	6.025461E+8	4.239951E-1	1.087296E+10	4.403005E-1	5.581829E+8	4.539947E-1	9.415782E+10	4.309094E-1	9.056067E+10	4.507096E-1	1.050308E+11	4.309780E-1	1.015997E+11	4.220388E-2	1.630542E-2	3.344397E-2	2.589847E-2	4.276641E-2	-1.043645E+10	-1.031478E+10	4.436321E+7	-1.216663E+8	-1.009971E+11
5.346560E+2	7.109800E-1	1.749334E+10	7.021722E-1	8.673261E+8	7.097479E-1	1.748019E+10	6.966648E-1	8.513997E+8	7.368223E-1	1.473384E+11	7.063392E-1	1.427268E+11	7.338576E-1	1.648186E+11	7.068436E-1	1.602202E+11	-8.807848E-3	-1.308315E-2	5.507411E-3	4.275300E-3	-4.671415E-3	-1.662602E+10	-1.662879E+10	1.592635E+7	2.776021E+6	-1.593529E+11
5.348120E+2	1.062604E+0	2.561498E+10	1.069244E+0	1.292814E+9	1.067037E+0	2.574148E+10	1.111703E+0	1.326100E+9	1.095348E+0	2.147526E+11	1.067041E+0	2.110435E+11	1.092248E+0	2.404941E+11	1.066559E+0	2.366584E+11	6.639260E-3	4.466617E-2	-4.245915E-2	-3.802691E-2	2.684857E-3	-2.432216E+10	-2.441538E+10	-3.328606E+7	9.321781E+7	-2.353656E+11
5.349530E+2	1.497677E+0	3.566406E+10	1.575808E+0	1.879993E+9	1.500416E+0	3.576215E+10	1.518044E+0	1.790853E+9	1.506282E+0	2.920213E+11	1.491347E+0	2.914066E+11	1.505640E+0	3.277834E+11	1.492035E+0	3.270707E+11	7.813057E-2	1.762833E-2	5.776370E-2	6.050225E-2	8.377277E-2	-3.378407E+10	-3.397129E+10	8.914012E+7	1.872251E+8	-3.251907E+11
5.351460E+2	1.911653E+0	4.522586E+10	1.855136E+0	2.203774E+9	1.900003E+0	4.500147E+10	1.869699E+0	2.193058E+9	1.883649E+0	3.629783E+11	1.878723E+0	3.647754E+11	1.885440E+0	4.079798E+11	1.882303E+0	4.100013E+11	-5.651687E-2	-3.030361E-2	-1.456319E-2	-2.621325E-2	-2.716690E-2	-4.302208E+10	-4.280841E+10	1.071516E+7	-2.136741E+8	-4.077975E+11
5.352550E+2	2.036551E+0	4.811070E+10	1.985890E+0	2.355336E+9	2.021693E+0	4.781520E+10	1.967516E+0	2.304936E+9	1.984037E+0	3.818544E+11	1.993174E+0	3.864523E+11	1.988160E+0	4.296696E+11	1.997889E+0	4.345630E+11	-5.066120E-2	-5.417702E-2	1.837465E-2	3.515813E-3	-1.199862E-2	-4.575537E+10	-4.551027E+10	5.040019E+7	-2.450988E+8	-4.322076E+11
5.354060E+2	2.023144E+0	4.780103E+10	1.917165E+0	2.275674E+9	2.014161E+0	4.764106E+10	1.973836E+0	2.312166E+9	1.969615E+0	3.791426E+11	1.975296E+0	3.830662E+11	1.974493E+0	4.267836E+11	1.980497E+0	4.308672E+11	-1.059794E-1	-4.032466E-2	-5.667194E-2	-6.565476E-2	-6.333229E-2	-4.552535E+10	-4.532890E+10	-3.649211E+7	-1.964560E+8	-4.285915E+11
5.355630E+2	1.885857E+0	4.463004E+10	1.830349E+0	2.175042E+9	1.899089E+0	4.498035E+10	1.902859E+0	2.230986E+9	1.840075E+0	3.547850E+11	1.855404E+0	3.603587E+11	1.846538E+0	3.997654E+11	1.858714E+0	4.049887E+11	-5.550776E-2	3.769988E-3	-7.251017E-2	-5.927774E-2	-2.836450E-2	-4.245500E+10	-4.274937E+10	-5.594322E+7	2.943680E+8	-4.028137E+11
5.357090E+2	1.670952E+0	3.966628E+10	1.655951E+0	1.972890E+9	1.654416E+0	3.932297E+10	1.657506E+0	1.950363E+9	1.632296E+0	3.157159E+11	1.637698E+0	3.191255E+11	1.634718E+0	3.550389E+11	1.641313E+0	3.587918E+11	-1.500107E-2	3.090259E-3	-1.555223E-3	-1.809133E-2	1.463809E-2	-3.769339E+10	-3.737261E+10	2.252749E+7	-3.207810E+8	-3.568189E+11
5.358600E+2	1.445750E+0	3.446469E+10	1.399663E+0	1.675816E+9	1.448268E+0	3.455638E+10	1.446067E+0	1.708529E+9	1.427106E+0	2.771336E+11	1.438955E+0	2.814838E+11	1.429423E+0	3.116900E+11	1.439694E+0	3.159484E+11	-4.608750E-2	-2.201086E-3	-4.640409E-2	-4.388641E-2	-4.003123E-2	-3.278887E+10	-3.284785E+10	-3.271281E+7	5.898309E+7	-3.142726E+11
5.360120E+2	1.226863E+0	2.940893E+10	1.176271E+0	1.416873E+9	1.218566E+0	2.924516E+10	1.261278E+0	1.497176E+9	1.210499E+0	2.364046E+11	1.215732E+0	2.392054E+11	1.211382E+0	2.656498E+11	1.216942E+0	2.686143E+11	-5.059178E-2	4.271206E-2	-8.500689E-2	-9.330383E-2	-4.067076E-2	-2.799206E+10	-2.774799E+10	-8.030288E+7	-2.440693E+8	-2.671974E+11
5.362580E+2	8.969483E-1	2.178874E+10	8.445029E-1	1.032308E+9	8.950736E-1	2.176532E+10	8.673130E-1	1.046579E+9	8.955525E-1	1.771847E+11	9.006188E-1	1.795232E+11	8.955001E-1	1.989500E+11	9.002198E-1	2.013120E+11	-5.244534E-2	-2.776054E-2	-2.281011E-2	-2.468480E-2	-5.571689E-2	-2.075643E+10	-2.071875E+10	-1.427131E+7	-3.768742E+7	-2.002797E+11
5.365140E+2	6.797681E-1	1.677242E+10	6.748310E-1	8.356338E+8	6.790409E-1	1.677018E+10	6.454848E-1	7.928626E+8	6.849362E-1	1.375822E+11	6.839356E-1	1.384836E+11	6.842906E-1	1.543523E+11	6.834826E-1	1.552560E+11	-4.937129E-3	-3.355615E-2	2.934617E-2	2.861902E-2	-8.651611E-3	-1.593679E+10	-1.597732E+10	4.277115E+7	4.052593E+7	-1.544204E+11
5.368020E+2	5.387154E-1	1.351446E+10	5.185994E-1	6.545393E+8	5.397161E-1	1.354869E+10	5.498586E-1	6.834900E+8	5.491360E-1	1.120474E+11	5.476908E-1	1.126790E+11	5.481044E-1	1.255961E+11	5.467152E-1	1.261934E+11	-2.011603E-2	1.014243E-2	-3.125914E-2	-3.025846E-2	-2.811580E-2	-1.285992E+10	-1.286520E+10	-2.895069E+7	5.272446E+6	-1.255389E+11
5.370070E+2	4.819641E-1	1.220365E+10	5.008823E-1	6.340027E+8	4.856276E-1	1.229804E+10	4.555937E-1	5.756745E+8	4.846983E-1	9.993106E+10	4.833412E-1	1.004912E+11	4.848000E-1	1.122291E+11	4.831915E-1	1.126949E+11	1.891822E-2	-3.003386E-2	4.528862E-2	4.895207E-2	1.769079E-2	-1.156965E+10	-1.172237E+10	5.832820E+7	1.527191E+8	-1.120609E+11
5.372590E+2	4.569754E-1	1.162647E+10	4.705860E-1	5.988850E+8	4.453043E-1	1.136568E+10	4.758867E-1	5.988846E+8	4.594350E-1	9.518076E+10	4.539491E-1	9.492436E+10	4.578876E-1	1.065464E+11	4.542780E-1	1.065508E+11	1.361056E-2	3.058237E-2	-5.300717E-3	-1.697181E-2	1.630793E-2	-1.102759E+10	-1.076680E+10	3.366826E+2	-2.607937E+8	-1.059520E+11
5.375160E+2	4.802872E-1	1.216492E+10	4.787962E-1	6.084018E+8	4.765336E-1	1.208777E+10	4.608380E-1	5.816727E+8	4.853191E-1	1.000478E+11	4.808678E-1	1.000228E+11	4.843571E-1	1.121356E+11	4.808047E-1	1.121877E+11	-1.491056E-3	-1.569555E-2	1.795817E-2	1.420449E-2	-2.008541E-3	-1.155652E+10	-1.150610E+10	2.672907E+7	-5.042168E+7	-1.115793E+11
5.377630E+2	5.371404E-1	1.347808E+10	5.428771E-1	6.826806E+8	5.347210E-1	1.343319E+10	5.127219E-1	6.410150E+8	5.460586E-1	1.114688E+11	5.403091E-1	1.112809E+11	5.448171E-1	1.249019E+11	5.399647E-1	1.247590E+11	5.736689E-3	-2.199905E-2	3.015516E-2	2.773574E-2	2.912382E-3	-1.279540E+10	-1.279217E+10	4.166561E+7	-3.230357E+6	-1.240763E+11
5.380160E+2	6.311986E-1	1.565059E+10	6.100289E-1	7.605191E+8	6.318676E-1	1.567943E+10	6.200220E-1	7.637395E+8	6.425051E-1	1.296038E+11	6.367267E-1	1.295423E+11	6.413403E-1	1.452832E+11	6.361258E-1	1.451929E+11	-2.116961E-2	-1.184563E-2	-9.993029E-3	-9.323980E-3	-2.609684E-2	-1.489007E+10	-1.491569E+10	-3.220414E+6	2.561825E+7	-1.444324E+11
5.382580E+2	7.734929E-1	1.893723E+10	7.307573E-1	9.004603E+8	7.772239E-1	1.904038E+10	7.316697E-1	8.914366E+8	7.905328E-1	1.574377E+11	7.810521E-1	1.568774E+11	7.890754E-1	1.764780E+11	7.802304E-1	1.758146E+11	-4.273563E-2	-4.555419E-2	-9.123669E-4	2.818561E-3	-4.947309E-2	-1.803677E+10	-1.814895E+10	9.023657E+6	1.121732E+8	-1.749142E+11
5.385110E+2	9.646820E-1	2.335322E+10	9.216530E-1	1.121735E+9	9.729729E-1	2.356652E+10	1.003198E+0	1.201997E+9	9.782622E-1	1.927368E+11	9.738549E-1	1.933941E+11	9.776830E-1	2.163033E+11	9.728579E-1	2.167473E+11	-4.302906E-2	3.022494E-2	-8.154482E-2	-7.325400E-2	-5.120488E-2	-2.223148E+10	-2.236453E+10	-8.026180E+7	1.330430E+8	-2.156256E+11
5.387600E+2	1.178461E+0	2.829096E+10	1.171260E+0	1.411065E+9	1.171965E+0	2.816765E+10	1.219167E+0	1.449011E+9	1.187679E+0	2.321138E+11	1.177112E+0	2.318908E+11	1.185958E+0	2.602814E+11	1.177259E+0	2.601818E+11	-7.200605E-3	4.720186E-2	-4.790660E-2	-5.440247E-2	-5.998601E-3	-2.687990E+10	-2.671864E+10	-3.794651E+7	-1.612635E+8	-2.587707E+11
5.390130E+2	1.389480E+0	3.316499E+10	1.370816E+0	1.642379E+9	1.404600E+0	3.354668E+10	1.311315E+0	1.554406E+9	1.394616E+0	2.710245E+11	1.385633E+0	2.713846E+11	1.395709E+0	3.045711E+11	1.386051E+0	3.045496E+11	-1.866403E-2	-9.328484E-2	5.950134E-2	7.462080E-2	-1.523511E-2	-3.152261E+10	-3.199227E+10	8.797265E+7	4.696596E+8	-3.029072E+11
5.392880E+2	1.691784E+0	4.014745E+10	1.657261E+0	1.974409E+9	1.688916E+0	4.012068E+10	1.650221E+0	1.942030E+9	1.670769E+0	3.229500E+11	1.665933E+0	3.244731E+11	1.672756E+0	3.630707E+11	1.668743E+0	3.646205E+11	-3.452301E-2	-3.869507E-2	7.040212E-3	4.172063E-3	-1.148169E-2	-3.817304E+10	-3.817865E+10	3.237869E+7	5.617485E+6	-3.626461E+11
5.395160E+2	1.844116E+0	4.366594E+10	1.743171E+0	2.073991E+9	1.849879E+0	4.384249E+10	1.790621E+0	2.102613E+9	1.811577E+0	3.494264E+11	1.814727E+0	3.526546E+11	1.815771E+0	3.932689E+11	1.817922E+0	3.963206E+11	-1.009449E-1	-5.925771E-2	-4.744950E-2	-4.168722E-2	-7.475028E-2	-4.159195E+10	-4.173988E+10	-2.862176E+7	1.479328E+8	-3.942466E+11
5.397650E+2	1.964426E+0	4.644479E+10	1.936781E+0	2.298412E+9	1.981990E+0	4.689720E+10	1.902757E+0	2.230868E+9	1.933767E+0	3.724020E+11	1.942081E+0	3.767754E+11	1.939047E+0	4.192992E+11	1.944510E+0	4.232202E+11	-2.764495E-2	-7.923318E-2	3.402447E-2	5.158823E-2	-7.728778E-3	-4.414638E+10	-4.466633E+10	6.754389E+7	5.199448E+8	-4.209217E+11
5.400190E+2	2.019469E+0	4.771614E+10	1.960110E+0	2.325453E+9	2.009810E+0	4.754045E+10	1.896878E+0	2.224145E+9	1.963485E+0	3.779900E+11	1.965652E+0	3.812397E+11	1.968558E+0	4.255305E+11	1.971502E+0	4.289558E+11	-5.935942E-2	-1.129313E-1	6.323121E-2	5.357187E-2	-1.139223E-2	-4.539069E+10	-4.531630E+10	1.013082E+8	-7.438903E+7	-4.266304E+11
5.402690E+2	1.953692E+0	4.619685E+10	1.905939E+0	2.262661E+9	1.966239E+0	4.653299E+10	1.968757E+0	2.306356E+9	1.920239E+0	3.698583E+11	1.928360E+0	3.741765E+11	1.925276E+0	4.163913E+11	1.931113E+0	4.203734E+11	-4.775288E-2	2.518593E-3	-6.281838E-2	-5.027148E-2	-2.517446E-2	-4.393419E+10	-4.422663E+10	-4.369487E+7	2.924405E+8	-4.181107E+11
5.405290E+2	1.896519E+0	4.487630E+10	1.823496E+0	2.167099E+9	1.893070E+0	4.484117E+10	1.906067E+0	2.234654E+9	1.859592E+0	3.584547E+11	1.862644E+0	3.617300E+11	1.863258E+0	4.032959E+11	1.866326E+0	4.066063E+11	-7.302255E-2	1.299668E-2	-8.257043E-2	-8.601923E-2	-4.282993E-2	-4.270921E+10	-4.260652E+10	-6.755511E+7	-1.026871E+8	-4.044392E+11
5.407580E+2	1.861124E+0	4.405878E+10	1.871432E+0	2.222663E+9	1.849540E+0	4.383466E+10	1.774739E+0	2.084448E+9	1.816210E+0	3.502975E+11	1.819763E+0	3.536083E+11	1.819859E+0	3.941322E+11	1.824258E+0	3.976671E+11	1.030781E-2	-7.480055E-2	9.669261E-2	8.510836E-2	4.717362E-2	-4.183612E+10	-4.175021E+10	1.382149E+8	-8.590015E+7	-3.954444E+11
5.410400E+2	1.754551E+0	4.159719E+10	1.687712E+0	2.009706E+9	1.759381E+0	4.174998E+10	1.748359E+0	2.054276E+9	1.731258E+0	3.343240E+11	1.735548E+0	3.376581E+11	1.734338E+0	3.760739E+11	1.737614E+0	3.792553E+11	-6.683820E-2	-1.102153E-2	-6.064675E-2	-5.581667E-2	-4.990124E-2	-3.958749E+10	-3.969571E+10	-4.456966E+7	1.082186E+8	-3.772456E+11
5.412580E+2	1.665319E+0	3.953617E+10	1.634797E+0	1.948369E+9	1.656442E+0	3.936981E+10	1.673236E+0	1.968353E+9	1.634045E+0	3.160448E+11	1.635298E+0	3.186709E+11	1.636498E+0	3.554146E+11	1.638561E+0	3.582071E+11	-3.052255E-2	1.679385E-2	-3.843899E-2	-4.731640E-2	-3.764854E-3	-3.758780E+10	-3.740146E+10	-1.998391E+7	-1.863458E+8	-3.562587E+11
5.415300E+2	1.559040E+0	3.708139E+10	1.549551E+0	1.849557E+9	1.569398E+0	3.735716E+10	1.576393E+0	1.857589E+9	1.542143E+0	2.987643E+11	1.544770E+0	3.015249E+11	1.545128E+0	3.361215E+11	1.546321E+0	3.386063E+11	-9.489221E-3	6.994954E-3	-2.684198E-2	-1.648418E-2	3.229691E-3	-3.523183E+10	-3.549957E+10	-8.031803E+6	2.677422E+8	-3.367567E+11
5.417540E+2	1.437826E+0	3.428165E+10	1.410215E+0	1.688047E+9	1.431916E+0	3.417829E+10	1.364221E+0	1.614918E+9	1.419021E+0	2.756133E+11	1.421591E+0	2.781950E+11	1.420433E+0	3.097916E+11	1.423356E+0	3.124767E+11	-2.761131E-2	-6.769476E-2	4.599335E-2	4.008345E-2	-1.314148E-2	-3.259360E+10	-3.256337E+10	7.312922E+7	-3.023446E+7	-3.107886E+11
5.420210E+2	1.231642E+0	2.951932E+10	1.213509E+0	1.460037E+9	1.230275E+0	2.951590E+10	1.232939E+0	1.464764E+9	1.231332E+0	2.403219E+11	1.234432E+0	2.427471E+11	1.231216E+0	2.698378E+11	1.234128E+0	2.722664E+11	-1.813339E-2	2.664548E-3	-1.943056E-2	-2.079794E-2	-2.061983E-2	-2.805929E+10	-2.805114E+10	-4.726800E+6	-8.148665E+6	-2.708064E+11
5.422620E+2	1.114490E+0	2.681340E+10	1.096324E+0	1.324204E+9	1.121482E+0	2.700038E+10	1.069287E+0	1.277587E+9	1.120863E+0	2.195503E+11	1.115513E+0	2.202240E+11	1.120931E+0	2.465507E+11	1.115402E+0	2.470374E+11	-1.816552E-2	-5.219512E-2	2.703723E-2	3.402960E-2	-1.907728E-2	-2.548920E+10	-2.572280E+10	4.661725E+7	2.335982E+8	-2.457132E+11
5.425140E+2	9.868612E-1	2.386550E+10	1.012990E+0	1.227608E+9	9.812600E-1	2.375814E+10	9.953634E-1	1.193036E+9	9.967259E-1	1.962085E+11	9.932784E-1	1.970729E+11	9.950324E-1	2.199667E+11	9.925809E-1	2.209384E+11	2.612881E-2	1.410331E-2	1.762665E-2	1.202550E-2	2.040914E-2	-2.263789E+10	-2.256511E+10	3.457135E+7	-7.278878E+7	-2.197108E+11
5.427920E+2	9.176110E-1	2.226600E+10	8.919505E-1	1.087306E+9	9.220767E-1	2.238969E+10	9.232247E-1	1.110528E+9	9.327128E-1	1.841720E+11	9.277024E-1	1.846529E+11	9.315481E-1	2.065617E+11	9.266055E-1	2.069189E+11	-2.566052E-2	1.147956E-3	-3.127416E-2	-2.680848E-2	-3.465504E-2	-2.117869E+10	-2.127917E+10	-2.322184E+7	1.004753E+8	-2.058315E+11
5.430070E+2	9.782666E-1	2.366699E+10	1.016073E+0	1.231182E+9	9.785669E-1	2.369587E+10	9.616632E-1	1.154492E+9	9.851824E-1	1.940380E+11	9.805260E-1	1.946576E+11	9.844580E-1	2.177339E+11	9.802805E-1	2.183246E+11	3.780677E-2	-1.690374E-2	5.441022E-2	5.471050E-2	3.579294E-2	-2.243581E+10	-2.254138E+10	7.669003E+7	1.055718E+8	-2.170934E+11
5.432700E+2	1.110336E+0	2.671747E+10	1.111574E+0	1.341881E+9	1.113193E+0	2.680873E+10	1.078834E+0	1.288506E+9	1.115126E+0	2.184715E+11	1.108880E+0	2.189677E+11	1.114914E+0	2.452802E+11	1.109038E+0	2.456851E+11	1.237761E-3	-3.435922E-2	3.273979E-2	3.559698E-2	2.536054E-3	-2.537558E+10	-2.552022E+10	5.337426E+7	1.446384E+8	-2.443432E+11
5.435170E+2	1.231148E+0	2.950791E+10	1.201826E+0	1.446495E+9	1.228843E+0	2.948280E+10	1.250869E+0	1.485271E+9	1.229813E+0	2.400363E+11	1.225288E+0	2.410154E+11	1.229707E+0	2.695191E+11	1.225925E+0	2.705233E+11	-2.932238E-2	2.202549E-2	-4.904296E-2	-5.134787E-2	-2.409972E-2	-2.806142E+10	-2.799753E+10	-3.877581E+7	-6.388769E+7	-2.690768E+11
5.437640E+2	1.383697E+0	3.303141E+10	1.420424E+0	1.699881E+9	1.385101E+0	3.309583E+10	1.392787E+0	1.647590E+9	1.376276E+0	2.675761E+11	1.375110E+0	2.693916E+11	1.377243E+0	3.006719E+11	1.376044E+0	3.024230E+11	3.672654E-2	7.685612E-3	2.763653E-2	2.904093E-2	4.437986E-2	-3.133153E+10	-3.144824E+10	5.229072E+7	1.167127E+8	-3.007231E+11
5.440170E+2	1.522223E+0	3.623102E+10	1.479687E+0	1.768576E+9	1.521507E+0	3.624984E+10	1.513698E+0	1.785882E+9	1.505780E+0	2.919268E+11	1.505119E+0	2.940151E+11	1.507502E+0	3.281767E+11	1.506978E+0	3.302461E+11	-4.253625E-2	-7.809691E-3	-3.401049E-2	-3.472656E-2	-2.729092E-2	-3.446245E+10	-3.446395E+10	-1.730601E+7	1.506638E+6	-3.284775E+11
5.442920E+2	1.538282E+0	3.660193E+10	1.493054E+0	1.784070E+9	1.537699E+0	3.662423E+10	1.498710E+0	1.768739E+9	1.514665E+0	2.935976E+11	1.512464E+0	2.954062E+11	1.517188E+0	3.302218E+11	1.515270E+0	3.320081E+11	-4.522717E-2	-3.898942E-2	-5.655448E-3	-6.237755E-3	-2.221564E-2	-3.481786E+10	-3.485549E+10	1.533081E+7	3.763299E+7	-3.302240E+11
5.445240E+2	1.536136E+0	3.655237E+10	1.546117E+0	1.845577E+9	1.542048E+0	3.672478E+10	1.531584E+0	1.806340E+9	1.524100E+0	2.953716E+11	1.531375E+0	2.989879E+11	1.526065E+0	3.320964E+11	1.531892E+0	3.355403E+11	9.980935E-3	-1.046347E-2	1.453242E-2	2.044440E-2	1.422445E-2	-3.470679E+10	-3.491844E+10	3.923735E+7	2.116487E+8	-3.336947E+11
5.447830E+2	1.563940E+0	3.719458E+10	1.483846E+0	1.773396E+9	1.568001E+0	3.732488E+10	1.601018E+0	1.885755E+9	1.543678E+0	2.990529E+11	1.545152E+0	3.015972E+11	1.546341E+0	3.363778E+11	1.547194E+0	3.387918E+11	-8.009481E-2	3.301715E-2	-1.171728E-1	-1.131120E-1	-6.334816E-2	-3.542119E+10	-3.543912E+10	-1.123589E+8	1.793577E+7	-3.370184E+11
5.450090E+2	1.477475E+0	3.519746E+10	1.401151E+0	1.677542E+9	1.464318E+0	3.492749E+10	1.429028E+0	1.689040E+9	1.447108E+0	2.808948E+11	1.454091E+0	2.843504E+11	1.448993E+0	3.158222E+11	1.456633E+0	3.195479E+11	-7.632409E-2	-3.529035E-2	-2.787617E-2	-4.103374E-2	-5.548142E-2	-3.351992E+10	-3.323845E+10	-1.149857E+7	-2.814653E+8	-3.178703E+11
5.452690E+2	1.355969E+0	3.239095E+10	1.294092E+0	1.553445E+9	1.354507E+0	3.238842E+10	1.331277E+0	1.577238E+9	1.340011E+0	2.607571E+11	1.344396E+0	2.635743E+11	1.341599E+0	2.931455E+11	1.345654E+0	2.959652E+11	-6.187638E-2	-2.323006E-2	-3.718456E-2	-3.864632E-2	-5.156186E-2	-3.083751E+10	-3.081118E+10	-2.379274E+7	-2.632700E+7	-2.944118E+11
5.455130E+2	1.328220E+0	3.175004E+10	1.316199E+0	1.579070E+9	1.313343E+0	3.143662E+10	1.288435E+0	1.528237E+9	1.311228E+0	2.553450E+11	1.313570E+0	2.577358E+11	1.311460E+0	2.867816E+11	1.315162E+0	2.894858E+11	-1.202108E-2	-2.490800E-2	2.776419E-2	1.288692E-2	1.036968E-3	-3.017097E+10	-2.990838E+10	5.083267E+7	-2.625825E+8	-2.879068E+11
5.457720E+2	1.199427E+0	2.877524E+10	1.148514E+0	1.384700E+9	1.211459E+0	2.908085E+10	1.219478E+0	1.449368E+9	1.189629E+0	2.324804E+11	1.195876E+0	2.354447E+11	1.192019E+0	2.615612E+11	1.196262E+0	2.642199E+11	-5.091280E-2	8.018734E-3	-7.096353E-2	-5.893153E-2	-4.774754E-2	-2.739054E+10	-2.763148E+10	-6.466796E+7	2.409374E+8	-2.628352E+11
5.460060E+2	1.167381E+0	2.803505E+10	1.133661E+0	1.367483E+9	1.174271E+0	2.822098E+10	1.181210E+0	1.405599E+9	1.165290E+0	2.279039E+11	1.166444E+0	2.298703E+11	1.166273E+0	2.561249E+11	1.166546E+0	2.579054E+11	-3.371982E-2	6.938665E-3	-4.754892E-2	-4.065848E-2	-3.288479E-2	-2.666757E+10	-2.681538E+10	-3.811608E+7	1.478139E+8	-2.565379E+11
5.467770E+2	1.179791E+0	2.832169E+10	1.135010E+0	1.369046E+9	1.189979E+0	2.858418E+10	1.156293E+0	1.377099E+9	1.179394E+0	2.305560E+11	1.179832E+0	2.324060E+11	1.180553E+0	2.591402E+11	1.179828E+0	2.607277E+11	-4.478069E-2	-3.368629E-2	-2.128242E-2	-1.109441E-2	-4.481727E-2	-2.695265E+10	-2.720708E+10	-8.052987E+6	2.544306E+8	-2.593586E+11
5.475180E+2	1.298568E+0	3.106515E+10	1.295837E+0	1.555467E+9	1.289917E+0	3.089495E+10	1.239175E+0	1.471896E+9	1.293007E+0	2.519187E+11	1.287067E+0	2.527163E+11	1.292668E+0	2.828137E+11	1.288317E+0	2.837814E+11	-2.731550E-3	-5.074195E-2	5.666196E-2	4.801040E-2	7.519162E-3	-2.950968E+10	-2.942306E+10	8.357113E+7	-8.662436E+7	-2.822260E+11
5.482820E+2	1.338490E+0	3.198723E+10	1.293892E+0	1.553213E+9	1.335374E+0	3.194603E+10	1.281099E+0	1.519847E+9	1.325288E+0	2.579887E+11	1.325223E+0	2.599429E+11	1.326393E+0	2.899347E+11	1.326665E+0	2.919302E+11	-4.459706E-2	-5.427455E-2	1.279302E-2	9.677497E-3	-3.277270E-2	-3.043402E+10	-3.042618E+10	3.336608E+7	-7.838459E+6	-2.903770E+11
5.490160E+2	1.378610E+0	3.291390E+10	1.362459E+0	1.632692E+9	1.380105E+0	3.298031E+10	1.424690E+0	1.684079E+9	1.368184E+0	2.660544E+11	1.370377E+0	2.684951E+11	1.369489E+0	2.990347E+11	1.371272E+0	3.014090E+11	-1.615010E-2	4.458533E-2	-6.223086E-2	-6.073543E-2	-8.812387E-3	-3.128121E+10	-3.129623E+10	-5.138726E+7	1.501404E+7	-2.997763E+11
5.497630E+2	1.368276E+0	3.267522E+10	1.349560E+0	1.617739E+9	1.370737E+0	3.276370E+10	1.357717E+0	1.607478E+9	1.360768E+0	2.646600E+11	1.357101E+0	2.659806E+11	1.361860E+0	2.974237E+11	1.358316E+0	2.986558E+11	-1.871639E-2	-1.302051E-2	-8.157133E-3	-5.695884E-3	-8.756320E-3	-3.105748E+10	-3.115622E+10	1.026107E+7	9.873912E+7	-2.970381E+11
5.505060E+2	1.289472E+0	3.085504E+10	1.212494E+0	1.458861E+9	1.285272E+0	3.078757E+10	1.281171E+0	1.519929E+9	1.284353E+0	2.502916E+11	1.283314E+0	2.520054E+11	1.284454E+0	2.810792E+11	1.283983E+0	2.828605E+11	-7.697793E-2	-4.101684E-3	-6.867712E-2	-7.287625E-2	-7.148980E-2	-2.939618E+10	-2.926764E+10	-6.106821E+7	-1.285383E+8	-2.814016E+11
5.512620E+2	1.261983E+0	3.022013E+10	1.250607E+0	1.503039E+9	1.260881E+0	3.022359E+10	1.215422E+0	1.444728E+9	1.257794E+0	2.452976E+11	1.258384E+0	2.472837E+11	1.258132E+0	2.755212E+11	1.258775E+0	2.775038E+11	-1.137632E-2	-4.545929E-2	3.518513E-2	3.408297E-2	-8.168479E-3	-2.871709E+10	-2.877886E+10	5.831089E+7	6.177067E+7	-2.760008E+11
5.520040E+2	1.296083E+0	3.100775E+10	1.254406E+0	1.507443E+9	1.297708E+0	3.107511E+10	1.298580E+0	1.539841E+9	1.286684E+0	2.507299E+11	1.287723E+0	2.528405E+11	1.287891E+0	2.818050E+11	1.288632E+0	2.838482E+11	-4.167677E-2	8.720776E-4	-4.417371E-2	-4.254885E-2	-3.422540E-2	-2.950031E+10	-2.953527E+10	-3.239736E+7	3.495896E+7	-2.823408E+11
5.527700E+2	1.240782E+0	2.973042E+10	1.227314E+0	1.476040E+9	1.249402E+0	2.995817E+10	1.221147E+0	1.451277E+9	1.234979E+0	2.410077E+11	1.241331E+0	2.440539E+11	1.236559E+0	2.709659E+11	1.241272E+0	2.737843E+11	-1.346707E-2	-2.825533E-2	6.167515E-3	1.478825E-2	-1.395707E-2	-2.825438E+10	-2.850690E+10	2.476349E+7	2.525143E+8	-2.723083E+11
5.535050E+2	1.184934E+0	2.844048E+10	1.198938E+0	1.443148E+9	1.184780E+0	2.846397E+10	1.218872E+0	1.448674E+9	1.178676E+0	2.304209E+11	1.182504E+0	2.329121E+11	1.179344E+0	2.588849E+11	1.182768E+0	2.613526E+11	1.400391E-2	3.409139E-2	-1.993367E-2	-2.008749E-2	1.616942E-2	-2.699734E+10	-2.701530E+10	-5.526485E+6	1.795855E+7	-2.599095E+11
5.542530E+2	1.120037E+0	2.694152E+10	1.116907E+0	1.348063E+9	1.119656E+0	2.695815E+10	1.121151E+0	1.336906E+9	1.121294E+0	2.196314E+11	1.121861E+0	2.214264E+11	1.121115E+0	2.465895E+11	1.121663E+0	2.483679E+11	-3.129166E-3	1.494946E-3	-4.243211E-3	-4.624112E-3	-4.755366E-3	-2.559346E+10	-2.562125E+10	1.115701E+7	2.778889E+7	-2.470198E+11
5.550080E+2	1.041438E+0	2.512609E+10	1.049247E+0	1.269635E+9	1.061556E+0	2.561476E+10	1.051343E+0	1.257063E+9	1.047759E+0	2.058044E+11	1.050035E+0	2.078225E+11	1.049270E+0	2.314192E+11	1.049100E+0	2.329486E+11	7.809114E-3	-1.021282E-2	-2.096066E-3	1.802193E-2	1.466371E-4	-2.385645E+10	-2.435769E+10	1.257149E+7	5.012418E+8	-2.316790E+11
5.557880E+2	9.596758E-1	2.323759E+10	9.516412E-1	1.156496E+9	9.645079E-1	2.337080E+10	9.811656E-1	1.176798E+9	9.659263E-1	1.904172E+11	9.678925E-1	1.922648E+11	9.657710E-1	2.137880E+11	9.669994E-1	2.155024E+11	-8.034577E-3	1.665765E-2	-2.952437E-2	-2.469223E-2	-1.535818E-2	-2.208109E+10	-2.219400E+10	-2.030185E+7	1.129073E+8	-2.143459E+11
5.560020E+2	9.462157E-1	2.292669E+10	9.563597E-1	1.161965E+9	9.545460E-1	2.314046E+10	9.675753E-1	1.161254E+9	9.511600E-1	1.876407E+11	9.539303E-1	1.896204E+11	9.515308E-1	2.107811E+11	9.530917E-1	2.125471E+11	1.014397E-2	1.302930E-2	-1.121566E-2	-2.885335E-3	3.267948E-3	-2.176473E+10	-2.197920E+10	7.113745E+5	2.144737E+8	-2.113851E+11
5.564970E+2	9.579136E-1	2.319689E+10	8.770771E-1	1.070066E+9	9.529487E-1	2.310352E+10	9.951990E-1	1.192848E+9	9.604568E-1	1.893888E+11	9.635541E-1	1.914431E+11	9.596347E-1	2.124923E+11	9.629410E-1	2.146400E+11	-8.083648E-2	4.225031E-2	-1.181219E-1	-1.230868E-1	-8.586389E-2	-2.212682E+10	-2.191067E+10	-1.227829E+8	-2.161468E+8	-2.135700E+11
5.570160E+2	9.526196E-1	2.307461E+10	9.201044E-1	1.119940E+9	9.565396E-1	2.318655E+10	9.607112E-1	1.153403E+9	9.556353E-1	1.884822E+11	9.560919E-1	1.900298E+11	9.557344E-1	2.116688E+11	9.557145E-1	2.131044E+11	-3.251518E-2	4.171656E-3	-4.060684E-2	-3.668683E-2	-3.561010E-2	-2.195467E+10	-2.203315E+10	-3.346280E+7	7.848162E+7	-2.119845E+11
5.575360E+2	9.915222E-1	2.397316E+10	9.710378E-1	1.178979E+9	9.825122E-1	2.378710E+10	9.693711E-1	1.163308E+9	9.871032E-1	1.943992E+11	9.872458E-1	1.959303E+11	9.866004E-1	2.181862E+11	9.877106E-1	2.199035E+11	-2.048445E-2	-1.314116E-2	1.666704E-3	-7.343294E-3	-1.667287E-2	-2.279418E+10	-2.262379E+10	1.567148E+7	-1.703934E+8	-2.187245E+11
5.580000E+2	1.019830E+0	2.462700E+10	1.015090E+0	1.230042E+9	1.027242E+0	2.482134E+10	1.052874E+0	1.258815E+9	1.014517E+0	1.995537E+11	1.016556E+0	2.014817E+11	1.015910E+0	2.243751E+11	1.016912E+0	2.261087E+11	-4.740641E-3	2.563290E-2	-3.778486E-2	-3.037354E-2	-1.822643E-3	-2.339696E+10	-2.356252E+10	-2.877329E+7	1.655575E+8	-2.248787E+11
5.585100E+2	9.988408E-1	2.414220E+10	9.833880E-1	1.193295E+9	9.982006E-1	2.414985E+10	9.671350E-1	1.160750E+9	1.005099E+0	1.977829E+11	1.000748E+0	1.984876E+11	1.004343E+0	2.219327E+11	1.000540E+0	2.226298E+11	-1.545275E-2	-3.106563E-2	1.625305E-2	1.561289E-2	-1.715242E-2	-2.294891E+10	-2.298909E+10	3.254470E+7	4.018947E+7	-2.214365E+11
5.590100E+2	1.006595E+0	2.432130E+10	1.041563E+0	1.260728E+9	1.000548E+0	2.420413E+10	9.877617E-1	1.184342E+9	1.001265E+0	1.970620E+11	9.994957E-1	1.982504E+11	1.001187E+0	2.212662E+11	1.000267E+0	2.225717E+11	3.496807E-2	-1.278674E-2	5.380103E-2	4.775481E-2	4.129538E-2	-2.306057E+10	-2.301979E+10	7.638556E+7	-4.077810E+7	-2.213110E+11
5.595110E+2	1.028991E+0	2.483858E+10	1.015468E+0	1.230480E+9	1.026500E+0	2.480418E+10	1.015869E+0	1.216490E+9	1.027392E+0	2.019748E+11	1.026039E+0	2.032777E+11	1.027294E+0	2.267789E+11	1.026360E+0	2.281163E+11	-1.352229E-2	-1.063094E-2	-4.005339E-4	-2.891351E-3	-1.089137E-2	-2.360810E+10	-2.358769E+10	1.399088E+7	-2.041119E+7	-2.268858E+11
5.600070E+2	9.892874E-1	2.392154E+10	1.022499E+0	1.238630E+9	9.844882E-1	2.383278E+10	9.876032E-1	1.184161E+9	9.923819E-1	1.953917E+11	9.963725E-1	1.976589E+11	9.915175E-1	2.192245E+11	9.956023E-1	2.215804E+11	3.321190E-2	3.114976E-3	3.489611E-2	3.009692E-2	2.689697E-2	-2.268291E+10	-2.264862E+10	5.446965E+7	-3.428728E+7	-2.203418E+11
5.605040E+2	1.012437E+0	2.445624E+10	1.010254E+0	1.224437E+9	1.020965E+0	2.467622E+10	1.039800E+0	1.243861E+9	1.012641E+0	1.992010E+11	1.016740E+0	2.015165E+11	1.013552E+0	2.238773E+11	1.016272E+0	2.259727E+11	-2.182717E-3	1.883433E-2	-2.954552E-2	-2.101705E-2	-6.018162E-3	-2.323180E+10	-2.343235E+10	-1.942396E+7	2.005551E+8	-2.247483E+11
5.610530E+2	9.998777E-1	2.416615E+10	1.020596E+0	1.236424E+9	1.003004E+0	2.426092E+10	1.018875E+0	1.219928E+9	1.003966E+0	1.975700E+11	1.000711E+0	1.984806E+11	1.003861E+0	2.218309E+11	1.000620E+0	2.226468E+11	2.071805E-2	1.587061E-2	1.720870E-3	4.847443E-3	1.997522E-2	-2.292973E+10	-2.304099E+10	1.649615E+7	1.112615E+8	-2.214104E+11
