Photon Energy (eV)	X ref norm	X ref	X pump norm	X pump	Y ref norm	Y ref	Y pump norm	Y pump	X all norm	X all	Y all norm	Y all	X all Y ref norm	X all Y ref	Y all X ref norm	Y all X ref	BC(X hist) norm	BC(Y hist) norm	StS norm	BCSC norm	BCLR norm	BC(X hist)	BC(Y hist)	StS	BCSC	BCLR	
5.300470E+2	-7.180530E-3	9.056403E+8	-7.570975E-3	4.373469E+7	-5.288523E-3	9.469937E+8	-3.804567E-3	4.801308E+7	NaN	Inf	NaN	Inf	NaN	Inf	NaN	Inf	-3.904452E-4	1.483956E-3	-3.766408E-3	-1.874401E-3	NaN	-8.619056E+8	-8.989806E+8	-4.278395E+6	3.707498E+7	-Inf
5.305130E+2	-3.783987E-3	9.840919E+8	-3.255816E-3	4.864991E+7	-2.576497E-3	1.009702E+9	-8.679772E-3	4.244942E+7	NaN	Inf	NaN	Inf	NaN	Inf	NaN	Inf	5.281713E-4	-6.103275E-3	5.423956E-3	6.631447E-3	NaN	-9.354420E+8	-9.672522E+8	6.200488E+6	3.181021E+7	-Inf
5.310100E+2	-1.860100E-3	1.028529E+9	-3.210850E-3	4.870112E+7	-5.836440E-4	1.055781E+9	1.023552E-3	5.352301E+7	NaN	Inf	NaN	Inf	NaN	Inf	NaN	Inf	-1.350750E-3	1.607196E-3	-4.234402E-3	-2.957946E-3	NaN	-9.798277E+8	-1.002258E+9	-4.821883E+6	2.242998E+7	-Inf
5.315180E+2	-2.004182E-4	1.066863E+9	-1.763126E-3	5.035017E+7	-4.174588E-4	1.059623E+9	-4.840333E-4	5.180253E+7	NaN	Inf	NaN	Inf	NaN	Inf	NaN	Inf	-1.562708E-3	-6.657451E-5	-1.279093E-3	-1.496133E-3	NaN	-1.016513E+9	-1.007821E+9	-1.452360E+6	-8.692407E+6	-Inf
5.320070E+2	4.034548E-3	1.164680E+9	5.160793E-3	5.823692E+7	2.205532E-3	1.120273E+9	-3.422415E-3	4.844920E+7	NaN	Inf	NaN	Inf	NaN	Inf	NaN	Inf	1.126245E-3	-5.627947E-3	8.583208E-3	6.754192E-3	NaN	-1.106443E+9	-1.071823E+9	9.787720E+6	-3.462014E+7	-Inf
5.325070E+2	8.990488E-3	1.279150E+9	1.063997E-2	6.447803E+7	6.660590E-3	1.223283E+9	1.536724E-2	6.989225E+7	NaN	Inf	NaN	Inf	NaN	Inf	NaN	Inf	1.649486E-3	8.706645E-3	-4.727262E-3	-7.057159E-3	NaN	-1.214672E+9	-1.153391E+9	-5.414224E+6	-6.128118E+7	-Inf
5.330030E+2	1.642170E-2	1.450792E+9	1.443288E-2	6.879837E+7	1.552710E-2	1.428296E+9	2.172907E-2	7.715248E+7	NaN	Inf	NaN	Inf	NaN	Inf	NaN	Inf	-1.988826E-3	6.201969E-3	-7.296195E-3	-8.190795E-3	NaN	-1.381994E+9	-1.351144E+9	-8.354114E+6	-3.085039E+7	-Inf
5.331580E+2	1.963347E-2	1.524976E+9	2.121560E-2	7.652429E+7	1.853139E-2	1.497762E+9	2.332782E-2	7.897700E+7	NaN	Inf	NaN	Inf	NaN	Inf	NaN	Inf	1.582135E-3	4.796433E-3	-2.112218E-3	-3.214298E-3	NaN	-1.448452E+9	-1.418785E+9	-2.452708E+6	-2.966706E+7	-Inf
5.333130E+2	2.570653E-2	1.665249E+9	2.793721E-2	8.418060E+7	2.468578E-2	1.640065E+9	2.576786E-2	8.176161E+7	NaN	Inf	NaN	Inf	NaN	Inf	NaN	Inf	2.230684E-3	1.082076E-3	2.169354E-3	1.148608E-3	NaN	-1.581068E+9	-1.558303E+9	2.418990E+6	-2.276480E+7	-Inf
5.334580E+2	2.975301E-2	1.758712E+9	2.323527E-2	7.882481E+7	3.103068E-2	1.786773E+9	3.234843E-2	8.927147E+7	NaN	Inf	NaN	Inf	NaN	Inf	NaN	Inf	-6.517740E-3	1.317753E-3	-9.113165E-3	-7.835493E-3	NaN	-1.679887E+9	-1.697501E+9	-1.044666E+7	1.761390E+7	-Inf
5.336080E+2	3.993598E-2	1.993913E+9	5.072591E-2	1.101383E+8	3.961876E-2	1.985348E+9	4.060630E-2	9.869548E+7	NaN	Inf	NaN	Inf	NaN	Inf	NaN	Inf	1.078993E-2	9.875386E-4	1.011961E-2	9.802395E-3	NaN	-1.883775E+9	-1.886652E+9	1.144279E+7	2.877451E+6	-Inf
5.337630E+2	4.990939E-2	2.224274E+9	5.053847E-2	1.099248E+8	5.304807E-2	2.295863E+9	5.672783E-2	1.170936E+8	NaN	Inf	NaN	Inf	NaN	Inf	NaN	Inf	6.290789E-4	3.679762E-3	-6.189366E-3	-3.050683E-3	NaN	-2.114349E+9	-2.178769E+9	-7.168875E+6	6.442002E+7	-Inf
5.339290E+2	7.237588E-2	2.743193E+9	8.780668E-2	1.523754E+8	7.365764E-2	2.772401E+9	7.116502E-2	1.335696E+8	NaN	Inf	NaN	Inf	NaN	Inf	NaN	Inf	1.543080E-2	-2.492619E-3	1.664166E-2	1.792342E-2	NaN	-2.590818E+9	-2.638831E+9	1.880586E+7	4.801338E+7	-Inf
5.340640E+2	9.758993E-2	3.325574E+9	1.144442E-1	1.827171E+8	9.772383E-2	3.328863E+9	1.053119E-1	1.725386E+8	NaN	Inf	NaN	Inf	NaN	Inf	NaN	Inf	1.685423E-2	7.588094E-3	9.132235E-3	9.266134E-3	NaN	-3.142857E+9	-3.156325E+9	1.017852E+7	1.346758E+7	-Inf
5.342040E+2	1.445470E-1	4.410165E+9	1.429993E-1	2.152431E+8	1.449610E-1	4.421090E+9	1.511897E-1	2.248950E+8	NaN	Inf	NaN	Inf	NaN	Inf	NaN	Inf	-1.547716E-3	6.228663E-3	-8.190371E-3	-7.776379E-3	NaN	-4.194922E+9	-4.196195E+9	-9.651923E+6	1.272972E+6	-Inf
5.343600E+2	2.391889E-1	6.596154E+9	2.431077E-1	3.292725E+8	2.435902E-1	6.701610E+9	2.320439E-1	3.171672E+8	NaN	Inf	NaN	Inf	NaN	Inf	NaN	Inf	3.918849E-3	-1.154628E-2	1.106383E-2	1.546513E-2	NaN	-6.266881E+9	-6.384443E+9	1.210532E+7	1.175622E+8	-Inf
5.345110E+2	4.315406E-1	1.103899E+10	4.580391E-1	5.740919E+8	4.239951E-1	1.087296E+10	4.221593E-1	5.341299E+8	NaN	Inf	NaN	Inf	NaN	Inf	NaN	Inf	2.649850E-2	-1.835799E-3	3.587980E-2	2.833430E-2	NaN	-1.046490E+10	-1.033883E+10	3.996203E+7	-1.260675E+8	-Inf
5.346560E+2	7.109800E-1	1.749334E+10	7.574195E-1	9.151039E+8	7.097479E-1	1.748019E+10	7.144413E-1	8.676869E+8	NaN	Inf	NaN	Inf	NaN	Inf	NaN	Inf	4.643950E-2	4.693400E-3	4.297821E-2	4.174610E-2	NaN	-1.657824E+10	-1.661250E+10	4.741699E+7	3.426666E+7	-Inf
5.348120E+2	1.062604E+0	2.561498E+10	1.102379E+0	1.308033E+9	1.067037E+0	2.574148E+10	1.039700E+0	1.238878E+9	NaN	Inf	NaN	Inf	NaN	Inf	NaN	Inf	3.977470E-2	-2.733636E-2	6.267883E-2	6.711106E-2	NaN	-2.430694E+10	-2.450260E+10	6.915545E+7	1.956593E+8	-Inf
5.349530E+2	1.497677E+0	3.566406E+10	1.496530E+0	1.756994E+9	1.500416E+0	3.576215E+10	1.522264E+0	1.789588E+9	NaN	Inf	NaN	Inf	NaN	Inf	NaN	Inf	-1.147527E-3	2.184874E-2	-2.573481E-2	-2.299626E-2	NaN	-3.390707E+10	-3.397256E+10	-3.259393E+7	6.549102E+7	-Inf
5.351460E+2	1.911653E+0	4.522586E+10	1.907166E+0	2.224733E+9	1.900003E+0	4.500147E+10	1.898371E+0	2.218807E+9	NaN	Inf	NaN	Inf	NaN	Inf	NaN	Inf	-4.486741E-3	-1.631161E-3	8.794486E-3	-2.855580E-3	NaN	-4.300112E+10	-4.278266E+10	5.925590E+6	-2.184637E+8	-Inf
5.352550E+2	2.036551E+0	4.811070E+10	2.012154E+0	2.344320E+9	2.021693E+0	4.781520E+10	2.054756E+0	2.397275E+9	NaN	Inf	NaN	Inf	NaN	Inf	NaN	Inf	-2.439780E-2	3.306310E-2	-4.260207E-2	-5.746091E-2	NaN	-4.576638E+10	-4.541793E+10	-5.295549E+7	-3.484544E+8	-Inf
5.354060E+2	2.023144E+0	4.780103E+10	1.996206E+0	2.326155E+9	2.014161E+0	4.764106E+10	2.028656E+0	2.367490E+9	NaN	Inf	NaN	Inf	NaN	Inf	NaN	Inf	-2.693774E-2	1.449471E-2	-3.244962E-2	-4.143245E-2	NaN	-4.547487E+10	-4.527357E+10	-4.133494E+7	-2.012988E+8	-Inf
5.355630E+2	1.885857E+0	4.463004E+10	1.832132E+0	2.139264E+9	1.899089E+0	4.498035E+10	1.893538E+0	2.213291E+9	NaN	Inf	NaN	Inf	NaN	Inf	NaN	Inf	-5.372511E-2	-5.551734E-3	-6.140581E-2	-4.817338E-2	NaN	-4.249078E+10	-4.276706E+10	-7.402625E+7	2.762850E+8	-Inf
5.357090E+2	1.670952E+0	3.966628E+10	1.616219E+0	1.893327E+9	1.654416E+0	3.932297E+10	1.685510E+0	1.975887E+9	NaN	Inf	NaN	Inf	NaN	Inf	NaN	Inf	-5.473299E-2	3.109456E-2	-6.929145E-2	-8.582755E-2	NaN	-3.777295E+10	-3.734708E+10	-8.255967E+7	-4.258682E+8	-Inf
5.358600E+2	1.445750E+0	3.446469E+10	1.435030E+0	1.686943E+9	1.448268E+0	3.455638E+10	1.437606E+0	1.692974E+9	NaN	Inf	NaN	Inf	NaN	Inf	NaN	Inf	-1.071982E-2	-1.066224E-2	-2.575269E-3	-5.758657E-5	NaN	-3.277774E+10	-3.286341E+10	-6.031209E+6	8.566469E+7	-Inf
5.360120E+2	1.226863E+0	2.940893E+10	1.233230E+0	1.457080E+9	1.218566E+0	2.924516E+10	1.214625E+0	1.438505E+9	NaN	Inf	NaN	Inf	NaN	Inf	NaN	Inf	6.367254E-3	-3.940261E-3	1.860446E-2	1.030752E-2	NaN	-2.795185E+10	-2.780666E+10	1.857478E+7	-1.451917E+8	-Inf
5.362580E+2	8.969483E-1	2.178874E+10	8.859228E-1	1.061477E+9	8.950736E-1	2.176532E+10	8.842513E-1	1.061477E+9	NaN	Inf	NaN	Inf	NaN	Inf	NaN	Inf	-1.102543E-2	-1.082224E-2	1.671496E-3	-2.031886E-4	NaN	-2.072726E+10	-2.070385E+10	-1.287034E+2	-2.341624E+7	-Inf
5.365140E+2	6.797681E-1	1.677242E+10	6.948421E-1	8.438245E+8	6.790409E-1	1.677018E+10	6.846555E-1	8.336948E+8	NaN	Inf	NaN	Inf	NaN	Inf	NaN	Inf	1.507399E-2	5.614564E-3	1.018658E-2	9.459427E-3	NaN	-1.592860E+10	-1.593648E+10	1.012964E+7	7.884425E+6	-Inf
5.368020E+2	5.387154E-1	1.351446E+10	5.397251E-1	6.671371E+8	5.397161E-1	1.354869E+10	5.213965E-1	6.473810E+8	NaN	Inf	NaN	Inf	NaN	Inf	NaN	Inf	1.009633E-3	-1.831961E-2	1.832856E-2	1.932924E-2	NaN	-1.284733E+10	-1.290131E+10	1.975605E+7	5.397918E+7	-Inf
5.370070E+2	4.819641E-1	1.220365E+10	4.674174E-1	5.847744E+8	4.856276E-1	1.229804E+10	4.696614E-1	5.883401E+8	NaN	Inf	NaN	Inf	NaN	Inf	NaN	Inf	-1.454669E-2	-1.596616E-2	-2.243973E-3	1.419478E-3	NaN	-1.161888E+10	-1.170970E+10	-3.565672E+6	9.082523E+7	-Inf
5.372590E+2	4.569754E-1	1.162647E+10	4.613372E-1	5.778487E+8	4.453043E-1	1.136568E+10	4.314444E-1	5.447263E+8	NaN	Inf	NaN	Inf	NaN	Inf	NaN	Inf	4.361809E-3	-1.385989E-2	2.989279E-2	1.822170E-2	NaN	-1.104863E+10	-1.082095E+10	3.312243E+7	-2.276717E+8	-Inf
5.375160E+2	4.802872E-1	1.216492E+10	4.929148E-1	6.138175E+8	4.765336E-1	1.208777E+10	4.942271E-1	6.163748E+8	NaN	Inf	NaN	Inf	NaN	Inf	NaN	Inf	1.262758E-2	1.769350E-2	-1.312240E-3	-5.065921E-3	NaN	-1.155110E+10	-1.147139E+10	-2.557369E+6	-7.970811E+7	-Inf
5.377630E+2	5.371404E-1	1.347808E+10	5.381812E-1	6.653785E+8	5.347210E-1	1.343319E+10	5.439414E-1	6.731096E+8	NaN	Inf	NaN	Inf	NaN	Inf	NaN	Inf	1.040782E-3	9.220463E-3	-5.760258E-3	-8.179681E-3	NaN	-1.281270E+10	-1.276008E+10	-7.731174E+6	-5.262714E+7	-Inf
5.380160E+2	6.311986E-1	1.565059E+10	6.257342E-1	7.651066E+8	6.318676E-1	1.567943E+10	6.304558E-1	7.718413E+8	NaN	Inf	NaN	Inf	NaN	Inf	NaN	Inf	-5.464324E-3	-1.411775E-3	-4.721597E-3	-4.052549E-3	NaN	-1.488548E+10	-1.490759E+10	-6.734717E+6	2.210394E+7	-Inf
5.382580E+2	7.734929E-1	1.893723E+10	8.049436E-1	9.692366E+8	7.772239E-1	1.904038E+10	8.057175E-1	9.718527E+8	NaN	Inf	NaN	Inf	NaN	Inf	NaN	Inf	3.145063E-2	2.849358E-2	-7.738788E-4	2.957049E-3	NaN	-1.796800E+10	-1.806853E+10	-2.616131E+6	1.005334E+8	-Inf
5.385110E+2	9.646820E-1	2.335322E+10	9.889546E-1	1.178836E+9	9.729729E-1	2.356652E+10	9.884660E-1	1.180408E+9	NaN	Inf	NaN	Inf	NaN	Inf	NaN	Inf	2.427257E-2	1.549311E-2	4.886528E-4	8.779468E-3	NaN	-2.217438E+10	-2.238612E+10	-1.572281E+6	2.117325E+8	-Inf
5.387600E+2	1.178461E+0	2.829096E+10	1.230294E+0	1.453735E+9	1.171965E+0	2.816765E+10	1.187573E+0	1.407633E+9	NaN	Inf	NaN	Inf	NaN	Inf	NaN	Inf	5.183312E-2	1.560869E-2	4.272030E-2	3.622443E-2	NaN	-2.683723E+10	-2.676001E+10	4.610251E+7	-7.721444E+7	-Inf
5.390130E+2	1.389480E+0	3.316499E+10	1.437418E+0	1.689662E+9	1.404600E+0	3.354668E+10	1.435626E+0	1.690714E+9	NaN	Inf	NaN	Inf	NaN	Inf	NaN	Inf	4.793734E-2	3.102578E-2	1.792101E-3	1.691156E-2	NaN	-3.147533E+10	-3.185596E+10	-1.052245E+6	3.806348E+8	-Inf
5.392880E+2	1.691784E+0	4.014745E+10	1.696318E+0	1.984564E+9	1.688916E+0	4.012068E+10	1.728709E+0	2.025186E+9	NaN	Inf	NaN	Inf	NaN	Inf	NaN	Inf	4.533798E-3	3.979343E-2	-3.239148E-2	-3.525963E-2	NaN	-3.816288E+10	-3.809550E+10	-4.062163E+7	-6.738284E+7	-Inf
5.395160E+2	1.844116E+0	4.366594E+10	1.828959E+0	2.135650E+9	1.849879E+0	4.384249E+10	1.856087E+0	2.170551E+9	NaN	Inf	NaN	Inf	NaN	Inf	NaN	Inf	-1.515757E-2	6.208368E-3	-2.712823E-2	-2.136594E-2	NaN	-4.153029E+10	-4.167194E+10	-3.490127E+7	1.416532E+8	-Inf
5.397650E+2	1.964426E+0	4.644479E+10	1.957211E+0	2.281737E+9	1.981990E+0	4.689720E+10	1.983427E+0	2.315874E+9	NaN	Inf	NaN	Inf	NaN	Inf	NaN	Inf	-7.214957E-3	1.437403E-3	-2.621612E-2	-8.652360E-3	NaN	-4.416306E+10	-4.458132E+10	-3.413704E+7	4.182639E+8	-Inf
5.400190E+2	2.019469E+0	4.771614E+10	1.982452E+0	2.310488E+9	2.009810E+0	4.754045E+10	1.953200E+0	2.281378E+9	NaN	Inf	NaN	Inf	NaN	Inf	NaN	Inf	-3.701677E-2	-5.661004E-2	2.925261E-2	1.959327E-2	NaN	-4.540566E+10	-4.525907E+10	2.911031E+7	-1.465869E+8	-Inf
5.402690E+2	1.953692E+0	4.619685E+10	1.975882E+0	2.303005E+9	1.966239E+0	4.653299E+10	1.903620E+0	2.224797E+9	NaN	Inf	NaN	Inf	NaN	Inf	NaN	Inf	2.219058E-2	-6.261881E-2	7.226248E-2	8.480939E-2	NaN	-4.389385E+10	-4.430819E+10	7.820805E+7	4.143434E+8	-Inf
5.405290E+2	1.896519E+0	4.487630E+10	1.906064E+0	2.223478E+9	1.893070E+0	4.484117E+10	1.885582E+0	2.204211E+9	NaN	Inf	NaN	Inf	NaN	Inf	NaN	Inf	9.545192E-3	-7.488090E-3	2.048209E-2	1.703328E-2	NaN	-4.265283E+10	-4.263696E+10	1.926605E+7	-1.586594E+7	-Inf
5.407580E+2	1.861124E+0	4.405878E+10	1.807025E+0	2.110667E+9	1.849540E+0	4.383466E+10	1.795473E+0	2.101377E+9	NaN	Inf	NaN	Inf	NaN	Inf	NaN	Inf	-5.409887E-2	-5.406735E-2	1.155272E-2	-3.152460E-5	NaN	-4.194811E+10	-4.173329E+10	9.289368E+6	-2.148256E+8	-Inf
5.410400E+2	1.754551E+0	4.159719E+10	1.761541E+0	2.058858E+9	1.759381E+0	4.174998E+10	1.757820E+0	2.058407E+9	NaN	Inf	NaN	Inf	NaN	Inf	NaN	Inf	6.990785E-3	-1.560912E-3	3.721624E-3	8.551697E-3	NaN	-3.953834E+10	-3.969157E+10	4.505168E+5	1.532388E+8	-Inf
5.412580E+2	1.665319E+0	3.953617E+10	1.643989E+0	1.924959E+9	1.656442E+0	3.936981E+10	1.627172E+0	1.909310E+9	NaN	Inf	NaN	Inf	NaN	Inf	NaN	Inf	-2.133012E-2	-2.926941E-2	1.681669E-2	7.939285E-3	NaN	-3.761121E+10	-3.746050E+10	1.564842E+7	-1.507134E+8	-Inf
5.415300E+2	1.559040E+0	3.708139E+10	1.530259E+0	1.795414E+9	1.569398E+0	3.735716E+10	1.548638E+0	1.819686E+9	NaN	Inf	NaN	Inf	NaN	Inf	NaN	Inf	-2.878060E-2	-2.075953E-2	-1.837887E-2	-8.021062E-3	NaN	-3.528597E+10	-3.553748E+10	-2.427197E+7	2.515020E+8	-Inf
5.417540E+2	1.437826E+0	3.428165E+10	1.418725E+0	1.668370E+9	1.431916E+0	3.417829E+10	1.395517E+0	1.644941E+9	NaN	Inf	NaN	Inf	NaN	Inf	NaN	Inf	-1.910062E-2	-3.639901E-2	2.320828E-2	1.729839E-2	NaN	-3.261328E+10	-3.253335E+10	2.342857E+7	-7.993511E+7	-Inf
5.420210E+2	1.231642E+0	2.951932E+10	1.204400E+0	1.424241E+9	1.230275E+0	2.951590E+10	1.209285E+0	1.432410E+9	NaN	Inf	NaN	Inf	NaN	Inf	NaN	Inf	-2.724231E-2	-2.098991E-2	-4.885023E-3	-6.252400E-3	NaN	-2.809508E+10	-2.808349E+10	-8.169592E+6	-1.159146E+7	-Inf
5.422620E+2	1.114490E+0	2.681340E+10	1.075706E+0	1.277651E+9	1.121482E+0	2.700038E+10	1.104353E+0	1.312661E+9	NaN	Inf	NaN	Inf	NaN	Inf	NaN	Inf	-3.878415E-2	-1.712874E-2	-2.864778E-2	-2.165541E-2	NaN	-2.553575E+10	-2.568772E+10	-3.501039E+7	1.519706E+8	-Inf
5.425140E+2	9.868612E-1	2.386550E+10	1.005657E+0	1.197861E+9	9.812600E-1	2.375814E+10	9.596737E-1	1.147550E+9	NaN	Inf	NaN	Inf	NaN	Inf	NaN	Inf	1.879585E-2	-2.158633E-2	4.598333E-2	4.038217E-2	NaN	-2.266764E+10	-2.261059E+10	5.031095E+7	-5.704918E+7	-Inf
5.427920E+2	9.176110E-1	2.226600E+10	9.188712E-1	1.099007E+9	9.220767E-1	2.238969E+10	9.671020E-1	1.156027E+9	NaN	Inf	NaN	Inf	NaN	Inf	NaN	Inf	1.260197E-3	4.502527E-2	-4.823076E-2	-4.376507E-2	NaN	-2.116699E+10	-2.123367E+10	-5.702046E+7	6.667668E+7	-Inf
5.430070E+2	9.782666E-1	2.366699E+10	9.887635E-1	1.178618E+9	9.785669E-1	2.369587E+10	1.003508E+0	1.197574E+9	NaN	Inf	NaN	Inf	NaN	Inf	NaN	Inf	1.049688E-2	2.494063E-2	-1.474403E-2	-1.444375E-2	NaN	-2.248837E+10	-2.249830E+10	-1.895565E+7	9.926086E+6	-Inf
5.432700E+2	1.110336E+0	2.671747E+10	1.106492E+0	1.312718E+9	1.113193E+0	2.680873E+10	1.129688E+0	1.341573E+9	NaN	Inf	NaN	Inf	NaN	Inf	NaN	Inf	-3.844564E-3	1.649487E-2	-2.319662E-2	-2.033943E-2	NaN	-2.540475E+10	-2.546716E+10	-2.885587E+7	6.240825E+7	-Inf
5.435170E+2	1.231148E+0	2.950791E+10	1.222118E+0	1.444422E+9	1.228843E+0	2.948280E+10	1.225901E+0	1.451373E+9	NaN	Inf	NaN	Inf	NaN	Inf	NaN	Inf	-9.030259E-3	-2.942282E-3	-3.783065E-3	-6.087977E-3	NaN	-2.806349E+10	-2.803143E+10	-6.950244E+6	-3.206212E+7	-Inf
5.437640E+2	1.383697E+0	3.303141E+10	1.343730E+0	1.582947E+9	1.385101E+0	3.309583E+10	1.379573E+0	1.626746E+9	NaN	Inf	NaN	Inf	NaN	Inf	NaN	Inf	-3.996658E-2	-5.528106E-3	-3.584287E-2	-3.443848E-2	NaN	-3.144847E+10	-3.146909E+10	-4.379977E+7	2.062222E+7	-Inf
5.440170E+2	1.522223E+0	3.623102E+10	1.489259E+0	1.748712E+9	1.521507E+0	3.624984E+10	1.497007E+0	1.760764E+9	NaN	Inf	NaN	Inf	NaN	Inf	NaN	Inf	-3.296469E-2	-2.450027E-2	-7.748344E-3	-8.464420E-3	NaN	-3.448231E+10	-3.448907E+10	-1.205179E+7	6.760850E+6	-Inf
5.442920E+2	1.538282E+0	3.660193E+10	1.506828E+0	1.768725E+9	1.537699E+0	3.662423E+10	1.517914E+0	1.784623E+9	NaN	Inf	NaN	Inf	NaN	Inf	NaN	Inf	-3.145330E-2	-1.978499E-2	-1.108600E-2	-1.166831E-2	NaN	-3.483320E+10	-3.483960E+10	-1.589869E+7	6.403487E+6	-Inf
5.445240E+2	1.536136E+0	3.655237E+10	1.516931E+0	1.780232E+9	1.542048E+0	3.672478E+10	1.549529E+0	1.820702E+9	NaN	Inf	NaN	Inf	NaN	Inf	NaN	Inf	-1.920543E-2	7.481034E-3	-3.259845E-2	-2.668647E-2	NaN	-3.477214E+10	-3.490408E+10	-4.047084E+7	1.319405E+8	-Inf
5.447830E+2	1.563940E+0	3.719458E+10	1.536549E+0	1.802578E+9	1.568001E+0	3.732488E+10	1.536113E+0	1.805392E+9	NaN	Inf	NaN	Inf	NaN	Inf	NaN	Inf	-2.739179E-2	-3.188815E-2	4.355512E-4	4.496361E-3	NaN	-3.539200E+10	-3.551948E+10	-2.814220E+6	1.274805E+8	-Inf
5.450090E+2	1.477475E+0	3.519746E+10	1.423001E+0	1.673240E+9	1.464318E+0	3.492749E+10	1.465116E+0	1.724369E+9	NaN	Inf	NaN	Inf	NaN	Inf	NaN	Inf	-5.447477E-2	7.984915E-4	-4.211569E-2	-5.527326E-2	NaN	-3.352422E+10	-3.320312E+10	-5.112942E+7	-3.210961E+8	-Inf
5.452690E+2	1.355969E+0	3.239095E+10	1.337666E+0	1.576038E+9	1.354507E+0	3.238842E+10	1.370436E+0	1.616319E+9	NaN	Inf	NaN	Inf	NaN	Inf	NaN	Inf	-1.830288E-2	1.592933E-2	-3.277046E-2	-3.423222E-2	NaN	-3.081491E+10	-3.077210E+10	-4.028040E+7	-4.281466E+7	-Inf
5.455130E+2	1.328220E+0	3.175004E+10	1.275710E+0	1.505467E+9	1.313343E+0	3.143662E+10	1.309808E+0	1.547129E+9	NaN	Inf	NaN	Inf	NaN	Inf	NaN	Inf	-5.251058E-2	-3.534437E-3	-3.409888E-2	-4.897614E-2	NaN	-3.024457E+10	-2.988949E+10	-4.166276E+7	-3.550779E+8	-Inf
5.457720E+2	1.199427E+0	2.877524E+10	1.207297E+0	1.427541E+9	1.211459E+0	2.908085E+10	1.171075E+0	1.388805E+9	NaN	Inf	NaN	Inf	NaN	Inf	NaN	Inf	7.869994E-3	-4.038430E-2	3.622229E-2	4.825429E-2	NaN	-2.734770E+10	-2.769204E+10	3.873649E+7	3.443419E+8	-Inf
5.460060E+2	1.167381E+0	2.803505E+10	1.199818E+0	1.419022E+9	1.174271E+0	2.822098E+10	1.129498E+0	1.341356E+9	NaN	Inf	NaN	Inf	NaN	Inf	NaN	Inf	3.243726E-2	-4.477362E-2	7.032045E-2	7.721088E-2	NaN	-2.661603E+10	-2.687963E+10	7.766599E+7	2.635960E+8	-Inf
5.467770E+2	1.179791E+0	2.832169E+10	1.165530E+0	1.379966E+9	1.189979E+0	2.858418E+10	1.169663E+0	1.387193E+9	NaN	Inf	NaN	Inf	NaN	Inf	NaN	Inf	-1.426091E-2	-2.031575E-2	-4.133168E-3	6.054844E-3	NaN	-2.694173E+10	-2.719698E+10	-7.227708E+6	2.552559E+8	-Inf
5.475180E+2	1.298568E+0	3.106515E+10	1.281445E+0	1.512000E+9	1.289917E+0	3.089495E+10	1.269258E+0	1.500852E+9	NaN	Inf	NaN	Inf	NaN	Inf	NaN	Inf	-1.712282E-2	-2.065902E-2	1.218776E-2	3.536200E-3	NaN	-2.955315E+10	-2.939410E+10	1.114793E+7	-1.590476E+8	-Inf
5.482820E+2	1.338490E+0	3.198723E+10	1.357563E+0	1.598702E+9	1.335374E+0	3.194603E+10	1.376498E+0	1.623236E+9	NaN	Inf	NaN	Inf	NaN	Inf	NaN	Inf	1.907306E-2	4.112373E-2	-1.893515E-2	-2.205067E-2	NaN	-3.038853E+10	-3.032279E+10	-2.453424E+7	-6.573878E+7	-Inf
5.490160E+2	1.378610E+0	3.291390E+10	1.388304E+0	1.633719E+9	1.380105E+0	3.298031E+10	1.386119E+0	1.634216E+9	NaN	Inf	NaN	Inf	NaN	Inf	NaN	Inf	9.694581E-3	6.013700E-3	2.185454E-3	3.680881E-3	NaN	-3.128019E+10	-3.134609E+10	-4.973909E+5	6.590391E+7	-Inf
5.497630E+2	1.368276E+0	3.267522E+10	1.356157E+0	1.597102E+9	1.370737E+0	3.276370E+10	1.354459E+0	1.598086E+9	NaN	Inf	NaN	Inf	NaN	Inf	NaN	Inf	-1.211851E-2	-1.627785E-2	1.698086E-3	4.159335E-3	NaN	-3.107812E+10	-3.116561E+10	-9.842325E+5	8.749382E+7	-Inf
5.505060E+2	1.289472E+0	3.085504E+10	1.264043E+0	1.492178E+9	1.285272E+0	3.078757E+10	1.289507E+0	1.523961E+9	NaN	Inf	NaN	Inf	NaN	Inf	NaN	Inf	-2.542828E-2	4.234193E-3	-2.546335E-2	-2.966248E-2	NaN	-2.936286E+10	-2.926361E+10	-3.178258E+7	-9.925270E+7	-Inf
5.512620E+2	1.261983E+0	3.022013E+10	1.249013E+0	1.475058E+9	1.260881E+0	3.022359E+10	1.291689E+0	1.526451E+9	NaN	Inf	NaN	Inf	NaN	Inf	NaN	Inf	-1.297007E-2	3.080780E-2	-4.267571E-2	-4.377787E-2	NaN	-2.874507E+10	-2.869714E+10	-5.139319E+7	-4.793341E+7	-Inf
5.520040E+2	1.296083E+0	3.100775E+10	1.267311E+0	1.495900E+9	1.297708E+0	3.107511E+10	1.256657E+0	1.486472E+9	NaN	Inf	NaN	Inf	NaN	Inf	NaN	Inf	-2.877207E-2	-4.105092E-2	1.065399E-2	1.227885E-2	NaN	-2.951185E+10	-2.958864E+10	9.428060E+6	7.678438E+7	-Inf
5.527700E+2	1.240782E+0	2.973042E+10	1.253628E+0	1.480314E+9	1.249402E+0	2.995817E+10	1.267737E+0	1.499117E+9	NaN	Inf	NaN	Inf	NaN	Inf	NaN	Inf	1.284609E-2	1.833481E-2	-1.410945E-2	-5.488714E-3	NaN	-2.825011E+10	-2.845906E+10	-1.880286E+7	2.089479E+8	-Inf
5.535050E+2	1.184934E+0	2.844048E+10	1.223528E+0	1.446028E+9	1.184780E+0	2.846397E+10	1.181894E+0	1.401152E+9	NaN	Inf	NaN	Inf	NaN	Inf	NaN	Inf	3.859364E-2	-2.885736E-3	4.163319E-2	4.147937E-2	NaN	-2.699446E+10	-2.706282E+10	4.487648E+7	6.836151E+7	-Inf
5.542530E+2	1.120037E+0	2.694152E+10	1.145456E+0	1.357100E+9	1.119656E+0	2.695815E+10	1.130133E+0	1.342081E+9	NaN	Inf	NaN	Inf	NaN	Inf	NaN	Inf	2.541962E-2	1.047742E-2	1.532310E-2	1.494220E-2	NaN	-2.558442E+10	-2.561607E+10	1.501940E+7	3.165129E+7	-Inf
5.550080E+2	1.041438E+0	2.512609E+10	1.032999E+0	1.229005E+9	1.061556E+0	2.561476E+10	1.028904E+0	1.226557E+9	NaN	Inf	NaN	Inf	NaN	Inf	NaN	Inf	-8.438872E-3	-3.265163E-2	4.094753E-3	2.421275E-2	NaN	-2.389708E+10	-2.438820E+10	2.448040E+6	4.911184E+8	-Inf
5.557880E+2	9.596758E-1	2.323759E+10	9.630297E-1	1.149306E+9	9.645079E-1	2.337080E+10	9.702398E-1	1.159608E+9	NaN	Inf	NaN	Inf	NaN	Inf	NaN	Inf	3.353942E-3	5.731860E-3	-7.210058E-3	-2.377918E-3	NaN	-2.208828E+10	-2.221119E+10	-1.030225E+7	1.229069E+8	-Inf
5.560020E+2	9.462157E-1	2.292669E+10	9.502322E-1	1.134729E+9	9.545460E-1	2.314046E+10	9.918011E-1	1.184214E+9	NaN	Inf	NaN	Inf	NaN	Inf	NaN	Inf	4.016530E-3	3.725507E-2	-4.156886E-2	-3.323854E-2	NaN	-2.179197E+10	-2.195624E+10	-4.948546E+7	1.642769E+8	-Inf
5.564970E+2	9.579136E-1	2.319689E+10	9.576401E-1	1.143167E+9	9.529487E-1	2.310352E+10	9.461729E-1	1.132143E+9	NaN	Inf	NaN	Inf	NaN	Inf	NaN	Inf	-2.734530E-4	-6.775772E-3	1.146725E-2	6.502319E-3	NaN	-2.205372E+10	-2.197138E+10	1.102422E+7	-8.233968E+7	-Inf
5.570160E+2	9.526196E-1	2.307461E+10	9.514204E-1	1.136082E+9	9.565396E-1	2.318655E+10	9.355984E-1	1.120075E+9	NaN	Inf	NaN	Inf	NaN	Inf	NaN	Inf	-1.199190E-3	-2.094121E-2	1.582201E-2	1.974202E-2	NaN	-2.193853E+10	-2.206648E+10	1.600736E+7	1.279518E+8	-Inf
5.575360E+2	9.915222E-1	2.397316E+10	9.904115E-1	1.180495E+9	9.825122E-1	2.378710E+10	1.012668E+0	1.208028E+9	NaN	Inf	NaN	Inf	NaN	Inf	NaN	Inf	-1.110725E-3	3.015622E-2	-2.225694E-2	-3.126694E-2	NaN	-2.279266E+10	-2.257907E+10	-2.753306E+7	-2.135980E+8	-Inf
5.580000E+2	1.019830E+0	2.462700E+10	1.010474E+0	1.203347E+9	1.027242E+0	2.482134E+10	1.044039E+0	1.243829E+9	NaN	2.103438E+11	NaN	2.131919E+11	NaN	2.351652E+11	NaN	2.378189E+11	-9.356573E-3	1.679728E-2	-3.356518E-2	-2.615385E-2	NaN	-2.342366E+10	-2.357751E+10	-4.048149E+7	1.538493E+8	-2.366155E+11
5.585100E+2	9.988408E-1	2.414220E+10	9.912754E-1	1.181479E+9	9.982006E-1	2.414985E+10	1.000117E+0	1.193705E+9	NaN	2.069223E+11	NaN	2.076468E+11	NaN	2.310721E+11	NaN	2.317890E+11	-7.565382E-3	1.916755E-3	-8.841981E-3	-9.482137E-3	NaN	-2.296072E+10	-2.295614E+10	-1.222556E+7	-4.580784E+6	-2.306075E+11
5.590100E+2	1.006595E+0	2.432130E+10	1.011511E+0	1.204529E+9	1.000548E+0	2.420413E+10	9.853565E-1	1.176860E+9	NaN	2.063784E+11	NaN	2.074400E+11	NaN	2.305825E+11	NaN	2.317613E+11	4.916087E-3	-1.519194E-2	2.615425E-2	2.010803E-2	NaN	-2.311677E+10	-2.302727E+10	2.766905E+7	-8.949462E+7	-2.305567E+11
5.595110E+2	1.028991E+0	2.483858E+10	1.054505E+0	1.253502E+9	1.026500E+0	2.480418E+10	1.038477E+0	1.237482E+9	NaN	2.114619E+11	NaN	2.133430E+11	NaN	2.362661E+11	NaN	2.381816E+11	2.551476E-2	1.197747E-2	1.602810E-2	1.353729E-2	NaN	-2.358508E+10	-2.356670E+10	1.602018E+7	-1.838190E+7	-2.369281E+11
5.600070E+2	9.892874E-1	2.392154E+10	9.857835E-1	1.175224E+9	9.844882E-1	2.383278E+10	9.696779E-1	1.158967E+9	NaN	2.049513E+11	NaN	2.066944E+11	NaN	2.287841E+11	NaN	2.306160E+11	-3.503876E-3	-1.481032E-2	1.610563E-2	1.130645E-2	NaN	-2.274632E+10	-2.267382E+10	1.625691E+7	-7.250002E+7	-2.294408E+11
5.605040E+2	1.012437E+0	2.445624E+10	9.708527E-1	1.158217E+9	1.020965E+0	2.467622E+10	1.003525E+0	1.197594E+9	NaN	2.077241E+11	NaN	2.109452E+11	NaN	2.324003E+11	NaN	2.354014E+11	-4.158423E-2	-1.744025E-2	-3.267245E-2	-2.414397E-2	NaN	-2.329802E+10	-2.347862E+10	-3.937721E+7	1.806019E+8	-2.342432E+11
5.610530E+2	9.998777E-1	2.416615E+10	1.033767E+0	1.229880E+9	1.003004E+0	2.426092E+10	1.010540E+0	1.205600E+9	NaN	2.071077E+11	NaN	2.076469E+11	NaN	2.313686E+11	NaN	2.318131E+11	3.388913E-2	7.536000E-3	2.322656E-2	2.635313E-2	NaN	-2.293627E+10	-2.305532E+10	2.427991E+7	1.190453E+8	-2.305832E+11
