Photon Energy (eV)	X ref norm	X ref	X pump norm	X pump	Y ref norm	Y ref	Y pump norm	Y pump	X all norm	X all	Y all norm	Y all	X all Y ref norm	X all Y ref	Y all X ref norm	Y all X ref	BC(X hist) norm	BC(Y hist) norm	StS norm	BCSC norm	BCLR norm	BC(X hist)	BC(Y hist)	StS	BCSC	BCLR	
5.300220E+2	-4.549764E-3	1.249904E+9	-4.554884E-3	1.041167E+9	-6.377168E-3	1.206108E+9	-5.794304E-3	1.017335E+9	-5.651192E-3	8.527357E+9	-6.066603E-3	8.461549E+9	-5.742730E-3	9.733466E+9	-5.876325E-3	9.711453E+9	-5.120067E-6	5.828639E-4	1.239420E-3	-5.879840E-4	1.321441E-3	-2.087376E+8	-1.887732E+8	2.383148E+7	-1.996432E+7	-8.670287E+9
5.305180E+2	-4.783867E-3	1.243313E+9	-4.893952E-3	1.033209E+9	-3.743871E-3	1.280346E+9	-4.573312E-3	1.046067E+9	-4.902470E-3	8.673652E+9	-4.942522E-3	8.682193E+9	-4.756382E-3	9.953998E+9	-4.922619E-3	9.925506E+9	-1.100848E-4	-8.294409E-4	-3.206406E-4	7.193561E-4	2.866726E-5	-2.101038E+8	-2.342786E+8	-1.285814E+7	2.417483E+7	-8.892296E+9
5.310250E+2	-3.489592E-3	1.279753E+9	-4.154769E-3	1.050557E+9	-1.877085E-3	1.332974E+9	-2.420974E-3	1.096716E+9	-2.285247E-3	9.185040E+9	-1.936522E-3	9.272234E+9	-2.233782E-3	1.051801E+10	-2.131344E-3	1.055199E+10	-6.651769E-4	-5.438889E-4	-1.733795E-3	-1.212880E-4	-2.023425E-3	-2.291966E+8	-2.362582E+8	-4.615938E+7	7.061634E+6	-9.501431E+9
5.315180E+2	1.472629E-3	1.419464E+9	1.118646E-3	1.174315E+9	1.650785E-4	1.390547E+9	3.107843E-4	1.160999E+9	2.757448E-4	9.685441E+9	1.761429E-4	9.686924E+9	2.617909E-4	1.107599E+10	3.387787E-4	1.110639E+10	-3.539838E-4	1.457058E-4	8.078614E-4	-4.996896E-4	7.798670E-4	-2.451493E+8	-2.295472E+8	1.331513E+7	-1.560214E+7	-9.932074E+9
5.320020E+2	2.486412E-3	1.448007E+9	2.705146E-3	1.211547E+9	2.432336E-3	1.454465E+9	3.435140E-3	1.234522E+9	2.824601E-3	1.018347E+10	3.156871E-3	1.027200E+10	2.775140E-3	1.163794E+10	3.072766E-3	1.172001E+10	2.187339E-4	1.002804E-3	-7.299949E-4	-7.840701E-4	-3.676203E-4	-2.364598E+8	-2.199434E+8	-2.297450E+7	-1.651639E+7	-1.050846E+10
5.325170E+2	8.864182E-3	1.627572E+9	9.779814E-3	1.377577E+9	9.400709E-3	1.650916E+9	9.042665E-3	1.366477E+9	9.738563E-3	1.153441E+10	9.612633E-3	1.153919E+10	9.695963E-3	1.318533E+10	9.518744E-3	1.316676E+10	9.156316E-4	-3.580439E-4	7.371488E-4	1.273676E-3	2.610697E-4	-2.499948E+8	-2.844392E+8	1.110009E+7	3.444443E+7	-1.178919E+10
5.330280E+2	2.242487E-2	2.009372E+9	2.289723E-2	1.685421E+9	2.370808E-2	2.054268E+9	2.403677E-2	1.719317E+9	2.233661E-2	1.399599E+10	2.174219E-2	1.392008E+10	2.250954E-2	1.605026E+10	2.182783E-2	1.592945E+10	4.723642E-4	3.286934E-4	-1.139541E-3	1.436708E-4	1.069400E-3	-3.239509E+8	-3.349511E+8	-3.389655E+7	1.100016E+7	-1.424403E+10
5.331580E+2	2.499824E-2	2.081825E+9	2.536500E-2	1.743335E+9	2.649683E-2	2.132888E+9	2.700723E-2	1.789218E+9	2.642962E-2	1.479573E+10	2.592847E-2	1.474179E+10	2.643809E-2	1.692862E+10	2.581178E-2	1.682362E+10	3.667604E-4	5.104008E-4	-1.642227E-3	-1.436404E-4	-4.467778E-4	-3.384897E+8	-3.436707E+8	-4.588273E+7	5.181065E+6	-1.508028E+10
5.333130E+2	3.652231E-2	2.406284E+9	3.696790E-2	2.015635E+9	3.432572E-2	2.353600E+9	3.399404E-2	1.953631E+9	3.897024E-2	1.724609E+10	3.801382E-2	1.711400E+10	3.838461E-2	1.959969E+10	3.782672E-2	1.952028E+10	4.455818E-4	-3.316790E-4	2.973854E-3	7.772608E-4	-8.588269E-4	-3.906485E+8	-3.999690E+8	6.200426E+7	9.320481E+6	-1.750465E+10
5.334630E+2	5.139267E-2	2.824957E+9	5.177465E-2	2.363124E+9	4.926195E-2	2.774680E+9	4.947401E-2	2.317904E+9	5.368709E-2	2.012166E+10	5.234968E-2	1.992795E+10	5.312912E-2	2.289634E+10	5.222963E-2	2.275291E+10	3.819787E-4	2.120589E-4	2.300641E-3	1.699199E-4	-4.549831E-4	-4.618325E+8	-4.567764E+8	4.522024E+7	-5.056095E+6	-2.038979E+10
5.336130E+2	6.349520E-2	3.165702E+9	6.299103E-2	2.626353E+9	6.231985E-2	3.142807E+9	6.210587E-2	2.615156E+9	6.736124E-2	2.279350E+10	6.473396E-2	2.235884E+10	6.672557E-2	2.593631E+10	6.457857E-2	2.552454E+10	-5.041734E-4	-2.139786E-4	8.851576E-4	-2.901948E-4	-1.587540E-3	-5.393486E+8	-5.276514E+8	1.119762E+7	-1.169714E+7	-2.289819E+10
5.337580E+2	9.376065E-2	4.017822E+9	9.583295E-2	3.397097E+9	9.896290E-2	4.175844E+9	9.879803E-2	3.478592E+9	1.008801E-1	2.934286E+10	9.729817E-2	2.875080E+10	1.006384E-1	3.351870E+10	9.685442E-2	3.276862E+10	2.072291E-3	-1.648692E-4	-2.965083E-3	2.237161E-3	-1.021471E-3	-6.207252E+8	-6.972518E+8	-8.149535E+7	7.652657E+7	-2.937152E+10
5.339140E+2	1.506870E-1	5.620576E+9	1.502923E-1	4.675164E+9	1.484202E-1	5.570140E+9	1.484422E-1	4.646813E+9	1.633201E-1	4.154321E+10	1.523261E-1	3.955211E+10	1.614413E-1	4.711335E+10	1.521205E-1	4.517269E+10	-3.946786E-4	2.193810E-5	1.850126E-3	-4.166167E-4	-1.828213E-3	-9.454113E+8	-9.233262E+8	2.835090E+7	-2.208507E+7	-4.049752E+10
5.340800E+2	2.458920E-1	8.301061E+9	2.472873E-1	6.951471E+9	2.454790E-1	8.306409E+9	2.464818E-1	6.953872E+9	2.675872E-1	6.191631E+10	2.489608E-1	5.852033E+10	2.647995E-1	7.022272E+10	2.485759E-1	6.682139E+10	1.395310E-3	1.002821E-3	8.055252E-4	3.924886E-4	-1.288560E-3	-1.349591E+9	-1.352536E+9	-2.401550E+6	2.945692E+6	-5.986992E+10
5.342040E+2	4.328063E-1	1.356361E+10	4.330388E-1	1.131074E+10	4.379330E-1	1.373205E+10	4.386204E-1	1.147526E+10	4.702782E-1	1.015208E+11	4.424340E-1	9.649676E+10	4.661998E-1	1.152528E+11	4.412263E-1	1.100604E+11	2.325396E-4	6.874529E-4	-5.581602E-3	-4.549133E-4	-8.187456E-3	-2.252870E+9	-2.256790E+9	-1.645207E+8	3.919964E+6	-9.874963E+10
5.343600E+2	7.703904E-1	2.306825E+10	7.755871E-1	1.934976E+10	7.669144E-1	2.300666E+10	7.686109E-1	1.924057E+10	8.063606E-1	1.671890E+11	7.741721E-1	1.616129E+11	8.013868E-1	1.901957E+11	7.736977E-1	1.846812E+11	5.196733E-3	1.696558E-3	6.976155E-3	3.500175E-3	1.889345E-3	-3.718488E+9	-3.766092E+9	1.091937E+8	4.760357E+7	-1.653314E+11
5.345160E+2	1.117943E+0	3.285355E+10	1.119717E+0	2.742591E+10	1.114167E+0	3.279637E+10	1.112987E+0	2.734440E+10	1.141144E+0	2.326036E+11	1.109631E+0	2.274594E+11	1.137743E+0	2.653999E+11	1.110674E+0	2.603130E+11	1.774361E-3	-1.179734E-3	6.730189E-3	2.954095E-3	9.043614E-3	-5.427644E+9	-5.451968E+9	8.151148E+7	2.432418E+7	-2.328871E+11
5.346560E+2	1.536151E+0	4.462816E+10	1.541758E+0	3.733047E+10	1.534298E+0	4.464066E+10	1.529304E+0	3.714114E+10	1.539397E+0	3.104195E+11	1.521699E+0	3.083434E+11	1.538754E+0	3.550602E+11	1.523512E+0	3.529715E+11	5.606185E-3	-4.993700E-3	1.245318E-2	1.059988E-2	1.824555E-2	-7.297690E+9	-7.499522E+9	1.893334E+8	2.018322E+8	-3.156410E+11
5.348230E+2	1.868704E+0	5.399114E+10	1.870398E+0	4.504309E+10	1.859323E+0	5.380372E+10	1.864795E+0	4.503587E+10	1.837339E+0	3.686353E+11	1.830023E+0	3.688636E+11	1.840111E+0	4.224390E+11	1.834876E+0	4.228548E+11	1.693631E-3	5.472281E-3	5.602580E-3	-3.778650E-3	3.552204E-2	-8.948050E+9	-8.767847E+9	7.217039E+6	-1.802025E+8	-3.778117E+11
5.349580E+2	1.834164E+0	5.301866E+10	1.832948E+0	4.416422E+10	1.834618E+0	5.310725E+10	1.832754E+0	4.428189E+10	1.794621E+0	3.602885E+11	1.803333E+0	3.636248E+11	1.799664E+0	4.133957E+11	1.807201E+0	4.166434E+11	-1.215260E-3	-1.863884E-3	1.939741E-4	6.486244E-4	2.574743E-2	-8.854440E+9	-8.825359E+9	-1.176752E+8	-2.908104E+7	-3.724792E+11
5.351090E+2	1.929349E+0	5.569858E+10	1.931138E+0	4.646856E+10	1.919456E+0	5.549899E+10	1.918327E+0	4.629558E+10	1.869774E+0	3.749729E+11	1.887951E+0	3.802341E+11	1.876038E+0	4.304718E+11	1.893144E+0	4.359327E+11	1.789592E-3	-1.129294E-3	1.281126E-2	2.918885E-3	3.799412E-2	-9.230014E+9	-9.203416E+9	1.729866E+8	-2.659845E+7	-3.894641E+11
5.352550E+2	1.718396E+0	4.975922E+10	1.717605E+0	4.145730E+10	1.714445E+0	4.971934E+10	1.712172E+0	4.144436E+10	1.668460E+0	3.356374E+11	1.686827E+0	3.407560E+11	1.674258E+0	3.853568E+11	1.690787E+0	3.905152E+11	-7.908942E-4	-2.272921E-3	5.432612E-3	1.482027E-3	2.681739E-2	-8.301923E+9	-8.274979E+9	1.293833E+7	-2.694425E+7	-3.490579E+11
5.354110E+2	1.381857E+0	4.028402E+10	1.382449E+0	3.359178E+10	1.373960E+0	4.012041E+10	1.374629E+0	3.350133E+10	1.355231E+0	2.744346E+11	1.369995E+0	2.785656E+11	1.357592E+0	3.145550E+11	1.371483E+0	3.188496E+11	5.920935E-4	6.695687E-4	7.820042E-3	-7.747521E-5	1.096659E-2	-6.692248E+9	-6.619080E+9	9.044232E+7	-7.316771E+7	-2.852579E+11
5.355580E+2	1.271266E+0	3.717035E+10	1.273199E+0	3.102786E+10	1.270663E+0	3.720828E+10	1.270166E+0	3.104311E+10	1.246137E+0	2.531185E+11	1.260973E+0	2.571660E+11	1.249230E+0	2.903268E+11	1.262264E+0	2.943363E+11	1.932746E-3	-4.967971E-4	3.033265E-3	2.429543E-3	1.093513E-2	-6.142491E+9	-6.165165E+9	-1.524897E+7	2.267367E+7	-2.633084E+11
5.357190E+2	1.060598E+0	3.123902E+10	1.061229E+0	2.605328E+10	1.058476E+0	3.122633E+10	1.060557E+0	2.611061E+10	1.050438E+0	2.148801E+11	1.057287E+0	2.171849E+11	1.051452E+0	2.461065E+11	1.057702E+0	2.484239E+11	6.303480E-4	2.080798E-3	6.718439E-4	-1.450450E-3	3.526356E-3	-5.185740E+9	-5.115722E+9	-5.733176E+7	-7.001778E+7	-2.223706E+11
5.358650E+2	8.274711E-1	2.467535E+10	8.276198E-1	2.057088E+10	8.270031E-1	2.470067E+10	8.276676E-1	2.063028E+10	8.245045E-1	1.707342E+11	8.310900E-1	1.727852E+11	8.248196E-1	1.954349E+11	8.306360E-1	1.974605E+11	1.486348E-4	6.644862E-4	-4.782650E-5	-5.158514E-4	-3.016266E-3	-4.104473E+9	-4.070391E+9	-5.940436E+7	-3.408191E+7	-1.768897E+11
5.360120E+2	7.452914E-1	2.236159E+10	7.448973E-1	1.862952E+10	7.402233E-1	2.225419E+10	7.412371E-1	1.859641E+10	7.428039E-1	1.547705E+11	7.452180E-1	1.559296E+11	7.424785E-1	1.770247E+11	7.452272E-1	1.782912E+11	-3.940803E-4	1.013796E-3	3.660148E-3	-1.407876E-3	-3.299235E-4	-3.732066E+9	-3.657779E+9	3.311430E+7	-7.428755E+7	-1.596616E+11
5.362680E+2	5.922351E-1	1.805231E+10	5.918561E-1	1.503791E+10	5.855870E-1	1.789470E+10	5.856738E-1	1.493571E+10	5.927527E-1	1.254515E+11	5.920401E-1	1.258626E+11	5.918492E-1	1.433462E+11	5.920646E-1	1.439149E+11	-3.789583E-4	8.679586E-5	6.182277E-3	-4.657541E-4	-2.084837E-4	-3.014399E+9	-2.958990E+9	1.022016E+8	-5.540861E+7	-1.288770E+11
5.365140E+2	4.728845E-1	1.469201E+10	4.775916E-1	1.235632E+10	4.662039E-1	1.452906E+10	4.660699E-1	1.212120E+10	4.766240E-1	1.027607E+11	4.715041E-1	1.022029E+11	4.753101E-1	1.172898E+11	4.716773E-1	1.168949E+11	4.707123E-3	-1.340033E-4	1.152175E-2	4.841126E-3	5.914372E-3	-2.335690E+9	-2.407863E+9	2.351192E+8	7.217285E+7	-1.045386E+11
5.367710E+2	4.844680E-1	1.501814E+10	4.855794E-1	1.254378E+10	4.761897E-1	1.481058E+10	4.762602E-1	1.236100E+10	4.887027E-1	1.051208E+11	4.830808E-1	1.044752E+11	4.871249E-1	1.199314E+11	4.832548E-1	1.194934E+11	1.111426E-3	7.056884E-5	9.319173E-3	1.040857E-3	2.324550E-3	-2.474361E+9	-2.449582E+9	1.827802E+8	-2.477943E+7	-1.069496E+11
5.370170E+2	5.257613E-1	1.618075E+10	5.227316E-1	1.341568E+10	5.188061E-1	1.601202E+10	5.190064E-1	1.336690E+10	5.307382E-1	1.133343E+11	5.251479E-1	1.127325E+11	5.292337E-1	1.293463E+11	5.252249E-1	1.289132E+11	-3.029655E-3	2.003711E-4	3.725164E-3	-3.230027E-3	-2.493262E-3	-2.765070E+9	-2.645119E+9	4.877885E+7	-1.199511E+8	-1.154976E+11
5.372640E+2	5.800736E-1	1.770991E+10	5.804554E-1	1.477035E+10	5.735405E-1	1.755508E+10	5.733765E-1	1.464633E+10	5.861969E-1	1.241705E+11	5.810210E-1	1.236997E+11	5.846011E-1	1.417256E+11	5.809021E-1	1.414096E+11	3.817547E-4	-1.640246E-4	7.078928E-3	5.457793E-4	-4.467483E-4	-2.939551E+9	-2.908756E+9	1.240268E+8	-3.079473E+7	-1.266392E+11
5.375160E+2	6.484588E-1	1.963528E+10	6.513998E-1	1.643530E+10	6.479192E-1	1.965196E+10	6.471160E-1	1.638156E+10	6.555388E-1	1.377195E+11	6.509260E-1	1.374212E+11	6.545780E-1	1.573714E+11	6.506165E-1	1.570565E+11	2.941000E-3	-8.032006E-4	4.283783E-3	3.744200E-3	7.833486E-4	-3.199983E+9	-3.270401E+9	5.373810E+7	7.041760E+7	-1.406212E+11
5.377630E+2	7.937501E-1	2.372594E+10	7.971492E-1	1.985579E+10	7.842774E-1	2.349616E+10	7.826683E-1	1.957136E+10	7.975840E-1	1.654741E+11	7.899771E-1	1.647152E+11	7.959062E-1	1.889703E+11	7.904504E-1	1.884412E+11	3.399089E-3	-1.609114E-3	1.448088E-2	5.008203E-3	6.698826E-3	-3.870154E+9	-3.924792E+9	2.844223E+8	5.463860E+7	-1.685854E+11
5.380160E+2	8.916895E-1	2.648341E+10	8.898513E-1	2.203135E+10	8.932262E-1	2.656763E+10	8.975811E-1	2.227548E+10	8.971298E-1	1.849247E+11	8.875983E-1	1.838771E+11	8.966376E-1	2.114923E+11	8.881115E-1	2.103605E+11	-1.838187E-3	4.354830E-3	-7.729779E-3	-6.193017E-3	1.739787E-3	-4.452065E+9	-4.292149E+9	-2.441346E+8	-1.599166E+8	-1.883292E+11
5.382900E+2	1.096911E+0	3.226140E+10	1.099188E+0	2.694413E+10	1.090370E+0	3.212549E+10	1.092698E+0	2.686695E+10	1.100393E+0	2.246410E+11	1.086919E+0	2.230013E+11	1.099129E+0	2.567665E+11	1.088172E+0	2.552627E+11	2.277244E-3	2.327506E-3	6.490644E-3	-5.026151E-5	1.101613E-2	-5.317274E+9	-5.258543E+9	7.718063E+7	-5.873039E+7	-2.283185E+11
5.385110E+2	1.279373E+0	3.739859E+10	1.278027E+0	3.114116E+10	1.281935E+0	3.752608E+10	1.280175E+0	3.127864E+10	1.279730E+0	2.596822E+11	1.276900E+0	2.602923E+11	1.280008E+0	2.972082E+11	1.277210E+0	2.976909E+11	-1.346105E-3	-1.760749E-3	-2.147855E-3	4.146443E-4	8.166106E-4	-6.257432E+9	-6.247439E+9	-1.374778E+8	-9.993296E+6	-2.665497E+11
5.387700E+2	1.525172E+0	4.431904E+10	1.527733E+0	3.700134E+10	1.522976E+0	4.432146E+10	1.523150E+0	3.699631E+10	1.511010E+0	3.048728E+11	1.506046E+0	3.052709E+11	1.512519E+0	3.491942E+11	1.508446E+0	3.495900E+11	2.561080E-3	1.741750E-4	4.583345E-3	2.386905E-3	1.928754E-2	-7.317698E+9	-7.325150E+9	5.033440E+6	7.451928E+6	-3.125886E+11
5.390240E+2	1.728073E+0	5.003168E+10	1.728424E+0	4.171122E+10	1.722653E+0	4.995075E+10	1.719713E+0	4.162181E+10	1.704087E+0	3.425987E+11	1.698912E+0	3.431282E+11	1.706428E+0	3.925495E+11	1.702570E+0	3.931599E+11	3.514742E-4	-2.940704E-3	8.711596E-3	3.292178E-3	2.585390E-2	-8.320467E+9	-8.328944E+9	8.941071E+7	8.477142E+6	-3.514486E+11
5.392880E+2	1.905628E+0	5.503071E+10	1.907450E+0	4.591265E+10	1.887566E+0	5.459995E+10	1.876834E+0	4.531917E+10	1.859589E+0	3.729829E+11	1.863078E+0	3.753518E+11	1.863117E+0	4.275828E+11	1.868415E+0	4.303825E+11	1.822955E-3	-1.073229E-2	3.061661E-2	1.255525E-2	3.903530E-2	-9.118060E+9	-9.280786E+9	5.934876E+8	1.627253E+8	-3.844699E+11
5.395160E+2	1.932521E+0	5.578791E+10	1.935498E+0	4.657089E+10	1.932629E+0	5.587037E+10	1.930578E+0	4.658388E+10	1.882795E+0	3.775172E+11	1.890996E+0	3.808319E+11	1.889079E+0	4.333876E+11	1.896205E+0	4.366198E+11	2.976851E-3	-2.050921E-3	4.919984E-3	5.027772E-3	3.929283E-2	-9.217021E+9	-9.286490E+9	-1.298758E+7	6.946830E+7	-3.900490E+11
5.397750E+2	1.942693E+0	5.607428E+10	1.943540E+0	4.675962E+10	1.952070E+0	5.641843E+10	1.948016E+0	4.699423E+10	1.896716E+0	3.802372E+11	1.906708E+0	3.839160E+11	1.903696E+0	4.366556E+11	1.911222E+0	4.399902E+11	8.474986E-4	-4.053160E-3	-4.476281E-3	4.900659E-3	3.231791E-2	-9.314662E+9	-9.424198E+9	-2.346112E+8	1.095360E+8	-3.932306E+11
5.400140E+2	1.895161E+0	5.473604E+10	1.892586E+0	4.556381E+10	1.884504E+0	5.451361E+10	1.883311E+0	4.547160E+10	1.844268E+0	3.699892E+11	1.851469E+0	3.730731E+11	1.849341E+0	4.245028E+11	1.856950E+0	4.278092E+11	-2.575601E-3	-1.192069E-3	9.274453E-3	-1.383532E-3	3.563612E-2	-9.172237E+9	-9.042014E+9	9.221154E+7	-1.302228E+8	-3.822454E+11
5.402740E+2	1.850898E+0	5.348980E+10	1.853105E+0	4.463727E+10	1.847530E+0	5.347124E+10	1.850818E+0	4.470695E+10	1.808370E+0	3.629750E+11	1.816771E+0	3.662624E+11	1.813308E+0	4.164462E+11	1.821052E+0	4.197522E+11	2.207664E-3	3.287960E-3	2.287867E-3	-1.080296E-3	3.205338E-2	-8.852536E+9	-8.764292E+9	-6.968431E+7	-8.824314E+7	-3.751149E+11
5.405080E+2	1.776389E+0	5.139201E+10	1.775254E+0	4.281023E+10	1.790551E+0	5.186491E+10	1.787581E+0	4.321887E+10	1.746041E+0	3.507964E+11	1.750790E+0	3.533111E+11	1.751654E+0	4.026613E+11	1.754001E+0	4.047031E+11	-1.134853E-3	-2.970284E-3	-1.232668E-2	1.835431E-3	2.125297E-2	-8.581786E+9	-8.646041E+9	-4.086395E+8	6.425561E+7	-3.618928E+11
5.407680E+2	1.673972E+0	4.850847E+10	1.672870E+0	4.040746E+10	1.687640E+0	4.896367E+10	1.682740E+0	4.075176E+10	1.649640E+0	3.319603E+11	1.660726E+0	3.356326E+11	1.654432E+0	3.809239E+11	1.662387E+0	3.841411E+11	-1.101265E-3	-4.900636E-3	-9.869487E-3	3.799370E-3	1.048300E-2	-8.101009E+9	-8.211905E+9	-3.443032E+8	1.108954E+8	-3.437336E+11
5.410190E+2	1.578160E+0	4.581092E+10	1.581315E+0	3.825880E+10	1.564926E+0	4.550412E+10	1.555427E+0	3.775586E+10	1.548020E+0	3.121044E+11	1.549806E+0	3.138605E+11	1.550152E+0	3.576085E+11	1.553363E+0	3.596714E+11	3.154178E-3	-9.498871E-3	2.588735E-2	1.265305E-2	2.795139E-2	-7.552114E+9	-7.748263E+9	5.029484E+8	1.961499E+8	-3.214126E+11
5.412850E+2	1.472861E+0	4.284624E+10	1.475305E+0	3.577094E+10	1.454038E+0	4.237797E+10	1.455057E+0	3.539394E+10	1.440553E+0	2.911060E+11	1.440401E+0	2.923854E+11	1.442253E+0	3.334840E+11	1.444473E+0	3.352317E+11	2.443745E-3	1.018559E-3	2.024853E-2	1.425186E-3	3.083262E-2	-7.075293E+9	-6.984032E+9	3.770008E+8	-9.126084E+7	-2.994607E+11
5.415190E+2	1.307915E+0	3.820219E+10	1.309806E+0	3.188697E+10	1.313959E+0	3.842889E+10	1.310439E+0	3.199080E+10	1.301049E+0	2.638478E+11	1.302005E+0	2.652202E+11	1.302677E+0	3.022767E+11	1.302747E+0	3.034224E+11	1.891364E-3	-3.520699E-3	-6.321013E-4	5.412063E-3	7.059648E-3	-6.315220E+9	-6.438084E+9	-1.038311E+8	1.228645E+8	-2.715354E+11
5.417860E+2	1.143736E+0	3.357974E+10	1.143433E+0	2.798247E+10	1.145888E+0	3.369063E+10	1.144402E+0	2.808365E+10	1.139920E+0	2.323644E+11	1.142189E+0	2.338501E+11	1.140673E+0	2.660550E+11	1.142383E+0	2.674298E+11	-3.028267E-4	-1.485321E-3	-9.692856E-4	1.182495E-3	1.050231E-3	-5.597272E+9	-5.606976E+9	-1.011807E+8	9.704647E+6	-2.394473E+11
5.420160E+2	1.038314E+0	3.061161E+10	1.042298E+0	2.560901E+10	1.035117E+0	3.056780E+10	1.035304E+0	2.551636E+10	1.028264E+0	2.105474E+11	1.026092E+0	2.110617E+11	1.029128E+0	2.411152E+11	1.027625E+0	2.416733E+11	3.983964E-3	1.869742E-4	6.994098E-3	3.796989E-3	1.467297E-2	-5.002599E+9	-5.051435E+9	9.264733E+7	4.883547E+7	-2.160643E+11
5.422670E+2	9.189764E-1	2.725167E+10	9.190612E-1	2.271685E+10	9.161957E-1	2.721518E+10	9.150646E-1	2.268690E+10	9.280489E-1	1.909661E+11	9.211518E-1	1.904632E+11	9.265543E-1	2.181813E+11	9.208789E-1	2.177149E+11	8.486070E-5	-1.131080E-3	3.996592E-3	1.215941E-3	-1.817712E-3	-4.534817E+9	-4.528280E+9	2.995086E+7	-6.537212E+6	-1.949981E+11
5.425300E+2	9.100010E-1	2.699897E+10	9.090676E-1	2.248232E+10	9.034600E-1	2.685614E+10	8.998296E-1	2.232839E+10	9.160917E-1	1.886298E+11	9.064193E-1	1.875714E+11	9.144990E-1	2.154859E+11	9.068686E-1	2.145704E+11	-9.333644E-4	-3.630362E-3	9.238010E-3	2.696997E-3	2.198993E-3	-4.516650E+9	-4.527745E+9	1.539272E+8	1.109526E+7	-1.920881E+11
5.427600E+2	9.801543E-1	2.897413E+10	9.801001E-1	2.414933E+10	9.769314E-1	2.892744E+10	9.741044E-1	2.407622E+10	9.851225E-1	2.021179E+11	9.737083E-1	2.007794E+11	9.840896E-1	2.310453E+11	9.745169E-1	2.297536E+11	-5.410893E-5	-2.827015E-3	5.995783E-3	2.772906E-3	5.583269E-3	-4.824795E+9	-4.851216E+9	7.311222E+7	2.642128E+7	-2.056042E+11
5.430120E+2	1.125241E+0	3.305903E+10	1.127396E+0	2.760611E+10	1.124338E+0	3.308312E+10	1.122063E+0	2.755798E+10	1.126581E+0	2.297579E+11	1.116468E+0	2.288014E+11	1.126298E+0	2.628411E+11	1.117569E+0	2.618605E+11	2.154849E-3	-2.274998E-3	5.332740E-3	4.429846E-3	9.827408E-3	-5.452918E+9	-5.525140E+9	4.813831E+7	7.222207E+7	-2.342544E+11
5.433070E+2	1.299148E+0	3.795535E+10	1.297194E+0	3.159099E+10	1.294231E+0	3.787271E+10	1.290992E+0	3.153318E+10	1.298271E+0	2.633051E+11	1.292404E+0	2.633355E+11	1.297762E+0	3.011778E+11	1.293250E+0	3.012909E+11	-1.953586E-3	-3.239085E-3	6.202481E-3	1.285498E-3	3.944218E-3	-6.364366E+9	-6.339523E+9	5.780211E+7	-2.484227E+7	-2.696999E+11
5.435220E+2	1.425501E+0	4.151282E+10	1.428475E+0	3.467193E+10	1.416667E+0	4.132440E+10	1.415244E+0	3.445707E+10	1.407823E+0	2.847107E+11	1.403687E+0	2.851789E+11	1.408938E+0	3.260351E+11	1.406423E+0	3.266918E+11	2.974133E-3	-1.422876E-3	1.323168E-2	4.397009E-3	2.205221E-2	-6.840887E+9	-6.867333E+9	2.148602E+8	2.644540E+7	-2.920198E+11
5.437690E+2	1.513635E+0	4.399421E+10	1.513191E+0	3.666007E+10	1.521859E+0	4.428997E+10	1.518993E+0	3.689849E+10	1.495769E+0	3.018947E+11	1.500688E+0	3.042192E+11	1.499058E+0	3.461847E+11	1.502312E+0	3.482134E+11	-4.437023E-4	-2.865733E-3	-5.801865E-3	2.422031E-3	1.087891E-2	-7.334146E+9	-7.391481E+9	-2.384252E+8	5.733527E+7	-3.115534E+11
5.440170E+2	1.527917E+0	4.439633E+10	1.528953E+0	3.702996E+10	1.538592E+0	4.476170E+10	1.536334E+0	3.730656E+10	1.510096E+0	3.046943E+11	1.513226E+0	3.066803E+11	1.513689E+0	3.494560E+11	1.515069E+0	3.510766E+11	1.035332E-3	-2.257439E-3	-7.381642E-3	3.292771E-3	1.388338E-2	-7.366370E+9	-7.455141E+9	-2.766031E+8	8.877067E+7	-3.140466E+11
5.442920E+2	1.550393E+0	4.502913E+10	1.546347E+0	3.743818E+10	1.562910E+0	4.544728E+10	1.564990E+0	3.798089E+10	1.526484E+0	3.078963E+11	1.532457E+0	3.104549E+11	1.531077E+0	3.533436E+11	1.534707E+0	3.554841E+11	-4.045868E-3	2.080146E-3	-1.864290E-2	-6.126014E-3	1.164061E-2	-7.590953E+9	-7.466392E+9	-5.427087E+8	-1.245602E+8	-3.180459E+11
5.445240E+2	1.512512E+0	4.396261E+10	1.513070E+0	3.665723E+10	1.501130E+0	4.370559E+10	1.498389E+0	3.641364E+10	1.487175E+0	3.002156E+11	1.497727E+0	3.036378E+11	1.488935E+0	3.439212E+11	1.499581E+0	3.476004E+11	5.578809E-4	-2.741157E-3	1.468122E-2	3.299038E-3	1.348895E-2	-7.305379E+9	-7.291954E+9	2.435886E+8	-1.342495E+7	-3.109432E+11
5.447720E+2	1.447332E+0	4.212746E+10	1.447895E+0	3.512767E+10	1.455150E+0	4.240933E+10	1.451817E+0	3.531771E+10	1.429252E+0	2.888979E+11	1.436403E+0	2.916008E+11	1.432518E+0	3.313072E+11	1.437774E+0	3.337283E+11	5.624846E-4	-3.333290E-3	-3.922420E-3	3.895775E-3	1.012027E-2	-6.999797E+9	-7.091622E+9	-1.900440E+8	9.182501E+7	-2.986006E+11
5.450150E+2	1.340738E+0	3.912632E+10	1.340012E+0	3.259585E+10	1.344383E+0	3.928658E+10	1.344979E+0	3.280360E+10	1.324090E+0	2.683498E+11	1.331264E+0	2.709632E+11	1.326648E+0	3.076364E+11	1.332452E+0	3.100896E+11	-7.258159E-4	5.961283E-4	-4.966582E-3	-1.321944E-3	7.559935E-3	-6.530468E+9	-6.482980E+9	-2.077514E+8	-4.748817E+7	-2.774937E+11
5.452580E+2	1.256084E+0	3.674289E+10	1.254236E+0	3.058284E+10	1.254266E+0	3.674602E+10	1.256725E+0	3.072683E+10	1.246210E+0	2.531327E+11	1.250490E+0	2.551082E+11	1.247226E+0	2.898788E+11	1.251191E+0	2.918511E+11	-1.847510E-3	2.459578E-3	-2.488986E-3	-4.307089E-3	3.045092E-3	-6.160053E+9	-6.019187E+9	-1.439916E+8	-1.408666E+8	-2.612683E+11
5.455500E+2	1.199130E+0	3.513935E+10	1.200179E+0	2.931421E+10	1.197849E+0	3.515551E+10	1.193778E+0	2.924556E+10	1.191347E+0	2.424128E+11	1.190087E+0	2.432520E+11	1.192167E+0	2.775683E+11	1.191222E+0	2.783914E+11	1.049385E-3	-4.070471E-3	6.400930E-3	5.119855E-3	8.957309E-3	-5.825146E+9	-5.909948E+9	6.864428E+7	8.480115E+7	-2.490772E+11
5.457830E+2	1.168373E+0	3.427339E+10	1.168926E+0	2.858076E+10	1.164645E+0	3.421943E+10	1.163792E+0	2.853992E+10	1.160812E+0	2.364464E+11	1.162354E+0	2.378084E+11	1.161295E+0	2.706658E+11	1.163109E+0	2.720817E+11	5.536123E-4	-8.531864E-4	5.134648E-3	1.406799E-3	5.816980E-3	-5.692636E+9	-5.679510E+9	4.083460E+7	-1.312611E+7	-2.435010E+11
5.460060E+2	1.171658E+0	3.436588E+10	1.171095E+0	2.863166E+10	1.166808E+0	3.428041E+10	1.166104E+0	2.859433E+10	1.163257E+0	2.369242E+11	1.164529E+0	2.382351E+11	1.163705E+0	2.712046E+11	1.165423E+0	2.726010E+11	-5.621476E-4	-7.040850E-4	4.991734E-3	1.419374E-4	5.672489E-3	-5.734215E+9	-5.686080E+9	3.733356E+7	-4.813538E+7	-2.439694E+11
5.467710E+2	1.216498E+0	3.562835E+10	1.217410E+0	2.971858E+10	1.229229E+0	3.604018E+10	1.231692E+0	3.013775E+10	1.227188E+0	2.494158E+11	1.224225E+0	2.499528E+11	1.227445E+0	2.854560E+11	1.223256E+0	2.855811E+11	9.117080E-4	2.463475E-3	-1.428270E-2	-1.551767E-3	-5.846019E-3	-5.909775E+9	-5.902422E+9	-4.191773E+8	-7.352497E+6	-2.558626E+11
5.475120E+2	1.324288E+0	3.866317E+10	1.325389E+0	3.225266E+10	1.316139E+0	3.849035E+10	1.312422E+0	3.203748E+10	1.311855E+0	2.659594E+11	1.308087E+0	2.664139E+11	1.312396E+0	3.044497E+11	1.310119E+0	3.050771E+11	1.100633E-3	-3.717307E-3	1.296661E-2	4.817941E-3	1.526940E-2	-6.410510E+9	-6.452870E+9	2.151812E+8	4.235993E+7	-2.728244E+11
5.482660E+2	1.407266E+0	4.099942E+10	1.404412E+0	3.410721E+10	1.388079E+0	4.051847E+10	1.387422E+0	3.380237E+10	1.382589E+0	2.797802E+11	1.381417E+0	2.808076E+11	1.383281E+0	3.202987E+11	1.384659E+0	3.218070E+11	-2.854167E-3	-6.570371E-4	1.699015E-2	-2.197130E-3	1.975298E-2	-6.892209E+9	-6.716094E+9	3.048351E+8	-1.761142E+8	-2.876998E+11
5.490540E+2	1.371824E+0	4.000154E+10	1.373303E+0	3.337713E+10	1.364804E+0	3.986229E+10	1.359943E+0	3.315573E+10	1.354893E+0	2.743687E+11	1.358736E+0	2.763557E+11	1.356143E+0	3.142310E+11	1.360378E+0	3.163573E+11	1.479301E-3	-4.860957E-3	1.336057E-2	6.340258E-3	1.292517E-2	-6.624405E+9	-6.706557E+9	2.214034E+8	8.215207E+7	-2.829801E+11
5.497960E+2	1.364740E+0	3.980208E+10	1.365810E+0	3.320128E+10	1.361867E+0	3.977950E+10	1.361713E+0	3.319739E+10	1.344937E+0	2.724233E+11	1.345484E+0	2.737544E+11	1.347072E+0	3.122028E+11	1.347899E+0	3.135565E+11	1.070320E-3	-1.540042E-4	4.096981E-3	1.224325E-3	1.791062E-2	-6.600801E+9	-6.582108E+9	3.890212E+6	-1.869304E+7	-2.803552E+11
5.505110E+2	1.332791E+0	3.890258E+10	1.335892E+0	3.249916E+10	1.331211E+0	3.891524E+10	1.327414E+0	3.239027E+10	1.315392E+0	2.666503E+11	1.321623E+0	2.690708E+11	1.317386E+0	3.055655E+11	1.323024E+0	3.079733E+11	3.100691E-3	-3.796679E-3	8.478114E-3	6.897370E-3	1.286850E-2	-6.403424E+9	-6.524970E+9	1.088901E+8	1.215458E+8	-2.754742E+11
5.512510E+2	1.307371E+0	3.818687E+10	1.307227E+0	3.182643E+10	1.304083E+0	3.815046E+10	1.299668E+0	3.173735E+10	1.296835E+0	2.630244E+11	1.295071E+0	2.638590E+11	1.297749E+0	3.011748E+11	1.296614E+0	3.020459E+11	-1.441866E-4	-4.414946E-3	7.558481E-3	4.270760E-3	1.061269E-2	-6.360439E+9	-6.413104E+9	8.907310E+7	5.266503E+7	-2.702194E+11
5.520210E+2	1.266743E+0	3.704299E+10	1.263649E+0	3.080374E+10	1.257429E+0	3.683518E+10	1.254064E+0	3.066419E+10	1.251746E+0	2.542144E+11	1.251822E+0	2.553698E+11	1.252463E+0	2.910496E+11	1.253694E+0	2.924128E+11	-3.093627E-3	-3.365030E-3	9.585647E-3	2.714034E-4	9.955256E-3	-6.239251E+9	-6.170989E+9	1.395487E+8	-6.826220E+7	-2.616091E+11
5.527590E+2	1.223509E+0	3.582575E+10	1.230006E+0	3.001420E+10	1.225810E+0	3.594379E+10	1.224610E+0	2.997109E+10	1.211669E+0	2.463836E+11	1.215231E+0	2.481874E+11	1.213452E+0	2.823274E+11	1.216269E+0	2.840131E+11	6.496943E-3	-1.200257E-3	5.396361E-3	7.697201E-3	1.373672E-2	-5.811558E+9	-5.972706E+9	4.310720E+7	1.611473E+8	-2.539989E+11
5.535490E+2	1.164198E+0	3.415586E+10	1.165552E+0	2.850158E+10	1.178719E+0	3.461620E+10	1.177064E+0	2.885226E+10	1.160517E+0	2.363889E+11	1.165144E+0	2.383559E+11	1.162812E+0	2.710051E+11	1.165025E+0	2.725117E+11	1.354058E-3	-1.654238E-3	-1.151208E-2	3.008296E-3	5.272789E-4	-5.654287E+9	-5.763944E+9	-3.506801E+8	1.096568E+8	-2.440101E+11
5.542580E+2	1.098184E+0	3.229724E+10	1.100051E+0	2.696437E+10	1.092764E+0	3.219297E+10	1.090441E+0	2.681385E+10	1.094613E+0	2.235117E+11	1.097282E+0	2.250355E+11	1.094380E+0	2.557047E+11	1.097396E+0	2.573328E+11	1.867076E-3	-2.322710E-3	9.609820E-3	4.189786E-3	2.655394E-3	-5.332865E+9	-5.379126E+9	1.505259E+8	4.626148E+7	-2.303684E+11
5.550190E+2	1.034646E+0	3.050834E+10	1.037810E+0	2.550368E+10	1.024719E+0	3.027466E+10	1.022191E+0	2.520780E+10	1.025631E+0	2.100330E+11	1.026283E+0	2.110991E+11	1.025516E+0	2.403077E+11	1.027332E+0	2.416075E+11	3.163657E-3	-2.527812E-3	1.561863E-2	5.691468E-3	1.047817E-2	-5.004661E+9	-5.066865E+9	2.958847E+8	6.220399E+7	-2.161038E+11
5.557600E+2	9.660624E-1	2.857737E+10	9.669862E-1	2.384157E+10	9.675442E-1	2.866279E+10	9.662015E-1	2.389025E+10	9.616900E-1	1.975394E+11	9.659586E-1	1.992583E+11	9.624282E-1	2.262022E+11	9.659716E-1	2.278356E+11	9.238373E-4	-1.342704E-3	7.846823E-4	2.266541E-3	1.014607E-3	-4.735801E+9	-4.772543E+9	-4.868059E+7	3.674232E+7	-2.039941E+11
5.560190E+2	9.543069E-1	2.824640E+10	9.533495E-1	2.352154E+10	9.419423E-1	2.794103E+10	9.380355E-1	2.322745E+10	9.469224E-1	1.946539E+11	9.457783E-1	1.952971E+11	9.462944E-1	2.225949E+11	9.468482E-1	2.235435E+11	-9.574736E-4	-3.906771E-3	1.531392E-2	2.949297E-3	6.501306E-3	-4.724859E+9	-4.713576E+9	2.940877E+8	-1.128304E+7	-2.000220E+11
5.565030E+2	9.465339E-1	2.802755E+10	9.472604E-1	2.337864E+10	9.507486E-1	2.818929E+10	9.498421E-1	2.350528E+10	9.518375E-1	1.956142E+11	9.499080E-1	1.961077E+11	9.517002E-1	2.238035E+11	9.494847E-1	2.241353E+11	7.265313E-4	-9.064248E-4	-2.581703E-3	1.632956E-3	-2.224296E-3	-4.648910E+9	-4.684009E+9	-1.266431E+8	3.509985E+7	-2.007566E+11
5.570500E+2	9.872505E-1	2.917392E+10	9.865473E-1	2.430063E+10	9.741269E-1	2.884837E+10	9.775337E-1	2.415692E+10	9.788460E-1	2.008915E+11	9.768637E-1	2.013988E+11	9.782510E-1	2.297399E+11	9.781667E-1	2.305727E+11	-7.032757E-4	3.406808E-3	9.013507E-3	-4.110084E-3	8.380588E-3	-4.873287E+9	-4.691454E+9	1.437148E+8	-1.818333E+8	-2.062721E+11
5.575700E+2	1.006254E+0	2.970897E+10	1.006779E+0	2.477544E+10	1.007512E+0	2.978955E+10	1.005849E+0	2.482323E+10	1.007876E+0	2.065637E+11	1.006969E+0	2.073081E+11	1.007830E+0	2.363533E+11	1.006879E+0	2.370170E+11	5.245628E-4	-1.662741E-3	9.301464E-4	2.187304E-3	-1.001429E-4	-4.933535E+9	-4.966322E+9	-4.778923E+7	3.278650E+7	-2.122416E+11
5.580230E+2	1.022869E+0	3.017676E+10	1.023808E+0	2.517509E+10	1.018848E+0	3.010913E+10	1.017746E+0	2.510318E+10	1.019266E+0	2.087893E+11	1.021576E+0	2.101752E+11	1.019213E+0	2.388984E+11	1.021738E+0	2.403520E+11	9.391776E-4	-1.102016E-3	6.062877E-3	2.041194E-3	2.070346E-3	-5.001672E+9	-5.005952E+9	7.191027E+7	4.280453E+6	-2.151769E+11
5.585160E+2	1.010522E+0	2.982913E+10	1.011578E+0	2.488806E+10	1.009813E+0	2.985444E+10	1.010764E+0	2.493890E+10	1.006898E+0	2.063726E+11	1.008647E+0	2.076375E+11	1.007265E+0	2.362271E+11	1.008882E+0	2.374666E+11	1.055837E-3	9.508968E-4	8.136199E-4	1.049404E-4	2.695618E-3	-4.941068E+9	-4.915544E+9	-5.083664E+7	-2.552361E+7	-2.125786E+11
5.590100E+2	1.003798E+0	2.963980E+10	1.000566E+0	2.462962E+10	9.985475E-1	2.953683E+10	9.955362E-1	2.458055E+10	1.000069E+0	2.050384E+11	1.001074E+0	2.061509E+11	9.998775E-1	2.345753E+11	1.001415E+0	2.357907E+11	-3.231978E-3	-3.011329E-3	5.029395E-3	-2.206489E-4	-8.498888E-4	-5.010180E+9	-4.956284E+9	4.906921E+7	-5.389629E+7	-2.111611E+11
5.595390E+2	9.897349E-1	2.924387E+10	9.911744E-1	2.440923E+10	9.989863E-1	2.954920E+10	9.989502E-1	2.466089E+10	9.982871E-1	2.046902E+11	9.982274E-1	2.055922E+11	9.983753E-1	2.342394E+11	9.971621E-1	2.348361E+11	1.439497E-3	-3.607848E-5	-7.775745E-3	1.475575E-3	-5.987618E-3	-4.834643E+9	-4.888315E+9	-2.516627E+8	5.367221E+7	-2.104269E+11
5.600180E+2	1.005384E+0	2.968446E+10	1.003982E+0	2.470979E+10	1.001245E+0	2.961290E+10	9.981831E-1	2.464284E+10	1.005940E+0	2.061854E+11	1.003757E+0	2.066776E+11	1.005348E+0	2.357983E+11	1.003961E+0	2.363620E+11	-1.402028E-3	-3.062357E-3	5.798614E-3	1.660329E-3	2.082982E-5	-4.974668E+9	-4.970057E+9	6.695307E+7	-4.611141E+6	-2.116523E+11
5.605150E+2	1.013615E+0	2.991621E+10	1.013806E+0	2.494036E+10	1.017636E+0	3.007497E+10	1.018294E+0	2.511608E+10	1.014927E+0	2.079414E+11	1.015975E+0	2.090758E+11	1.015268E+0	2.380164E+11	1.015679E+0	2.389920E+11	1.912503E-4	6.579874E-4	-4.487356E-3	-4.667371E-4	-1.872218E-3	-4.975854E+9	-4.958889E+9	-1.757205E+8	-1.696512E+7	-2.140517E+11
5.609950E+2	1.014038E+0	2.992813E+10	1.014499E+0	2.495661E+10	1.022537E+0	3.021314E+10	1.027302E+0	2.532807E+10	1.016055E+0	2.081619E+11	1.017004E+0	2.092779E+11	1.016872E+0	2.383750E+11	1.016632E+0	2.392060E+11	4.604258E-4	4.765255E-3	-1.280335E-2	-4.304829E-3	-2.133219E-3	-4.971521E+9	-4.885077E+9	-3.714559E+8	-8.644415E+7	-2.142494E+11
