Photon Energy (eV)	X ref norm	X ref	X pump norm	X pump	Y ref norm	Y ref	Y pump norm	Y pump	X all norm	X all	Y all norm	Y all	X all Y ref norm	X all Y ref	Y all X ref norm	Y all X ref	BC(X hist) norm	BC(Y hist) norm	StS norm	BCSC norm	BCLR norm	BC(X hist)	BC(Y hist)	StS	BCSC	BCLR	
2.790010E+2	-5.495363E-3	5.653902E+8	-5.343862E-3	2.570281E+8	-4.026708E-3	5.983890E+8	-3.647698E-3	2.709616E+8	-4.613335E-3	4.459109E+9	-4.554777E-3	4.525936E+9	-4.544753E-3	5.057498E+9	-4.664118E-3	5.091326E+9	1.515006E-4	3.790096E-4	-1.696164E-3	-2.275090E-4	-6.797449E-4	-3.083621E+8	-3.274274E+8	-1.393349E+7	1.906531E+7	-4.834298E+9
2.795040E+2	-3.214779E-3	5.991929E+8	-4.203413E-3	2.645243E+8	-3.198425E-3	6.106492E+8	-4.723753E-3	2.638704E+8	-3.189535E-3	4.618302E+9	-4.061890E-3	4.581475E+9	-3.190575E-3	5.228951E+9	-3.963416E-3	5.180668E+9	-9.886341E-4	-1.525328E-3	5.203392E-4	5.366936E-4	-2.399974E-4	-3.346686E+8	-3.467788E+8	6.538743E+5	1.211020E+7	-4.916144E+9
2.800050E+2	-1.318764E-3	6.272955E+8	1.713748E-3	3.034179E+8	-1.848316E-4	6.552563E+8	-1.404141E-3	2.857466E+8	-1.529401E-3	4.803919E+9	-1.624395E-3	4.856137E+9	-1.372208E-3	5.459175E+9	-1.588866E-3	5.483432E+9	3.032512E-3	-1.219309E-3	3.117889E-3	4.251821E-3	3.302614E-3	-3.238776E+8	-3.695097E+8	1.767128E+7	4.563203E+7	-5.180014E+9
2.805050E+2	-4.402325E-4	6.403171E+8	-7.956335E-4	2.869237E+8	-5.518075E-4	6.498243E+8	-2.169364E-4	2.935703E+8	-9.645833E-4	4.867071E+9	-1.151424E-3	4.909432E+9	-9.163259E-4	5.516895E+9	-1.068750E-3	5.549749E+9	-3.554010E-4	3.348711E-4	-5.786971E-4	-6.902721E-4	2.731164E-4	-3.533934E+8	-3.562541E+8	-6.646571E+6	2.860681E+6	-5.262825E+9
2.810050E+2	-1.733965E-3	6.211414E+8	-3.501664E-3	2.691369E+8	-2.473062E-3	6.213860E+8	-3.340535E-3	2.729858E+8	-1.898247E-3	4.762679E+9	-1.666091E-3	4.851438E+9	-1.965448E-3	5.384065E+9	-1.673981E-3	5.472580E+9	-1.767699E-3	-8.674731E-4	-1.611285E-4	-9.002257E-4	-1.827683E-3	-3.520045E+8	-3.484002E+8	-3.848891E+6	-3.604325E+6	-5.203443E+9
2.815020E+2	-4.797521E-4	6.397313E+8	-4.745601E-3	2.609605E+8	-1.550904E-3	6.350358E+8	-4.761542E-3	2.636214E+8	-1.715167E-3	4.783149E+9	-2.133581E-3	4.798761E+9	-1.695963E-3	5.418185E+9	-1.941328E-3	5.438492E+9	-4.265849E-3	-3.210638E-3	1.594014E-5	-1.055211E-3	-2.804273E-3	-3.787708E+8	-3.714143E+8	-2.660906E+6	-7.356466E+6	-5.177531E+9
2.820060E+2	-1.390916E-3	6.262261E+8	-1.839717E-3	2.800609E+8	-2.020437E-3	6.280857E+8	6.562115E-5	2.954323E+8	-1.627106E-3	4.792995E+9	-6.341085E-4	4.967724E+9	-1.673090E-3	5.421081E+9	-7.220852E-4	5.593950E+9	-4.488007E-4	2.086058E-3	-1.905338E-3	-2.534859E-3	-1.117632E-3	-3.461652E+8	-3.326534E+8	-1.537139E+7	-1.351174E+7	-5.313889E+9
2.825030E+2	4.139175E-3	7.081928E+8	3.679409E-3	3.163382E+8	4.106996E-3	7.187837E+8	3.100762E-3	3.154338E+8	2.804780E-3	5.288517E+9	3.563841E-3	5.440756E+9	2.957021E-3	6.007301E+9	3.630722E-3	6.148949E+9	-4.597661E-4	-1.006233E-3	5.786469E-4	5.464673E-4	4.868689E-5	-3.918546E+8	-4.033499E+8	9.043751E+5	1.149528E+7	-5.832611E+9
2.830060E+2	9.934597E-3	7.940922E+8	1.503673E-2	3.909900E+8	9.899179E-3	8.045193E+8	1.492822E-2	3.933765E+8	1.273259E-2	6.398530E+9	1.226243E-2	6.420928E+9	1.240134E-2	7.203050E+9	1.199182E-2	7.215020E+9	5.102138E-3	5.029043E-3	1.085132E-4	7.309508E-5	3.044913E-3	-4.031021E+8	-4.111427E+8	-2.386492E+6	8.040614E+6	-6.824030E+9
2.835020E+2	2.680424E-2	1.044133E+9	2.408170E-2	4.504428E+8	2.835289E-2	1.077670E+9	1.887435E-2	4.193815E+8	2.615211E-2	7.898945E+9	2.542308E-2	7.903893E+9	2.640940E-2	8.976616E+9	2.558363E-2	8.948026E+9	-2.722533E-3	-9.478530E-3	5.207349E-3	6.755997E-3	-1.501927E-3	-5.936902E+8	-6.582886E+8	3.106127E+7	6.459837E+7	-8.497583E+9
2.840000E+2	5.144232E-2	1.409317E+9	5.559283E-2	6.575658E+8	4.793168E-2	1.367474E+9	4.872348E-2	6.160866E+8	5.370008E-2	1.097904E+10	5.118411E-2	1.080669E+10	5.302570E-2	1.234652E+10	5.121412E-2	1.221601E+10	4.150515E-3	7.917994E-4	6.869355E-3	3.358716E-3	4.378709E-3	-7.517513E+8	-7.513877E+8	4.147921E+7	-3.635493E+5	-1.155844E+10
2.841010E+2	5.954090E-2	1.529354E+9	5.689026E-2	6.660938E+8	5.345086E-2	1.449169E+9	5.619716E-2	6.653380E+8	5.723684E-2	1.137448E+10	5.612936E-2	1.136393E+10	5.679422E-2	1.282365E+10	5.652594E-2	1.289329E+10	-2.650632E-3	2.746296E-3	6.931054E-4	-5.396928E-3	3.643194E-4	-8.632599E+8	-7.838310E+8	7.558435E+5	-7.942889E+7	-1.222719E+10
2.842030E+2	7.054608E-2	1.692472E+9	7.490937E-2	7.845337E+8	7.276829E-2	1.735104E+9	7.278767E-2	7.746692E+8	7.778077E-2	1.367146E+10	7.686094E-2	1.370000E+10	7.719476E-2	1.540657E+10	7.612685E-2	1.539247E+10	4.363296E-3	1.938660E-5	2.121699E-3	4.343909E-3	-1.217480E-3	-9.079382E+8	-9.604353E+8	9.864524E+6	5.249716E+7	-1.460794E+10
2.843040E+2	1.074567E-1	2.239559E+9	1.111649E-1	1.022842E+9	1.060087E-1	2.227127E+9	1.049028E-1	9.863074E+8	1.100504E-1	1.727949E+10	1.068387E-1	1.707794E+10	1.095779E-1	1.950661E+10	1.069105E-1	1.931750E+10	3.708220E-3	-1.105849E-3	6.262111E-3	4.814070E-3	4.254446E-3	-1.216717E+9	-1.240820E+9	3.653462E+7	2.410246E+7	-1.829466E+10
2.844010E+2	1.377992E-1	2.689294E+9	1.382521E-1	1.200886E+9	1.356485E-1	2.665854E+9	1.474763E-1	1.266866E+9	1.426050E-1	2.091936E+10	1.399742E-1	2.081172E+10	1.417917E-1	2.358521E+10	1.397214E-1	2.350101E+10	4.528781E-4	1.182778E-2	-9.224190E-3	-1.137490E-2	-1.469260E-3	-1.488408E+9	-1.398989E+9	-6.597937E+7	-8.941907E+7	-2.230012E+10
2.845030E+2	1.805679E-1	3.323208E+9	1.737951E-1	1.434511E+9	1.781299E-1	3.294661E+9	1.800603E-1	1.481593E+9	1.856862E-1	2.573620E+10	1.799594E-1	2.531732E+10	1.848028E-1	2.903086E+10	1.800301E-1	2.864053E+10	-6.772776E-3	1.930413E-3	-6.265176E-3	-8.703189E-3	-6.235040E-3	-1.888697E+9	-1.813067E+9	-4.708257E+7	-7.562990E+7	-2.720602E+10
2.846040E+2	2.416149E-1	4.228043E+9	2.505124E-1	1.938774E+9	2.361483E-1	4.153446E+9	2.441572E-1	1.903991E+9	2.545805E-1	3.343916E+10	2.428644E-1	3.240556E+10	2.524256E-1	3.759261E+10	2.427191E-1	3.663361E+10	8.897483E-3	8.008918E-3	6.355174E-3	8.885652E-4	7.793213E-3	-2.289269E+9	-2.249455E+9	3.478364E+7	-3.981327E+7	-3.469483E+10
2.847020E+2	5.029163E-1	8.101038E+9	5.447647E-1	3.872899E+9	5.012340E-1	8.077231E+9	5.138403E-1	3.681197E+9	5.439771E-1	6.579615E+10	5.142857E-1	6.298980E+10	5.389800E-1	7.387338E+10	5.129640E-1	7.109083E+10	4.184832E-2	1.260632E-2	3.092437E-2	2.924201E-2	3.180063E-2	-4.228139E+9	-4.396034E+9	1.917016E+8	1.678950E+8	-6.721794E+10
2.848020E+2	1.162956E+0	1.788410E+10	1.189613E+0	8.111495E+9	1.154213E+0	1.774259E+10	1.158281E+0	7.928050E+9	1.187237E+0	1.377180E+11	1.156773E+0	1.353864E+11	1.183376E+0	1.554606E+11	1.157491E+0	1.532705E+11	2.665714E-2	4.068169E-3	3.133176E-2	2.258897E-2	3.212161E-2	-9.772609E+9	-9.814544E+9	1.834454E+8	4.193499E+7	-1.451590E+11
2.848990E+2	1.545807E+0	2.355870E+10	1.557884E+0	1.053215E+10	1.553957E+0	2.365958E+10	1.556167E+0	1.055011E+10	1.557709E+0	1.791399E+11	1.551998E+0	1.799210E+11	1.557270E+0	2.027995E+11	1.551278E+0	2.034797E+11	1.207709E-2	2.209979E-3	1.717313E-3	9.867107E-3	6.605830E-3	-1.302655E+10	-1.310947E+10	-1.796152E+7	8.291710E+7	-1.929476E+11
2.850010E+2	1.582284E+0	2.409936E+10	1.589916E+0	1.074269E+10	1.588379E+0	2.416910E+10	1.575074E+0	1.067471E+10	1.579807E+0	1.816107E+11	1.582154E+0	1.833191E+11	1.580810E+0	2.057798E+11	1.582169E+0	2.074184E+11	7.632129E-3	-1.330493E-2	1.484180E-2	2.093706E-2	7.747114E-3	-1.335667E+10	-1.349439E+10	6.798512E+7	1.377233E+8	-1.966758E+11
2.851060E+2	1.439043E+0	2.197624E+10	1.428376E+0	9.680888E+9	1.423514E+0	2.172876E+10	1.452693E+0	9.868215E+9	1.438342E+0	1.657937E+11	1.435705E+0	1.668169E+11	1.436608E+0	1.875224E+11	1.436093E+0	1.887931E+11	-1.066646E-2	2.917915E-2	-2.431668E-2	-3.984561E-2	-7.716478E-3	-1.229536E+10	-1.186055E+10	-1.873277E+8	-4.348058E+8	-1.791122E+11
2.851990E+2	1.192312E+0	1.831923E+10	1.207636E+0	8.229959E+9	1.190830E+0	1.828460E+10	1.199198E+0	8.197690E+9	1.192295E+0	1.382836E+11	1.197274E+0	1.399501E+11	1.192124E+0	1.565682E+11	1.196697E+0	1.582693E+11	1.532333E-2	8.367658E-3	8.437800E-3	6.955671E-3	1.093898E-2	-1.008927E+10	-1.008691E+10	3.226890E+7	-2.356537E+6	-1.500393E+11
2.853000E+2	9.870703E-1	1.527714E+10	9.957435E-1	6.837188E+9	9.928924E-1	1.535473E+10	9.915258E-1	6.829135E+9	1.001213E+0	1.169189E+11	9.982803E-1	1.175272E+11	1.000240E+0	1.322737E+11	9.969772E-1	1.328043E+11	8.673123E-3	-1.366632E-3	4.217661E-3	1.003975E-2	-1.233734E-3	-8.439951E+9	-8.525599E+9	8.053377E+6	8.564791E+7	-1.259671E+11
2.854020E+2	7.773337E-1	1.216844E+10	7.844338E-1	5.448247E+9	7.796433E-1	1.219823E+10	7.707692E-1	5.374353E+9	7.890926E-1	9.320212E+10	7.817317E-1	9.312608E+10	7.879879E-1	1.054004E+11	7.812204E-1	1.052945E+11	7.100045E-3	-8.874055E-3	1.366454E-2	1.597410E-2	3.213329E-3	-6.720189E+9	-6.823877E+9	7.389335E+7	1.036886E+8	-9.984627E+10
2.855000E+2	5.885980E-1	9.371006E+9	5.965191E-1	4.213081E+9	5.911991E-1	9.408889E+9	5.952118E-1	4.217434E+9	5.985164E-1	7.189410E+10	5.936623E-1	7.193410E+10	5.976610E-1	8.130299E+10	5.930736E-1	8.130510E+10	7.921126E-3	4.012781E-3	1.307289E-3	3.908344E-3	3.445488E-3	-5.157925E+9	-5.191455E+9	-4.352406E+6	3.353085E+7	-7.709202E+10
2.856010E+2	4.145071E-1	6.790641E+9	4.263862E-1	3.094795E+9	4.130541E-1	6.771996E+9	4.235773E-1	3.086366E+9	4.262786E-1	5.263646E+10	4.208956E-1	5.246644E+10	4.247325E-1	5.940846E+10	4.201530E-1	5.925708E+10	1.187906E-2	1.052325E-2	2.808851E-3	1.355808E-3	6.233174E-3	-3.695846E+9	-3.685631E+9	8.429448E+6	-1.021537E+7	-5.616228E+10
2.858030E+2	3.946746E-1	6.496685E+9	4.024930E-1	2.937745E+9	3.962083E-1	6.522647E+9	3.985495E-1	2.921433E+9	4.042112E-1	5.016913E+10	3.974053E-1	4.981951E+10	4.032756E-1	5.669178E+10	3.970879E-1	5.631619E+10	7.818401E-3	2.341174E-3	3.943509E-3	5.477227E-3	5.405148E-3	-3.558940E+9	-3.601214E+9	1.631220E+7	4.227377E+7	-5.337845E+10
2.860070E+2	8.443173E-1	1.316126E+10	8.692985E-1	6.006064E+9	8.382757E-1	1.306610E+10	8.580524E-1	5.949548E+9	8.660045E-1	1.018015E+11	8.500988E-1	1.008298E+11	8.627627E-1	1.148676E+11	8.494267E-1	1.139911E+11	2.498122E-2	1.977673E-2	1.124607E-2	5.204491E-3	1.987179E-2	-7.155198E+9	-7.116557E+9	5.651582E+7	-3.864120E+7	-1.079850E+11
2.862030E+2	1.330107E+0	2.036160E+10	1.332026E+0	9.047574E+9	1.336833E+0	2.044573E+10	1.350159E+0	9.192517E+9	1.335410E+0	1.542850E+11	1.337150E+0	1.557116E+11	1.335577E+0	1.747308E+11	1.336332E+0	1.760732E+11	1.918988E-3	1.332512E-2	-1.813305E-2	-1.140613E-2	-4.306105E-3	-1.131403E+10	-1.125321E+10	-1.449429E+8	-6.081333E+7	-1.670257E+11
2.864220E+2	1.369810E+0	2.095009E+10	1.392350E+0	9.444090E+9	1.381023E+0	2.109982E+10	1.405948E+0	9.560166E+9	1.381710E+0	1.594617E+11	1.390265E+0	1.616967E+11	1.381630E+0	1.805616E+11	1.387887E+0	1.826468E+11	2.254014E-2	2.492498E-2	-1.359718E-2	-2.384839E-3	4.463330E-3	-1.150600E+10	-1.153965E+10	-1.160752E+8	3.365373E+7	-1.732027E+11
2.866160E+2	1.235452E+0	1.895864E+10	1.228821E+0	8.369210E+9	1.238986E+0	1.899740E+10	1.254436E+0	8.561707E+9	1.245396E+0	1.442207E+11	1.241449E+0	1.449278E+11	1.244647E+0	1.632181E+11	1.240752E+0	1.638864E+11	-6.631386E-3	1.544993E-2	-2.561479E-2	-2.208131E-2	-1.193054E-2	-1.058943E+10	-1.043569E+10	-1.924964E+8	-1.537436E+8	-1.555172E+11
2.868020E+2	1.396536E+0	2.134622E+10	1.397911E+0	9.480642E+9	1.403551E+0	2.143328E+10	1.413062E+0	9.607050E+9	1.406753E+0	1.622617E+11	1.407024E+0	1.635852E+11	1.406379E+0	1.836950E+11	1.405805E+0	1.849314E+11	1.375114E-3	9.511076E-3	-1.515080E-2	-8.135962E-3	-7.893796E-3	-1.186557E+10	-1.182623E+10	-1.264078E+8	-3.934452E+7	-1.754507E+11
2.870060E+2	1.409720E+0	2.154163E+10	1.394479E+0	9.458081E+9	1.410653E+0	2.153841E+10	1.384487E+0	9.418740E+9	1.402239E+0	1.617571E+11	1.414000E+0	1.643712E+11	1.403223E+0	1.832955E+11	1.413503E+0	1.859129E+11	-1.524118E-2	-2.616647E-2	9.991961E-3	1.092528E-2	-1.902391E-2	-1.208355E+10	-1.211967E+10	3.934068E+7	3.612216E+7	-1.764548E+11
2.872190E+2	1.179699E+0	1.813228E+10	1.207683E+0	8.230272E+9	1.184561E+0	1.819180E+10	1.192703E+0	8.154887E+9	1.192727E+0	1.383318E+11	1.190623E+0	1.392006E+11	1.191772E+0	1.565236E+11	1.189353E+0	1.573329E+11	2.798393E-2	8.141694E-3	1.498059E-2	1.984224E-2	1.833043E-2	-9.902004E+9	-1.003692E+10	7.538493E+7	1.349119E+8	-1.491027E+11
2.874030E+2	9.559674E-1	1.481613E+10	9.805975E-1	6.737633E+9	9.646066E-1	1.493605E+10	9.749986E-1	6.720221E+9	9.714479E-1	1.135910E+11	9.674274E-1	1.140506E+11	9.706481E-1	1.285270E+11	9.660952E-1	1.288667E+11	2.463010E-2	1.039200E-2	5.598852E-3	1.423810E-2	1.450222E-2	-8.078499E+9	-8.215827E+9	1.741238E+7	1.373281E+8	-1.221291E+11
2.876170E+2	7.578207E-1	1.187922E+10	7.692781E-1	5.348628E+9	7.532463E-1	1.180750E+10	7.778335E-1	5.420907E+9	7.654903E-1	9.056319E+10	7.648233E-1	9.122081E+10	7.640589E-1	1.023707E+11	7.640092E-1	1.031000E+11	1.145739E-2	2.458716E-2	-8.555357E-3	-1.312978E-2	5.268894E-3	-6.530587E+9	-6.386598E+9	-7.227819E+7	-1.439891E+8	-9.775140E+10
2.878020E+2	6.278182E-1	9.952325E+9	6.632898E-1	4.651966E+9	6.351789E-1	1.005988E+10	6.325394E-1	4.463422E+9	6.391048E-1	7.643222E+10	6.351796E-1	7.661233E+10	6.386458E-1	8.649210E+10	6.343238E-1	8.656466E+10	3.547158E-2	-2.639465E-3	3.075034E-2	3.811104E-2	2.896593E-2	-5.300360E+9	-5.596455E+9	1.885438E+8	2.960951E+8	-8.191269E+10
2.880020E+2	7.288356E-1	1.144960E+10	7.541740E-1	5.249349E+9	7.330208E-1	1.150813E+10	7.489198E-1	5.230366E+9	7.437142E-1	8.812843E+10	7.439520E-1	8.886900E+10	7.424640E-1	9.963656E+10	7.421947E-1	1.003186E+11	2.533835E-2	1.589898E-2	5.254231E-3	9.439377E-3	1.197927E-2	-6.200251E+9	-6.277761E+9	1.898298E+7	7.751020E+7	-9.506925E+10
2.882150E+2	8.642021E-1	1.345599E+10	8.902206E-1	6.143585E+9	8.571615E-1	1.334565E+10	8.804165E-1	6.096927E+9	8.741901E-1	1.027167E+11	8.653576E-1	1.025492E+11	8.721993E-1	1.160624E+11	8.652233E-1	1.160052E+11	2.601848E-2	2.325503E-2	9.804058E-3	2.763449E-3	2.499725E-2	-7.312408E+9	-7.248724E+9	4.665800E+7	-6.368411E+7	-1.098616E+11
2.884200E+2	9.842075E-1	1.523471E+10	1.015611E+0	6.967778E+9	9.849717E-1	1.523749E+10	9.907492E-1	6.824017E+9	1.003928E+0	1.172225E+11	9.965594E-1	1.173333E+11	1.001712E+0	1.324600E+11	9.951236E-1	1.325680E+11	3.140350E-2	5.777416E-3	2.486188E-2	2.562608E-2	2.048747E-2	-8.266929E+9	-8.413475E+9	1.437613E+8	1.465464E+8	-1.256002E+11
2.886040E+2	1.089602E+0	1.679686E+10	1.117605E+0	7.638182E+9	1.095096E+0	1.686754E+10	1.115122E+0	7.643633E+9	1.102377E+0	1.282299E+11	1.097590E+0	1.287175E+11	1.101525E+0	1.450974E+11	1.096661E+0	1.455144E+11	2.800207E-2	2.002630E-2	2.482276E-3	7.975764E-3	2.094346E-2	-9.158681E+9	-9.223912E+9	-5.450351E+6	6.523034E+7	-1.378762E+11
2.888230E+2	1.264034E+0	1.938227E+10	1.240240E+0	8.444268E+9	1.268544E+0	1.943492E+10	1.278339E+0	8.719226E+9	1.253264E+0	1.451004E+11	1.263468E+0	1.474089E+11	1.255050E+0	1.645353E+11	1.263534E+0	1.667912E+11	-2.379354E-2	9.794390E-3	-3.809858E-2	-3.358793E-2	-2.329340E-2	-1.093800E+10	-1.071569E+10	-2.749581E+8	-2.223125E+8	-1.583470E+11
2.890230E+2	1.181632E+0	1.816093E+10	1.184619E+0	8.078667E+9	1.189357E+0	1.826279E+10	1.195248E+0	8.171662E+9	1.177831E+0	1.366664E+11	1.191808E+0	1.393342E+11	1.179179E+0	1.549291E+11	1.190625E+0	1.574952E+11	2.986207E-3	5.891620E-3	-1.062976E-2	-2.905413E-3	-6.006839E-3	-1.008226E+10	-1.009113E+10	-9.299544E+7	8.866478E+6	-1.494165E+11
2.892010E+2	1.009302E+0	1.560666E+10	1.025055E+0	7.029850E+9	1.020884E+0	1.576907E+10	1.037378E+0	7.131299E+9	1.025838E+0	1.196723E+11	1.031417E+0	1.212611E+11	1.025259E+0	1.354413E+11	1.028846E+0	1.368677E+11	1.575247E-2	1.649370E-2	-1.232332E-2	-7.412263E-4	-3.791769E-3	-8.576806E+9	-8.637766E+9	-1.014486E+8	6.096060E+7	-1.298379E+11
2.894050E+2	8.416181E-1	1.312125E+10	8.649925E-1	5.977760E+9	8.564994E-1	1.333585E+10	8.665061E-1	6.005257E+9	8.551918E-1	1.005926E+11	8.540604E-1	1.012762E+11	8.553447E-1	1.139284E+11	8.526140E-1	1.143975E+11	2.337441E-2	1.000672E-2	-1.513629E-3	1.336769E-2	1.237847E-2	-7.143494E+9	-7.330593E+9	-2.749730E+7	1.870993E+8	-1.084197E+11
2.896110E+2	7.770662E-1	1.216447E+10	7.924621E-1	5.501017E+9	7.698493E-1	1.205326E+10	7.773897E-1	5.417982E+9	7.802014E-1	9.220801E+10	7.777718E-1	9.267987E+10	7.789911E-1	1.042613E+11	7.776898E-1	1.048443E+11	1.539586E-2	7.540436E-3	1.507240E-2	7.855422E-3	1.477233E-2	-6.663454E+9	-6.635278E+9	8.303487E+7	-2.817573E+7	-9.934333E+10
2.898020E+2	8.560268E-1	1.333482E+10	8.730945E-1	6.031015E+9	8.602124E-1	1.339081E+10	8.620179E-1	5.975680E+9	8.648563E-1	1.016731E+11	8.588916E-1	1.018206E+11	8.643134E-1	1.150640E+11	8.585586E-1	1.151554E+11	1.706762E-2	1.805528E-3	1.107658E-2	1.526209E-2	1.453586E-2	-7.303805E+9	-7.415130E+9	5.533443E+7	1.113242E+8	-1.091244E+11
2.900050E+2	8.806331E-1	1.369953E+10	8.833096E-1	6.098159E+9	8.940669E-1	1.389192E+10	8.827191E-1	6.112101E+9	8.949086E-1	1.050332E+11	8.943691E-1	1.058183E+11	8.948102E-1	1.189252E+11	8.927723E-1	1.195178E+11	2.676465E-3	-1.134779E-2	5.904921E-4	1.402426E-2	-9.462740E-3	-7.601374E+9	-7.779822E+9	-1.394196E+7	1.784481E+8	-1.134196E+11
2.905110E+2	8.693404E-1	1.353215E+10	8.870271E-1	6.122594E+9	8.722329E-1	1.356874E+10	8.744914E-1	6.057880E+9	8.765629E-1	1.029820E+11	8.769759E-1	1.038584E+11	8.760567E-1	1.165508E+11	8.760883E-1	1.173905E+11	1.768675E-2	2.258441E-3	1.253574E-2	1.542830E-2	1.093884E-2	-7.409558E+9	-7.510858E+9	6.471388E+7	1.012994E+8	-1.112679E+11
2.910060E+2	9.399648E-1	1.457894E+10	9.520421E-1	6.549938E+9	9.371325E-1	1.452938E+10	9.499535E-1	6.555174E+9	9.488709E-1	1.110667E+11	9.430155E-1	1.112998E+11	9.474986E-1	1.255961E+11	9.426609E-1	1.258788E+11	1.207731E-2	1.282107E-2	2.088567E-3	-7.437561E-4	9.381231E-3	-8.029005E+9	-7.974203E+9	-5.235842E+6	-5.480178E+7	-1.193288E+11
2.915140E+2	1.168443E+0	1.796543E+10	1.157552E+0	7.900755E+9	1.168391E+0	1.795246E+10	1.175500E+0	8.041519E+9	1.168232E+0	1.355930E+11	1.171336E+0	1.370274E+11	1.168250E+0	1.535455E+11	1.171000E+0	1.549928E+11	-1.089110E-2	7.108307E-3	-1.794813E-2	-1.799941E-2	-1.344807E-2	-1.006467E+10	-9.910941E+9	-1.407641E+8	-1.537329E+8	-1.470921E+11
2.920010E+2	1.104717E+0	1.702090E+10	1.095120E+0	7.490390E+9	1.093519E+0	1.684421E+10	1.100236E+0	7.545534E+9	1.108965E+0	1.289666E+11	1.103971E+0	1.294366E+11	1.107159E+0	1.458108E+11	1.104058E+0	1.464575E+11	-9.597561E-3	6.716995E-3	-5.116430E-3	-1.631456E-2	-8.937730E-3	-9.530506E+9	-9.298672E+9	-5.514418E+7	-2.318341E+8	-1.389671E+11
2.925020E+2	1.132158E+0	1.742761E+10	1.135783E+0	7.757668E+9	1.145192E+0	1.760906E+10	1.143675E+0	7.831795E+9	1.140369E+0	1.324778E+11	1.142714E+0	1.338022E+11	1.140933E+0	1.500868E+11	1.141487E+0	1.512298E+11	3.625226E-3	-1.516852E-3	-7.892171E-3	5.142078E-3	-5.703795E-3	-9.669945E+9	-9.777266E+9	-7.412617E+7	1.073217E+8	-1.434721E+11
2.930040E+2	1.088088E+0	1.677441E+10	1.102551E+0	7.539237E+9	1.092180E+0	1.682438E+10	1.100649E+0	7.548257E+9	1.099997E+0	1.279639E+11	1.095623E+0	1.284960E+11	1.099083E+0	1.447882E+11	1.094747E+0	1.452704E+11	1.446353E-2	8.469440E-3	1.901894E-3	5.994086E-3	7.803793E-3	-9.235175E+9	-9.276125E+9	-9.019653E+6	4.094940E+7	-1.377311E+11
2.935110E+2	1.038949E+0	1.604608E+10	1.050640E+0	7.198026E+9	1.049548E+0	1.619335E+10	1.042446E+0	7.164696E+9	1.046897E+0	1.220268E+11	1.048341E+0	1.231681E+11	1.047207E+0	1.382202E+11	1.047249E+0	1.392142E+11	1.169154E-2	-7.102628E-3	8.194565E-3	1.879417E-2	3.390969E-3	-8.848052E+9	-9.028655E+9	3.332968E+7	1.806035E+8	-1.320162E+11
2.940070E+2	9.935138E-1	1.537264E+10	9.971927E-1	6.846714E+9	9.844488E-1	1.522975E+10	9.852035E-1	6.787471E+9	9.940193E-1	1.161146E+11	9.930413E-1	1.169368E+11	9.929004E-1	1.313444E+11	9.930962E-1	1.323095E+11	3.678951E-3	7.547424E-4	1.198920E-2	2.924209E-3	4.096481E-3	-8.525929E+9	-8.442280E+9	5.924310E+7	-8.364909E+7	-1.254628E+11
2.945030E+2	9.917640E-1	1.534671E+10	9.934960E-1	6.822416E+9	9.946700E-1	1.538104E+10	1.003246E+0	6.906367E+9	1.001740E+0	1.169779E+11	1.002577E+0	1.180113E+11	1.000914E+0	1.323590E+11	1.001320E+0	1.333580E+11	1.732016E-3	8.575537E-3	-9.749472E-3	-6.843521E-3	-7.824083E-3	-8.524292E+9	-8.474677E+9	-8.395161E+7	-4.961551E+7	-1.265356E+11
2.950050E+2	1.046848E+0	1.616316E+10	1.049127E+0	7.188079E+9	1.043821E+0	1.610858E+10	1.057537E+0	7.264148E+9	1.054651E+0	1.228937E+11	1.050763E+0	1.234410E+11	1.053384E+0	1.390023E+11	1.050308E+0	1.396042E+11	2.278978E-3	1.371595E-2	-8.410088E-3	-1.143697E-2	-1.180979E-3	-8.975082E+9	-8.844430E+9	-7.606897E+7	-1.306517E+8	-1.324161E+11
2.955100E+2	1.101296E+0	1.697019E+10	1.105108E+0	7.556040E+9	1.107774E+0	1.705520E+10	1.098163E+0	7.531875E+9	1.109167E+0	1.289891E+11	1.104976E+0	1.295498E+11	1.109004E+0	1.460443E+11	1.104548E+0	1.465200E+11	3.811356E-3	-9.610076E-3	6.944181E-3	1.342143E-2	5.598024E-4	-9.414149E+9	-9.523323E+9	2.416555E+7	1.091740E+8	-1.389639E+11
2.960030E+2	1.111112E+0	1.711568E+10	1.123009E+0	7.673704E+9	1.112126E+0	1.711963E+10	1.090840E+0	7.483612E+9	1.108745E+0	1.289420E+11	1.109381E+0	1.300462E+11	1.109141E+0	1.460616E+11	1.109582E+0	1.471618E+11	1.189654E-2	-2.128657E-2	3.216888E-2	3.318311E-2	1.342665E-2	-9.441974E+9	-9.636015E+9	1.900921E+8	1.940410E+8	-1.394881E+11
2.964990E+2	1.037585E+0	1.602586E+10	1.059534E+0	7.256485E+9	1.037046E+0	1.600829E+10	1.039483E+0	7.145174E+9	1.042741E+0	1.215622E+11	1.043857E+0	1.226629E+11	1.042075E+0	1.375705E+11	1.043128E+0	1.386887E+11	2.194930E-2	2.437550E-3	2.005075E-2	1.951175E-2	1.640602E-2	-8.769377E+9	-8.863116E+9	1.113108E+8	9.373885E+7	-1.314322E+11
2.970040E+2	1.030894E+0	1.592669E+10	1.022572E+0	7.013530E+9	1.035776E+0	1.598949E+10	1.019730E+0	7.014999E+9	1.032671E+0	1.204362E+11	1.031233E+0	1.212403E+11	1.033034E+0	1.364257E+11	1.031193E+0	1.371670E+11	-8.322085E-3	-1.604607E-2	2.841741E-3	7.723986E-3	-8.621778E-3	-8.913156E+9	-8.974494E+9	-1.469094E+6	6.133773E+7	-1.301535E+11
2.975020E+2	1.030151E+0	1.591568E+10	1.023559E+0	7.020019E+9	1.027522E+0	1.586732E+10	1.026458E+0	7.059338E+9	1.028892E+0	1.200137E+11	1.026824E+0	1.207436E+11	1.028732E+0	1.358811E+11	1.027211E+0	1.366593E+11	-6.592169E-3	-1.064192E-3	-2.899278E-3	-5.527977E-3	-3.652316E-3	-8.895659E+9	-8.807985E+9	-3.931904E+7	-8.767397E+7	-1.296392E+11
2.980040E+2	1.010475E+0	1.562404E+10	1.022466E+0	7.012832E+9	1.021859E+0	1.578349E+10	1.022922E+0	7.036034E+9	1.015877E+0	1.185585E+11	1.019505E+0	1.199188E+11	1.016576E+0	1.343420E+11	1.018455E+0	1.355429E+11	1.199058E-2	1.063035E-3	-4.563232E-4	1.092754E-2	4.010063E-3	-8.611208E+9	-8.747458E+9	-2.320147E+7	1.362502E+8	-1.285300E+11
2.985020E+2	9.930612E-1	1.536593E+10	9.939150E-1	6.825170E+9	9.942104E-1	1.537424E+10	9.945236E-1	6.848890E+9	9.940854E-1	1.161220E+11	9.963285E-1	1.173072E+11	9.941000E-1	1.314963E+11	9.959487E-1	1.326732E+11	8.538030E-4	3.131866E-4	-6.085892E-4	5.406164E-4	-2.033669E-3	-8.540765E+9	-8.525352E+9	-2.372049E+7	-1.541357E+7	-1.258480E+11
2.990010E+2	9.553076E-1	1.480635E+10	9.483975E-1	6.525982E+9	9.508102E-1	1.473183E+10	9.506755E-1	6.559932E+9	9.545352E-1	1.117000E+11	9.483255E-1	1.118982E+11	9.540997E-1	1.264318E+11	9.491372E-1	1.267045E+11	-6.910119E-3	-1.347032E-4	-2.277981E-3	-6.775416E-3	-7.396482E-4	-8.280371E+9	-8.171902E+9	-3.394947E+7	-1.084690E+8	-1.201785E+11
2.995040E+2	1.011766E+0	1.564318E+10	1.013151E+0	6.951610E+9	1.001441E+0	1.548127E+10	1.004507E+0	6.914681E+9	1.007175E+0	1.175856E+11	1.008109E+0	1.186347E+11	1.006505E+0	1.330669E+11	1.008534E+0	1.342779E+11	1.384875E-3	3.065902E-3	8.644177E-3	-1.681026E-3	4.617089E-3	-8.691573E+9	-8.566591E+9	3.692867E+7	-1.249820E+8	-1.273263E+11
3.000060E+2	1.029390E+0	1.590440E+10	1.022071E+0	7.010237E+9	1.031679E+0	1.592886E+10	1.027372E+0	7.065360E+9	1.028327E+0	1.199506E+11	1.027732E+0	1.208458E+11	1.028719E+0	1.358794E+11	1.027925E+0	1.367502E+11	-7.319135E-3	-4.307420E-3	-5.301283E-3	-3.011715E-3	-5.853834E-3	-8.894158E+9	-8.863495E+9	-5.512295E+7	-3.066275E+7	-1.297400E+11
