Photon Energy (eV)	X ref norm	X ref	X pump norm	X pump	Y ref norm	Y ref	Y pump norm	Y pump	X all norm	X all	Y all norm	Y all	X all Y ref norm	X all Y ref	Y all X ref norm	Y all X ref	BC(X hist) norm	BC(Y hist) norm	StS norm	BCSC norm	BCLR norm	BC(X hist)	BC(Y hist)	StS	BCSC	BCLR	
2.790040E+2	-2.831798E-3	4.808296E+8	-9.272757E-3	2.107121E+7	-3.033223E-3	4.708942E+8	-8.352962E-3	2.041274E+7	-4.425339E-3	3.598154E+9	-3.240844E-3	3.715445E+9	-4.269162E-3	4.069048E+9	-3.195235E-3	4.196274E+9	-6.440959E-3	-5.319739E-3	-9.197948E-4	-1.121220E-3	-6.077522E-3	-4.597584E+8	-4.504815E+8	6.584700E+5	-9.276928E+6	-4.175203E+9
2.794980E+2	-2.505194E-3	4.840543E+8	-6.163806E-3	2.248273E+7	-2.852641E-3	4.726776E+8	-8.862940E-4	2.380523E+7	-2.738610E-3	3.729978E+9	-4.182733E-3	3.641340E+9	-2.751403E-3	4.202655E+9	-3.995685E-3	4.125395E+9	-3.658612E-3	1.966347E-3	-5.277512E-3	-5.624959E-3	-2.168121E-3	-4.615716E+8	-4.488724E+8	-1.322498E+6	-1.269924E+7	-4.102912E+9
2.800050E+2	-2.972466E-3	4.794408E+8	-1.851724E-4	2.519713E+7	4.002138E-4	5.048017E+8	-3.660362E-3	2.254483E+7	-2.318250E-3	3.762830E+9	-2.429937E-3	3.779244E+9	-2.013276E-3	4.267632E+9	-2.490430E-3	4.258685E+9	2.787293E-3	-4.060576E-3	3.475190E-3	6.847869E-3	2.305257E-3	-4.542436E+8	-4.822569E+8	2.652305E+6	2.801325E+7	-4.233488E+9
2.805030E+2	-2.675941E-3	4.823685E+8	-1.196987E-2	1.984668E+7	-4.358227E-3	4.578090E+8	-2.318514E-3	2.315450E+7	-1.575607E-3	3.820871E+9	-2.117408E-3	3.803833E+9	-1.887779E-3	4.278680E+9	-2.179686E-3	4.286201E+9	-9.293926E-3	2.039713E-3	-9.651353E-3	-1.133364E-2	-9.790182E-3	-4.625218E+8	-4.346545E+8	-3.307820E+6	-2.786736E+7	-4.266354E+9
2.810050E+2	1.169840E-3	5.203396E+8	-4.461729E-3	2.325550E+7	-3.459224E-4	4.974331E+8	1.106524E-2	2.923542E+7	3.018534E-4	3.967601E+9	7.034179E-4	4.025765E+9	2.291818E-4	4.465034E+9	7.554247E-4	4.546105E+9	-5.631569E-3	1.141117E-2	-1.552697E-2	-1.704273E-2	-5.217154E-3	-4.970841E+8	-4.681977E+8	-5.979914E+6	-2.888641E+7	-4.522849E+9
2.815020E+2	1.836832E-3	5.269251E+8	1.277600E-2	3.108173E+7	1.292919E-4	5.021262E+8	-1.543690E-2	1.719415E+7	-1.267941E-4	3.934100E+9	3.332302E-4	3.996640E+9	-9.806472E-5	4.436226E+9	5.008841E-4	4.523565E+9	1.093917E-2	-1.556619E-2	2.821290E-2	2.650536E-2	1.227512E-2	-4.958434E+8	-4.849320E+8	1.388758E+7	-1.091137E+7	-4.492484E+9
2.820060E+2	6.335110E-3	5.713387E+8	8.790844E-3	2.927240E+7	3.088046E-3	5.313458E+8	8.218108E-3	2.794182E+7	4.040364E-3	4.259778E+9	3.045809E-3	4.210056E+9	3.933527E-3	4.791124E+9	3.412571E-3	4.781395E+9	2.455733E-3	5.130062E-3	5.727354E-4	-2.674329E-3	5.378272E-3	-5.420663E+8	-5.034040E+8	1.330581E+6	-3.866225E+7	-4.752122E+9
2.825040E+2	1.643616E-3	5.250174E+8	1.048649E-2	3.004225E+7	6.972463E-3	5.697070E+8	1.137168E-2	2.937465E+7	6.842383E-3	4.478766E+9	7.888466E-3	4.591059E+9	6.856976E-3	5.048473E+9	7.192155E-3	5.116076E+9	8.842871E-3	4.399220E-3	-8.851957E-4	4.443651E-3	3.294332E-3	-4.949752E+8	-5.403324E+8	6.676038E+5	4.535721E+7	-5.086034E+9
2.830040E+2	1.277629E-2	6.349353E+8	1.003631E-2	2.983786E+7	1.108615E-2	6.103324E+8	9.406243E-3	2.848165E+7	1.318578E-2	4.974524E+9	1.437377E-2	5.101300E+9	1.295023E-2	5.584857E+9	1.419565E-2	5.736235E+9	-2.739975E-3	-1.679906E-3	6.300695E-4	-1.060069E-3	-4.159337E-3	-6.050974E+8	-5.818508E+8	1.356216E+6	-2.324669E+7	-5.706397E+9
2.835020E+2	2.775563E-2	7.828332E+8	3.298380E-2	4.025642E+7	1.991499E-2	6.975231E+8	1.699040E-2	3.192751E+7	2.654383E-2	6.018502E+9	2.455488E-2	5.902312E+9	2.580017E-2	6.716026E+9	2.491177E-2	6.685146E+9	5.228165E-3	-2.924595E-3	1.599340E-2	8.152761E-3	8.072034E-3	-7.425767E+8	-6.655956E+8	8.328906E+6	-7.698115E+7	-6.644889E+9
2.840050E+2	3.818913E-2	8.858478E+8	3.923005E-2	4.309233E+7	4.206405E-2	9.162597E+8	5.711164E-2	5.015662E+7	4.028673E-2	7.092558E+9	4.078351E-2	7.179123E+9	4.048612E-2	8.008818E+9	4.049423E-2	8.064971E+9	1.040922E-3	1.504759E-2	-1.788159E-2	-1.400667E-2	-1.264179E-3	-8.427554E+8	-8.661031E+8	-7.064299E+6	2.334765E+7	-8.021878E+9
2.841030E+2	4.935690E-2	9.961122E+8	3.995240E-2	4.342028E+7	5.462274E-2	1.040285E+9	4.228541E-2	4.342032E+7	5.375747E-2	8.145343E+9	5.308891E-2	8.147268E+9	5.385454E-2	9.185628E+9	5.267278E-2	9.143380E+9	-9.404502E-3	-1.233732E-2	-2.333013E-3	2.932821E-3	-1.272038E-2	-9.526919E+8	-9.968648E+8	-3.473627E+1	4.417285E+7	-9.099960E+9
2.842070E+2	7.710816E-2	1.270113E+9	9.528181E-2	6.854079E+7	7.645805E-2	1.255923E+9	7.714594E-2	5.925922E+7	7.855554E-2	1.008340E+10	7.760057E-2	1.007576E+10	7.832023E-2	1.133932E+10	7.754567E-2	1.134587E+10	1.817365E-2	6.878856E-4	1.813587E-2	1.748577E-2	1.773615E-2	-1.201572E+9	-1.196664E+9	9.281574E+6	-4.907991E+6	-1.127733E+10
2.843010E+2	1.122086E-1	1.616676E+9	1.045625E-1	7.275439E+7	1.104937E-1	1.592048E+9	1.324685E-1	8.439506E+7	1.122854E-1	1.271950E+10	1.134412E-1	1.289557E+10	1.120844E-1	1.431155E+10	1.133037E-1	1.451224E+10	-7.646115E-3	2.197476E-2	-2.790599E-2	-2.962088E-2	-8.741216E-3	-1.543921E+9	-1.507653E+9	-1.164067E+7	-3.626798E+7	-1.443949E+10
2.844010E+2	1.607997E-1	2.096437E+9	1.527073E-1	9.461297E+7	1.703340E-1	2.183010E+9	1.677722E-1	1.004353E+8	1.684773E-1	1.711109E+10	1.666108E-1	1.707876E+10	1.686856E-1	1.929410E+10	1.659629E-1	1.917520E+10	-8.092387E-3	-2.561790E-3	-1.506484E-2	-5.530597E-3	-1.325553E-2	-2.001824E+9	-2.082575E+9	-5.822334E+6	8.075051E+7	-1.908059E+10
2.845030E+2	2.098688E-1	2.580918E+9	2.321807E-1	1.306953E+8	2.097080E-1	2.571855E+9	1.925905E-1	1.117115E+8	2.143623E-1	2.069717E+10	2.125969E-1	2.069678E+10	2.138402E-1	2.326902E+10	2.122927E-1	2.327770E+10	2.231194E-2	-1.711746E-2	3.959021E-2	3.942939E-2	1.988804E-2	-2.450223E+9	-2.460143E+9	1.898373E+7	9.919900E+6	-2.314701E+10
2.846010E+2	3.323823E-1	3.790550E+9	3.889412E-1	2.018673E+8	3.314269E-1	3.773910E+9	3.161542E-1	1.678528E+8	3.392783E-1	3.045979E+10	3.317406E-1	3.007058E+10	3.383975E-1	3.423370E+10	3.318121E-1	3.386113E+10	5.655894E-2	-1.527267E-2	7.278701E-2	7.183161E-2	5.712910E-2	-3.588682E+9	-3.606057E+9	3.401447E+7	1.737467E+7	-3.365927E+10
2.847020E+2	7.978751E-1	8.386570E+9	7.476219E-1	3.647145E+8	7.906574E-1	8.309116E+9	8.171346E-1	3.954735E+8	8.118405E-1	6.739217E+10	7.960156E-1	6.659808E+10	8.094641E-1	7.570129E+10	7.962230E-1	7.498465E+10	-5.025320E-2	2.647716E-2	-6.951263E-2	-7.673036E-2	-4.860105E-2	-8.021856E+9	-7.913642E+9	-3.075902E+7	-1.082136E+8	-7.461994E+10
2.848000E+2	1.667276E+0	1.697055E+10	1.673899E+0	7.852605E+8	1.626573E+0	1.656434E+10	1.679918E+0	7.874796E+8	1.630514E+0	1.313744E+11	1.619032E+0	1.313501E+11	1.630072E+0	1.479387E+11	1.624411E+0	1.483206E+11	6.623875E-3	5.334453E-2	-6.018422E-3	-4.672065E-2	4.948798E-2	-1.618529E+10	-1.577686E+10	-2.219139E+6	-4.084320E+8	-1.475354E+11
2.849020E+2	2.002697E+0	2.028232E+10	2.038652E+0	9.508644E+8	1.970734E+0	1.996316E+10	1.949734E+0	9.100707E+8	1.980445E+0	1.587226E+11	1.981455E+0	1.598642E+11	1.979355E+0	1.786858E+11	1.983823E+0	1.801465E+11	3.595502E-2	-2.100012E-2	8.891787E-2	5.695514E-2	5.482857E-2	-1.933145E+10	-1.905308E+10	4.079364E+7	-2.783688E+8	-1.791956E+11
2.850030E+2	1.931690E+0	1.958124E+10	1.967291E+0	9.184653E+8	1.949060E+0	1.974910E+10	2.037973E+0	9.501621E+8	1.925698E+0	1.544440E+11	1.927992E+0	1.556580E+11	1.928319E+0	1.741931E+11	1.928405E+0	1.752392E+11	3.560084E-2	8.891332E-2	-7.068191E-2	-5.331248E-2	3.888623E-2	-1.866277E+10	-1.879894E+10	-3.169683E+7	1.361714E+8	-1.743207E+11
2.851020E+2	1.466502E+0	1.498822E+10	1.410937E+0	6.658710E+8	1.459341E+0	1.491281E+10	1.518108E+0	7.139613E+8	1.462851E+0	1.182709E+11	1.461535E+0	1.189587E+11	1.462457E+0	1.331837E+11	1.462089E+0	1.339470E+11	-5.556461E-2	5.876705E-2	-1.071712E-1	-1.143317E-1	-5.115150E-2	-1.432235E+10	-1.419885E+10	-4.809031E+7	-1.235001E+8	-1.332811E+11
2.852010E+2	1.008979E+0	1.047089E+10	9.736979E-1	4.673569E+8	1.009081E+0	1.046620E+10	1.100273E+0	5.241178E+8	1.009063E+0	8.280576E+10	1.005218E+0	8.305741E+10	1.009065E+0	9.327195E+10	1.005638E+0	9.352830E+10	-3.528066E-2	9.119229E-2	-1.265756E-1	-1.264729E-1	-3.193977E-2	-1.000353E+10	-9.942078E+9	-5.676096E+7	-6.145526E+7	-9.306094E+10
2.852990E+2	6.577279E-1	7.002833E+9	6.307214E-1	3.116396E+8	6.544581E-1	6.964057E+9	6.747808E-1	3.307950E+8	6.596019E-1	5.549420E+10	6.568498E-1	5.564901E+10	6.590249E-1	6.245825E+10	6.569477E-1	6.265184E+10	-2.700648E-2	2.032277E-2	-4.405943E-2	-4.732924E-2	-2.622632E-2	-6.691193E+9	-6.633262E+9	-1.915538E+7	-5.793175E+7	-6.234021E+10
2.854050E+2	5.407224E-1	5.847585E+9	5.678748E-1	2.831062E+8	5.477425E-1	5.910170E+9	5.682022E-1	2.823710E+8	5.469801E-1	4.669241E+10	5.501823E-1	4.725679E+10	5.470656E-1	5.260258E+10	5.491275E-1	5.310438E+10	2.715247E-2	2.045973E-2	-3.274023E-4	6.692741E-3	1.874736E-2	-5.564479E+9	-5.627799E+9	7.352456E+5	6.332016E+7	-5.282127E+10
2.855030E+2	4.790224E-1	5.238394E+9	4.566936E-1	2.326280E+8	4.632546E-1	5.075796E+9	4.715614E-1	2.384621E+8	4.819447E-1	4.160967E+10	4.776078E-1	4.154689E+10	4.798480E-1	4.668546E+10	4.777655E-1	4.678528E+10	-2.232882E-2	8.306730E-3	-1.486776E-2	-3.063555E-2	-2.107189E-2	-5.005766E+9	-4.837334E+9	-5.834117E+6	-1.684316E+8	-4.655266E+10
2.856030E+2	4.524645E-1	4.976175E+9	4.472225E-1	2.283280E+8	4.603794E-1	5.047401E+9	4.892685E-1	2.465073E+8	4.589201E-1	3.981021E+10	4.579453E-1	3.999991E+10	4.590838E-1	4.485761E+10	4.573341E-1	4.497609E+10	-5.241937E-3	2.888910E-2	-4.204592E-2	-3.413104E-2	-1.011160E-2	-4.747847E+9	-4.800894E+9	-1.817937E+7	5.304649E+7	-4.474776E+10
2.858010E+2	5.251942E-1	5.694268E+9	5.218262E-1	2.621993E+8	5.286027E-1	5.721152E+9	5.724183E-1	2.842865E+8	5.304248E-1	4.539855E+10	5.276496E-1	4.548400E+10	5.302204E-1	5.111970E+10	5.273758E-1	5.117827E+10	-3.368041E-3	4.381559E-2	-5.059216E-2	-4.718363E-2	-5.549629E-3	-5.432069E+9	-5.436865E+9	-2.208723E+7	4.796248E+6	-5.091607E+10
2.860070E+2	7.848906E-1	8.258368E+9	7.969437E-1	3.871074E+8	7.816241E-1	8.219905E+9	7.615424E-1	3.702152E+8	7.877763E-1	6.551146E+10	7.839888E-1	6.565185E+10	7.870861E-1	7.373137E+10	7.840893E-1	7.391022E+10	1.205309E-2	-2.008165E-2	3.540129E-2	3.213474E-2	1.285438E-2	-7.871261E+9	-7.849690E+9	1.689224E+7	-2.157056E+7	-7.352311E+10
2.862050E+2	1.253639E+0	1.288653E+10	1.229337E+0	5.834217E+8	1.233000E+0	1.267755E+10	1.221615E+0	5.792494E+8	1.241156E+0	1.009446E+11	1.238258E+0	1.013921E+11	1.240241E+0	1.136222E+11	1.239973E+0	1.142787E+11	-2.430144E-2	-1.138545E-2	7.722443E-3	-1.291599E-2	-1.063546E-2	-1.230311E+10	-1.209830E+10	4.172215E+6	-2.048124E+8	-1.136952E+11
2.864180E+2	1.371883E+0	1.405401E+10	1.437690E+0	6.780173E+8	1.381141E+0	1.414053E+10	1.386941E+0	6.543653E+8	1.365243E+0	1.106425E+11	1.365552E+0	1.114072E+11	1.367026E+0	1.247830E+11	1.366258E+0	1.254612E+11	6.580699E-2	5.799874E-3	5.074927E-2	6.000712E-2	7.143175E-2	-1.337599E+10	-1.348617E+10	2.365203E+7	1.101746E+8	-1.247832E+11
2.866200E+2	1.450808E+0	1.483327E+10	1.382368E+0	6.529003E+8	1.445446E+0	1.477559E+10	1.488344E+0	7.004379E+8	1.450763E+0	1.173262E+11	1.440692E+0	1.173189E+11	1.450166E+0	1.321018E+11	1.441820E+0	1.321522E+11	-6.843984E-2	4.289777E-2	-1.059755E-1	-1.113376E-1	-5.945159E-2	-1.418037E+10	-1.407515E+10	-4.753754E+7	-1.052218E+8	-1.314993E+11
2.868020E+2	1.538552E+0	1.569961E+10	1.623876E+0	7.625490E+8	1.528416E+0	1.559497E+10	1.642213E+0	7.703484E+8	1.518730E+0	1.226380E+11	1.525235E+0	1.239704E+11	1.519816E+0	1.382330E+11	1.526720E+0	1.396700E+11	8.532403E-2	1.137967E-1	-1.833704E-2	-2.847269E-2	9.715651E-2	-1.493706E+10	-1.482463E+10	-7.799436E+6	-1.124318E+8	-1.389075E+11
2.870040E+2	1.089572E+0	1.126663E+10	1.067584E+0	5.099828E+8	1.074940E+0	1.111659E+10	1.115274E+0	5.309334E+8	1.083834E+0	8.864940E+10	1.079290E+0	8.888506E+10	1.082836E+0	9.976599E+10	1.080436E+0	1.001517E+11	-2.198834E-2	4.033439E-2	-4.769019E-2	-6.232274E-2	-1.285213E-2	-1.075665E+10	-1.058566E+10	-2.095063E+7	-1.709862E+8	-9.964171E+10
2.872040E+2	9.315088E-1	9.705995E+9	8.931102E-1	4.307687E+8	9.287184E-1	9.672560E+9	9.646080E-1	4.624781E+8	9.360315E-1	7.709813E+10	9.359513E-1	7.760772E+10	9.352111E-1	8.677068E+10	9.354559E-1	8.731371E+10	-3.839855E-2	3.588959E-2	-7.149777E-2	-7.428815E-2	-4.234572E-2	-9.275227E+9	-9.210081E+9	-3.170947E+7	-6.514536E+7	-8.688294E+10
2.874050E+2	8.570965E-1	8.971290E+9	8.716188E-1	4.210112E+8	8.610299E-1	9.004091E+9	8.180602E-1	3.958941E+8	8.609242E-1	7.122823E+10	8.646223E-1	7.199580E+10	8.609361E-1	8.023232E+10	8.637831E-1	8.096709E+10	1.452232E-2	-4.296971E-2	5.355866E-2	5.749203E-2	7.835716E-3	-8.550279E+9	-8.608197E+9	2.511717E+7	5.791803E+7	-8.054608E+10
2.876020E+2	8.061809E-1	8.468577E+9	8.090878E-1	3.926210E+8	7.875054E-1	8.277988E+9	8.095341E-1	3.920202E+8	8.038350E-1	6.676651E+10	8.078999E-1	6.753309E+10	8.020030E-1	7.504450E+10	8.077082E-1	7.600167E+10	2.906813E-3	2.202871E-2	-4.463772E-4	-1.912189E-2	1.379566E-3	-8.075956E+9	-7.885968E+9	6.007868E+5	-1.899887E+8	-7.560905E+10
2.878030E+2	6.454541E-1	6.881649E+9	6.957070E-1	3.411442E+8	6.424489E-1	6.845459E+9	6.591568E-1	3.236962E+8	6.505685E-1	5.478820E+10	6.513558E-1	5.521676E+10	6.496576E-1	6.163366E+10	6.506977E-1	6.209841E+10	5.025288E-2	1.670791E-2	3.655021E-2	3.354497E-2	4.500928E-2	-6.540505E+9	-6.521762E+9	1.744800E+7	-1.874261E+7	-6.175727E+10
2.880040E+2	5.376521E-1	5.817271E+9	5.695239E-1	2.838549E+8	5.394764E-1	5.828537E+9	5.898049E-1	2.921861E+8	5.511569E-1	4.701884E+10	5.490528E-1	4.716793E+10	5.498465E-1	5.284738E+10	5.477816E-1	5.298520E+10	3.187177E-2	5.032842E-2	-2.028093E-2	-1.845665E-2	2.174234E-2	-5.533416E+9	-5.536351E+9	-8.331202E+6	2.934377E+6	-5.270134E+10
2.882180E+2	7.136476E-1	7.554954E+9	6.987593E-1	3.425300E+8	7.160226E-1	7.572048E+9	7.285299E-1	3.552159E+8	7.192648E-1	6.015706E+10	7.186500E-1	6.051123E+10	7.189011E-1	6.772910E+10	7.180922E-1	6.806618E+10	-1.488824E-2	1.250730E-2	-2.977062E-2	-2.739555E-2	-1.933289E-2	-7.212424E+9	-7.216832E+9	-1.268592E+7	4.408362E+6	-6.772365E+10
2.884090E+2	9.826281E-1	1.021072E+10	9.897023E-1	4.746231E+8	9.942236E-1	1.031947E+10	9.726120E-1	4.661148E+8	9.871525E-1	8.109341E+10	9.832409E-1	8.132829E+10	9.879458E-1	9.141288E+10	9.831726E-1	9.153901E+10	7.074208E-3	-2.161154E-2	1.709025E-2	2.868575E-2	6.529729E-3	-9.736096E+9	-9.853352E+9	8.508362E+6	1.172556E+8	-9.106439E+10
2.886030E+2	1.350118E+0	1.383911E+10	1.417231E+0	6.687286E+8	1.332709E+0	1.366224E+10	1.335898E+0	6.311741E+8	1.329294E+0	1.078330E+11	1.327318E+0	1.083990E+11	1.329677E+0	1.214952E+11	1.329860E+0	1.222382E+11	6.711324E-2	3.189222E-3	8.133277E-2	6.392402E-2	8.737087E-2	-1.317038E+10	-1.303106E+10	3.755448E+7	-1.393215E+8	-1.215694E+11
2.888240E+2	1.203214E+0	1.238866E+10	1.192003E+0	5.664712E+8	1.183627E+0	1.218995E+10	1.159115E+0	5.508525E+8	1.183242E+0	9.641852E+10	1.186498E+0	9.731983E+10	1.183286E+0	1.086085E+11	1.188362E+0	1.097085E+11	-1.121049E-2	-2.451174E-2	3.288803E-2	1.330125E-2	3.641341E-3	-1.182219E+10	-1.163910E+10	1.561866E+7	-1.830917E+8	-1.091420E+11
2.890080E+2	8.990286E-1	9.385304E+9	9.312206E-1	4.480714E+8	8.981889E-1	9.371060E+9	9.289236E-1	4.462649E+8	8.963908E-1	7.400007E+10	8.980277E-1	7.462402E+10	8.965925E-1	8.337113E+10	8.981393E-1	8.400933E+10	3.219195E-2	3.073470E-2	2.296981E-3	1.457245E-3	3.308130E-2	-8.937233E+9	-8.924796E+9	1.806523E+6	-1.243737E+7	-8.356126E+10
2.892050E+2	7.820769E-1	8.230587E+9	8.317086E-1	4.028913E+8	7.815853E-1	8.219523E+9	8.120618E-1	3.931687E+8	7.908969E-1	6.575535E+10	7.854928E-1	6.577018E+10	7.898522E-1	7.397487E+10	7.851120E-1	7.400077E+10	4.963171E-2	3.047648E-2	1.964688E-2	1.915523E-2	4.659668E-2	-7.827696E+9	-7.826354E+9	9.722628E+6	-1.342365E+6	-7.359788E+10
2.894050E+2	8.414569E-1	8.816873E+9	8.995673E-1	4.337003E+8	8.345756E-1	8.742837E+9	9.265637E-1	4.451927E+8	8.480997E-1	7.022595E+10	8.480980E-1	7.069574E+10	8.465825E-1	7.896879E+10	8.473575E-1	7.951261E+10	5.811039E-2	9.198812E-2	-2.699644E-2	-3.387773E-2	5.220977E-2	-8.383173E+9	-8.297645E+9	-1.149241E+7	-8.552801E+7	-7.907891E+10
2.896030E+2	9.178064E-1	9.570706E+9	8.679154E-1	4.193298E+8	9.029712E-1	9.418289E+9	9.569621E-1	4.590042E+8	9.090600E-1	7.499021E+10	9.154488E-1	7.599465E+10	9.083769E-1	8.440850E+10	9.157117E-1	8.556536E+10	-4.989094E-2	5.399090E-2	-8.904664E-2	-1.038818E-1	-4.779623E-2	-9.151376E+9	-8.959284E+9	-3.967440E+7	-1.920913E+8	-8.514603E+10
2.898050E+2	7.721247E-1	8.132325E+9	7.740291E-1	3.767038E+8	7.813618E-1	8.217316E+9	7.826521E-1	3.798064E+8	7.757240E-1	6.456954E+10	7.763617E-1	6.505178E+10	7.763565E-1	7.278685E+10	7.758893E-1	7.318411E+10	1.904354E-3	1.290210E-3	-8.622968E-3	6.141436E-4	-1.860200E-3	-7.755621E+9	-7.837509E+9	-3.102566E+6	8.188833E+7	-7.280740E+10
2.900030E+2	6.685327E-1	7.109514E+9	6.569955E-1	3.235685E+8	6.622188E-1	7.040699E+9	6.602394E-1	3.241881E+8	6.650490E-1	5.591990E+10	6.606740E-1	5.594988E+10	6.647315E-1	6.296060E+10	6.615502E-1	6.305940E+10	-1.153726E-2	-1.979407E-3	-3.243943E-3	-9.557853E-3	-4.554766E-3	-6.785946E+9	-6.716511E+9	-6.195928E+5	-6.943453E+7	-6.273583E+10
2.905220E+2	6.231846E-1	6.661772E+9	6.617313E-1	3.257186E+8	6.372184E-1	6.793804E+9	6.298729E-1	3.103910E+8	6.360265E-1	5.365169E+10	6.327470E-1	5.375269E+10	6.361602E-1	6.044550E+10	6.316808E-1	6.041446E+10	3.854665E-2	-7.345551E-3	3.185844E-2	4.589220E-2	3.005050E-2	-6.336054E+9	-6.483413E+9	1.532762E+7	1.473591E+8	-6.008874E+10
2.910040E+2	8.958692E-1	9.354110E+9	8.902328E-1	4.294623E+8	8.918633E-1	9.308591E+9	9.200741E-1	4.422441E+8	9.041440E-1	7.460601E+10	9.034046E-1	7.504706E+10	9.027663E-1	8.391460E+10	9.025644E-1	8.440117E+10	-5.636407E-3	2.821077E-2	-2.984126E-2	-3.384718E-2	-1.233159E-2	-8.924648E+9	-8.866347E+9	-1.278184E+7	-5.830088E+7	-8.397171E+10
2.914980E+2	1.168635E+0	1.204725E+10	1.236514E+0	5.866801E+8	1.173822E+0	1.209312E+10	1.223075E+0	5.799128E+8	1.181228E+0	9.626111E+10	1.176369E+0	9.652290E+10	1.180397E+0	1.083542E+11	1.175506E+0	1.085702E+11	6.787927E-2	4.925321E-2	1.343916E-2	1.862606E-2	6.100784E-2	-1.146057E+10	-1.151321E+10	6.767219E+6	5.263676E+7	-1.079835E+11
2.920030E+2	1.169604E+0	1.205681E+10	1.174602E+0	5.585706E+8	1.156850E+0	1.192551E+10	1.188726E+0	5.643064E+8	1.178349E+0	9.603611E+10	1.177348E+0	9.659995E+10	1.175937E+0	1.079616E+11	1.176485E+0	1.086568E+11	4.997755E-3	3.187631E-2	-1.412467E-2	-2.687855E-2	-1.883082E-3	-1.149824E+10	-1.136120E+10	-5.735787E+6	-1.370412E+8	-1.080982E+11
2.925000E+2	1.066934E+0	1.104311E+10	1.139167E+0	5.424829E+8	1.074992E+0	1.111711E+10	1.095280E+0	5.218490E+8	1.064511E+0	8.713928E+10	1.064106E+0	8.769049E+10	1.065687E+0	9.825638E+10	1.064422E+0	9.873360E+10	7.223355E-2	2.028809E-2	4.388762E-2	5.194546E-2	7.474590E-2	-1.050063E+10	-1.059526E+10	2.063394E+7	9.463096E+7	-9.819112E+10
2.930050E+2	9.789548E-1	1.017445E+10	1.039223E+0	4.971066E+8	9.865686E-1	1.024387E+10	9.649794E-1	4.626469E+8	9.949060E-1	8.169937E+10	9.943210E-1	8.220004E+10	9.939707E-1	9.194324E+10	9.926077E-1	9.237449E+10	6.026871E-2	-2.158913E-2	7.424406E-2	8.185784E-2	4.661582E-2	-9.677345E+9	-9.781221E+9	3.445972E+7	1.038768E+8	-9.187738E+10
2.935090E+2	9.596632E-1	9.983977E+9	9.991750E-1	4.789239E+8	9.558863E-1	9.940861E+9	9.981189E-1	4.777038E+8	9.574452E-1	7.877168E+10	9.553924E-1	7.913727E+10	9.572703E-1	8.871254E+10	9.558686E-1	8.912125E+10	3.951175E-2	4.223257E-2	1.056067E-3	-2.720813E-3	4.330634E-2	-9.505053E+9	-9.463157E+9	1.220062E+6	-4.189593E+7	-8.864233E+10
2.940070E+2	9.378636E-1	9.768739E+9	1.025221E+0	4.907494E+8	9.341480E-1	9.726180E+9	1.011438E+0	4.837552E+8	9.488072E-1	7.809659E+10	9.537376E-1	7.900708E+10	9.471626E-1	8.782277E+10	9.519676E-1	8.877582E+10	8.735764E-2	7.728957E-2	1.378369E-2	1.006807E-2	7.325362E-2	-9.277990E+9	-9.242425E+9	6.994186E+6	-3.556510E+7	-8.828507E+10
2.945040E+2	9.997138E-1	1.037941E+10	1.051141E+0	5.025176E+8	9.996501E-1	1.037306E+10	1.010829E+0	4.834786E+8	9.993834E-1	8.204929E+10	1.003329E+0	8.290878E+10	9.994133E-1	9.242235E+10	1.002926E+0	9.328819E+10	5.142763E-2	1.117866E-2	4.031263E-2	4.024897E-2	4.821521E-2	-9.876897E+9	-9.889579E+9	1.903899E+7	1.268204E+7	-9.278568E+10
2.950070E+2	1.119991E+0	1.156696E+10	1.068046E+0	5.101924E+8	1.114349E+0	1.150579E+10	1.084679E+0	5.170325E+8	1.118745E+0	9.137780E+10	1.115205E+0	9.171076E+10	1.118252E+0	1.028836E+11	1.115739E+0	1.032777E+11	-5.194516E-2	-2.967030E-2	-1.663331E-2	-2.227486E-2	-4.769291E-2	-1.105677E+10	-1.098876E+10	-6.840073E+6	-6.801622E+7	-1.027675E+11
2.955050E+2	1.116233E+0	1.152986E+10	1.187372E+0	5.643688E+8	1.123691E+0	1.159804E+10	1.171577E+0	5.565146E+8	1.118123E+0	9.132918E+10	1.116693E+0	9.182785E+10	1.118747E+0	1.029272E+11	1.116642E+0	1.033577E+11	7.113928E-2	4.788619E-2	1.579548E-2	2.325309E-2	7.073045E-2	-1.096549E+10	-1.104153E+10	7.854194E+6	7.603263E+7	-1.027933E+11
2.960060E+2	1.102010E+0	1.138943E+10	1.179176E+0	5.606474E+8	1.087986E+0	1.124544E+10	1.100515E+0	5.242275E+8	1.110251E+0	9.071401E+10	1.102956E+0	9.074706E+10	1.107753E+0	1.019594E+11	1.102851E+0	1.021365E+11	7.716553E-2	1.252858E-2	7.866086E-2	6.463695E-2	7.632505E-2	-1.082879E+10	-1.072121E+10	3.641985E+7	-1.075775E+8	-1.015758E+11
2.965090E+2	8.874530E-1	9.271013E+9	9.168720E-1	4.415569E+8	8.868823E-1	9.259401E+9	9.611077E-1	4.608878E+8	8.832224E-1	7.297091E+10	8.819823E-1	7.336163E+10	8.836330E-1	8.223032E+10	8.825923E-1	8.263264E+10	2.941900E-2	7.422541E-2	-4.423572E-2	-4.480641E-2	3.427971E-2	-8.829456E+9	-8.798513E+9	-1.933085E+7	-3.094333E+7	-8.219109E+10
2.970020E+2	8.847662E-1	9.244485E+9	9.266756E-1	4.460080E+8	8.708518E-1	9.101089E+9	9.324237E-1	4.478552E+8	8.779631E-1	7.255988E+10	8.815735E-1	7.332947E+10	8.771653E-1	8.166097E+10	8.819295E-1	8.257396E+10	4.190942E-2	6.157184E-2	-5.748017E-3	-1.966242E-2	4.474611E-2	-8.798477E+9	-8.653234E+9	-1.847211E+6	-1.452437E+8	-8.212795E+10
2.975040E+2	1.005751E+0	1.043902E+10	1.015600E+0	4.863811E+8	1.005919E+0	1.043497E+10	1.029153E+0	4.918040E+8	1.008547E+0	8.276548E+10	1.009201E+0	8.337078E+10	1.008252E+0	9.320045E+10	1.008817E+0	9.380980E+10	9.848796E-3	2.323362E-2	-1.355274E-2	-1.338482E-2	6.783112E-3	-9.952642E+9	-9.943162E+9	-5.422935E+6	-9.479444E+6	-9.332342E+10
2.980020E+2	1.116447E+0	1.153197E+10	1.123335E+0	5.352949E+8	1.095729E+0	1.132190E+10	1.085089E+0	5.172188E+8	1.103462E+0	9.018342E+10	1.103751E+0	9.080962E+10	1.102595E+0	1.015053E+11	1.105167E+0	1.023416E+11	6.888346E-3	-1.063976E-2	3.824633E-2	1.752811E-2	1.816850E-2	-1.099668E+10	-1.080468E+10	1.807609E+7	-1.920000E+8	-1.018063E+11
2.985020E+2	1.089605E+0	1.126695E+10	1.131054E+0	5.387993E+8	1.090225E+0	1.126754E+10	1.083865E+0	5.166628E+8	1.090848E+0	8.919757E+10	1.092782E+0	8.994662E+10	1.090778E+0	1.004651E+11	1.092428E+0	1.012136E+11	4.144919E-2	-6.359213E-3	4.718881E-2	4.780840E-2	3.862609E-2	-1.072815E+10	-1.075088E+10	2.213654E+7	2.272613E+7	-1.006748E+11
2.990020E+2	1.014367E+0	1.052409E+10	1.027810E+0	4.919246E+8	1.028603E+0	1.065898E+10	1.047799E+0	5.002762E+8	1.027341E+0	8.423429E+10	1.027797E+0	8.483379E+10	1.027483E+0	9.489327E+10	1.026299E+0	9.535788E+10	1.344281E-2	1.919668E-2	-1.998972E-2	-5.753872E-3	1.510481E-3	-1.003217E+10	-1.015871E+10	-8.351648E+6	1.265410E+8	-9.486595E+10
2.995040E+2	8.931578E-1	9.327339E+9	8.654353E-1	4.182038E+8	8.920913E-1	9.310843E+9	8.575285E-1	4.138265E+8	8.863408E-1	7.321462E+10	8.835421E-1	7.348435E+10	8.869859E-1	8.252546E+10	8.846142E-1	8.281169E+10	-2.772250E-2	-3.456287E-2	7.906809E-3	6.840363E-3	-1.917897E-2	-8.909135E+9	-8.897016E+9	4.377280E+6	-1.211853E+7	-8.239348E+10
3.000060E+2	8.806723E-1	9.204064E+9	8.367656E-1	4.051873E+8	8.874336E-1	9.264844E+9	8.965651E-1	4.315628E+8	8.834607E-1	7.298954E+10	8.829261E-1	7.343589E+10	8.839064E-1	8.225438E+10	8.826748E-1	8.263995E+10	-4.390664E-2	9.131536E-3	-5.979948E-2	-5.303817E-2	-4.590921E-2	-8.798876E+9	-8.833282E+9	-2.637556E+7	3.440524E+7	-8.223476E+10
