Photon Energy (eV)	X ref norm	X ref	X pump norm	X pump	Y ref norm	Y ref	Y pump norm	Y pump	X all norm	X all	Y all norm	Y all	X all Y ref norm	X all Y ref	Y all X ref norm	Y all X ref	BC(X hist) norm	BC(Y hist) norm	StS norm	BCSC norm	BCLR norm	BC(X hist)	BC(Y hist)	StS	BCSC	BCLR	
2.790040E+2	-2.831798E-3	4.808296E+8	-7.865630E-3	2.337654E+7	-3.033223E-3	4.708942E+8	-5.686980E-3	2.337660E+7	-4.425339E-3	3.598154E+9	-3.240844E-3	3.715445E+9	-4.269162E-3	4.069048E+9	-3.195235E-3	4.196274E+9	-5.033832E-3	-2.653757E-3	-2.178650E-3	-2.380076E-3	-4.670396E-3	-4.574531E+8	-4.475176E+8	-5.185349E+1	-9.935450E+6	-4.172898E+9
2.794980E+2	-2.505194E-3	4.840543E+8	1.356500E-2	3.344063E+7	-2.852641E-3	4.726776E+8	-1.741000E-2	1.778757E+7	-2.738610E-3	3.729978E+9	-4.182733E-3	3.641340E+9	-2.751403E-3	4.202655E+9	-3.995685E-3	4.125395E+9	1.607020E-2	-1.455736E-2	3.097500E-2	3.062755E-2	1.756069E-2	-4.506137E+8	-4.548900E+8	1.565306E+7	4.276319E+6	-4.091954E+9
2.800050E+2	-2.972466E-3	4.794408E+8	-1.510465E-2	1.997701E+7	4.002138E-4	5.048017E+8	1.112631E-2	3.139245E+7	-2.318250E-3	3.762830E+9	-2.429937E-3	3.779244E+9	-2.013276E-3	4.267632E+9	-2.490430E-3	4.258685E+9	-1.213218E-2	1.072610E-2	-2.623096E-2	-2.285828E-2	-1.261422E-2	-4.594637E+8	-4.734093E+8	-1.141543E+7	1.394551E+7	-4.238708E+9
2.805030E+2	-2.675941E-3	4.823685E+8	1.483007E-3	2.776678E+7	-4.358227E-3	4.578090E+8	3.521460E-3	2.776678E+7	-1.575607E-3	3.820871E+9	-2.117408E-3	3.803833E+9	-1.887779E-3	4.278680E+9	-2.179686E-3	4.286201E+9	4.158948E-3	7.879687E-3	-2.038453E-3	-3.720739E-3	3.662693E-3	-4.546017E+8	-4.300422E+8	-4.343009E+0	-2.455954E+7	-4.258434E+9
2.810050E+2	1.169840E-3	5.203396E+8	-1.082592E-3	2.656194E+7	-3.459224E-4	4.974331E+8	-8.040445E-3	2.225457E+7	3.018534E-4	3.967601E+9	7.034179E-4	4.025765E+9	2.291818E-4	4.465034E+9	7.554247E-4	4.546105E+9	-2.252432E-3	-7.694522E-3	6.957853E-3	5.442090E-3	-1.838016E-3	-4.937777E+8	-4.751786E+8	4.307376E+6	-1.859912E+7	-4.519543E+9
2.815020E+2	1.836832E-3	5.269251E+8	-4.416680E-3	2.499621E+7	1.292919E-4	5.021262E+8	1.269004E-2	3.213797E+7	-1.267941E-4	3.934100E+9	3.332302E-4	3.996640E+9	-9.806472E-5	4.436226E+9	5.008841E-4	4.523565E+9	-6.253512E-3	1.256075E-2	-1.710672E-2	-1.881426E-2	-4.917564E-3	-5.019289E+8	-4.699882E+8	-7.141752E+6	-3.194070E+7	-4.498569E+9
2.820060E+2	6.335110E-3	5.713387E+8	1.273141E-2	3.304916E+7	3.088046E-3	5.313458E+8	-4.989327E-3	2.370921E+7	4.040364E-3	4.259778E+9	3.045809E-3	4.210056E+9	3.933527E-3	4.791124E+9	3.412571E-3	4.781395E+9	6.396296E-3	-8.077373E-3	1.772073E-2	1.447367E-2	9.318835E-3	-5.382895E+8	-5.076366E+8	9.339956E+6	-3.065287E+7	-4.748346E+9
2.825040E+2	1.643616E-3	5.250174E+8	6.901353E-4	2.739444E+7	6.972463E-3	5.697070E+8	8.788940E-3	3.027809E+7	6.842383E-3	4.478766E+9	7.888466E-3	4.591059E+9	6.856976E-3	5.048473E+9	7.192155E-3	5.116076E+9	-9.534806E-4	1.816478E-3	-8.098805E-3	-2.769958E-3	-6.502020E-3	-4.976230E+8	-5.394289E+8	-2.883654E+6	4.180595E+7	-5.088682E+9
2.830040E+2	1.277629E-2	6.349353E+8	-3.078920E-3	2.562444E+7	1.108615E-2	6.103324E+8	1.131311E-2	3.148150E+7	1.318578E-2	4.974524E+9	1.437377E-2	5.101300E+9	1.295023E-2	5.584857E+9	1.419565E-2	5.736235E+9	-1.585521E-2	2.269592E-4	-1.439203E-2	-1.608217E-2	-1.727457E-2	-6.093109E+8	-5.788509E+8	-5.857062E+6	-3.045996E+7	-5.710611E+9
2.835020E+2	2.775563E-2	7.828332E+8	1.417138E-2	3.372539E+7	1.991499E-2	6.975231E+8	1.130380E-2	3.147707E+7	2.654383E-2	6.018502E+9	2.455488E-2	5.902312E+9	2.580017E-2	6.716026E+9	2.491177E-2	6.685146E+9	-1.358426E-2	-8.611196E-3	2.867581E-3	-4.973061E-3	-1.074039E-2	-7.491078E+8	-6.660460E+8	2.248327E+6	-8.306173E+7	-6.651420E+9
2.840050E+2	3.818913E-2	8.858478E+8	3.493730E-2	4.347732E+7	4.206405E-2	9.162597E+8	3.487447E-2	4.271454E+7	4.028673E-2	7.092558E+9	4.078351E-2	7.179123E+9	4.048612E-2	8.008818E+9	4.049423E-2	8.064971E+9	-3.251831E-3	-7.189577E-3	6.282717E-5	3.937745E-3	-5.556932E-3	-8.423704E+8	-8.735452E+8	7.627766E+5	3.117473E+7	-8.021493E+9
2.841030E+2	4.935690E-2	9.961122E+8	5.035533E-2	5.071782E+7	5.462274E-2	1.040285E+9	3.393120E-2	4.226483E+7	5.375747E-2	8.145343E+9	5.308891E-2	8.147268E+9	5.385454E-2	9.185628E+9	5.267278E-2	9.143380E+9	9.984314E-4	-2.069154E-2	1.642413E-2	2.168997E-2	-2.317451E-3	-9.453944E+8	-9.980202E+8	8.452984E+6	5.262586E+7	-9.092662E+9
2.842070E+2	7.710816E-2	1.270113E+9	7.603985E-2	6.277958E+7	7.645805E-2	1.255923E+9	7.053748E-2	5.971713E+7	7.855554E-2	1.008340E+10	7.760057E-2	1.007576E+10	7.832023E-2	1.133932E+10	7.754567E-2	1.134587E+10	-1.068315E-3	-5.920574E-3	5.502365E-3	4.852259E-3	-1.505822E-3	-1.207333E+9	-1.196206E+9	3.062451E+6	-1.112711E+7	-1.128309E+10
2.843010E+2	1.122086E-1	1.616676E+9	1.104998E-1	7.896238E+7	1.104937E-1	1.592048E+9	9.710246E-2	7.238216E+7	1.122854E-1	1.271950E+10	1.134412E-1	1.289557E+10	1.120844E-1	1.431155E+10	1.133037E-1	1.451224E+10	-1.708852E-3	-1.339128E-2	1.339731E-2	1.168242E-2	-2.803953E-3	-1.537713E+9	-1.519666E+9	6.580216E+6	-1.804710E+7	-1.443328E+10
2.844010E+2	1.607997E-1	2.096437E+9	1.712886E-1	1.075096E+8	1.703340E-1	2.183010E+9	1.523742E-1	9.873336E+7	1.684773E-1	1.711109E+10	1.666108E-1	1.707876E+10	1.686856E-1	1.929410E+10	1.659629E-1	1.917520E+10	1.048890E-2	-1.795972E-2	1.891437E-2	2.844862E-2	5.325761E-3	-1.988928E+9	-2.084277E+9	8.776199E+6	9.534904E+7	-1.906769E+10
2.845030E+2	2.098688E-1	2.580918E+9	2.439173E-1	1.416169E+8	2.097080E-1	2.571855E+9	2.284709E-1	1.350130E+8	2.143623E-1	2.069717E+10	2.125969E-1	2.069678E+10	2.138402E-1	2.326902E+10	2.122927E-1	2.327770E+10	3.404848E-2	1.876298E-2	1.544632E-2	1.528550E-2	3.162458E-2	-2.439302E+9	-2.436842E+9	6.603876E+6	-2.459959E+6	-2.313608E+10
2.846010E+2	3.323823E-1	3.790550E+9	3.474466E-1	1.902355E+8	3.314269E-1	3.773910E+9	2.835120E-1	1.612542E+8	3.392783E-1	3.045979E+10	3.317406E-1	3.007058E+10	3.383975E-1	3.423370E+10	3.318121E-1	3.386113E+10	1.506427E-2	-4.791486E-2	6.393454E-2	6.297914E-2	1.563444E-2	-3.600314E+9	-3.612656E+9	2.898128E+7	1.234149E+7	-3.367090E+10
2.847020E+2	7.978751E-1	8.386570E+9	8.121719E-1	4.084761E+8	7.906574E-1	8.309116E+9	7.758194E-1	3.959651E+8	8.118405E-1	6.739217E+10	7.960156E-1	6.659808E+10	8.094641E-1	7.570129E+10	7.962230E-1	7.498465E+10	1.429677E-2	-1.483799E-2	3.635249E-2	2.913476E-2	1.594891E-2	-7.978094E+9	-7.913151E+9	1.251106E+7	-6.494353E+7	-7.457618E+10
2.848000E+2	1.667276E+0	1.697055E+10	1.632826E+0	7.938652E+8	1.626573E+0	1.656434E+10	1.635316E+0	8.057361E+8	1.630514E+0	1.313744E+11	1.619032E+0	1.313501E+11	1.630072E+0	1.479387E+11	1.624411E+0	1.483206E+11	-3.444965E-2	8.743011E-3	-2.490436E-3	-4.319267E-2	8.414451E-3	-1.617669E+10	-1.575860E+10	-1.187084E+7	-4.180837E+8	-1.475268E+11
2.849020E+2	2.002697E+0	2.028232E+10	1.958262E+0	9.466942E+8	1.970734E+0	1.996316E+10	1.985615E+0	9.727433E+8	1.980445E+0	1.587226E+11	1.981455E+0	1.598642E+11	1.979355E+0	1.786858E+11	1.983823E+0	1.801465E+11	-4.443432E-2	1.488086E-2	-2.735245E-2	-5.931518E-2	-2.556077E-2	-1.933562E+10	-1.899041E+10	-2.604910E+7	-3.452115E+8	-1.791998E+11
2.850030E+2	1.931690E+0	1.958124E+10	1.904808E+0	9.215913E+8	1.949060E+0	1.974910E+10	1.907801E+0	9.356451E+8	1.925698E+0	1.544440E+11	1.927992E+0	1.556580E+11	1.928319E+0	1.741931E+11	1.928405E+0	1.752392E+11	-2.688213E-2	-4.125828E-2	-2.993265E-3	1.437616E-2	-2.359673E-2	-1.865965E+10	-1.881346E+10	-1.405378E+7	1.538145E+8	-1.743176E+11
2.851020E+2	1.466502E+0	1.498822E+10	1.463063E+0	7.141426E+8	1.459341E+0	1.491281E+10	1.394929E+0	6.911297E+8	1.462851E+0	1.182709E+11	1.461535E+0	1.189587E+11	1.462457E+0	1.331837E+11	1.462089E+0	1.339470E+11	-3.438487E-3	-6.441233E-2	6.813430E-2	6.097384E-2	9.746209E-4	-1.427408E+10	-1.422168E+10	2.301288E+7	-5.239688E+7	-1.332328E+11
2.852010E+2	1.008979E+0	1.047089E+10	1.045719E+0	5.181526E+8	1.009081E+0	1.046620E+10	1.038301E+0	5.211049E+8	1.009063E+0	8.280576E+10	1.005218E+0	8.305741E+10	1.009065E+0	9.327195E+10	1.005638E+0	9.352830E+10	3.674029E-2	2.921973E-2	7.417944E-3	7.520560E-3	4.008118E-2	-9.952737E+9	-9.945091E+9	-2.952285E+6	-7.646585E+6	-9.301014E+10
2.852990E+2	6.577279E-1	7.002833E+9	7.013331E-1	3.564249E+8	6.544581E-1	6.964057E+9	6.187406E-1	3.210767E+8	6.596019E-1	5.549420E+10	6.568498E-1	5.564901E+10	6.590249E-1	6.245825E+10	6.569477E-1	6.265184E+10	4.360528E-2	-3.571745E-2	8.259254E-2	7.932273E-2	4.438544E-2	-6.646408E+9	-6.642980E+9	3.534822E+7	-3.428145E+6	-6.229542E+10
2.854050E+2	5.407224E-1	5.847585E+9	5.230935E-1	2.727214E+8	5.477425E-1	5.910170E+9	4.833947E-1	2.565496E+8	5.469801E-1	4.669241E+10	5.501823E-1	4.725679E+10	5.470656E-1	5.260258E+10	5.491275E-1	5.310438E+10	-1.762890E-2	-6.434778E-2	3.969874E-2	4.671888E-2	-2.603400E-2	-5.574864E+9	-5.653620E+9	1.617177E+7	7.875669E+7	-5.283166E+10
2.855030E+2	4.790224E-1	5.238394E+9	4.627191E-1	2.443689E+8	4.632546E-1	5.075796E+9	5.037463E-1	2.662524E+8	4.819447E-1	4.160967E+10	4.776078E-1	4.154689E+10	4.798480E-1	4.668546E+10	4.777655E-1	4.678528E+10	-1.630334E-2	4.049162E-2	-4.102717E-2	-5.679495E-2	-1.504641E-2	-4.994025E+9	-4.809544E+9	-2.188350E+7	-1.844810E+8	-4.654092E+10
2.856030E+2	4.524645E-1	4.976175E+9	4.229217E-1	2.256795E+8	4.603794E-1	5.047401E+9	4.293331E-1	2.307754E+8	4.589201E-1	3.981021E+10	4.579453E-1	3.999991E+10	4.590838E-1	4.485761E+10	4.573341E-1	4.497609E+10	-2.954279E-2	-3.104632E-2	-6.411361E-3	1.503527E-3	-3.441245E-2	-4.750496E+9	-4.816626E+9	-5.095843E+6	6.613002E+7	-4.475041E+10
2.858010E+2	5.251942E-1	5.694268E+9	4.982498E-1	2.610545E+8	5.286027E-1	5.721152E+9	5.018202E-1	2.653341E+8	5.304248E-1	4.539855E+10	5.276496E-1	4.548400E+10	5.302204E-1	5.111970E+10	5.273758E-1	5.117827E+10	-2.694438E-2	-2.678252E-2	-3.570384E-3	-1.618549E-4	-2.912597E-2	-5.433214E+9	-5.455818E+9	-4.279580E+6	2.260390E+7	-5.091721E+10
2.860070E+2	7.848906E-1	8.258368E+9	8.124682E-1	4.086153E+8	7.816241E-1	8.219905E+9	7.329007E-1	3.755033E+8	7.877763E-1	6.551146E+10	7.839888E-1	6.565185E+10	7.870861E-1	7.373137E+10	7.840893E-1	7.391022E+10	2.757756E-2	-4.872337E-2	7.956748E-2	7.630093E-2	2.837885E-2	-7.849753E+9	-7.844402E+9	3.311199E+7	-5.350812E+6	-7.350160E+10
2.862050E+2	1.253639E+0	1.288653E+10	1.206707E+0	5.937546E+8	1.233000E+0	1.267755E+10	1.235945E+0	6.153333E+8	1.241156E+0	1.009446E+11	1.238258E+0	1.013921E+11	1.240241E+0	1.136222E+11	1.239973E+0	1.142787E+11	-4.693187E-2	2.944952E-3	-2.923840E-2	-4.987683E-2	-3.326590E-2	-1.229278E+10	-1.206221E+10	-2.157865E+7	-2.305633E+8	-1.136849E+11
2.864180E+2	1.371883E+0	1.405401E+10	1.414927E+0	6.915371E+8	1.381141E+0	1.414053E+10	1.254622E+0	6.242374E+8	1.365243E+0	1.106425E+11	1.365552E+0	1.114072E+11	1.367026E+0	1.247830E+11	1.366258E+0	1.254612E+11	4.304361E-2	-1.265188E-1	1.603046E-1	1.695624E-1	4.866836E-2	-1.336247E+10	-1.351629E+10	6.729961E+7	1.538222E+8	-1.247697E+11
2.866200E+2	1.450808E+0	1.483327E+10	1.478136E+0	7.212212E+8	1.445446E+0	1.477559E+10	1.324820E+0	6.577046E+8	1.450763E+0	1.173262E+11	1.440692E+0	1.173189E+11	1.450166E+0	1.321018E+11	1.441820E+0	1.321522E+11	2.732829E-2	-1.206266E-1	1.533169E-1	1.479548E-1	3.631654E-2	-1.411205E+10	-1.411788E+10	6.351658E+7	5.832308E+6	-1.314310E+11
2.868020E+2	1.538552E+0	1.569961E+10	1.497693E+0	7.304053E+8	1.528416E+0	1.559497E+10	1.470172E+0	7.270024E+8	1.518730E+0	1.226380E+11	1.525235E+0	1.239704E+11	1.519816E+0	1.382330E+11	1.526720E+0	1.396700E+11	-4.085868E-2	-5.824428E-2	2.752125E-2	1.738560E-2	-2.902621E-2	-1.496920E+10	-1.486797E+10	3.402911E+6	-1.012295E+8	-1.389396E+11
2.870040E+2	1.089572E+0	1.126663E+10	1.022516E+0	5.072563E+8	1.074940E+0	1.111659E+10	1.071923E+0	5.371347E+8	1.083834E+0	8.864940E+10	1.079290E+0	8.888506E+10	1.082836E+0	9.976599E+10	1.080436E+0	1.001517E+11	-6.705640E-2	-3.016421E-3	-4.940743E-2	-6.403998E-2	-5.792019E-2	-1.075937E+10	-1.057946E+10	-2.987839E+7	-1.799139E+8	-9.964444E+10
2.872040E+2	9.315088E-1	9.705995E+9	9.913633E-1	4.926266E+8	9.287184E-1	9.672560E+9	8.917473E-1	4.512345E+8	9.360315E-1	7.709813E+10	9.359513E-1	7.760772E+10	9.352111E-1	8.677068E+10	9.354559E-1	8.731371E+10	5.985448E-2	-3.697109E-2	9.961594E-2	9.682557E-2	5.590731E-2	-9.213369E+9	-9.221325E+9	4.139209E+7	7.956197E+6	-8.682109E+10
2.874050E+2	8.570965E-1	8.971290E+9	8.678366E-1	4.346169E+8	8.610299E-1	9.004091E+9	8.483587E-1	4.305487E+8	8.609242E-1	7.122823E+10	8.646223E-1	7.199580E+10	8.609361E-1	8.023232E+10	8.637831E-1	8.096709E+10	1.074004E-2	-1.267116E-2	1.947783E-2	2.341120E-2	4.053439E-3	-8.536673E+9	-8.573542E+9	4.068253E+6	3.686912E+7	-8.053248E+10
2.876020E+2	8.061809E-1	8.468577E+9	8.061893E-1	4.056666E+8	7.875054E-1	8.277988E+9	8.347802E-1	4.240750E+8	8.038350E-1	6.676651E+10	8.078999E-1	6.753309E+10	8.020030E-1	7.504450E+10	8.077082E-1	7.600167E+10	8.364071E-6	4.727479E-2	-2.859091E-2	-4.726643E-2	-1.518884E-3	-8.062911E+9	-7.853913E+9	-1.840840E+7	-2.089979E+8	-7.559600E+10
2.878030E+2	6.454541E-1	6.881649E+9	6.365903E-1	3.260209E+8	6.424489E-1	6.845459E+9	5.959995E-1	3.102347E+8	6.505685E-1	5.478820E+10	6.513558E-1	5.521676E+10	6.496576E-1	6.163366E+10	6.506977E-1	6.209841E+10	-8.863820E-3	-4.644945E-2	4.059086E-2	3.758563E-2	-1.410742E-2	-6.555628E+9	-6.535224E+9	1.578620E+7	-2.040441E+7	-6.177239E+10
2.880040E+2	5.376521E-1	5.817271E+9	5.925476E-1	3.053379E+8	5.394764E-1	5.828537E+9	6.113465E-1	3.175515E+8	5.511569E-1	4.701884E+10	5.490528E-1	4.716793E+10	5.498465E-1	5.284738E+10	5.477816E-1	5.298520E+10	5.489541E-2	7.187008E-2	-1.879896E-2	-1.697467E-2	4.476598E-2	-5.511933E+9	-5.510985E+9	-1.221363E+7	-9.480491E+5	-5.267986E+10
2.882180E+2	7.136476E-1	7.554954E+9	7.371387E-1	3.732396E+8	7.160226E-1	7.572048E+9	7.108204E-1	3.649764E+8	7.192648E-1	6.015706E+10	7.186500E-1	6.051123E+10	7.189011E-1	6.772910E+10	7.180922E-1	6.806618E+10	2.349113E-2	-5.202219E-3	2.631828E-2	2.869335E-2	1.904648E-2	-7.181714E+9	-7.207071E+9	8.263271E+6	2.535756E+7	-6.769294E+10
2.884090E+2	9.826281E-1	1.021072E+10	9.554948E-1	4.757823E+8	9.942236E-1	1.031947E+10	9.606677E-1	4.840928E+8	9.871525E-1	8.109341E+10	9.832409E-1	8.132829E+10	9.879458E-1	9.141288E+10	9.831726E-1	9.153901E+10	-2.713327E-2	-3.355588E-2	-5.172885E-3	6.422611E-3	-2.767775E-2	-9.734937E+9	-9.835374E+9	-8.310431E+6	1.004368E+8	-9.106323E+10
2.886030E+2	1.350118E+0	1.383911E+10	1.406228E+0	6.874520E+8	1.332709E+0	1.366224E+10	1.293113E+0	6.425884E+8	1.329294E+0	1.078330E+11	1.327318E+0	1.083990E+11	1.329677E+0	1.214952E+11	1.329860E+0	1.222382E+11	5.611000E-2	-3.959587E-2	1.131146E-1	9.570587E-2	7.636763E-2	-1.315166E+10	-1.301965E+10	4.486362E+7	-1.320124E+8	-1.215507E+11
2.888240E+2	1.203214E+0	1.238866E+10	1.233133E+0	6.061648E+8	1.183627E+0	1.218995E+10	1.153575E+0	5.760625E+8	1.183242E+0	9.641852E+10	1.186498E+0	9.731983E+10	1.183286E+0	1.086085E+11	1.188362E+0	1.097085E+11	2.991978E-2	-3.005216E-2	7.955872E-2	5.997194E-2	4.477161E-2	-1.178249E+10	-1.161389E+10	3.010231E+7	-1.686081E+8	-1.091023E+11
2.890080E+2	8.990286E-1	9.385304E+9	9.542573E-1	4.752012E+8	8.981889E-1	9.371060E+9	9.089370E-1	4.594298E+8	8.963908E-1	7.400007E+10	8.980277E-1	7.462402E+10	8.965925E-1	8.337113E+10	8.981393E-1	8.400933E+10	5.522867E-2	1.074814E-2	4.532027E-2	4.448053E-2	5.611802E-2	-8.910103E+9	-8.911631E+9	1.577137E+7	1.527470E+6	-8.353413E+10
2.892050E+2	7.820769E-1	8.230587E+9	7.486373E-1	3.786395E+8	7.815853E-1	8.219523E+9	7.779770E-1	3.969937E+8	7.908969E-1	6.575535E+10	7.854928E-1	6.577018E+10	7.898522E-1	7.397487E+10	7.851120E-1	7.400077E+10	-3.343965E-2	-3.608250E-3	-2.933976E-2	-2.983140E-2	-3.647468E-2	-7.851948E+9	-7.822529E+9	-1.835423E+7	-2.941922E+7	-7.362213E+10
2.894050E+2	8.414569E-1	8.816873E+9	8.797925E-1	4.402316E+8	8.345756E-1	8.742837E+9	8.206467E-1	4.173368E+8	8.480997E-1	7.022595E+10	8.480980E-1	7.069574E+10	8.465825E-1	7.896879E+10	8.473575E-1	7.951261E+10	3.833561E-2	-1.392891E-2	5.914581E-2	5.226453E-2	3.243500E-2	-8.376641E+9	-8.325500E+9	2.289481E+7	-5.114079E+7	-7.907238E+10
2.896030E+2	9.178064E-1	9.570706E+9	8.967537E-1	4.481968E+8	9.029712E-1	9.418289E+9	8.798374E-1	4.455564E+8	9.090600E-1	7.499021E+10	9.154488E-1	7.599465E+10	9.083769E-1	8.440850E+10	9.157117E-1	8.556536E+10	-2.105268E-2	-2.313376E-2	1.691629E-2	2.081085E-3	-1.895797E-2	-9.122509E+9	-8.972732E+9	2.640417E+6	-1.497765E+8	-8.511716E+10
2.898050E+2	7.721247E-1	8.132325E+9	8.097396E-1	4.073339E+8	7.813618E-1	8.217316E+9	7.405476E-1	3.791490E+8	7.757240E-1	6.456954E+10	7.763617E-1	6.505178E+10	7.763565E-1	7.278685E+10	7.758893E-1	7.318411E+10	3.761487E-2	-4.081426E-2	6.919201E-2	7.842913E-2	3.385032E-2	-7.724991E+9	-7.838167E+9	2.818491E+7	1.131758E+8	-7.277677E+10
2.900030E+2	6.685327E-1	7.109514E+9	6.828994E-1	3.477682E+8	6.622188E-1	7.040699E+9	6.312405E-1	3.270361E+8	6.650490E-1	5.591990E+10	6.606740E-1	5.594988E+10	6.647315E-1	6.296060E+10	6.615502E-1	6.305940E+10	1.436669E-2	-3.097828E-2	5.165887E-2	4.534496E-2	2.134918E-2	-6.761746E+9	-6.713663E+9	2.073209E+7	-4.808284E+7	-6.271163E+10
2.905220E+2	6.231846E-1	6.661772E+9	5.579597E-1	2.890950E+8	6.372184E-1	6.793804E+9	5.978591E-1	3.111213E+8	6.360265E-1	5.365169E+10	6.327470E-1	5.375269E+10	6.361602E-1	6.044550E+10	6.316808E-1	6.041446E+10	-6.522497E-2	-3.935934E-2	-3.989940E-2	-2.586564E-2	-7.372112E-2	-6.372677E+9	-6.482682E+9	-2.202629E+7	1.100052E+8	-6.012537E+10
2.910040E+2	8.958692E-1	9.354110E+9	1.012848E+0	5.027160E+8	8.918633E-1	9.308591E+9	9.015061E-1	4.558871E+8	9.041440E-1	7.460601E+10	9.034046E-1	7.504706E+10	9.027663E-1	8.391460E+10	9.025644E-1	8.440117E+10	1.169785E-1	9.642784E-3	1.113417E-1	1.073358E-1	1.102834E-1	-8.851394E+9	-8.852704E+9	4.682891E+7	1.309877E+6	-8.389846E+10
2.914980E+2	1.168635E+0	1.204725E+10	1.123825E+0	5.548321E+8	1.173822E+0	1.209312E+10	1.145745E+0	5.723295E+8	1.181228E+0	9.626111E+10	1.176369E+0	9.652290E+10	1.180397E+0	1.083542E+11	1.175506E+0	1.085702E+11	-4.481019E-2	-2.807713E-2	-2.191996E-2	-1.673306E-2	-5.168162E-2	-1.149242E+10	-1.152079E+10	-1.749737E+7	2.837218E+7	-1.080153E+11
2.920030E+2	1.169604E+0	1.205681E+10	1.154862E+0	5.694074E+8	1.156850E+0	1.192551E+10	1.133143E+0	5.663214E+8	1.178349E+0	9.603611E+10	1.177348E+0	9.659995E+10	1.175937E+0	1.079616E+11	1.176485E+0	1.086568E+11	-1.474211E-2	-2.370708E-2	2.171885E-2	8.964963E-3	-2.162295E-2	-1.148741E+10	-1.135919E+10	3.085983E+6	-1.282194E+8	-1.080874E+11
2.925000E+2	1.066934E+0	1.104311E+10	9.940054E-1	4.938674E+8	1.074992E+0	1.111711E+10	1.107097E+0	5.539040E+8	1.064511E+0	8.713928E+10	1.064106E+0	8.769049E+10	1.065687E+0	9.825638E+10	1.064422E+0	9.873360E+10	-7.292852E-2	3.210541E-2	-1.130918E-1	-1.050339E-1	-7.041616E-2	-1.054924E+10	-1.056320E+10	-6.003664E+7	1.396038E+7	-9.823974E+10
2.930050E+2	9.789548E-1	1.017445E+10	9.388977E-1	4.679881E+8	9.865686E-1	1.024387E+10	1.001622E+0	5.036178E+8	9.949060E-1	8.169937E+10	9.943210E-1	8.220004E+10	9.939707E-1	9.194324E+10	9.926077E-1	9.237449E+10	-4.005711E-2	1.505310E-2	-6.272400E-2	-5.511021E-2	-5.371000E-2	-9.706463E+9	-9.740250E+9	-3.562973E+7	3.378732E+7	-9.190650E+10
2.935090E+2	9.596632E-1	9.983977E+9	1.006638E+0	4.997999E+8	9.558863E-1	9.940861E+9	9.688826E-1	4.880093E+8	9.574452E-1	7.877168E+10	9.553924E-1	7.913727E+10	9.572703E-1	8.871254E+10	9.558686E-1	8.912125E+10	4.697512E-2	1.299632E-2	3.775568E-2	3.397880E-2	5.076971E-2	-9.484177E+9	-9.452852E+9	1.179065E+7	-3.132534E+7	-8.862145E+10
2.940070E+2	9.378636E-1	9.768739E+9	9.923689E-1	4.930989E+8	9.341480E-1	9.726180E+9	9.191816E-1	4.643140E+8	9.488072E-1	7.809659E+10	9.537376E-1	7.900708E+10	9.471626E-1	8.782277E+10	9.519676E-1	8.877582E+10	5.450534E-2	-1.496633E-2	7.318729E-2	6.947166E-2	4.040131E-2	-9.275641E+9	-9.261866E+9	2.878486E+7	-1.377442E+7	-8.828272E+10
2.945040E+2	9.997138E-1	1.037941E+10	9.529114E-1	4.745691E+8	9.996501E-1	1.037306E+10	9.380925E-1	4.733299E+8	9.993834E-1	8.204929E+10	1.003329E+0	8.290878E+10	9.994133E-1	9.242235E+10	1.002926E+0	9.328819E+10	-4.680237E-2	-6.155765E-2	1.481894E-2	1.475528E-2	-5.001479E-2	-9.904845E+9	-9.899727E+9	1.239266E+6	-5.117681E+6	-9.281362E+10
2.950070E+2	1.119991E+0	1.156696E+10	1.132410E+0	5.588639E+8	1.114349E+0	1.150579E+10	1.030195E+0	5.172403E+8	1.118745E+0	9.137780E+10	1.115205E+0	9.171076E+10	1.118252E+0	1.028836E+11	1.115739E+0	1.032777E+11	1.241910E-2	-8.415461E-2	1.022153E-1	9.657371E-2	1.667135E-2	-1.100810E+10	-1.098855E+10	4.162360E+7	-1.955255E+7	-1.027189E+11
2.955050E+2	1.116233E+0	1.152986E+10	1.054458E+0	5.222566E+8	1.123691E+0	1.159804E+10	1.126633E+0	5.632180E+8	1.118123E+0	9.132918E+10	1.116693E+0	9.182785E+10	1.118747E+0	1.029272E+11	1.116642E+0	1.033577E+11	-6.177529E-2	2.942645E-3	-7.217555E-2	-6.471793E-2	-6.218412E-2	-1.100761E+10	-1.103482E+10	-4.096146E+7	2.721698E+7	-1.028355E+11
2.960060E+2	1.102010E+0	1.138943E+10	1.089105E+0	5.385274E+8	1.087986E+0	1.124544E+10	1.049991E+0	5.266785E+8	1.110251E+0	9.071401E+10	1.102956E+0	9.074706E+10	1.107753E+0	1.019594E+11	1.102851E+0	1.021365E+11	-1.290508E-2	-3.799486E-2	3.911369E-2	2.508978E-2	-1.374556E-2	-1.085091E+10	-1.071876E+10	1.184890E+7	-1.321484E+8	-1.015980E+11
2.965090E+2	8.874530E-1	9.271013E+9	8.262191E-1	4.150729E+8	8.868823E-1	9.259401E+9	8.697400E-1	4.407424E+8	8.832224E-1	7.297091E+10	8.819823E-1	7.336163E+10	8.836330E-1	8.223032E+10	8.825923E-1	8.263264E+10	-6.123390E-2	-1.714230E-2	-4.352091E-2	-4.409160E-2	-5.637319E-2	-8.855940E+9	-8.818658E+9	-2.566949E+7	-3.728197E+7	-8.221757E+10
2.970020E+2	8.847662E-1	9.244485E+9	8.171083E-1	4.107943E+8	8.708518E-1	9.101089E+9	8.711120E-1	4.413965E+8	8.779631E-1	7.255988E+10	8.815735E-1	7.332947E+10	8.771653E-1	8.166097E+10	8.819295E-1	8.257396E+10	-6.765796E-2	2.601527E-4	-5.400371E-2	-6.791812E-2	-6.482127E-2	-8.833691E+9	-8.659692E+9	-3.060214E+7	-1.739986E+8	-8.216316E+10
2.975040E+2	1.005751E+0	1.043902E+10	9.869993E-1	4.905772E+8	1.005919E+0	1.043497E+10	1.031378E+0	5.178042E+8	1.008547E+0	8.276548E+10	1.009201E+0	8.337078E+10	1.008252E+0	9.320045E+10	1.008817E+0	9.380980E+10	-1.875175E-2	2.545874E-2	-4.437841E-2	-4.421049E-2	-2.181743E-2	-9.948445E+9	-9.917162E+9	-2.722702E+7	-3.128353E+7	-9.331922E+10
2.980020E+2	1.116447E+0	1.153197E+10	1.113178E+0	5.498321E+8	1.095729E+0	1.132190E+10	1.112869E+0	5.566560E+8	1.103462E+0	9.018342E+10	1.103751E+0	9.080962E+10	1.102595E+0	1.015053E+11	1.105167E+0	1.023416E+11	-3.269484E-3	1.714060E-2	3.081352E-4	-2.041009E-2	8.010670E-3	-1.098214E+10	-1.076524E+10	-6.823903E+6	-2.169000E+8	-1.017918E+11
2.985020E+2	1.089605E+0	1.126695E+10	1.151355E+0	5.677605E+8	1.090225E+0	1.126754E+10	1.120575E+0	5.603295E+8	1.090848E+0	8.919757E+10	1.092782E+0	8.994662E+10	1.090778E+0	1.004651E+11	1.092428E+0	1.012136E+11	6.174978E-2	3.035021E-2	3.077997E-2	3.139957E-2	5.892668E-2	-1.069919E+10	-1.070721E+10	7.430992E+6	8.020577E+6	-1.006458E+11
2.990020E+2	1.014367E+0	1.052409E+10	1.038076E+0	5.145635E+8	1.028603E+0	1.065898E+10	9.934166E-1	4.997060E+8	1.027341E+0	8.423429E+10	1.027797E+0	8.483379E+10	1.027483E+0	9.489327E+10	1.026299E+0	9.535788E+10	2.370914E-2	-3.518617E-2	4.465946E-2	5.889531E-2	1.177681E-2	-1.000953E+10	-1.015928E+10	1.485746E+7	1.497501E+8	-9.484331E+10
2.995040E+2	8.931578E-1	9.327339E+9	8.558733E-1	4.289988E+8	8.920913E-1	9.310843E+9	8.599561E-1	4.360778E+8	8.863408E-1	7.321462E+10	8.835421E-1	7.348435E+10	8.869859E-1	8.252546E+10	8.846142E-1	8.281169E+10	-3.728451E-2	-3.213518E-2	-4.082890E-3	-5.149337E-3	-2.874098E-2	-8.898340E+9	-8.874765E+9	-7.079009E+6	-2.357482E+7	-8.238269E+10
3.000060E+2	8.806723E-1	9.204064E+9	8.545191E-1	4.283629E+8	8.874336E-1	9.264844E+9	8.818054E-1	4.464946E+8	8.834607E-1	7.298954E+10	8.829261E-1	7.343589E+10	8.839064E-1	8.225438E+10	8.826748E-1	8.263995E+10	-2.615317E-2	-5.628206E-3	-2.728627E-2	-2.052496E-2	-2.815575E-2	-8.775701E+9	-8.818350E+9	-1.813170E+7	4.264909E+7	-8.221159E+10
