Photon Energy (eV)	X ref norm	X ref	X pump norm	X pump	Y ref norm	Y ref	Y pump norm	Y pump	X all norm	X all	Y all norm	Y all	X all Y ref norm	X all Y ref	Y all X ref norm	Y all X ref	BC(X hist) norm	BC(Y hist) norm	StS norm	BCSC norm	BCLR norm	BC(X hist)	BC(Y hist)	StS	BCSC	BCLR	
2.790040E+2	-2.831798E-3	4.808296E+8	3.486844E-3	2.491340E+7	-3.033223E-3	4.708942E+8	-9.196404E-3	1.835724E+7	-4.425339E-3	3.598154E+9	-3.240844E-3	3.715445E+9	-4.269162E-3	4.069048E+9	-3.195235E-3	4.196274E+9	6.318641E-3	-6.163180E-3	1.268325E-2	1.248182E-2	6.682078E-3	-4.559162E+8	-4.525370E+8	6.556155E+6	-3.379243E+6	-4.171361E+9
2.794980E+2	-2.505194E-3	4.840543E+8	9.029532E-3	2.753793E+7	-2.852641E-3	4.726776E+8	-1.223454E-2	1.689825E+7	-2.738610E-3	3.729978E+9	-4.182733E-3	3.641340E+9	-2.751403E-3	4.202655E+9	-3.995685E-3	4.125395E+9	1.153473E-2	-9.381899E-3	2.126407E-2	2.091662E-2	1.302522E-2	-4.565164E+8	-4.557794E+8	1.063968E+7	-7.370681E+5	-4.097857E+9
2.800050E+2	-2.972466E-3	4.794408E+8	-1.044773E-4	2.321287E+7	4.002138E-4	5.048017E+8	-5.617328E-3	2.007601E+7	-2.318250E-3	3.762830E+9	-2.429937E-3	3.779244E+9	-2.013276E-3	4.267632E+9	-2.490430E-3	4.258685E+9	2.867988E-3	-6.017542E-3	5.512851E-3	8.885530E-3	2.385953E-3	-4.562279E+8	-4.847257E+8	3.136857E+6	2.849780E+7	-4.235472E+9
2.805030E+2	-2.675941E-3	4.823685E+8	-2.228542E-4	2.315681E+7	-4.358227E-3	4.578090E+8	-5.718313E-3	2.002751E+7	-1.575607E-3	3.820871E+9	-2.117408E-3	3.803833E+9	-1.887779E-3	4.278680E+9	-2.179686E-3	4.286201E+9	2.453086E-3	-1.360086E-3	5.495459E-3	3.813172E-3	1.956831E-3	-4.592117E+8	-4.377814E+8	3.129300E+6	-2.143024E+7	-4.263044E+9
2.810050E+2	1.169840E-3	5.203396E+8	-1.065969E-2	1.821485E+7	-3.459224E-4	4.974331E+8	6.202099E-3	2.575200E+7	3.018534E-4	3.967601E+9	7.034179E-4	4.025765E+9	2.291818E-4	4.465034E+9	7.554247E-4	4.546105E+9	-1.182953E-2	6.548022E-3	-1.686179E-2	-1.837755E-2	-1.141511E-2	-5.021248E+8	-4.716811E+8	-7.537155E+6	-3.044365E+7	-4.527890E+9
2.815020E+2	1.836832E-3	5.269251E+8	8.942895E-3	2.749690E+7	1.292919E-4	5.021262E+8	-8.383014E-3	1.874785E+7	-1.267941E-4	3.934100E+9	3.332302E-4	3.996640E+9	-9.806472E-5	4.436226E+9	5.008841E-4	4.523565E+9	7.106064E-3	-8.512306E-3	1.732591E-2	1.561837E-2	8.442011E-3	-4.994282E+8	-4.833783E+8	8.749050E+6	-1.604990E+7	-4.496068E+9
2.820060E+2	6.335110E-3	5.713387E+8	-7.973725E-3	1.948668E+7	3.088046E-3	5.313458E+8	2.457074E-2	3.457310E+7	4.040364E-3	4.259778E+9	3.045809E-3	4.210056E+9	3.933527E-3	4.791124E+9	3.412571E-3	4.781395E+9	-1.430884E-2	2.148270E-2	-3.254447E-2	-3.579153E-2	-1.138630E-2	-5.518520E+8	-4.967727E+8	-1.508642E+7	-5.507925E+7	-4.761908E+9
2.825040E+2	1.643616E-3	5.250174E+8	-2.498527E-3	2.207925E+7	6.972463E-3	5.697070E+8	1.037675E-2	2.775678E+7	6.842383E-3	4.478766E+9	7.888466E-3	4.591059E+9	6.856976E-3	5.048473E+9	7.192155E-3	5.116076E+9	-4.142143E-3	3.404292E-3	-1.287528E-2	-7.546435E-3	-9.690682E-3	-5.029382E+8	-5.419502E+8	-5.677526E+6	3.901208E+7	-5.093997E+9
2.830040E+2	1.277629E-2	6.349353E+8	3.668119E-3	2.499923E+7	1.108615E-2	6.103324E+8	1.798257E-2	3.140929E+7	1.318578E-2	4.974524E+9	1.437377E-2	5.101300E+9	1.295023E-2	5.584857E+9	1.419565E-2	5.736235E+9	-9.108170E-3	6.896420E-3	-1.431445E-2	-1.600459E-2	-1.052753E-2	-6.099361E+8	-5.789231E+8	-6.410055E+6	-3.101296E+7	-5.711236E+9
2.835020E+2	2.775563E-2	7.828332E+8	2.850366E-2	3.675916E+7	1.991499E-2	6.975231E+8	1.545411E-2	3.019506E+7	2.654383E-2	6.018502E+9	2.455488E-2	5.902312E+9	2.580017E-2	6.716026E+9	2.491177E-2	6.685146E+9	7.480263E-4	-4.460884E-3	1.304955E-2	5.208910E-3	3.591895E-3	-7.460740E+8	-6.673280E+8	6.564102E+6	-7.874596E+7	-6.648386E+9
2.840050E+2	3.818913E-2	8.858478E+8	3.831170E-2	4.140338E+7	4.206405E-2	9.162597E+8	3.462209E-2	3.940002E+7	4.028673E-2	7.092558E+9	4.078351E-2	7.179123E+9	4.048612E-2	8.008818E+9	4.049423E-2	8.064971E+9	1.225664E-4	-7.441959E-3	3.689607E-3	7.564525E-3	-2.182534E-3	-8.444444E+8	-8.768597E+8	2.003364E+6	3.241531E+7	-8.023567E+9
2.841030E+2	4.935690E-2	9.961122E+8	4.606711E-2	4.507566E+7	5.462274E-2	1.040285E+9	8.566718E-2	6.391319E+7	5.375747E-2	8.145343E+9	5.308891E-2	8.147268E+9	5.385454E-2	9.185628E+9	5.267278E-2	9.143380E+9	-3.289794E-3	3.104445E-2	-3.960007E-2	-3.433424E-2	-6.605677E-3	-9.510365E+8	-9.763719E+8	-1.883753E+7	2.533535E+7	-9.098304E+9
2.842070E+2	7.710816E-2	1.270113E+9	7.768032E-2	6.004489E+7	7.645805E-2	1.255923E+9	8.744618E-2	6.476751E+7	7.855554E-2	1.008340E+10	7.760057E-2	1.007576E+10	7.832023E-2	1.133932E+10	7.754567E-2	1.134587E+10	5.721590E-4	1.098813E-2	-9.765860E-3	-1.041597E-2	1.346520E-4	-1.210068E+9	-1.191156E+9	-4.722618E+6	-1.891218E+7	-1.128583E+10
2.843010E+2	1.122086E-1	1.616676E+9	9.884404E-2	7.006617E+7	1.104937E-1	1.592048E+9	1.027711E-1	7.212694E+7	1.122854E-1	1.271950E+10	1.134412E-1	1.289557E+10	1.120844E-1	1.431155E+10	1.133037E-1	1.451224E+10	-1.336459E-2	-7.722619E-3	-3.927085E-3	-5.641971E-3	-1.445969E-2	-1.546609E+9	-1.519921E+9	-2.060780E+6	-2.668809E+7	-1.444218E+10
2.844010E+2	1.607997E-1	2.096437E+9	1.539849E-1	9.617602E+7	1.703340E-1	2.183010E+9	1.356837E-1	8.793240E+7	1.684773E-1	1.711109E+10	1.666108E-1	1.707876E+10	1.686856E-1	1.929410E+10	1.659629E-1	1.917520E+10	-6.814813E-3	-3.465030E-2	1.830124E-2	2.783549E-2	-1.197795E-2	-2.000261E+9	-2.095078E+9	8.243623E+6	9.481647E+7	-1.907902E+10
2.845030E+2	2.098688E-1	2.580918E+9	2.347469E-1	1.344178E+8	2.097080E-1	2.571855E+9	2.095162E-1	1.233887E+8	2.143623E-1	2.069717E+10	2.125969E-1	2.069678E+10	2.138402E-1	2.326902E+10	2.122927E-1	2.327770E+10	2.487811E-2	-1.917504E-4	2.523069E-2	2.506986E-2	2.245422E-2	-2.446501E+9	-2.448466E+9	1.102909E+7	1.965256E+6	-2.314328E+10
2.846010E+2	3.323823E-1	3.790550E+9	2.797310E-1	1.557183E+8	3.314269E-1	3.773910E+9	3.393634E-1	1.857447E+8	3.392783E-1	3.045979E+10	3.317406E-1	3.007058E+10	3.383975E-1	3.423370E+10	3.318121E-1	3.386113E+10	-5.265133E-2	7.936518E-3	-5.963245E-2	-6.058785E-2	-5.208117E-2	-3.634831E+9	-3.588165E+9	-3.002640E+7	-4.666619E+7	-3.370542E+10
2.847020E+2	7.978751E-1	8.386570E+9	7.924867E-1	3.985142E+8	7.906574E-1	8.309116E+9	7.737814E-1	3.943634E+8	8.118405E-1	6.739217E+10	7.960156E-1	6.659808E+10	8.094641E-1	7.570129E+10	7.962230E-1	7.498465E+10	-5.388381E-3	-1.687601E-2	1.870535E-2	1.148763E-2	-3.736235E-3	-7.988056E+9	-7.914752E+9	4.150819E+6	-7.330377E+7	-7.458614E+10
2.848000E+2	1.667276E+0	1.697055E+10	1.709979E+0	8.329577E+8	1.626573E+0	1.656434E+10	1.597023E+0	7.897051E+8	1.630514E+0	1.313744E+11	1.619032E+0	1.313501E+11	1.630072E+0	1.479387E+11	1.624411E+0	1.483206E+11	4.270330E-2	-2.955071E-2	1.129562E-1	7.225402E-2	8.556741E-2	-1.613759E+10	-1.577463E+10	4.325254E+7	-3.629603E+8	-1.474877E+11
2.849020E+2	2.002697E+0	2.028232E+10	2.014672E+0	9.772336E+8	1.970734E+0	1.996316E+10	1.949650E+0	9.590460E+8	1.980445E+0	1.587226E+11	1.981455E+0	1.598642E+11	1.979355E+0	1.786858E+11	1.983823E+0	1.801465E+11	1.197545E-2	-2.108390E-2	6.502209E-2	3.305936E-2	3.084900E-2	-1.930508E+10	-1.900411E+10	1.818762E+7	-3.009748E+8	-1.791693E+11
2.850030E+2	1.931690E+0	1.958124E+10	1.986666E+0	9.639723E+8	1.949060E+0	1.974910E+10	1.964250E+0	9.660570E+8	1.925698E+0	1.544440E+11	1.927992E+0	1.556580E+11	1.928319E+0	1.741931E+11	1.928405E+0	1.752392E+11	5.497579E-2	1.519000E-2	2.241636E-2	3.978579E-2	5.826118E-2	-1.861726E+10	-1.878305E+10	-2.084718E+6	1.657835E+8	-1.742752E+11
2.851020E+2	1.466502E+0	1.498822E+10	1.410581E+0	6.911891E+8	1.459341E+0	1.491281E+10	1.455781E+0	7.218773E+8	1.462851E+0	1.182709E+11	1.461535E+0	1.189587E+11	1.462457E+0	1.331837E+11	1.462089E+0	1.339470E+11	-5.592103E-2	-3.560164E-3	-4.520041E-2	-5.236087E-2	-5.150793E-2	-1.429703E+10	-1.419093E+10	-3.068823E+7	-1.060980E+8	-1.332558E+11
2.852010E+2	1.008979E+0	1.047089E+10	9.408974E-1	4.687885E+8	1.009081E+0	1.046620E+10	9.878801E-1	4.971792E+8	1.009063E+0	8.280576E+10	1.005218E+0	8.305741E+10	1.009065E+0	9.327195E+10	1.005638E+0	9.352830E+10	-6.808114E-2	-2.120109E-2	-4.698266E-2	-4.688005E-2	-6.474025E-2	-1.000210E+10	-9.969016E+9	-2.839069E+7	-3.308499E+7	-9.305951E+10
2.852990E+2	6.577279E-1	7.002833E+9	6.598141E-1	3.356922E+8	6.544581E-1	6.964057E+9	6.170866E-1	3.191145E+8	6.596019E-1	5.549420E+10	6.568498E-1	5.564901E+10	6.590249E-1	6.245825E+10	6.569477E-1	6.265184E+10	2.086222E-3	-3.737148E-2	4.272751E-2	3.945770E-2	2.866384E-3	-6.667141E+9	-6.644942E+9	1.657764E+7	-2.219873E+7	-6.231615E+10
2.854050E+2	5.407224E-1	5.847585E+9	5.159166E-1	2.675550E+8	5.477425E-1	5.910170E+9	5.054142E-1	2.654866E+8	5.469801E-1	4.669241E+10	5.501823E-1	4.725679E+10	5.470656E-1	5.260258E+10	5.491275E-1	5.310438E+10	-2.480577E-2	-4.232831E-2	1.050239E-2	1.752254E-2	-3.321088E-2	-5.580030E+9	-5.644683E+9	2.068424E+6	6.465334E+7	-5.283682E+10
2.855030E+2	4.790224E-1	5.238394E+9	4.723446E-1	2.469231E+8	4.632546E-1	5.075796E+9	4.482428E-1	2.380314E+8	4.819447E-1	4.160967E+10	4.776078E-1	4.154689E+10	4.798480E-1	4.668546E+10	4.777655E-1	4.678528E+10	-6.677801E-3	-1.501188E-2	2.410186E-2	8.334075E-3	-5.420876E-3	-4.991471E+9	-4.837765E+9	8.891778E+6	-1.537057E+8	-4.653836E+10
2.856030E+2	4.524645E-1	4.976175E+9	4.196387E-1	2.219662E+8	4.603794E-1	5.047401E+9	4.873207E-1	2.567976E+8	4.589201E-1	3.981021E+10	4.579453E-1	3.999991E+10	4.590838E-1	4.485761E+10	4.573341E-1	4.497609E+10	-3.282582E-2	2.694130E-2	-6.768201E-2	-5.976712E-2	-3.769548E-2	-4.754209E+9	-4.790603E+9	-3.483134E+7	3.639452E+7	-4.475412E+10
2.858010E+2	5.251942E-1	5.694268E+9	5.181396E-1	2.686076E+8	5.286027E-1	5.721152E+9	5.105193E-1	2.679382E+8	5.304248E-1	4.539855E+10	5.276496E-1	4.548400E+10	5.302204E-1	5.111970E+10	5.273758E-1	5.117827E+10	-7.054560E-3	-1.808346E-2	7.620368E-3	1.102890E-2	-9.236148E-3	-5.425661E+9	-5.453214E+9	6.694755E+5	2.755295E+7	-5.090966E+10
2.860070E+2	7.848906E-1	8.258368E+9	8.348986E-1	4.185968E+8	7.816241E-1	8.219905E+9	7.044423E-1	3.610650E+8	7.877763E-1	6.551146E+10	7.839888E-1	6.565185E+10	7.870861E-1	7.373137E+10	7.840893E-1	7.391022E+10	5.000804E-2	-7.718181E-2	1.304564E-1	1.271898E-1	5.080932E-2	-7.839771E+9	-7.858840E+9	5.753181E+7	1.906901E+7	-7.349162E+10
2.862050E+2	1.253639E+0	1.288653E+10	1.286220E+0	6.323029E+8	1.233000E+0	1.267755E+10	1.255653E+0	6.257704E+8	1.241156E+0	1.009446E+11	1.238258E+0	1.013921E+11	1.240241E+0	1.136222E+11	1.239973E+0	1.142787E+11	3.258136E-2	2.265204E-2	3.056775E-2	9.929326E-3	4.624733E-2	-1.225423E+10	-1.205178E+10	6.532548E+6	-2.024521E+8	-1.136463E+11
2.864180E+2	1.371883E+0	1.405401E+10	1.322644E+0	6.495499E+8	1.381141E+0	1.414053E+10	1.285062E+0	6.398936E+8	1.365243E+0	1.106425E+11	1.365552E+0	1.114072E+11	1.367026E+0	1.247830E+11	1.366258E+0	1.254612E+11	-4.923923E-2	-9.607871E-2	3.758163E-2	4.683948E-2	-4.361448E-2	-1.340446E+10	-1.350064E+10	9.656247E+6	9.617884E+7	-1.248116E+11
2.866200E+2	1.450808E+0	1.483327E+10	1.480266E+0	7.241860E+8	1.445446E+0	1.477559E+10	1.440571E+0	7.145730E+8	1.450763E+0	1.173262E+11	1.440692E+0	1.173189E+11	1.450166E+0	1.321018E+11	1.441820E+0	1.321522E+11	2.945806E-2	-4.875206E-3	3.969534E-2	3.433326E-2	3.844631E-2	-1.410909E+10	-1.406102E+10	9.613035E+6	-4.807123E+7	-1.314280E+11
2.868020E+2	1.538552E+0	1.569961E+10	1.581098E+0	7.719309E+8	1.528416E+0	1.559497E+10	1.482833E+0	7.348682E+8	1.518730E+0	1.226380E+11	1.525235E+0	1.239704E+11	1.519816E+0	1.382330E+11	1.526720E+0	1.396700E+11	4.254569E-2	-4.558357E-2	9.826492E-2	8.812927E-2	5.437816E-2	-1.492768E+10	-1.486011E+10	3.706268E+7	-6.756968E+7	-1.388981E+11
2.870040E+2	1.089572E+0	1.126663E+10	1.079689E+0	5.345078E+8	1.074940E+0	1.111659E+10	1.041902E+0	5.231220E+8	1.083834E+0	8.864940E+10	1.079290E+0	8.888506E+10	1.082836E+0	9.976599E+10	1.080436E+0	1.001517E+11	-9.883644E-3	-3.303751E-2	3.778642E-2	2.315387E-2	-7.474341E-4	-1.073212E+10	-1.059347E+10	1.138578E+7	-1.386497E+8	-9.961718E+10
2.872040E+2	9.315088E-1	9.705995E+9	9.861011E-1	4.901929E+8	9.287184E-1	9.672560E+9	9.373368E-1	4.729070E+8	9.360315E-1	7.709813E+10	9.359513E-1	7.760772E+10	9.352111E-1	8.677068E+10	9.354559E-1	8.731371E+10	5.459228E-2	8.618397E-3	4.876425E-2	4.597388E-2	5.064511E-2	-9.215803E+9	-9.199653E+9	1.728596E+7	-1.614993E+7	-8.682352E+10
2.874050E+2	8.570965E-1	8.971290E+9	8.664164E-1	4.335208E+8	8.610299E-1	9.004091E+9	8.001049E-1	4.070047E+8	8.609242E-1	7.122823E+10	8.646223E-1	7.199580E+10	8.609361E-1	8.023232E+10	8.637831E-1	8.096709E+10	9.319908E-3	-6.092497E-2	6.631152E-2	7.024488E-2	2.633309E-3	-8.537769E+9	-8.597086E+9	2.651617E+7	5.931703E+7	-8.053357E+10
2.876020E+2	8.061809E-1	8.468577E+9	8.303850E-1	4.164595E+8	7.875054E-1	8.277988E+9	7.643013E-1	3.898108E+8	8.038350E-1	6.676651E+10	8.078999E-1	6.753309E+10	8.020030E-1	7.504450E+10	8.077082E-1	7.600167E+10	2.420406E-2	-2.320415E-2	6.608373E-2	4.740821E-2	2.267681E-2	-8.052118E+9	-7.888177E+9	2.664869E+7	-1.639408E+8	-7.558521E+10
2.878030E+2	6.454541E-1	6.881649E+9	6.033704E-1	3.089654E+8	6.424489E-1	6.845459E+9	6.359215E-1	3.281596E+8	6.505685E-1	5.478820E+10	6.513558E-1	5.521676E+10	6.496576E-1	6.163366E+10	6.506977E-1	6.209841E+10	-4.208373E-2	-6.527391E-3	-3.255110E-2	-3.555634E-2	-4.732733E-2	-6.572684E+9	-6.517299E+9	-1.919414E+7	-5.538475E+7	-6.178945E+10
2.880040E+2	5.376521E-1	5.817271E+9	5.080219E-1	2.638167E+8	5.394764E-1	5.828537E+9	5.019376E-1	2.638170E+8	5.511569E-1	4.701884E+10	5.490528E-1	4.716793E+10	5.498465E-1	5.284738E+10	5.477816E-1	5.298520E+10	-2.963030E-2	-3.753887E-2	6.084292E-3	7.908577E-3	-3.975973E-2	-5.553455E+9	-5.564720E+9	-2.576343E+2	1.126532E+7	-5.272138E+10
2.882180E+2	7.136476E-1	7.554954E+9	7.133440E-1	3.610392E+8	7.160226E-1	7.572048E+9	6.733336E-1	3.461258E+8	7.192648E-1	6.015706E+10	7.186500E-1	6.051123E+10	7.189011E-1	6.772910E+10	7.180922E-1	6.806618E+10	-3.035477E-4	-4.268907E-2	4.001045E-2	4.238552E-2	-4.748198E-3	-7.193914E+9	-7.225922E+9	1.491344E+7	3.200772E+7	-6.770514E+10
2.884090E+2	9.826281E-1	1.021072E+10	9.438457E-1	4.701845E+8	9.942236E-1	1.031947E+10	9.655192E-1	4.864409E+8	9.871525E-1	8.109341E+10	9.832409E-1	8.132829E+10	9.879458E-1	9.141288E+10	9.831726E-1	9.153901E+10	-3.878238E-2	-2.870438E-2	-2.167349E-2	-1.007800E-2	-3.932686E-2	-9.740535E+9	-9.833026E+9	-1.625636E+7	9.249085E+7	-9.106883E+10
2.886030E+2	1.350118E+0	1.383911E+10	1.372281E+0	6.730535E+8	1.332709E+0	1.366224E+10	1.290465E+0	6.424884E+8	1.329294E+0	1.078330E+11	1.327318E+0	1.083990E+11	1.329677E+0	1.214952E+11	1.329860E+0	1.222382E+11	2.216266E-2	-4.224377E-2	8.181518E-2	6.440643E-2	4.242029E-2	-1.316606E+10	-1.301975E+10	3.056508E+7	-1.463109E+8	-1.215651E+11
2.888240E+2	1.203214E+0	1.238866E+10	1.238421E+0	6.096696E+8	1.183627E+0	1.218995E+10	1.110105E+0	5.558749E+8	1.183242E+0	9.641852E+10	1.186498E+0	9.731983E+10	1.183286E+0	1.086085E+11	1.188362E+0	1.097085E+11	3.520770E-2	-7.352141E-2	1.283159E-1	1.087291E-1	5.005953E-2	-1.177899E+10	-1.163407E+10	5.379465E+7	-1.449157E+8	-1.090988E+11
2.890080E+2	8.990286E-1	9.385304E+9	9.467368E-1	4.715535E+8	8.981889E-1	9.371060E+9	9.151634E-1	4.622587E+8	8.963908E-1	7.400007E+10	8.980277E-1	7.462402E+10	8.965925E-1	8.337113E+10	8.981393E-1	8.400933E+10	4.770819E-2	1.697451E-2	3.157342E-2	3.073368E-2	4.859754E-2	-8.913751E+9	-8.908802E+9	9.294769E+6	-4.949127E+6	-8.353777E+10
2.892050E+2	7.820769E-1	8.230587E+9	7.811061E-1	3.931254E+8	7.815853E-1	8.219523E+9	7.738052E-1	3.943749E+8	7.908969E-1	6.575535E+10	7.854928E-1	6.577018E+10	7.898522E-1	7.397487E+10	7.851120E-1	7.400077E+10	-9.708498E-4	-7.780111E-3	7.300905E-3	6.809262E-3	-4.005877E-3	-7.837462E+9	-7.825148E+9	-1.249483E+6	-1.231448E+7	-7.360765E+10
2.894050E+2	8.414569E-1	8.816873E+9	9.281902E-1	4.627715E+8	8.345756E-1	8.742837E+9	7.802320E-1	3.974612E+8	8.480997E-1	7.022595E+10	8.480980E-1	7.069574E+10	8.465825E-1	7.896879E+10	8.473575E-1	7.951261E+10	8.673329E-2	-5.434362E-2	1.479582E-1	1.410769E-1	8.083268E-2	-8.354101E+9	-8.345376E+9	6.531027E+7	-8.725330E+6	-7.904984E+10
2.896030E+2	9.178064E-1	9.570706E+9	9.237704E-1	4.606786E+8	9.029712E-1	9.418289E+9	8.922690E-1	4.512642E+8	9.090600E-1	7.499021E+10	9.154488E-1	7.599465E+10	9.083769E-1	8.440850E+10	9.157117E-1	8.556536E+10	5.963965E-3	-1.070219E-2	3.150136E-2	1.666616E-2	8.058674E-3	-9.110027E+9	-8.967024E+9	9.414362E+6	-1.430025E+8	-8.510468E+10
2.898050E+2	7.721247E-1	8.132325E+9	8.106578E-1	4.071184E+8	7.813618E-1	8.217316E+9	7.644652E-1	3.898896E+8	7.757240E-1	6.456954E+10	7.763617E-1	6.505178E+10	7.763565E-1	7.278685E+10	7.758893E-1	7.318411E+10	3.853303E-2	-1.689662E-2	4.619254E-2	5.542965E-2	3.476848E-2	-7.725207E+9	-7.827426E+9	1.722888E+7	1.022198E+8	-7.277699E+10
2.900030E+2	6.685327E-1	7.109514E+9	6.645765E-1	3.379472E+8	6.622188E-1	7.040699E+9	6.496764E-1	3.347650E+8	6.650490E-1	5.591990E+10	6.606740E-1	5.594988E+10	6.647315E-1	6.296060E+10	6.615502E-1	6.305940E+10	-3.956176E-3	-1.254240E-2	1.490013E-2	8.586225E-3	3.026318E-3	-6.771567E+9	-6.705934E+9	3.182238E+6	-6.563270E+7	-6.272145E+10
2.905220E+2	6.231846E-1	6.661772E+9	6.022685E-1	3.084436E+8	6.372184E-1	6.793804E+9	6.521391E-1	3.359477E+8	6.360265E-1	5.365169E+10	6.327470E-1	5.375269E+10	6.361602E-1	6.044550E+10	6.316808E-1	6.041446E+10	-2.091618E-2	1.492069E-2	-4.987063E-2	-3.583688E-2	-2.941233E-2	-6.353329E+9	-6.457856E+9	-2.750403E+7	1.045274E+8	-6.010602E+10
2.910040E+2	8.958692E-1	9.354110E+9	8.694108E-1	4.349387E+8	8.918633E-1	9.308591E+9	8.459967E-1	4.290431E+8	9.041440E-1	7.460601E+10	9.034046E-1	7.504706E+10	9.027663E-1	8.391460E+10	9.025644E-1	8.440117E+10	-2.645840E-2	-4.586664E-2	2.341415E-2	1.940823E-2	-3.315359E-2	-8.919171E+9	-8.879548E+9	5.895641E+6	-3.962339E+7	-8.396623E+10
2.914980E+2	1.168635E+0	1.204725E+10	1.155312E+0	5.703161E+8	1.173822E+0	1.209312E+10	1.167594E+0	5.834824E+8	1.181228E+0	9.626111E+10	1.176369E+0	9.652290E+10	1.180397E+0	1.083542E+11	1.175506E+0	1.085702E+11	-1.332340E-2	-6.228014E-3	-1.228229E-2	-7.095390E-3	-2.019484E-2	-1.147693E+10	-1.150964E+10	-1.316623E+7	3.270331E+7	-1.079998E+11
2.920030E+2	1.169604E+0	1.205681E+10	1.184493E+0	5.841339E+8	1.156850E+0	1.192551E+10	1.104849E+0	5.533505E+8	1.178349E+0	9.603611E+10	1.177348E+0	9.659995E+10	1.175937E+0	1.079616E+11	1.176485E+0	1.086568E+11	1.488936E-2	-5.200124E-2	7.964448E-2	6.689060E-2	8.008520E-3	-1.147268E+10	-1.137216E+10	3.078345E+7	-1.005220E+8	-1.080726E+11
2.925000E+2	1.066934E+0	1.104311E+10	1.097795E+0	5.430816E+8	1.074992E+0	1.111711E+10	9.944090E-1	5.003145E+8	1.064511E+0	8.713928E+10	1.064106E+0	8.769049E+10	1.065687E+0	9.825638E+10	1.064422E+0	9.873360E+10	3.086151E-2	-8.058276E-2	1.033864E-1	1.114443E-1	3.337386E-2	-1.050003E+10	-1.061679E+10	4.276703E+7	1.167641E+8	-9.819052E+10
2.930050E+2	9.789548E-1	1.017445E+10	9.101188E-1	4.542144E+8	9.865686E-1	1.024387E+10	9.377093E-1	4.730859E+8	9.949060E-1	8.169937E+10	9.943210E-1	8.220004E+10	9.939707E-1	9.194324E+10	9.926077E-1	9.237449E+10	-6.883594E-2	-4.885922E-2	-2.759051E-2	-1.997672E-2	-8.248884E-2	-9.720237E+9	-9.770782E+9	-1.887143E+7	5.054562E+7	-9.192028E+10
2.935090E+2	9.596632E-1	9.983977E+9	1.001949E+0	4.976970E+8	9.558863E-1	9.940861E+9	1.023937E+0	5.144945E+8	9.574452E-1	7.877168E+10	9.553924E-1	7.913727E+10	9.572703E-1	8.871254E+10	9.558686E-1	8.912125E+10	4.228565E-2	6.805049E-2	-2.198797E-2	-2.576484E-2	4.608023E-2	-9.486280E+9	-9.426366E+9	-1.679748E+7	-5.991348E+7	-8.862355E+10
2.940070E+2	9.378636E-1	9.768739E+9	9.186725E-1	4.582647E+8	9.341480E-1	9.726180E+9	9.216998E-1	4.653977E+8	9.488072E-1	7.809659E+10	9.537376E-1	7.900708E+10	9.471626E-1	8.782277E+10	9.519676E-1	8.877582E+10	-1.919106E-2	-1.244815E-2	-3.027285E-3	-6.742909E-3	-3.329509E-2	-9.310475E+9	-9.260782E+9	-7.132961E+6	-4.969225E+7	-8.831755E+10
2.945040E+2	9.997138E-1	1.037941E+10	1.004737E+0	4.990171E+8	9.996501E-1	1.037306E+10	9.671123E-1	4.872059E+8	9.993834E-1	8.204929E+10	1.003329E+0	8.290878E+10	9.994133E-1	9.242235E+10	1.002926E+0	9.328819E+10	5.022783E-3	-3.253784E-2	3.762429E-2	3.756063E-2	1.810364E-3	-9.880397E+9	-9.885851E+9	1.181115E+7	5.454201E+6	-9.278918E+10
2.950070E+2	1.119991E+0	1.156696E+10	1.191996E+0	5.876868E+8	1.114349E+0	1.150579E+10	1.193364E+0	5.958580E+8	1.118745E+0	9.137780E+10	1.115205E+0	9.171076E+10	1.118252E+0	1.028836E+11	1.115739E+0	1.032777E+11	7.200549E-2	7.901492E-2	-1.367884E-3	-7.009434E-3	7.625774E-2	-1.097928E+10	-1.090993E+10	-8.171157E+6	-6.934731E+7	-1.026900E+11
2.955050E+2	1.116233E+0	1.152986E+10	1.169502E+0	5.770355E+8	1.123691E+0	1.159804E+10	1.068086E+0	5.356960E+8	1.118123E+0	9.132918E+10	1.116693E+0	9.182785E+10	1.118747E+0	1.029272E+11	1.116642E+0	1.033577E+11	5.326889E-2	-5.560495E-2	1.014162E-1	1.088738E-1	5.286005E-2	-1.095283E+10	-1.106235E+10	4.133946E+7	1.095179E+8	-1.027807E+11
2.960060E+2	1.102010E+0	1.138943E+10	1.062202E+0	5.262278E+8	1.087986E+0	1.124544E+10	1.069533E+0	5.363912E+8	1.110251E+0	9.071401E+10	1.102956E+0	9.074706E+10	1.107753E+0	1.019594E+11	1.102851E+0	1.021365E+11	-3.980788E-2	-1.845287E-2	-7.331095E-3	-2.135501E-2	-4.064836E-2	-1.086321E+10	-1.070904E+10	-1.016341E+7	-1.541607E+8	-1.016103E+11
2.965090E+2	8.874530E-1	9.271013E+9	9.024276E-1	4.505726E+8	8.868823E-1	9.259401E+9	8.583257E-1	4.349638E+8	8.832224E-1	7.297091E+10	8.819823E-1	7.336163E+10	8.836330E-1	8.223032E+10	8.825923E-1	8.263264E+10	1.497461E-2	-2.855659E-2	4.410189E-2	4.353121E-2	1.983533E-2	-8.820441E+9	-8.824437E+9	1.560876E+7	3.996279E+6	-8.218207E+10
2.970020E+2	8.847662E-1	9.244485E+9	8.919262E-1	4.456000E+8	8.708518E-1	9.101089E+9	8.033206E-1	4.085489E+8	8.779631E-1	7.255988E+10	8.815735E-1	7.332947E+10	8.771653E-1	8.166097E+10	8.819295E-1	8.257396E+10	7.159947E-3	-6.753126E-2	8.860561E-2	7.469121E-2	9.996638E-3	-8.798885E+9	-8.692540E+9	3.705110E+7	-1.063454E+8	-8.212836E+10
2.975040E+2	1.005751E+0	1.043902E+10	1.015580E+0	5.041518E+8	1.005919E+0	1.043497E+10	1.067216E+0	5.352783E+8	1.008547E+0	8.276548E+10	1.009201E+0	8.337078E+10	1.008252E+0	9.320045E+10	1.008817E+0	9.380980E+10	9.829445E-3	6.129696E-2	-5.163544E-2	-5.146752E-2	6.763761E-3	-9.934871E+9	-9.899688E+9	-3.112649E+7	-3.518300E+7	-9.330565E+10
2.980020E+2	1.116447E+0	1.153197E+10	1.150048E+0	5.678240E+8	1.095729E+0	1.132190E+10	1.066231E+0	5.348052E+8	1.103462E+0	9.018342E+10	1.103751E+0	9.080962E+10	1.102595E+0	1.015053E+11	1.105167E+0	1.023416E+11	3.360141E-2	-2.949797E-2	8.381760E-2	6.309938E-2	4.488156E-2	-1.096415E+10	-1.078709E+10	3.301875E+7	-1.770574E+8	-1.017738E+11
2.985020E+2	1.089605E+0	1.126695E+10	1.098808E+0	5.435612E+8	1.090225E+0	1.126754E+10	1.110054E+0	5.558504E+8	1.090848E+0	8.919757E+10	1.092782E+0	8.994662E+10	1.090778E+0	1.004651E+11	1.092428E+0	1.012136E+11	9.203448E-3	1.982974E-2	-1.124588E-2	-1.062629E-2	6.380354E-3	-1.072339E+10	-1.071169E+10	-1.228917E+7	-1.169958E+7	-1.006700E+11
2.990020E+2	1.014367E+0	1.052409E+10	1.035403E+0	5.135382E+8	1.028603E+0	1.065898E+10	1.048142E+0	5.261184E+8	1.027341E+0	8.423429E+10	1.027797E+0	8.483379E+10	1.027483E+0	9.489327E+10	1.026299E+0	9.535788E+10	2.103653E-2	1.953901E-2	-1.273832E-2	1.497528E-3	9.104204E-3	-1.001055E+10	-1.013287E+10	-1.258018E+7	1.223125E+8	-9.484434E+10
2.995040E+2	8.931578E-1	9.327339E+9	8.530241E-1	4.271794E+8	8.920913E-1	9.310843E+9	8.603632E-1	4.359422E+8	8.863408E-1	7.321462E+10	8.835421E-1	7.348435E+10	8.869859E-1	8.252546E+10	8.846142E-1	8.281169E+10	-4.013367E-2	-3.172814E-2	-7.339077E-3	-8.405524E-3	-3.159013E-2	-8.900159E+9	-8.874901E+9	-8.762835E+6	-2.525864E+7	-8.238451E+10
3.000060E+2	8.806723E-1	9.204064E+9	8.471351E-1	4.243909E+8	8.874336E-1	9.264844E+9	8.479940E-1	4.300022E+8	8.834607E-1	7.298954E+10	8.829261E-1	7.343589E+10	8.839064E-1	8.225438E+10	8.826748E-1	8.263995E+10	-3.353717E-2	-3.943959E-2	-8.588807E-4	5.902423E-3	-3.553975E-2	-8.779673E+9	-8.834842E+9	-5.611338E+6	5.516946E+7	-8.221556E+10
