Photon Energy (eV)	X ref norm	X ref	X pump norm	X pump	Y ref norm	Y ref	Y pump norm	Y pump	X all norm	X all	Y all norm	Y all	X all Y ref norm	X all Y ref	Y all X ref norm	Y all X ref	BC(X hist) norm	BC(Y hist) norm	StS norm	BCSC norm	BCLR norm	BC(X hist)	BC(Y hist)	StS	BCSC	BCLR	
2.790040E+2	-2.831798E-3	4.808296E+8	-9.052622E-3	1.923593E+7	-3.033223E-3	4.708942E+8	5.418002E-3	2.564789E+7	-4.425339E-3	3.598154E+9	-3.240844E-3	3.715445E+9	-4.269162E-3	4.069048E+9	-3.195235E-3	4.196274E+9	-6.220824E-3	8.451225E-3	-1.447062E-2	-1.467205E-2	-5.857388E-3	-4.615937E+8	-4.452464E+8	-6.411961E+6	-1.634736E+7	-4.177038E+9
2.794980E+2	-2.505194E-3	4.840543E+8	-5.772267E-3	2.075035E+7	-2.852641E-3	4.726776E+8	-9.739789E-3	1.860378E+7	-2.738610E-3	3.729978E+9	-4.182733E-3	3.641340E+9	-2.751403E-3	4.202655E+9	-3.995685E-3	4.125395E+9	-3.267073E-3	-6.887148E-3	3.967522E-3	3.620074E-3	-1.776582E-3	-4.633040E+8	-4.540738E+8	2.146569E+6	-9.230174E+6	-4.104644E+9
2.800050E+2	-2.972466E-3	4.794408E+8	-7.197044E-3	2.009258E+7	4.002138E-4	5.048017E+8	7.361153E-3	2.655090E+7	-2.318250E-3	3.762830E+9	-2.429937E-3	3.779244E+9	-2.013276E-3	4.267632E+9	-2.490430E-3	4.258685E+9	-4.224578E-3	6.960939E-3	-1.455820E-2	-1.118552E-2	-4.706614E-3	-4.593482E+8	-4.782508E+8	-6.458324E+6	1.890262E+7	-4.238592E+9
2.805030E+2	-2.675941E-3	4.823685E+8	4.446462E-4	2.362048E+7	-4.358227E-3	4.578090E+8	8.756416E-3	2.719931E+7	-1.575607E-3	3.820871E+9	-2.117408E-3	3.803833E+9	-1.887779E-3	4.278680E+9	-2.179686E-3	4.286201E+9	3.120587E-3	1.311464E-2	-8.311770E-3	-9.994056E-3	2.624332E-3	-4.587480E+8	-4.306096E+8	-3.578832E+6	-2.813837E+7	-4.262581E+9
2.810050E+2	1.169840E-3	5.203396E+8	6.182845E-4	2.370064E+7	-3.459224E-4	4.974331E+8	-9.590361E-3	1.867322E+7	3.018534E-4	3.967601E+9	7.034179E-4	4.025765E+9	2.291818E-4	4.465034E+9	7.554247E-4	4.546105E+9	-5.515555E-4	-9.244439E-3	1.020865E-2	8.692883E-3	-1.371402E-4	-4.966390E+8	-4.787599E+8	5.027418E+6	-1.787908E+7	-4.522404E+9
2.815020E+2	1.836832E-3	5.269251E+8	-8.880263E-3	1.931550E+7	1.292919E-4	5.021262E+8	2.567576E-3	2.432324E+7	-1.267941E-4	3.934100E+9	3.332302E-4	3.996640E+9	-9.806472E-5	4.436226E+9	5.008841E-4	4.523565E+9	-1.071709E-2	2.438285E-3	-1.144784E-2	-1.315538E-2	-9.381147E-3	-5.076096E+8	-4.778029E+8	-5.007743E+6	-2.980669E+7	-4.504250E+9
2.820060E+2	6.335110E-3	5.713387E+8	2.106060E-2	3.313813E+7	3.088046E-3	5.313458E+8	-1.721848E-2	1.512829E+7	4.040364E-3	4.259778E+9	3.045809E-3	4.210056E+9	3.933527E-3	4.791124E+9	3.412571E-3	4.781395E+9	1.472549E-2	-2.030653E-2	3.827908E-2	3.503202E-2	1.764803E-2	-5.382005E+8	-5.162175E+8	1.800984E+7	-2.198299E+7	-4.748257E+9
2.825040E+2	1.643616E-3	5.250174E+8	8.778663E-3	2.746800E+7	6.972463E-3	5.697070E+8	1.244548E-2	2.891369E+7	6.842383E-3	4.478766E+9	7.888466E-3	4.591059E+9	6.856976E-3	5.048473E+9	7.192155E-3	5.116076E+9	7.135047E-3	5.473021E-3	-3.666820E-3	1.662026E-3	1.586508E-3	-4.975494E+8	-5.407933E+8	-1.445689E+6	4.324392E+7	-5.088608E+9
2.830040E+2	1.277629E-2	6.349353E+8	8.192813E-3	2.719753E+7	1.108615E-2	6.103324E+8	1.349785E-2	2.940274E+7	1.318578E-2	4.974524E+9	1.437377E-2	5.101300E+9	1.295023E-2	5.584857E+9	1.419565E-2	5.736235E+9	-4.583475E-3	2.411698E-3	-5.305035E-3	-6.995173E-3	-6.002837E-3	-6.077378E+8	-5.809297E+8	-2.205209E+6	-2.680811E+7	-5.709037E+9
2.835020E+2	2.775563E-2	7.828332E+8	4.055584E-2	4.213839E+7	1.991499E-2	6.975231E+8	3.280702E-2	3.837607E+7	2.654383E-2	6.018502E+9	2.455488E-2	5.902312E+9	2.580017E-2	6.716026E+9	2.491177E-2	6.685146E+9	1.280020E-2	1.289202E-2	7.748823E-3	-9.181931E-5	1.564407E-2	-7.406948E+8	-6.591470E+8	3.762324E+6	-8.154773E+7	-6.643007E+9
2.840050E+2	3.818913E-2	8.858478E+8	4.069053E-2	4.220057E+7	4.206405E-2	9.162597E+8	4.268774E-2	4.296783E+7	4.028673E-2	7.092558E+9	4.078351E-2	7.179123E+9	4.048612E-2	8.008818E+9	4.049423E-2	8.064971E+9	2.501396E-3	6.236967E-4	-1.997219E-3	1.877699E-3	1.962950E-4	-8.436472E+8	-8.732919E+8	-7.672534E+5	2.964470E+7	-8.022770E+9
2.841030E+2	4.935690E-2	9.961122E+8	8.143392E-2	6.101035E+7	5.462274E-2	1.040285E+9	5.658481E-2	4.942605E+7	5.375747E-2	8.145343E+9	5.308891E-2	8.147268E+9	5.385454E-2	9.185628E+9	5.267278E-2	9.143380E+9	3.207702E-2	1.962078E-3	2.484911E-2	3.011494E-2	2.876114E-2	-9.351018E+8	-9.908590E+8	1.158430E+7	5.575718E+7	-9.082370E+9
2.842070E+2	7.710816E-2	1.270113E+9	7.324925E-2	5.723178E+7	7.645805E-2	1.255923E+9	7.005290E-2	5.568492E+7	7.855554E-2	1.008340E+10	7.760057E-2	1.007576E+10	7.832023E-2	1.133932E+10	7.754567E-2	1.134587E+10	-3.858912E-3	-6.405158E-3	3.196352E-3	2.546246E-3	-4.296419E-3	-1.212881E+9	-1.200238E+9	1.546861E+6	-1.264270E+7	-1.128864E+10
2.843010E+2	1.122086E-1	1.616676E+9	1.404538E-1	8.825774E+7	1.104937E-1	1.592048E+9	1.113177E-1	7.486144E+7	1.122854E-1	1.271950E+10	1.134412E-1	1.289557E+10	1.120844E-1	1.431155E+10	1.133037E-1	1.451224E+10	2.824517E-2	8.239656E-4	2.913609E-2	2.742120E-2	2.715007E-2	-1.528418E+9	-1.517187E+9	1.339629E+7	-1.123102E+7	-1.442398E+10
2.844010E+2	1.607997E-1	2.096437E+9	1.854354E-1	1.090241E+8	1.703340E-1	2.183010E+9	1.882304E-1	1.106042E+8	1.684773E-1	1.711109E+10	1.666108E-1	1.707876E+10	1.686856E-1	1.929410E+10	1.659629E-1	1.917520E+10	2.463566E-2	1.789647E-2	-2.795062E-3	6.739186E-3	1.947252E-2	-1.987413E+9	-2.072406E+9	-1.580075E+6	8.499277E+7	-1.906618E+10
2.845030E+2	2.098688E-1	2.580918E+9	2.102260E-1	1.204691E+8	2.097080E-1	2.571855E+9	2.077527E-1	1.196766E+8	2.143623E-1	2.069717E+10	2.125969E-1	2.069678E+10	2.138402E-1	2.326902E+10	2.122927E-1	2.327770E+10	3.572644E-4	-1.955297E-3	2.473383E-3	2.312562E-3	-2.066635E-3	-2.460449E+9	-2.452178E+9	7.925582E+5	-8.271276E+6	-2.315723E+10
2.846010E+2	3.323823E-1	3.790550E+9	3.257008E-1	1.737797E+8	3.314269E-1	3.773910E+9	3.121108E-1	1.681737E+8	3.392783E-1	3.045979E+10	3.317406E-1	3.007058E+10	3.383975E-1	3.423370E+10	3.318121E-1	3.386113E+10	-6.681488E-3	-1.931612E-2	1.359003E-2	1.263463E-2	-6.111323E-3	-3.616770E+9	-3.605736E+9	5.606011E+6	-1.103378E+7	-3.368735E+10
2.847020E+2	7.978751E-1	8.386570E+9	8.189040E-1	4.014742E+8	7.906574E-1	8.309116E+9	8.004782E-1	3.951271E+8	8.118405E-1	6.739217E+10	7.960156E-1	6.659808E+10	8.094641E-1	7.570129E+10	7.962230E-1	7.498465E+10	2.102891E-2	9.820757E-3	1.842588E-2	1.120815E-2	2.268106E-2	-7.985096E+9	-7.913989E+9	6.347083E+6	-7.110751E+7	-7.458318E+10
2.848000E+2	1.667276E+0	1.697055E+10	1.772513E+0	8.417215E+8	1.626573E+0	1.656434E+10	1.591351E+0	7.626602E+8	1.630514E+0	1.313744E+11	1.619032E+0	1.313501E+11	1.630072E+0	1.479387E+11	1.624411E+0	1.483206E+11	1.052372E-1	-3.522264E-2	1.811621E-1	1.404599E-1	1.481013E-1	-1.612883E+10	-1.580168E+10	7.906131E+7	-3.271515E+8	-1.474789E+11
2.849020E+2	2.002697E+0	2.028232E+10	1.967110E+0	9.315601E+8	1.970734E+0	1.996316E+10	1.904813E+0	9.083320E+8	1.980445E+0	1.587226E+11	1.981455E+0	1.598642E+11	1.979355E+0	1.786858E+11	1.983823E+0	1.801465E+11	-3.558682E-2	-6.592088E-2	6.229679E-2	3.033406E-2	-1.671327E-2	-1.935076E+10	-1.905482E+10	2.322810E+7	-2.959343E+8	-1.792149E+11
2.850030E+2	1.931690E+0	1.958124E+10	1.977301E+0	9.362650E+8	1.949060E+0	1.974910E+10	1.915197E+0	9.131576E+8	1.925698E+0	1.544440E+11	1.927992E+0	1.556580E+11	1.928319E+0	1.741931E+11	1.928405E+0	1.752392E+11	4.561111E-2	-3.386237E-2	6.210405E-2	7.947348E-2	4.889650E-2	-1.864497E+10	-1.883595E+10	2.310740E+7	1.909756E+8	-1.743029E+11
2.851020E+2	1.466502E+0	1.498822E+10	1.461030E+0	6.979211E+8	1.459341E+0	1.491281E+10	1.558946E+0	7.476010E+8	1.462851E+0	1.182709E+11	1.461535E+0	1.189587E+11	1.462457E+0	1.331837E+11	1.462089E+0	1.339470E+11	-5.471282E-3	9.960460E-2	-9.791543E-2	-1.050759E-1	-1.058173E-3	-1.429030E+10	-1.416521E+10	-4.967993E+7	-1.250897E+8	-1.332490E+11
2.852010E+2	1.008979E+0	1.047089E+10	9.606938E-1	4.669334E+8	1.009081E+0	1.046620E+10	1.037155E+0	5.051151E+8	1.009063E+0	8.280576E+10	1.005218E+0	8.305741E+10	1.009065E+0	9.327195E+10	1.005638E+0	9.352830E+10	-4.828483E-2	2.807360E-2	-7.646105E-2	-7.635843E-2	-4.494394E-2	-1.000396E+10	-9.961080E+9	-3.818166E+7	-4.287596E+7	-9.306136E+10
2.852990E+2	6.577279E-1	7.002833E+9	7.095283E-1	3.509793E+8	6.544581E-1	6.964057E+9	7.567407E-1	3.748015E+8	6.596019E-1	5.549420E+10	6.568498E-1	5.564901E+10	6.590249E-1	6.245825E+10	6.569477E-1	6.265184E+10	5.180043E-2	1.022827E-1	-4.721244E-2	-5.048225E-2	5.258059E-2	-6.651854E+9	-6.589255E+9	-2.382223E+7	-6.259860E+7	-6.230087E+10
2.854050E+2	5.407224E-1	5.847585E+9	5.883088E-1	2.950165E+8	5.477425E-1	5.910170E+9	5.782306E-1	2.918445E+8	5.469801E-1	4.669241E+10	5.501823E-1	4.725679E+10	5.470656E-1	5.260258E+10	5.491275E-1	5.310438E+10	4.758641E-2	3.048812E-2	1.007814E-2	1.709828E-2	3.918130E-2	-5.552569E+9	-5.618326E+9	3.171969E+6	6.575688E+7	-5.280936E+10
2.855030E+2	4.790224E-1	5.238394E+9	5.030830E-1	2.556708E+8	4.632546E-1	5.075796E+9	5.173198E-1	2.635382E+8	4.819447E-1	4.160967E+10	4.776078E-1	4.154689E+10	4.798480E-1	4.668546E+10	4.777655E-1	4.678528E+10	2.406054E-2	5.406519E-2	-1.423687E-2	-3.000465E-2	2.531747E-2	-4.982723E+9	-4.812258E+9	-7.867388E+6	-1.704648E+8	-4.652961E+10
2.856030E+2	4.524645E-1	4.976175E+9	4.183395E-1	2.165477E+8	4.603794E-1	5.047401E+9	4.805925E-1	2.464703E+8	4.589201E-1	3.981021E+10	4.579453E-1	3.999991E+10	4.590838E-1	4.485761E+10	4.573341E-1	4.497609E+10	-3.412500E-2	2.021314E-2	-6.225303E-2	-5.433814E-2	-3.899467E-2	-4.759627E+9	-4.800931E+9	-2.992258E+7	4.130328E+7	-4.475954E+10
2.858010E+2	5.251942E-1	5.694268E+9	5.436461E-1	2.743973E+8	5.286027E-1	5.721152E+9	5.755188E-1	2.905843E+8	5.304248E-1	4.539855E+10	5.276496E-1	4.548400E+10	5.302204E-1	5.111970E+10	5.273758E-1	5.117827E+10	1.845193E-2	4.691609E-2	-3.187269E-2	-2.846416E-2	1.627035E-2	-5.419871E+9	-5.430568E+9	-1.618696E+7	1.069652E+7	-5.090387E+10
2.860070E+2	7.848906E-1	8.258368E+9	7.787569E-1	3.829396E+8	7.816241E-1	8.219905E+9	8.555611E-1	4.207251E+8	7.877763E-1	6.551146E+10	7.839888E-1	6.565185E+10	7.870861E-1	7.373137E+10	7.840893E-1	7.391022E+10	-6.133754E-3	7.393705E-2	-7.680426E-2	-8.007081E-2	-5.332464E-3	-7.875429E+9	-7.799180E+9	-3.778552E+7	-7.624832E+7	-7.352728E+10
2.862050E+2	1.253639E+0	1.288653E+10	1.268019E+0	6.088148E+8	1.233000E+0	1.267755E+10	1.277277E+0	6.167043E+8	1.241156E+0	1.009446E+11	1.238258E+0	1.013921E+11	1.240241E+0	1.136222E+11	1.239973E+0	1.142787E+11	1.438057E-2	4.427654E-2	-9.257539E-3	-2.989597E-2	2.804654E-2	-1.227772E+10	-1.206084E+10	-7.889510E+6	-2.168741E+8	-1.136698E+11
2.864180E+2	1.371883E+0	1.405401E+10	1.359422E+0	6.510120E+8	1.381141E+0	1.414053E+10	1.298081E+0	6.263725E+8	1.365243E+0	1.106425E+11	1.365552E+0	1.114072E+11	1.367026E+0	1.247830E+11	1.366258E+0	1.254612E+11	-1.246111E-2	-8.305947E-2	6.134051E-2	7.059836E-2	-6.836360E-3	-1.340300E+10	-1.351416E+10	2.463957E+7	1.111622E+8	-1.248102E+11
2.866200E+2	1.450808E+0	1.483327E+10	1.482407E+0	7.077902E+8	1.445446E+0	1.477559E+10	1.410745E+0	6.787296E+8	1.450763E+0	1.173262E+11	1.440692E+0	1.173189E+11	1.450166E+0	1.321018E+11	1.441820E+0	1.321522E+11	3.159927E-2	-3.470072E-2	7.166207E-2	6.629999E-2	4.058752E-2	-1.412548E+10	-1.409686E+10	2.906059E+7	-2.862368E+7	-1.314444E+11
2.868020E+2	1.538552E+0	1.569961E+10	1.630161E+0	7.760028E+8	1.528416E+0	1.559497E+10	1.501083E+0	7.207111E+8	1.518730E+0	1.226380E+11	1.525235E+0	1.239704E+11	1.519816E+0	1.382330E+11	1.526720E+0	1.396700E+11	9.160915E-2	-2.733328E-2	1.290781E-1	1.189424E-1	1.034416E-1	-1.492360E+10	-1.487426E+10	5.529164E+7	-4.934072E+7	-1.388940E+11
2.870040E+2	1.089572E+0	1.126663E+10	1.081758E+0	5.228247E+8	1.074940E+0	1.111659E+10	1.108392E+0	5.382202E+8	1.083834E+0	8.864940E+10	1.079290E+0	8.888506E+10	1.082836E+0	9.976599E+10	1.080436E+0	1.001517E+11	-7.813905E-3	3.345189E-2	-2.663324E-2	-4.126579E-2	1.322306E-3	-1.074380E+10	-1.057837E+10	-1.539548E+7	-1.654310E+8	-9.962887E+10
2.872040E+2	9.315088E-1	9.705995E+9	1.025146E+0	4.966887E+8	9.287184E-1	9.672560E+9	9.266223E-1	4.537486E+8	9.360315E-1	7.709813E+10	9.359513E-1	7.760772E+10	9.352111E-1	8.677068E+10	9.354559E-1	8.731371E+10	9.363722E-2	-2.096108E-3	9.852370E-2	9.573333E-2	8.969006E-2	-9.209307E+9	-9.218811E+9	4.294016E+7	9.504272E+6	-8.681702E+10
2.874050E+2	8.570965E-1	8.971290E+9	8.655398E-1	4.230043E+8	8.610299E-1	9.004091E+9	8.011615E-1	3.954446E+8	8.609242E-1	7.122823E+10	8.646223E-1	7.199580E+10	8.609361E-1	8.023232E+10	8.637831E-1	8.096709E+10	8.443320E-3	-5.986839E-2	6.437835E-2	6.831171E-2	1.756721E-3	-8.548286E+9	-8.608646E+9	2.755962E+7	6.036049E+7	-8.054409E+10
2.876020E+2	8.061809E-1	8.468577E+9	8.289187E-1	4.060976E+8	7.875054E-1	8.277988E+9	8.407297E-1	4.138327E+8	8.038350E-1	6.676651E+10	8.078999E-1	6.753309E+10	8.020030E-1	7.504450E+10	8.077082E-1	7.600167E+10	2.273778E-2	5.322431E-2	-1.181101E-2	-3.048653E-2	2.121053E-2	-8.062480E+9	-7.864155E+9	-7.735148E+6	-1.983246E+8	-7.559557E+10
2.878030E+2	6.454541E-1	6.881649E+9	5.803344E-1	2.913350E+8	6.424489E-1	6.845459E+9	6.561920E-1	3.280746E+8	6.505685E-1	5.478820E+10	6.513558E-1	5.521676E+10	6.496576E-1	6.163366E+10	6.506977E-1	6.209841E+10	-6.511978E-2	1.374312E-2	-7.585766E-2	-7.886290E-2	-7.036338E-2	-6.590314E+9	-6.517384E+9	-3.673964E+7	-7.293025E+7	-6.180708E+10
2.880040E+2	5.376521E-1	5.817271E+9	5.030135E-1	2.556387E+8	5.394764E-1	5.828537E+9	5.319525E-1	2.703382E+8	5.511569E-1	4.701884E+10	5.490528E-1	4.716793E+10	5.498465E-1	5.284738E+10	5.477816E-1	5.298520E+10	-3.463868E-2	-7.523967E-3	-2.893899E-2	-2.711471E-2	-4.476811E-2	-5.561633E+9	-5.558199E+9	-1.469953E+7	-3.433947E+6	-5.272956E+10
2.882180E+2	7.136476E-1	7.554954E+9	7.497854E-1	3.695645E+8	7.160226E-1	7.572048E+9	7.915127E-1	3.909607E+8	7.192648E-1	6.015706E+10	7.186500E-1	6.051123E+10	7.189011E-1	6.772910E+10	7.180922E-1	6.806618E+10	3.613778E-2	7.549010E-2	-4.172738E-2	-3.935231E-2	3.169313E-2	-7.185389E+9	-7.181087E+9	-2.139616E+7	-4.301879E+6	-6.769662E+10
2.884090E+2	9.826281E-1	1.021072E+10	1.017874E+0	4.933314E+8	9.942236E-1	1.031947E+10	9.752901E-1	4.763654E+8	9.871525E-1	8.109341E+10	9.832409E-1	8.132829E+10	9.879458E-1	9.141288E+10	9.831726E-1	9.153901E+10	3.524561E-2	-1.893350E-2	4.258361E-2	5.417910E-2	3.470113E-2	-9.717388E+9	-9.843101E+9	1.696597E+7	1.257132E+8	-9.104568E+10
2.886030E+2	1.350118E+0	1.383911E+10	1.411732E+0	6.751619E+8	1.332709E+0	1.366224E+10	1.349984E+0	6.504925E+8	1.329294E+0	1.078330E+11	1.327318E+0	1.083990E+11	1.329677E+0	1.214952E+11	1.329860E+0	1.222382E+11	6.161427E-2	1.727470E-2	6.174832E-2	4.433957E-2	8.187190E-2	-1.316395E+10	-1.301174E+10	2.466933E+7	-1.522066E+8	-1.215630E+11
2.888240E+2	1.203214E+0	1.238866E+10	1.196879E+0	5.759720E+8	1.183627E+0	1.218995E+10	1.174395E+0	5.688929E+8	1.183242E+0	9.641852E+10	1.186498E+0	9.731983E+10	1.183286E+0	1.086085E+11	1.188362E+0	1.097085E+11	-6.334154E-3	-9.232273E-3	2.248490E-2	2.898119E-3	8.517677E-3	-1.181269E+10	-1.162106E+10	7.079048E+6	-1.916313E+8	-1.091325E+11
2.890080E+2	8.990286E-1	9.385304E+9	8.757683E-1	4.277264E+8	8.981889E-1	9.371060E+9	9.596074E-1	4.690774E+8	8.963908E-1	7.400007E+10	8.980277E-1	7.462402E+10	8.965925E-1	8.337113E+10	8.981393E-1	8.400933E+10	-2.326034E-2	6.141851E-2	-8.383911E-2	-8.467885E-2	-2.237099E-2	-8.957578E+9	-8.901983E+9	-4.135102E+7	-5.559491E+7	-8.358160E+10
2.892050E+2	7.820769E-1	8.230587E+9	8.495254E-1	4.156109E+8	7.815853E-1	8.219523E+9	7.800749E-1	3.856453E+8	7.908969E-1	6.575535E+10	7.854928E-1	6.577018E+10	7.898522E-1	7.397487E+10	7.851120E-1	7.400077E+10	6.744846E-2	-1.510421E-3	6.945053E-2	6.895888E-2	6.441343E-2	-7.814977E+9	-7.833877E+9	2.996566E+7	1.890067E+7	-7.358516E+10
2.894050E+2	8.414569E-1	8.816873E+9	8.553527E-1	4.183012E+8	8.345756E-1	8.742837E+9	8.657188E-1	4.254456E+8	8.480997E-1	7.022595E+10	8.480980E-1	7.069574E+10	8.465825E-1	7.896879E+10	8.473575E-1	7.951261E+10	1.389580E-2	3.114318E-2	-1.036609E-2	-1.724738E-2	7.995187E-3	-8.398572E+9	-8.317392E+9	-7.144393E+6	-8.118000E+7	-7.909431E+10
2.896030E+2	9.178064E-1	9.570706E+9	8.578471E-1	4.194528E+8	9.029712E-1	9.418289E+9	8.570603E-1	4.214219E+8	9.090600E-1	7.499021E+10	9.154488E-1	7.599465E+10	9.083769E-1	8.440850E+10	9.157117E-1	8.556536E+10	-5.995925E-2	-4.591083E-2	7.867846E-4	-1.404842E-2	-5.786455E-2	-9.151253E+9	-8.996867E+9	-1.969064E+6	-1.543860E+8	-8.514591E+10
2.898050E+2	7.721247E-1	8.132325E+9	7.380949E-1	3.641674E+8	7.813618E-1	8.217316E+9	7.482104E-1	3.708373E+8	7.757240E-1	6.456954E+10	7.763617E-1	6.505178E+10	7.763565E-1	7.278685E+10	7.758893E-1	7.318411E+10	-3.402983E-2	-3.315144E-2	-1.011550E-2	-8.783896E-4	-3.779438E-2	-7.768158E+9	-7.846479E+9	-6.669836E+6	7.832106E+7	-7.281994E+10
2.900030E+2	6.685327E-1	7.109514E+9	6.672360E-1	3.314544E+8	6.622188E-1	7.040699E+9	6.763287E-1	3.374325E+8	6.650490E-1	5.591990E+10	6.606740E-1	5.594988E+10	6.647315E-1	6.296060E+10	6.615502E-1	6.305940E+10	-1.296731E-3	1.410994E-2	-9.092757E-3	-1.540667E-2	5.685762E-3	-6.778060E+9	-6.703267E+9	-5.978145E+6	-7.479308E+7	-6.272794E+10
2.905220E+2	6.231846E-1	6.661772E+9	6.174128E-1	3.084528E+8	6.372184E-1	6.793804E+9	6.640072E-1	3.317065E+8	6.360265E-1	5.365169E+10	6.327470E-1	5.375269E+10	6.361602E-1	6.044550E+10	6.316808E-1	6.041446E+10	-5.771881E-3	2.678879E-2	-4.659443E-2	-3.256067E-2	-1.426803E-2	-6.353319E+9	-6.462097E+9	-2.325371E+7	1.087777E+8	-6.010601E+10
2.910040E+2	8.958692E-1	9.354110E+9	9.949954E-1	4.827693E+8	8.918633E-1	9.308591E+9	9.330763E-1	4.567479E+8	9.041440E-1	7.460601E+10	9.034046E-1	7.504706E+10	9.027663E-1	8.391460E+10	9.025644E-1	8.440117E+10	9.912618E-2	4.121298E-2	6.191912E-2	5.791320E-2	9.243100E-2	-8.871341E+9	-8.851843E+9	2.602141E+7	-1.949762E+7	-8.391840E+10
2.914980E+2	1.168635E+0	1.204725E+10	1.233496E+0	5.928767E+8	1.173822E+0	1.209312E+10	1.180664E+0	5.718065E+8	1.181228E+0	9.626111E+10	1.176369E+0	9.652290E+10	1.180397E+0	1.083542E+11	1.175506E+0	1.085702E+11	6.486138E-2	6.842184E-3	5.283230E-2	5.801920E-2	5.798995E-2	-1.145437E+10	-1.152131E+10	2.107022E+7	6.693977E+7	-1.079773E+11
2.920030E+2	1.169604E+0	1.205681E+10	1.223082E+0	5.880686E+8	1.156850E+0	1.192551E+10	1.255358E+0	6.065181E+8	1.178349E+0	9.603611E+10	1.177348E+0	9.659995E+10	1.175937E+0	1.079616E+11	1.176485E+0	1.086568E+11	5.347776E-2	9.850796E-2	-3.227631E-2	-4.503020E-2	4.659692E-2	-1.146875E+10	-1.131899E+10	-1.844952E+7	-1.497549E+8	-1.080687E+11
2.925000E+2	1.066934E+0	1.104311E+10	1.052417E+0	5.092790E+8	1.074992E+0	1.111711E+10	1.081366E+0	5.256610E+8	1.064511E+0	8.713928E+10	1.064106E+0	8.769049E+10	1.065687E+0	9.825638E+10	1.064422E+0	9.873360E+10	-1.451661E-2	6.374471E-3	-2.894892E-2	-2.089108E-2	-1.200425E-2	-1.053383E+10	-1.059145E+10	-1.638201E+7	5.761501E+7	-9.822432E+10
2.930050E+2	9.789548E-1	1.017445E+10	1.028863E+0	4.984049E+8	9.865686E-1	1.024387E+10	1.024185E+0	4.990876E+8	9.949060E-1	8.169937E+10	9.943210E-1	8.220004E+10	9.939707E-1	9.194324E+10	9.926077E-1	9.237449E+10	4.990857E-2	3.761597E-2	4.678811E-3	1.229260E-2	3.625567E-2	-9.676046E+9	-9.744781E+9	-6.826493E+5	6.873440E+7	-9.187609E+10
2.935090E+2	9.596632E-1	9.983977E+9	1.003097E+0	4.865094E+8	9.558863E-1	9.940861E+9	9.465297E-1	4.629999E+8	9.574452E-1	7.877168E+10	9.553924E-1	7.913727E+10	9.572703E-1	8.871254E+10	9.558686E-1	8.912125E+10	4.343359E-2	-9.356651E-3	5.656712E-2	5.279024E-2	4.722817E-2	-9.497467E+9	-9.477861E+9	2.350950E+7	-1.960650E+7	-8.863474E+10
2.940070E+2	9.378636E-1	9.768739E+9	9.480756E-1	4.611081E+8	9.341480E-1	9.726180E+9	1.001616E+0	4.885994E+8	9.488072E-1	7.809659E+10	9.537376E-1	7.900708E+10	9.471626E-1	8.782277E+10	9.519676E-1	8.877582E+10	1.021206E-2	6.746781E-2	-5.354013E-2	-5.725575E-2	-3.891970E-3	-9.307631E+9	-9.237581E+9	-2.749134E+7	-7.005063E+7	-8.831471E+10
2.945040E+2	9.997138E-1	1.037941E+10	1.035038E+0	5.012555E+8	9.996501E-1	1.037306E+10	9.701858E-1	4.739934E+8	9.993834E-1	8.204929E+10	1.003329E+0	8.290878E+10	9.994133E-1	9.242235E+10	1.002926E+0	9.328819E+10	3.532418E-2	-2.946431E-2	6.485215E-2	6.478849E-2	3.211176E-2	-9.878159E+9	-9.899064E+9	2.726216E+7	2.090521E+7	-9.278694E+10
2.950070E+2	1.119991E+0	1.156696E+10	1.209716E+0	5.818984E+8	1.114349E+0	1.150579E+10	1.165474E+0	5.647472E+8	1.118745E+0	9.137780E+10	1.115205E+0	9.171076E+10	1.118252E+0	1.028836E+11	1.115739E+0	1.032777E+11	8.972549E-2	5.112428E-2	4.424276E-2	3.860121E-2	9.397774E-2	-1.098507E+10	-1.094104E+10	1.715113E+7	-4.402502E+7	-1.026958E+11
2.955050E+2	1.116233E+0	1.152986E+10	1.155843E+0	5.570270E+8	1.123691E+0	1.159804E+10	1.126832E+0	5.467898E+8	1.118123E+0	9.132918E+10	1.116693E+0	9.182785E+10	1.118747E+0	1.029272E+11	1.116642E+0	1.033577E+11	3.961003E-2	3.141268E-3	2.901115E-2	3.646876E-2	3.920120E-2	-1.097284E+10	-1.105125E+10	1.023724E+7	7.841568E+7	-1.028007E+11
2.960060E+2	1.102010E+0	1.138943E+10	1.143922E+0	5.515233E+8	1.087986E+0	1.124544E+10	1.139440E+0	5.526487E+8	1.110251E+0	9.071401E+10	1.102956E+0	9.074706E+10	1.107753E+0	1.019594E+11	1.102851E+0	1.021365E+11	4.191160E-2	5.145321E-2	4.482307E-3	-9.541604E-3	4.107113E-2	-1.083791E+10	-1.069279E+10	-1.125356E+6	-1.451227E+8	-1.015850E+11
2.965090E+2	8.874530E-1	9.271013E+9	9.206119E-1	4.484291E+8	8.868823E-1	9.259401E+9	9.247619E-1	4.528840E+8	8.832224E-1	7.297091E+10	8.819823E-1	7.336163E+10	8.836330E-1	8.223032E+10	8.825923E-1	8.263264E+10	3.315888E-2	3.787954E-2	-4.149975E-3	-4.720663E-3	3.801959E-2	-8.822584E+9	-8.806517E+9	-4.454951E+6	-1.606743E+7	-8.218421E+10
2.970020E+2	8.847662E-1	9.244485E+9	8.918325E-1	4.351426E+8	8.708518E-1	9.101089E+9	8.916414E-1	4.374923E+8	8.779631E-1	7.255988E+10	8.815735E-1	7.332947E+10	8.771653E-1	8.166097E+10	8.819295E-1	8.257396E+10	7.066286E-3	2.078958E-2	1.911071E-4	-1.372330E-2	9.902977E-3	-8.809343E+9	-8.663596E+9	-2.349677E+6	-1.457461E+8	-8.213881E+10
2.975040E+2	1.005751E+0	1.043902E+10	1.009517E+0	4.894736E+8	1.005919E+0	1.043497E+10	1.022840E+0	4.984628E+8	1.008547E+0	8.276548E+10	1.009201E+0	8.337078E+10	1.008252E+0	9.320045E+10	1.008817E+0	9.380980E+10	3.766348E-3	1.692117E-2	-1.332275E-2	-1.315483E-2	7.006644E-4	-9.949549E+9	-9.936503E+9	-8.989225E+6	-1.304573E+7	-9.332032E+10
2.980020E+2	1.116447E+0	1.153197E+10	1.079213E+0	5.216495E+8	1.095729E+0	1.132190E+10	1.129002E+0	5.477982E+8	1.103462E+0	9.018342E+10	1.103751E+0	9.080962E+10	1.102595E+0	1.015053E+11	1.105167E+0	1.023416E+11	-3.723430E-2	3.327312E-2	-4.978920E-2	-7.050743E-2	-2.595415E-2	-1.101033E+10	-1.077410E+10	-2.614871E+7	-2.362248E+8	-1.018199E+11
2.985020E+2	1.089605E+0	1.126695E+10	1.148158E+0	5.534789E+8	1.090225E+0	1.126754E+10	1.055877E+0	5.138159E+8	1.090848E+0	8.919757E+10	1.092782E+0	8.994662E+10	1.090778E+0	1.004651E+11	1.092428E+0	1.012136E+11	5.855276E-2	-3.434710E-2	9.228026E-2	9.289985E-2	5.572966E-2	-1.071347E+10	-1.075372E+10	3.966304E+7	4.025263E+7	-1.006601E+11
2.990020E+2	1.014367E+0	1.052409E+10	1.013843E+0	4.914704E+8	1.028603E+0	1.065898E+10	9.961727E-1	4.860699E+8	1.027341E+0	8.423429E+10	1.027797E+0	8.483379E+10	1.027483E+0	9.489327E+10	1.026299E+0	9.535788E+10	-5.243973E-4	-3.243012E-2	1.766988E-2	3.190573E-2	-1.245673E-2	-1.003262E+10	-1.017291E+10	5.400414E+6	1.402931E+8	-9.486641E+10
2.995040E+2	8.931578E-1	9.327339E+9	8.797358E-1	4.295580E+8	8.920913E-1	9.310843E+9	8.653624E-1	4.252800E+8	8.863408E-1	7.321462E+10	8.835421E-1	7.348435E+10	8.869859E-1	8.252546E+10	8.846142E-1	8.281169E+10	-1.342193E-2	-2.672892E-2	1.437344E-2	1.330699E-2	-4.878395E-3	-8.897781E+9	-8.885563E+9	4.278059E+6	-1.221775E+7	-8.238213E+10
3.000060E+2	8.806723E-1	9.204064E+9	8.695338E-1	4.248481E+8	8.874336E-1	9.264844E+9	9.307454E-1	4.556647E+8	8.834607E-1	7.298954E+10	8.829261E-1	7.343589E+10	8.839064E-1	8.225438E+10	8.826748E-1	8.263995E+10	-1.113848E-2	4.331184E-2	-6.121162E-2	-5.445032E-2	-1.314105E-2	-8.779215E+9	-8.809180E+9	-3.081656E+7	2.996423E+7	-8.221510E+10
