Photon Energy (eV)	X ref norm	X ref	X pump norm	X pump	Y ref norm	Y ref	Y pump norm	Y pump	X all norm	X all	Y all norm	Y all	X all Y ref norm	X all Y ref	Y all X ref norm	Y all X ref	BC(X hist) norm	BC(Y hist) norm	StS norm	BCSC norm	BCLR norm	BC(X hist)	BC(Y hist)	StS	BCSC	BCLR	
5.290270E+2	8.840042E-5	4.170331E+9	-1.675126E-2	1.892614E+8	-4.158796E-4	4.188358E+9	2.155717E-2	2.105792E+8	1.256343E-3	3.338624E+10	-1.820353E-4	3.351940E+10	1.068842E-3	3.757460E+10	-1.519045E-4	3.768973E+10	-1.683966E-2	2.197305E-2	-3.830843E-2	-3.881271E-2	-1.659935E-2	-3.981069E+9	-3.977779E+9	-2.131784E+7	-3.290931E+6	-3.750047E+10
5.295160E+2	-1.216801E-2	3.966218E+9	7.665271E-3	2.080251E+8	-8.959927E-3	4.046109E+9	8.098090E-3	2.000445E+8	-9.226059E-3	3.200430E+10	-9.926723E-3	3.222512E+10	-9.196219E-3	3.605041E+10	-1.017644E-2	3.619133E+10	1.983328E-2	1.705802E-2	-4.328195E-4	2.775263E-3	1.784171E-2	-3.758193E+9	-3.846064E+9	7.980556E+6	8.787130E+7	-3.598331E+10
5.300220E+2	1.866013E-5	4.169169E+9	5.434175E-3	2.063105E+8	-6.263449E-4	4.184854E+9	-3.323350E-2	1.676933E+8	-1.503573E-3	3.302239E+10	-1.928773E-3	3.328740E+10	-1.405212E-3	3.720724E+10	-1.711798E-3	3.745657E+10	5.415515E-3	-3.260716E-2	3.866768E-2	3.802267E-2	7.145974E-3	-3.962859E+9	-4.017160E+9	3.861722E+7	5.430154E+7	-3.725026E+10
5.305180E+2	-5.323840E-3	4.080198E+9	8.977222E-4	2.028243E+8	-5.999439E-3	4.095398E+9	-1.606475E-2	1.811317E+8	-4.800298E-3	3.258777E+10	-2.671892E-3	3.318870E+10	-4.934754E-3	3.668316E+10	-2.967360E-3	3.726889E+10	6.221562E-3	-1.006531E-2	1.696247E-2	1.628688E-2	3.865083E-3	-3.877373E+9	-3.914266E+9	2.169265E+7	3.689248E+7	-3.706607E+10
5.310050E+2	-5.275285E-3	4.081006E+9	-1.568300E-2	1.900823E+8	-5.989511E-4	4.185310E+9	1.232877E-2	2.033560E+8	-7.351928E-3	3.225137E+10	-6.787900E-3	3.264201E+10	-6.594741E-3	3.643668E+10	-6.619371E-3	3.672302E+10	-1.040771E-2	1.292772E-2	-2.801177E-2	-2.333544E-2	-9.063627E-3	-3.890924E+9	-3.981954E+9	-1.327361E+7	9.102985E+7	-3.653294E+10
5.315030E+2	1.096666E-2	4.351493E+9	8.142603E-3	2.083919E+8	1.496036E-2	4.444355E+9	1.534963E-2	2.057204E+8	1.408677E-2	3.507774E+10	1.547554E-2	3.559902E+10	1.418472E-2	3.952209E+10	1.497318E-2	3.995051E+10	-2.824055E-3	3.892715E-4	-7.207024E-3	-3.213327E-3	-6.830581E-3	-4.143101E+9	-4.238635E+9	2.671425E+6	9.553417E+7	-3.974212E+10
5.320120E+2	-8.917717E-4	4.154007E+9	-6.245785E-3	1.973347E+8	-1.058844E-2	4.018996E+9	-2.952577E-2	1.705954E+8	-3.315174E-3	3.278356E+10	-5.930775E-3	3.275585E+10	-4.130699E-3	3.680255E+10	-5.369352E-3	3.690986E+10	-5.354014E-3	-1.893733E-2	2.327998E-2	1.358331E-2	-8.764333E-4	-3.956673E+9	-3.848400E+9	2.673926E+7	-1.082726E+8	-3.671253E+10
5.325120E+2	1.258519E-2	4.378447E+9	1.654027E-2	2.148453E+8	1.222863E-2	4.398875E+9	2.149036E-2	2.105269E+8	1.085392E-2	3.465153E+10	1.195255E-2	3.513110E+10	1.100806E-2	3.905041E+10	1.202304E-2	3.950955E+10	3.955083E-3	9.261731E-3	-4.950087E-3	-5.306649E-3	4.517230E-3	-4.163602E+9	-4.188348E+9	4.318382E+6	2.474650E+7	-3.929470E+10
5.330080E+2	1.182765E-2	4.365831E+9	3.331202E-3	2.046944E+8	1.194457E-2	4.394146E+9	8.604784E-3	2.004411E+8	1.389085E-2	3.505191E+10	1.295536E-2	3.526429E+10	1.367262E-2	3.944605E+10	1.282972E-2	3.963012E+10	-8.496445E-3	-3.339786E-3	-5.273582E-3	-5.156660E-3	-9.498513E-3	-4.161137E+9	-4.193705E+9	4.253302E+6	3.256794E+7	-3.942543E+10
5.332090E+2	1.984533E-2	4.499354E+9	5.300990E-3	2.062081E+8	1.955876E-2	4.520914E+9	-3.388796E-3	1.910534E+8	2.054783E-2	3.592953E+10	2.065159E-2	3.628650E+10	2.043693E-2	4.045044E+10	2.056176E-2	4.078585E+10	-1.454434E-2	-2.294756E-2	8.689786E-3	8.403215E-3	-1.526077E-2	-4.293146E+9	-4.329860E+9	1.515471E+7	3.671431E+7	-4.057964E+10
5.334060E+2	4.322759E-2	4.888752E+9	2.357149E-2	2.202487E+8	4.822479E-2	4.998172E+9	4.835881E-2	2.315575E+8	4.744411E-2	3.947539E+10	4.600905E-2	3.965445E+10	4.753164E-2	4.447356E+10	4.569916E-2	4.454320E+10	-1.965610E-2	1.340226E-4	-2.478732E-2	-1.979012E-2	-2.212766E-2	-4.668504E+9	-4.766615E+9	-1.130883E+7	9.811098E+7	-4.432296E+10
5.336080E+2	2.782481E-2	4.632241E+9	8.412146E-3	2.085990E+8	2.302355E-2	4.578599E+9	3.688592E-2	2.225774E+8	2.744750E-2	3.683914E+10	2.802168E-2	3.726539E+10	2.695146E-2	4.141774E+10	2.799974E-2	4.189763E+10	-1.941266E-2	1.386237E-2	-2.847377E-2	-3.327503E-2	-1.958760E-2	-4.423642E+9	-4.356021E+9	-1.397841E+7	-6.762059E+7	-4.168903E+10
5.338150E+2	5.447896E-2	5.076128E+9	4.420341E-2	2.361039E+8	5.423449E-2	5.098227E+9	5.071559E-2	2.334022E+8	6.104973E-2	4.126908E+10	6.066394E-2	4.160090E+10	6.028556E-2	4.636731E+10	5.997484E-2	4.667703E+10	-1.027555E-2	-3.518904E-3	-6.512175E-3	-6.756645E-3	-1.577142E-2	-4.840024E+9	-4.864825E+9	2.701711E+6	2.480112E+7	-4.644092E+10
5.340070E+2	8.072593E-2	5.513233E+9	1.024186E-1	2.808413E+8	7.757940E-2	5.486894E+9	9.677639E-2	2.694551E+8	8.537480E-2	4.447596E+10	8.150160E-2	4.436854E+10	8.450073E-2	4.996286E+10	8.141518E-2	4.988177E+10	2.169272E-2	1.919699E-2	5.642257E-3	2.495725E-3	2.100347E-2	-5.232392E+9	-5.217439E+9	1.138616E+7	-1.495274E+7	-4.960093E+10
5.342090E+2	1.512272E-1	6.687331E+9	1.709725E-1	3.335236E+8	1.478999E-1	6.657654E+9	1.584716E-1	3.177454E+8	1.565703E-1	5.386199E+10	1.511434E-1	5.361830E+10	1.555981E-1	6.051965E+10	1.511528E-1	6.030563E+10	1.974525E-2	1.057170E-2	1.250088E-2	9.173546E-3	1.981970E-2	-6.353808E+9	-6.339909E+9	1.577820E+7	-1.389885E+7	-5.997211E+10
5.344120E+2	3.192237E-1	9.485073E+9	2.968335E-1	4.302455E+8	3.121338E-1	9.391972E+9	2.994063E-1	4.280584E+8	3.285826E-1	7.653917E+10	3.158971E-1	7.550073E+10	3.267383E-1	8.593114E+10	3.162678E-1	8.498580E+10	-2.239020E-2	-1.272749E-2	-2.572813E-3	-9.662711E-3	-1.943423E-2	-9.054827E+9	-8.963913E+9	2.187106E+6	-9.091423E+7	-8.455555E+10
5.346200E+2	5.406110E-1	1.317196E+10	5.725321E-1	6.421148E+8	5.312115E-1	1.303938E+10	5.364379E-1	6.135887E+8	5.545356E-1	1.063276E+11	5.376782E-1	1.049575E+11	5.519204E-1	1.193670E+11	5.380050E-1	1.181294E+11	3.192109E-2	5.226403E-3	3.609413E-2	2.669469E-2	3.452706E-2	-1.252985E+10	-1.242579E+10	2.852606E+7	-1.040568E+8	-1.174873E+11
5.348070E+2	9.368773E-1	1.977121E+10	9.504927E-1	9.325706E+8	9.316138E-1	1.970564E+10	9.488954E-1	9.364290E+8	9.320689E-1	1.560995E+11	9.239668E-1	1.562640E+11	9.320179E-1	1.758052E+11	9.254052E-1	1.760352E+11	1.361543E-2	1.728157E-2	1.597336E-3	-3.666138E-3	2.508748E-2	-1.883864E+10	-1.876921E+10	-3.858439E+6	-6.942557E+7	-1.751026E+11
5.350100E+2	1.349769E+0	2.664732E+10	1.329214E+0	1.223611E+9	1.361793E+0	2.686766E+10	1.343750E+0	1.245491E+9	1.347187E+0	2.108265E+11	1.343928E+0	2.120428E+11	1.348825E+0	2.376941E+11	1.344579E+0	2.386901E+11	-2.055497E-2	-1.804334E-2	-1.453595E-2	-2.511638E-3	-1.536499E-2	-2.542371E+10	-2.562217E+10	-2.188021E+7	1.984544E+8	-2.374665E+11
5.352180E+2	1.992658E+0	3.735372E+10	1.929267E+0	1.684741E+9	2.015106E+0	3.774461E+10	1.906373E+0	1.685870E+9	1.953367E+0	2.907419E+11	1.955020E+0	2.932074E+11	1.960289E+0	3.284865E+11	1.959213E+0	3.305611E+11	-6.339062E-2	-1.087330E-1	2.289395E-2	4.534243E-2	-2.994597E-2	-3.566898E+10	-3.605874E+10	-1.129082E+6	3.897655E+8	-3.288764E+11
5.354110E+2	2.055372E+0	3.839813E+10	1.931780E+0	1.686671E+9	2.072010E+0	3.869201E+10	1.973158E+0	1.738144E+9	2.012672E+0	2.985604E+11	2.018952E+0	3.016988E+11	2.019325E+0	3.372524E+11	2.023010E+0	3.400970E+11	-1.235921E-1	-9.885186E-2	-4.137886E-2	-2.474024E-2	-9.123004E-2	-3.671146E+10	-3.695386E+10	-5.147274E+7	2.424023E+8	-3.384103E+11
5.356200E+2	2.379756E+0	4.380029E+10	2.290116E+0	1.962046E+9	2.394511E+0	4.406130E+10	2.297678E+0	1.992153E+9	2.303917E+0	3.369566E+11	2.310836E+0	3.404666E+11	2.314075E+0	3.810179E+11	2.318515E+0	3.842669E+11	-8.964043E-2	-9.683315E-2	-7.562306E-3	7.192715E-3	-2.839904E-2	-4.183824E+10	-4.206914E+10	-3.010724E+7	2.308985E+8	-3.823048E+11
5.358080E+2	2.159645E+0	4.013466E+10	2.113317E+0	1.826180E+9	2.146189E+0	3.992700E+10	2.029448E+0	1.782203E+9	2.103207E+0	3.104961E+11	2.105593E+0	3.132065E+11	2.108026E+0	3.504231E+11	2.111616E+0	3.533411E+11	-4.632828E-2	-1.167407E-1	8.386914E-2	7.041243E-2	1.701646E-3	-3.830848E+10	-3.814479E+10	4.397636E+7	-1.636885E+8	-3.515149E+11
5.360070E+2	2.092245E+0	3.901220E+10	1.936289E+0	1.690137E+9	2.064215E+0	3.856223E+10	1.919719E+0	1.696316E+9	2.030789E+0	3.009489E+11	2.030130E+0	3.031835E+11	2.034537E+0	3.395111E+11	2.037051E+0	3.421957E+11	-1.559564E-1	-1.444968E-1	1.656985E-2	-1.145966E-2	-1.007620E-1	-3.732207E+10	-3.686591E+10	-6.179111E+6	-4.561516E+8	-3.405056E+11
5.362110E+2	1.916976E+0	3.609334E+10	1.819589E+0	1.600455E+9	1.906941E+0	3.594378E+10	1.766776E+0	1.576604E+9	1.880603E+0	2.811492E+11	1.877871E+0	2.829606E+11	1.883556E+0	3.170930E+11	1.882228E+0	3.190539E+11	-9.738688E-2	-1.401648E-1	5.281267E-2	4.277789E-2	-6.263890E-2	-3.449289E+10	-3.436717E+10	2.385109E+7	-1.257133E+8	-3.174534E+11
5.364090E+2	1.505044E+0	2.923321E+10	1.447020E+0	1.314143E+9	1.503700E+0	2.923026E+10	1.432667E+0	1.315089E+9	1.482687E+0	2.286900E+11	1.481904E+0	2.303687E+11	1.485043E+0	2.579203E+11	1.484482E+0	2.596019E+11	-5.802381E-2	-7.103303E-2	1.435297E-2	1.300922E-2	-3.746209E-2	-2.791907E+10	-2.791517E+10	-9.460058E+5	-3.897399E+6	-2.582877E+11
5.366350E+2	1.452628E+0	2.836029E+10	1.425608E+0	1.297688E+9	1.471030E+0	2.868634E+10	1.396461E+0	1.286749E+9	1.445230E+0	2.237519E+11	1.440722E+0	2.248989E+11	1.448123E+0	2.524382E+11	1.442048E+0	2.532592E+11	-2.701987E-2	-7.456977E-2	2.914714E-2	4.754990E-2	-1.644078E-2	-2.706260E+10	-2.739959E+10	1.093871E+7	3.369891E+8	-2.519615E+11
5.368180E+2	1.257673E+0	2.511361E+10	1.229830E+0	1.147236E+9	1.251454E+0	2.503063E+10	1.231095E+0	1.157313E+9	1.250899E+0	1.981324E+11	1.238870E+0	1.980891E+11	1.250961E+0	2.231630E+11	1.240965E+0	2.232028E+11	-2.784355E-2	-2.035946E-2	-1.264600E-3	-7.484090E-3	-1.113538E-2	-2.396637E+10	-2.387332E+10	-1.007695E+7	-9.305330E+7	-2.220555E+11
5.370010E+2	1.290008E+0	2.565210E+10	1.239847E+0	1.154934E+9	1.281357E+0	2.552849E+10	1.288905E+0	1.202562E+9	1.275281E+0	2.013468E+11	1.263795E+0	2.013996E+11	1.275963E+0	2.268753E+11	1.266716E+0	2.270517E+11	-5.016069E-2	7.547325E-3	-4.905728E-2	-5.770801E-2	-2.686826E-2	-2.449716E+10	-2.432593E+10	-4.762810E+7	-1.712324E+8	-2.258968E+11
5.372270E+2	1.286250E+0	2.558951E+10	1.272886E+0	1.180324E+9	1.302972E+0	2.588835E+10	1.159674E+0	1.101410E+9	1.296183E+0	2.041024E+11	1.285540E+0	2.042877E+11	1.296944E+0	2.299908E+11	1.285619E+0	2.298772E+11	-1.336455E-2	-1.432983E-1	1.132118E-1	1.299337E-1	-1.273324E-2	-2.440919E+10	-2.478694E+10	7.891324E+7	3.777541E+8	-2.286969E+11
5.374110E+2	1.276344E+0	2.542454E+10	1.228888E+0	1.146513E+9	1.267961E+0	2.530545E+10	1.213009E+0	1.143157E+9	1.264480E+0	1.999229E+11	1.260170E+0	2.009181E+11	1.264871E+0	2.252283E+11	1.261972E+0	2.263426E+11	-4.745531E-2	-5.495153E-2	1.587922E-2	7.496213E-3	-3.308319E-2	-2.427802E+10	-2.416230E+10	3.355330E+6	-1.157280E+8	-2.251961E+11
5.376110E+2	1.562201E+0	3.018509E+10	1.507332E+0	1.360492E+9	1.569629E+0	3.032791E+10	1.544020E+0	1.402247E+9	1.552020E+0	2.378306E+11	1.545052E+0	2.387558E+11	1.553995E+0	2.681585E+11	1.546962E+0	2.689409E+11	-5.486903E-2	-2.560934E-2	-3.668768E-2	-2.925969E-2	-3.962996E-2	-2.882459E+10	-2.892566E+10	-4.175572E+7	1.010669E+8	-2.675804E+11
5.378160E+2	1.660145E+0	3.181620E+10	1.620018E+0	1.447089E+9	1.652225E+0	3.170303E+10	1.582718E+0	1.432537E+9	1.621021E+0	2.469272E+11	1.624907E+0	2.493622E+11	1.624519E+0	2.786302E+11	1.628833E+0	2.811784E+11	-4.012671E-2	-6.950621E-2	3.730000E-2	2.937951E-2	-8.815037E-3	-3.036911E+10	-3.027049E+10	1.455129E+7	-9.861749E+7	-2.797313E+11
5.380160E+2	2.003041E+0	3.752663E+10	1.914483E+0	1.673379E+9	2.014770E+0	3.773902E+10	1.896085E+0	1.677817E+9	1.951185E+0	2.904543E+11	1.957190E+0	2.934956E+11	1.958314E+0	3.281933E+11	1.962298E+0	3.310222E+11	-8.855812E-2	-1.186855E-1	1.839782E-2	3.012739E-2	-4.781555E-2	-3.585325E+10	-3.606120E+10	-4.437747E+6	2.079503E+8	-3.293489E+11
5.382060E+2	2.112236E+0	3.934513E+10	2.038582E+0	1.768748E+9	2.100990E+0	3.917448E+10	1.971213E+0	1.736621E+9	2.048351E+0	3.032642E+11	2.056113E+0	3.066346E+11	2.054253E+0	3.424386E+11	2.062366E+0	3.459797E+11	-7.365391E-2	-1.297770E-1	6.736963E-2	5.612306E-2	-2.378374E-2	-3.757638E+10	-3.743786E+10	3.212619E+7	-1.385216E+8	-3.442109E+11
5.384060E+2	1.929150E+0	3.629608E+10	1.910746E+0	1.670507E+9	1.944718E+0	3.657272E+10	1.886121E+0	1.670018E+9	1.901965E+0	2.839654E+11	1.914275E+0	2.877958E+11	1.906758E+0	3.205381E+11	1.915933E+0	3.240919E+11	-1.840386E-2	-5.859668E-2	2.462474E-2	4.019282E-2	-5.186706E-3	-3.462558E+10	-3.490271E+10	4.894312E+5	2.771283E+8	-3.224214E+11
5.386060E+2	1.965078E+0	3.689442E+10	1.843922E+0	1.619154E+9	1.956139E+0	3.676287E+10	1.799311E+0	1.602070E+9	1.909729E+0	2.849890E+11	1.909026E+0	2.870985E+11	1.914933E+0	3.217519E+11	1.915271E+0	3.239929E+11	-1.211566E-1	-1.568277E-1	4.461066E-2	3.567110E-2	-7.134910E-2	-3.527527E+10	-3.516080E+10	1.708462E+7	-1.144693E+8	-3.223738E+11
5.388120E+2	1.715687E+0	3.274116E+10	1.710842E+0	1.516885E+9	1.702857E+0	3.254600E+10	1.633017E+0	1.471908E+9	1.665700E+0	2.528174E+11	1.671316E+0	2.555261E+11	1.669866E+0	2.853634E+11	1.676259E+0	2.882673E+11	-4.844868E-3	-6.983939E-2	7.782439E-2	6.499453E-2	3.458234E-2	-3.122428E+10	-3.107409E+10	4.497717E+7	-1.501858E+8	-2.867504E+11
5.390080E+2	1.662665E+0	3.185817E+10	1.654328E+0	1.473455E+9	1.675855E+0	3.209646E+10	1.588329E+0	1.436929E+9	1.637858E+0	2.491470E+11	1.639123E+0	2.512503E+11	1.642118E+0	2.812434E+11	1.641746E+0	2.831085E+11	-8.337511E-3	-8.752667E-2	6.599890E-2	7.918916E-2	1.258154E-2	-3.038471E+10	-3.065953E+10	3.652596E+7	2.748167E+8	-2.816350E+11
5.392190E+2	1.432316E+0	2.802203E+10	1.424666E+0	1.296964E+9	1.440519E+0	2.817836E+10	1.409508E+0	1.296962E+9	1.412838E+0	2.194815E+11	1.417926E+0	2.218712E+11	1.415941E+0	2.476598E+11	1.419529E+0	2.498932E+11	-7.649245E-3	-3.101069E-2	1.515804E-2	2.336144E-2	5.137018E-3	-2.672506E+10	-2.688140E+10	2.512879E+3	1.563392E+8	-2.485962E+11
5.394100E+2	1.198752E+0	2.413236E+10	1.102035E+0	1.049028E+9	1.185449E+0	2.393173E+10	1.079925E+0	1.038989E+9	1.185701E+0	1.895370E+11	1.176908E+0	1.898593E+11	1.185673E+0	2.134688E+11	1.179342E+0	2.139917E+11	-9.671761E-2	-1.055239E-1	2.210943E-2	8.806308E-3	-7.730682E-2	-2.308334E+10	-2.289274E+10	1.003855E+7	-1.905984E+8	-2.129427E+11
5.396110E+2	1.057449E+0	2.177916E+10	1.034510E+0	9.971365E+8	1.052651E+0	2.172078E+10	1.066066E+0	1.028141E+9	1.063758E+0	1.734607E+11	1.060850E+0	1.744447E+11	1.062513E+0	1.951815E+11	1.060471E+0	1.962239E+11	-2.293918E-2	1.341492E-2	-3.155548E-2	-3.635410E-2	-2.596111E-2	-2.078203E+10	-2.069263E+10	-3.100455E+7	-8.939338E+7	-1.952267E+11
5.398180E+2	8.523185E-1	1.836300E+10	8.160412E-1	8.292471E+8	8.494123E-1	1.833708E+10	8.267915E-1	8.408554E+8	8.454780E-1	1.446839E+11	8.444110E-1	1.456974E+11	8.459192E-1	1.630209E+11	8.452920E-1	1.640604E+11	-3.627734E-2	-2.262086E-2	-1.075028E-2	-1.365648E-2	-2.925080E-2	-1.753376E+10	-1.749622E+10	-1.160831E+7	-3.753604E+7	-1.632312E+11
5.400240E+2	8.150528E-1	1.774240E+10	8.354805E-1	8.441858E+8	7.976820E-1	1.747582E+10	8.022258E-1	8.216273E+8	7.990544E-1	1.385636E+11	8.003652E-1	1.398473E+11	7.989006E-1	1.560395E+11	8.020017E-1	1.575897E+11	2.042771E-2	4.543799E-3	3.325468E-2	1.588391E-2	3.347886E-2	-1.689821E+10	-1.665420E+10	2.255856E+7	-2.440151E+8	-1.567455E+11
5.402160E+2	6.674181E-1	1.528375E+10	6.928093E-1	7.345456E+8	6.706235E-1	1.536044E+10	6.453524E-1	6.988387E+8	6.671654E-1	1.211761E+11	6.683077E-1	1.223076E+11	6.675531E-1	1.365365E+11	6.682086E-1	1.375913E+11	2.539122E-2	-2.527109E-2	4.745690E-2	5.066230E-2	2.460075E-2	-1.454921E+10	-1.466160E+10	3.570694E+7	1.123912E+8	-1.368568E+11
5.404070E+2	5.367775E-1	1.310812E+10	5.530605E-1	6.271513E+8	5.356653E-1	1.311353E+10	5.388916E-1	6.155093E+8	5.316867E-1	1.033153E+11	5.307471E-1	1.040369E+11	5.321328E-1	1.164288E+11	5.314190E-1	1.171450E+11	1.628308E-2	3.226295E-3	1.416894E-2	1.305678E-2	2.164159E-2	-1.248097E+10	-1.249802E+10	1.164201E+7	1.705145E+7	-1.165179E+11
5.406140E+2	5.023759E-1	1.253521E+10	4.401843E-1	5.404079E+8	4.931090E-1	1.240501E+10	4.789707E-1	5.686078E+8	4.986810E-1	9.896403E+10	4.960072E-1	9.942278E+10	4.980563E-1	1.113690E+11	4.967168E-1	1.119580E+11	-6.219164E-2	-1.413828E-2	-3.878645E-2	-4.805336E-2	-5.653253E-2	-1.199480E+10	-1.183640E+10	-2.819982E+7	-1.583981E+8	-1.114176E+11
5.408160E+2	4.322367E-1	1.136714E+10	4.200365E-1	5.249247E+8	4.268292E-1	1.130152E+10	4.231615E-1	5.249245E+8	4.339461E-1	9.042972E+10	4.301823E-1	9.067997E+10	4.331481E-1	1.017312E+11	4.304111E-1	1.020471E+11	-1.220019E-2	-3.667711E-3	-3.125003E-3	-8.532482E-3	-1.037467E-2	-1.084222E+10	-1.077660E+10	1.981616E+2	-6.561650E+7	-1.015222E+11
5.410080E+2	4.744855E-1	1.207073E+10	5.106834E-1	5.945852E+8	4.681534E-1	1.198953E+10	4.750563E-1	5.655439E+8	4.776668E-1	9.619362E+10	4.723196E-1	9.627662E+10	4.766001E-1	1.081831E+11	4.725609E-1	1.083474E+11	3.619795E-2	6.902887E-3	3.562709E-2	2.929507E-2	3.812246E-2	-1.147615E+10	-1.142398E+10	2.904136E+7	-5.216451E+7	-1.077528E+11
5.415090E+2	5.261069E-1	1.293042E+10	5.444275E-1	6.205170E+8	5.326743E-1	1.306373E+10	5.525563E-1	6.262050E+8	5.315243E-1	1.032939E+11	5.329287E-1	1.043267E+11	5.316533E-1	1.163576E+11	5.321687E-1	1.172571E+11	1.832060E-2	1.988198E-2	-8.128792E-3	-1.561384E-3	1.225883E-2	-1.230990E+10	-1.243753E+10	-5.688003E+6	1.276274E+8	-1.166366E+11
5.420050E+2	6.746186E-1	1.540366E+10	6.519010E-1	7.031083E+8	6.601449E-1	1.518598E+10	6.240024E-1	6.821275E+8	6.714633E-1	1.217427E+11	6.659092E-1	1.219890E+11	6.701942E-1	1.369287E+11	6.668796E-1	1.373927E+11	-2.271758E-2	-3.614253E-2	2.789856E-2	1.342494E-2	-1.497863E-2	-1.470056E+10	-1.450385E+10	2.098080E+7	-1.967050E+8	-1.366896E+11
5.424810E+2	8.758120E-1	1.875425E+10	8.949515E-1	8.898882E+8	8.599627E-1	1.851273E+10	8.395411E-1	8.508348E+8	8.683083E-1	1.476937E+11	8.675185E-1	1.487665E+11	8.673725E-1	1.662064E+11	8.684425E-1	1.675208E+11	1.913950E-2	-2.042157E-2	5.541040E-2	3.956107E-2	2.650902E-2	-1.786437E+10	-1.766189E+10	3.905337E+7	-2.024727E+8	-1.666309E+11
5.430070E+2	1.011861E+0	2.101995E+10	1.018652E+0	9.849501E+8	9.942854E-1	2.074906E+10	9.653545E-1	9.493120E+8	9.961935E-1	1.645534E+11	9.938401E-1	1.655445E+11	9.959796E-1	1.853024E+11	9.958479E-1	1.865644E+11	6.791869E-3	-2.893085E-2	5.329789E-2	3.572271E-2	2.280456E-2	-2.003500E+10	-1.979974E+10	3.563806E+7	-2.352543E+8	-1.855795E+11
5.434950E+2	1.233481E+0	2.471072E+10	1.262218E+0	1.172125E+9	1.231861E+0	2.470444E+10	1.283978E+0	1.198706E+9	1.222123E+0	1.943387E+11	1.224574E+0	1.961903E+11	1.223215E+0	2.190431E+11	1.225566E+0	2.209010E+11	2.873631E-2	5.211619E-2	-2.176007E-2	-2.337988E-2	3.665138E-2	-2.353860E+10	-2.350573E+10	-2.658053E+7	-3.286453E+7	-2.197289E+11
5.440220E+2	1.200878E+0	2.416776E+10	1.173481E+0	1.103933E+9	1.210457E+0	2.434808E+10	1.189345E+0	1.124634E+9	1.186677E+0	1.896658E+11	1.191697E+0	1.918237E+11	1.189344E+0	2.140138E+11	1.192720E+0	2.159914E+11	-2.739733E-2	-2.111273E-2	-1.586397E-2	-6.284603E-3	-1.923953E-2	-2.306383E+10	-2.322345E+10	-2.070168E+7	1.596200E+8	-2.148875E+11
5.445180E+2	1.138480E+0	2.312862E+10	1.155154E+0	1.089849E+9	1.140040E+0	2.317572E+10	1.094125E+0	1.050104E+9	1.129369E+0	1.821105E+11	1.131628E+0	1.838454E+11	1.130566E+0	2.052863E+11	1.132392E+0	2.069740E+11	1.667337E-2	-4.591517E-2	6.102852E-2	6.258854E-2	2.276192E-2	-2.203877E+10	-2.212561E+10	3.974492E+7	8.684359E+7	-2.058841E+11
5.450090E+2	1.085118E+0	2.223995E+10	1.037902E+0	9.997430E+8	1.074517E+0	2.208482E+10	1.039671E+0	1.007481E+9	1.077288E+0	1.752444E+11	1.069361E+0	1.755751E+11	1.076977E+0	1.973292E+11	1.071117E+0	1.978151E+11	-4.721635E-2	-3.484549E-2	-1.769204E-3	-1.237086E-2	-3.321493E-2	-2.124021E+10	-2.107734E+10	-7.738420E+6	-1.628702E+8	-1.968153E+11
5.455130E+2	9.915181E-1	2.068117E+10	1.008440E+0	9.771018E+8	9.949345E-1	2.075986E+10	1.016320E+0	9.892038E+8	9.849099E-1	1.630658E+11	9.863709E-1	1.645524E+11	9.860339E-1	1.838257E+11	9.869444E-1	1.852336E+11	1.692155E-2	2.138542E-2	-7.880201E-3	-4.463863E-3	2.149533E-2	-1.970407E+10	-1.977066E+10	-1.210203E+7	6.658607E+7	-1.842565E+11
5.460060E+2	1.058363E+0	2.179439E+10	1.029837E+0	9.935452E+8	1.066663E+0	2.195407E+10	1.036595E+0	1.005074E+9	1.056545E+0	1.725098E+11	1.055837E+0	1.737788E+11	1.057680E+0	1.944639E+11	1.056118E+0	1.955732E+11	-2.852637E-2	-3.006826E-2	-6.758034E-3	1.541891E-3	-2.628145E-2	-2.080084E+10	-2.094899E+10	-1.152843E+7	1.481551E+8	-1.945797E+11
5.465160E+2	9.711901E-1	2.034264E+10	1.013232E+0	9.807847E+8	9.624126E-1	2.021841E+10	9.593557E-1	9.446166E+8	9.703545E-1	1.611469E+11	9.667261E-1	1.619432E+11	9.694640E-1	1.813653E+11	9.672234E-1	1.822858E+11	4.204209E-2	-3.056892E-3	5.387649E-2	4.509898E-2	4.600879E-2	-1.936186E+10	-1.927379E+10	3.616814E+7	-8.806346E+7	-1.813051E+11
5.470050E+2	1.056602E+0	2.176506E+10	9.945293E-1	9.664119E+8	1.053470E+0	2.173441E+10	1.051689E+0	1.016888E+9	1.057779E+0	1.726724E+11	1.055184E+0	1.736921E+11	1.057295E+0	1.944068E+11	1.055342E+0	1.954572E+11	-6.207312E-2	-1.781103E-3	-5.715950E-2	-6.029202E-2	-6.081273E-2	-2.079865E+10	-2.071753E+10	-5.047600E+7	-8.112207E+7	-1.944907E+11
5.475180E+2	1.119797E+0	2.281748E+10	1.090862E+0	1.040441E+9	1.119076E+0	2.282669E+10	1.055930E+0	1.020208E+9	1.114288E+0	1.801223E+11	1.115390E+0	1.816886E+11	1.114825E+0	2.029490E+11	1.115881E+0	2.045061E+11	-2.893584E-2	-6.314602E-2	3.493140E-2	3.421018E-2	-2.501966E-2	-2.177704E+10	-2.180648E+10	2.023375E+7	2.943917E+7	-2.034657E+11
5.480090E+2	1.191168E+0	2.400606E+10	1.171312E+0	1.102266E+9	1.194437E+0	2.408137E+10	1.159458E+0	1.101242E+9	1.183453E+0	1.892406E+11	1.183282E+0	1.907060E+11	1.184684E+0	2.133220E+11	1.184161E+0	2.147121E+11	-1.985600E-2	-3.497917E-2	1.185393E-2	1.512317E-2	-1.284881E-2	-2.290379E+10	-2.298013E+10	1.024659E+6	7.633495E+7	-2.136098E+11
5.485060E+2	1.502904E+0	2.919758E+10	1.457345E+0	1.322077E+9	1.498741E+0	2.914770E+10	1.464392E+0	1.339920E+9	1.490267E+0	2.296894E+11	1.489109E+0	2.313256E+11	1.491218E+0	2.588371E+11	1.490646E+0	2.605232E+11	-4.555947E-2	-3.434948E-2	-7.046871E-3	-1.120998E-2	-3.330136E-2	-2.787550E+10	-2.780778E+10	-1.784322E+7	-6.772412E+7	-2.592011E+11
5.490210E+2	1.367419E+0	2.694126E+10	1.362355E+0	1.249079E+9	1.361509E+0	2.686292E+10	1.287204E+0	1.201231E+9	1.345266E+0	2.105732E+11	1.345664E+0	2.122734E+11	1.347087E+0	2.374361E+11	1.348088E+0	2.392146E+11	-5.063730E-3	-7.430504E-2	7.515156E-2	6.924131E-2	1.426747E-2	-2.569218E+10	-2.566169E+10	4.784833E+7	-3.049011E+7	-2.379655E+11
5.495100E+2	1.542130E+0	2.985083E+10	1.447102E+0	1.314206E+9	1.535432E+0	2.975857E+10	1.513363E+0	1.378251E+9	1.513814E+0	2.327937E+11	1.518042E+0	2.351685E+11	1.516238E+0	2.625523E+11	1.520726E+0	2.650193E+11	-9.502796E-2	-2.206935E-2	-6.626083E-2	-7.295861E-2	-7.362355E-2	-2.853662E+10	-2.838032E+10	-6.404552E+7	-1.563083E+8	-2.637051E+11
5.499940E+2	1.504817E+0	2.922944E+10	1.485424E+0	1.343656E+9	1.504437E+0	2.924253E+10	1.382303E+0	1.275668E+9	1.483187E+0	2.287560E+11	1.485852E+0	2.308930E+11	1.485570E+0	2.579985E+11	1.487965E+0	2.601224E+11	-1.939329E-2	-1.221344E-1	1.031212E-1	1.027411E-1	-2.540724E-3	-2.788578E+10	-2.796686E+10	6.798805E+7	8.108117E+7	-2.587788E+11
5.505170E+2	1.557128E+0	3.010060E+10	1.517947E+0	1.368648E+9	1.567727E+0	3.029624E+10	1.557438E+0	1.412750E+9	1.533217E+0	2.353517E+11	1.541839E+0	2.383292E+11	1.537087E+0	2.656479E+11	1.543543E+0	2.684298E+11	-3.918187E-2	-1.028887E-2	-3.949172E-2	-2.889300E-2	-2.559609E-2	-2.873196E+10	-2.888349E+10	-4.410169E+7	1.515337E+8	-2.670611E+11
5.510360E+2	1.580827E+0	3.049527E+10	1.556177E+0	1.398028E+9	1.593782E+0	3.073002E+10	1.565368E+0	1.418957E+9	1.564863E+0	2.395237E+11	1.564855E+0	2.413861E+11	1.568105E+0	2.702537E+11	1.566635E+0	2.718814E+11	-2.464952E-2	-2.841424E-2	-9.190390E-3	3.764712E-3	-1.045728E-2	-2.909724E+10	-2.931107E+10	-2.092860E+7	2.138277E+8	-2.704834E+11
5.515170E+2	1.263747E+0	2.521475E+10	1.225547E+0	1.143944E+9	1.262786E+0	2.521929E+10	1.218004E+0	1.147067E+9	1.253684E+0	1.984995E+11	1.252894E+0	1.999518E+11	1.254704E+0	2.237188E+11	1.254103E+0	2.251665E+11	-3.820036E-2	-4.478114E-2	7.542166E-3	6.580777E-3	-2.855676E-2	-2.407081E+10	-2.407222E+10	-3.122683E+6	1.414390E+6	-2.240226E+11
5.520100E+2	1.251285E+0	2.500721E+10	1.296643E+0	1.198580E+9	1.240240E+0	2.484393E+10	1.192357E+0	1.126992E+9	1.231921E+0	1.956304E+11	1.228585E+0	1.967230E+11	1.232853E+0	2.204743E+11	1.231114E+0	2.217302E+11	4.535804E-2	-4.788290E-2	1.042855E-1	9.324095E-2	6.552867E-2	-2.380863E+10	-2.371694E+10	7.158806E+7	-9.169054E+7	-2.205317E+11
5.525040E+2	1.032162E+0	2.135803E+10	9.894032E-1	9.624726E+8	1.045194E+0	2.159663E+10	1.052170E+0	1.017264E+9	1.036477E+0	1.698642E+11	1.041440E+0	1.718666E+11	1.037455E+0	1.914608E+11	1.040406E+0	1.932247E+11	-4.275832E-2	6.975865E-3	-6.276661E-2	-4.973418E-2	-5.100303E-2	-2.039556E+10	-2.057936E+10	-5.479181E+7	1.838046E+8	-1.922622E+11
5.530090E+2	1.108147E+0	2.262346E+10	1.164321E+0	1.096894E+9	1.103312E+0	2.256424E+10	1.063025E+0	1.025761E+9	1.100873E+0	1.783538E+11	1.099736E+0	1.796094E+11	1.101147E+0	2.009180E+11	1.100673E+0	2.022329E+11	5.617425E-2	-4.028694E-2	1.012960E-1	9.646119E-2	6.364841E-2	-2.152657E+10	-2.153847E+10	7.113270E+7	1.190477E+7	-2.011360E+11
5.535050E+2	1.028127E+0	2.129085E+10	1.013751E+0	9.811831E+8	1.023854E+0	2.124135E+10	9.993835E-1	9.759473E+8	1.030703E+0	1.691029E+11	1.024463E+0	1.696118E+11	1.029935E+0	1.903443E+11	1.024872E+0	1.909027E+11	-1.437685E-2	-2.447095E-2	1.436715E-2	1.009409E-2	-1.112108E-2	-2.030967E+10	-2.026540E+10	5.235858E+6	-4.426637E+7	-1.899215E+11
5.540070E+2	9.035669E-1	1.921647E+10	8.864351E-1	8.833435E+8	8.770423E-1	1.879708E+10	8.975067E-1	8.962059E+8	8.960886E-1	1.513561E+11	8.880690E-1	1.514961E+11	8.939530E-1	1.701532E+11	8.897957E-1	1.707125E+11	-1.713173E-2	2.046439E-2	-1.107158E-2	-3.759612E-2	-3.360613E-3	-1.833313E+10	-1.790088E+10	-1.286237E+7	-4.322483E+8	-1.698292E+11
5.550310E+2	9.992672E-1	2.081022E+10	9.852078E-1	9.592485E+8	9.998979E-1	2.084250E+10	9.927812E-1	9.707795E+8	1.004703E+0	1.656752E+11	1.000272E+0	1.663987E+11	1.004164E+0	1.865177E+11	1.000160E+0	1.872089E+11	-1.405935E-2	-7.116713E-3	-7.573342E-3	-6.942636E-3	-1.495193E-2	-1.985097E+10	-1.987172E+10	-1.153097E+7	2.074331E+7	-1.862497E+11
5.560240E+2	1.016696E+0	2.110048E+10	1.036201E+0	9.984358E+8	1.014083E+0	2.107866E+10	1.006202E+0	9.812846E+8	1.015354E+0	1.670794E+11	1.009930E+0	1.676816E+11	1.015211E+0	1.881580E+11	1.010684E+0	1.887820E+11	1.950452E-2	-7.880096E-3	2.999853E-2	2.738461E-2	2.551669E-2	-2.010205E+10	-2.009737E+10	1.715117E+7	-4.675164E+6	-1.877836E+11
5.570100E+2	1.164584E+0	2.356333E+10	1.118621E+0	1.061774E+9	1.172159E+0	2.371046E+10	1.132469E+0	1.080117E+9	1.167703E+0	1.871643E+11	1.164470E+0	1.882074E+11	1.168203E+0	2.108748E+11	1.164483E+0	2.117707E+11	-4.596239E-2	-3.968962E-2	-1.384831E-2	-6.272769E-3	-4.586142E-2	-2.250156E+10	-2.263034E+10	-1.834265E+7	1.287864E+8	-2.107089E+11
5.580230E+2	1.116577E+0	2.276385E+10	1.124676E+0	1.066427E+9	1.131143E+0	2.302759E+10	1.131175E+0	1.079104E+9	1.130423E+0	1.822495E+11	1.126449E+0	1.831575E+11	1.130504E+0	2.052771E+11	1.125349E+0	2.059214E+11	8.099145E-3	3.194059E-5	-6.499253E-3	8.067204E-3	-6.735595E-4	-2.169742E+10	-2.194849E+10	-1.267661E+7	2.510670E+8	-2.048549E+11
5.590210E+2	1.038315E+0	2.146050E+10	1.089709E+0	1.039556E+9	1.039460E+0	2.150117E+10	9.397250E-1	9.292512E+8	1.036599E+0	1.698802E+11	1.034036E+0	1.708832E+11	1.036919E+0	1.913813E+11	1.034513E+0	1.923437E+11	5.139450E-2	-9.973519E-2	1.499841E-1	1.511297E-1	5.519640E-2	-2.042095E+10	-2.057192E+10	1.103047E+8	1.509697E+8	-1.913042E+11
5.600180E+2	1.043254E+0	2.154276E+10	1.061107E+0	1.017576E+9	1.048100E+0	2.164501E+10	9.844728E-1	9.642763E+8	1.044817E+0	1.709636E+11	1.051013E+0	1.731382E+11	1.045185E+0	1.926086E+11	1.050149E+0	1.946809E+11	1.785316E-2	-6.362711E-2	7.663427E-2	8.148027E-2	1.095827E-2	-2.052518E+10	-2.068073E+10	5.329936E+7	1.555491E+8	-1.936633E+11
5.610010E+2	9.406406E-1	1.983388E+10	9.425468E-1	9.264643E+8	9.414074E-1	1.986869E+10	9.660155E-1	9.498294E+8	9.407026E-1	1.572378E+11	9.408426E-1	1.585054E+11	9.407816E-1	1.771065E+11	9.408201E-1	1.783393E+11	1.906199E-3	2.460810E-2	-2.346876E-2	-2.270190E-2	1.726707E-3	-1.890742E+10	-1.891887E+10	-2.336510E+7	1.144871E+7	-1.774128E+11
5.620390E+2	9.852290E-1	2.057644E+10	9.736861E-1	9.503943E+8	9.879158E-1	2.064301E+10	1.010078E+0	9.843178E+8	9.847848E-1	1.630493E+11	9.848440E-1	1.643496E+11	9.851359E-1	1.836923E+11	9.848869E-1	1.849260E+11	-1.154291E-2	2.216181E-2	-3.639156E-2	-3.370472E-2	-1.120077E-2	-1.962604E+10	-1.965869E+10	-3.392358E+7	3.264840E+7	-1.839756E+11
5.630120E+2	9.541494E-1	2.005885E+10	9.662286E-1	9.446633E+8	9.371695E-1	1.979814E+10	8.978906E-1	8.965064E+8	9.482576E-1	1.582338E+11	9.388062E-1	1.582349E+11	9.470143E-1	1.780319E+11	9.405156E-1	1.782938E+11	1.207920E-2	-3.927885E-2	6.833795E-2	5.135805E-2	2.571296E-2	-1.911419E+10	-1.890163E+10	4.815692E+7	-2.125563E+8	-1.773491E+11
5.640120E+2	9.295939E-1	1.964991E+10	9.357425E-1	9.212353E+8	9.270345E-1	1.962940E+10	9.402302E-1	9.296466E+8	9.373622E-1	1.567974E+11	9.374299E-1	1.580521E+11	9.362042E-1	1.764268E+11	9.365569E-1	1.777020E+11	6.148612E-3	1.319566E-2	-4.487690E-3	-7.047044E-3	-8.143714E-4	-1.872868E+10	-1.869975E+10	-8.411258E+6	-2.892383E+7	-1.767808E+11
5.650150E+2	1.011836E+0	2.101953E+10	1.016113E+0	9.829982E+8	1.017554E+0	2.113645E+10	1.004031E+0	9.795849E+8	1.009329E+0	1.662850E+11	1.010144E+0	1.677100E+11	1.010251E+0	1.874215E+11	1.010333E+0	1.887295E+11	4.276795E-3	-1.352280E-2	1.208158E-2	1.779960E-2	5.779618E-3	-2.003654E+10	-2.015686E+10	3.413249E+6	1.203274E+8	-1.877465E+11
5.660150E+2	1.008186E+0	2.095875E+10	9.984526E-1	9.694269E+8	1.018299E+0	2.114885E+10	1.036788E+0	1.005225E+9	1.014996E+0	1.670321E+11	1.018913E+0	1.688746E+11	1.015366E+0	1.881810E+11	1.017718E+0	1.898334E+11	-9.733438E-3	1.848921E-2	-3.833538E-2	-2.822265E-2	-1.926519E-2	-1.998933E+10	-2.014363E+10	-3.579779E+7	1.543004E+8	-1.888639E+11
5.670200E+2	1.127112E+0	2.293929E+10	1.106124E+0	1.052170E+9	1.122520E+0	2.288403E+10	1.160494E+0	1.102053E+9	1.119752E+0	1.808426E+11	1.118007E+0	1.820362E+11	1.120062E+0	2.037266E+11	1.119021E+0	2.049754E+11	-2.098762E-2	3.797399E-2	-5.437042E-2	-5.896161E-2	-1.289722E-2	-2.188712E+10	-2.178198E+10	-4.988229E+7	-1.051417E+8	-2.039233E+11
