Photon Energy (eV)	X ref norm	X ref	X pump norm	X pump	Y ref norm	Y ref	Y pump norm	Y pump	X all norm	X all	Y all norm	Y all	X all Y ref norm	X all Y ref	Y all X ref norm	Y all X ref	BC(X hist) norm	BC(Y hist) norm	StS norm	BCSC norm	BCLR norm	BC(X hist)	BC(Y hist)	StS	BCSC	BCLR	
5.290270E+2	8.840042E-5	4.170331E+9	-1.793375E-2	1.899151E+8	-4.158796E-4	4.188358E+9	3.620827E-3	2.019565E+8	1.256343E-3	3.338624E+10	-1.820353E-4	3.351940E+10	1.068842E-3	3.757460E+10	-1.519045E-4	3.768973E+10	-1.802215E-2	4.036707E-3	-2.155457E-2	-2.205885E-2	-1.778184E-2	-3.980416E+9	-3.986401E+9	-1.204136E+7	5.985550E+6	-3.749981E+10
5.295160E+2	-1.216801E-2	3.966218E+9	3.236405E-4	2.040944E+8	-8.959927E-3	4.046109E+9	2.071015E-3	2.007305E+8	-9.226059E-3	3.200430E+10	-9.926723E-3	3.222512E+10	-9.196219E-3	3.605041E+10	-1.017644E-2	3.619133E+10	1.249165E-2	1.103094E-2	-1.747374E-3	1.460708E-3	1.050008E-2	-3.762123E+9	-3.845378E+9	3.363932E+6	8.325467E+7	-3.598724E+10
5.300220E+2	1.866013E-5	4.169169E+9	-5.061392E-4	2.034500E+8	-6.263449E-4	4.184854E+9	-3.747339E-2	1.694485E+8	-1.503573E-3	3.302239E+10	-1.928773E-3	3.328740E+10	-1.405212E-3	3.720724E+10	-1.711798E-3	3.745657E+10	-5.247994E-4	-3.684705E-2	3.696725E-2	3.632225E-2	1.205659E-3	-3.965719E+9	-4.015405E+9	3.400152E+7	4.968584E+7	-3.725312E+10
5.305180E+2	-5.323840E-3	4.080198E+9	1.199390E-2	2.131579E+8	-5.999439E-3	4.095398E+9	6.222652E-3	2.040147E+8	-4.800298E-3	3.258777E+10	-2.671892E-3	3.318870E+10	-4.934754E-3	3.668316E+10	-2.967360E-3	3.726889E+10	1.731774E-2	1.222209E-2	5.771246E-3	5.095647E-3	1.496126E-2	-3.867040E+9	-3.891383E+9	9.143248E+6	2.434308E+7	-3.705574E+10
5.310050E+2	-5.275285E-3	4.081006E+9	-2.168119E-4	2.036747E+8	-5.989511E-4	4.185310E+9	-3.028100E-2	1.751381E+8	-7.351928E-3	3.225137E+10	-6.787900E-3	3.264201E+10	-6.594741E-3	3.643668E+10	-6.619371E-3	3.672302E+10	5.058473E-3	-2.968205E-2	3.006419E-2	3.474052E-2	6.402559E-3	-3.877332E+9	-4.010172E+9	2.853660E+7	1.328401E+8	-3.651934E+10
5.315030E+2	1.096666E-2	4.351493E+9	2.176350E-2	2.207453E+8	1.496036E-2	4.444355E+9	1.598325E-2	2.117359E+8	1.408677E-2	3.507774E+10	1.547554E-2	3.559902E+10	1.418472E-2	3.952209E+10	1.497318E-2	3.995051E+10	1.079684E-2	1.022890E-3	5.780253E-3	9.773950E-3	6.790314E-3	-4.130747E+9	-4.232619E+9	9.009426E+6	1.018722E+8	-3.972977E+10
5.320120E+2	-8.917717E-4	4.154007E+9	-2.203225E-2	1.867321E+8	-1.058844E-2	4.018996E+9	5.769615E-3	2.036563E+8	-3.315174E-3	3.278356E+10	-5.930775E-3	3.275585E+10	-4.130699E-3	3.680255E+10	-5.369352E-3	3.690986E+10	-2.114048E-2	1.635805E-2	-2.780187E-2	-3.749854E-2	-1.666290E-2	-3.967275E+9	-3.815339E+9	-1.692422E+7	-1.519360E+8	-3.672313E+10
5.325120E+2	1.258519E-2	4.378447E+9	6.607917E-3	2.089750E+8	1.222863E-2	4.398875E+9	3.408704E-2	2.260571E+8	1.085392E-2	3.465153E+10	1.195255E-2	3.513110E+10	1.100806E-2	3.905041E+10	1.202304E-2	3.950955E+10	-5.977270E-3	2.185841E-2	-2.747912E-2	-2.783568E-2	-5.415123E-3	-4.169472E+9	-4.172818E+9	-1.708210E+7	3.346018E+6	-3.930057E+10
5.330080E+2	1.182765E-2	4.365831E+9	9.032546E-3	2.108581E+8	1.194457E-2	4.394146E+9	8.493352E-3	2.058110E+8	1.389085E-2	3.505191E+10	1.295536E-2	3.526429E+10	1.367262E-2	3.944605E+10	1.282972E-2	3.963012E+10	-2.795102E-3	-3.451218E-3	5.391939E-4	6.561161E-4	-3.797170E-3	-4.154973E+9	-4.188335E+9	5.047101E+6	3.336174E+7	-3.941927E+10
5.332090E+2	1.984533E-2	4.499354E+9	4.551546E-2	2.391919E+8	1.955876E-2	4.520914E+9	8.114402E-3	2.055112E+8	2.054783E-2	3.592953E+10	2.065159E-2	3.628650E+10	2.043693E-2	4.045044E+10	2.056176E-2	4.078585E+10	2.567013E-2	-1.144436E-2	3.740106E-2	3.711449E-2	2.495370E-2	-4.260162E+9	-4.315403E+9	3.368073E+7	5.524033E+7	-4.054666E+10
5.334060E+2	4.322759E-2	4.888752E+9	6.512990E-2	2.544252E+8	4.822479E-2	4.998172E+9	4.194938E-2	2.322767E+8	4.744411E-2	3.947539E+10	4.600905E-2	3.965445E+10	4.753164E-2	4.447356E+10	4.569916E-2	4.454320E+10	2.190231E-2	-6.275410E-3	2.318052E-2	2.817772E-2	1.943075E-2	-4.634327E+9	-4.765895E+9	2.214844E+7	1.315683E+8	-4.428878E+10
5.336080E+2	2.782481E-2	4.632241E+9	3.239605E-2	2.290029E+8	2.302355E-2	4.578599E+9	3.422781E-2	2.261685E+8	2.744750E-2	3.683914E+10	2.802168E-2	3.726539E+10	2.695146E-2	4.141774E+10	2.799974E-2	4.189763E+10	4.571235E-3	1.120426E-2	-1.831762E-3	-6.633021E-3	4.396301E-3	-4.403238E+9	-4.352430E+9	2.834464E+6	-5.080772E+7	-4.166862E+10
5.338150E+2	5.447896E-2	5.076128E+9	5.653623E-2	2.477510E+8	5.423449E-2	5.098227E+9	9.390971E-2	2.733805E+8	6.104973E-2	4.126908E+10	6.066394E-2	4.160090E+10	6.028556E-2	4.636731E+10	5.997484E-2	4.667703E+10	2.057270E-3	3.967522E-2	-3.737348E-2	-3.761795E-2	-3.438606E-3	-4.828377E+9	-4.824847E+9	-2.562946E+7	-3.530051E+6	-4.642928E+10
5.340070E+2	8.072593E-2	5.513233E+9	9.662259E-2	2.788834E+8	7.757940E-2	5.486894E+9	8.280621E-2	2.645969E+8	8.537480E-2	4.447596E+10	8.150160E-2	4.436854E+10	8.450073E-2	4.996286E+10	8.141518E-2	4.988177E+10	1.589667E-2	5.226811E-3	1.381639E-2	1.066985E-2	1.520742E-2	-5.234350E+9	-5.222298E+9	1.428649E+7	-1.205241E+7	-4.960289E+10
5.342090E+2	1.512272E-1	6.687331E+9	1.345930E-1	3.083725E+8	1.478999E-1	6.657654E+9	1.612445E-1	3.266464E+8	1.565703E-1	5.386199E+10	1.511434E-1	5.361830E+10	1.555981E-1	6.051965E+10	1.511528E-1	6.030563E+10	-1.663421E-2	1.334463E-2	-2.665151E-2	-2.997884E-2	-1.655976E-2	-6.378959E+9	-6.331008E+9	-1.827387E+7	-4.795091E+7	-5.999726E+10
5.344120E+2	3.192237E-1	9.485073E+9	3.212128E-1	4.533077E+8	3.121338E-1	9.391972E+9	3.415772E-1	4.693005E+8	3.285826E-1	7.653917E+10	3.158971E-1	7.550073E+10	3.267383E-1	8.593114E+10	3.162678E-1	8.498580E+10	1.989082E-3	2.944336E-2	-2.036438E-2	-2.745427E-2	4.945051E-3	-9.031765E+9	-8.922671E+9	-1.599275E+7	-1.090941E+8	-8.453249E+10
5.346200E+2	5.406110E-1	1.317196E+10	5.705760E-1	6.469715E+8	5.312115E-1	1.303938E+10	5.239450E-1	6.135645E+8	5.545356E-1	1.063276E+11	5.376782E-1	1.049575E+11	5.519204E-1	1.193670E+11	5.380050E-1	1.181294E+11	2.996505E-2	-7.266499E-3	4.663099E-2	3.723155E-2	3.257102E-2	-1.252499E+10	-1.242581E+10	3.340706E+7	-9.917579E+7	-1.174825E+11
5.348070E+2	9.368773E-1	1.977121E+10	9.562592E-1	9.465060E+8	9.316138E-1	1.970564E+10	9.080632E-1	9.174252E+8	9.320689E-1	1.560995E+11	9.239668E-1	1.562640E+11	9.320179E-1	1.758052E+11	9.254052E-1	1.760352E+11	1.938189E-2	-2.355064E-2	4.819600E-2	4.293253E-2	3.085394E-2	-1.882470E+10	-1.878822E+10	2.908079E+7	-3.648634E+7	-1.750887E+11
5.350100E+2	1.349769E+0	2.664732E+10	1.373673E+0	1.270684E+9	1.361793E+0	2.686766E+10	1.327089E+0	1.248900E+9	1.347187E+0	2.108265E+11	1.343928E+0	2.120428E+11	1.348825E+0	2.376941E+11	1.344579E+0	2.386901E+11	2.390458E-2	-3.470379E-2	4.658406E-2	5.860837E-2	2.909456E-2	-2.537664E+10	-2.561876E+10	2.178356E+7	2.421182E+8	-2.374194E+11
5.352180E+2	1.992658E+0	3.735372E+10	1.979255E+0	1.740998E+9	2.015106E+0	3.774461E+10	1.835830E+0	1.651345E+9	1.953367E+0	2.907419E+11	1.955020E+0	2.932074E+11	1.960289E+0	3.284865E+11	1.959213E+0	3.305611E+11	-1.340312E-2	-1.792765E-1	1.434249E-1	1.658734E-1	2.004153E-2	-3.561272E+10	-3.609327E+10	8.965376E+7	4.805483E+8	-3.288201E+11
5.354110E+2	2.055372E+0	3.839813E+10	1.958102E+0	1.724571E+9	2.072010E+0	3.869201E+10	1.911315E+0	1.711058E+9	2.012672E+0	2.985604E+11	2.018952E+0	3.016988E+11	2.019325E+0	3.372524E+11	2.023010E+0	3.400970E+11	-9.726989E-2	-1.606954E-1	4.678686E-2	6.342548E-2	-6.490783E-2	-3.667356E+10	-3.698095E+10	1.351238E+7	3.073874E+8	-3.383724E+11
5.356200E+2	2.379756E+0	4.380029E+10	2.298886E+0	1.989235E+9	2.394511E+0	4.406130E+10	2.295241E+0	2.014767E+9	2.303917E+0	3.369566E+11	2.310836E+0	3.404666E+11	2.314075E+0	3.810179E+11	2.318515E+0	3.842669E+11	-8.087005E-2	-9.927030E-2	3.645231E-3	1.840025E-2	-1.962865E-2	-4.181106E+10	-4.204653E+10	-2.553179E+7	2.354740E+8	-3.822777E+11
5.358080E+2	2.159645E+0	4.013466E+10	2.023351E+0	1.775245E+9	2.146189E+0	3.992700E+10	1.986065E+0	1.770190E+9	2.103207E+0	3.104961E+11	2.105593E+0	3.132065E+11	2.108026E+0	3.504231E+11	2.111616E+0	3.533411E+11	-1.362942E-1	-1.601233E-1	3.728580E-2	2.382909E-2	-8.826431E-2	-3.835942E+10	-3.815681E+10	5.055106E+6	-2.026097E+8	-3.515659E+11
5.360070E+2	2.092245E+0	3.901220E+10	1.933751E+0	1.705659E+9	2.064215E+0	3.856223E+10	1.879117E+0	1.685588E+9	2.030789E+0	3.009489E+11	2.030130E+0	3.031835E+11	2.034537E+0	3.395111E+11	2.037051E+0	3.421957E+11	-1.584942E-1	-1.850981E-1	5.463337E-2	2.660386E-2	-1.032998E-1	-3.730654E+10	-3.687664E+10	2.007076E+7	-4.299018E+8	-3.404900E+11
5.362110E+2	1.916976E+0	3.609334E+10	1.914039E+0	1.690350E+9	1.906941E+0	3.594378E+10	1.836768E+0	1.652087E+9	1.880603E+0	2.811492E+11	1.877871E+0	2.829606E+11	1.883556E+0	3.170930E+11	1.882228E+0	3.190539E+11	-2.936561E-3	-7.017299E-2	7.727121E-2	6.723643E-2	3.181141E-2	-3.440299E+10	-3.429169E+10	3.826305E+7	-1.113013E+8	-3.173635E+11
5.364090E+2	1.505044E+0	2.923321E+10	1.492819E+0	1.363216E+9	1.503700E+0	2.923026E+10	1.409524E+0	1.314111E+9	1.482687E+0	2.286900E+11	1.481904E+0	2.303687E+11	1.485043E+0	2.579203E+11	1.484482E+0	2.596019E+11	-1.222545E-2	-9.417594E-2	8.329423E-2	8.195049E-2	8.336262E-3	-2.787000E+10	-2.791615E+10	4.910462E+7	4.615322E+7	-2.582387E+11
5.366350E+2	1.452628E+0	2.836029E+10	1.393822E+0	1.286332E+9	1.471030E+0	2.868634E+10	1.418356E+0	1.321097E+9	1.445230E+0	2.237519E+11	1.440722E+0	2.248989E+11	1.448123E+0	2.524382E+11	1.442048E+0	2.532592E+11	-5.880536E-2	-5.267470E-2	-2.453342E-2	-6.130656E-3	-4.822626E-2	-2.707396E+10	-2.736524E+10	-3.476536E+7	2.912850E+8	-2.519728E+11
5.368180E+2	1.257673E+0	2.511361E+10	1.300554E+0	1.213897E+9	1.251454E+0	2.503063E+10	1.246391E+0	1.185063E+9	1.250899E+0	1.981324E+11	1.238870E+0	1.980891E+11	1.250961E+0	2.231630E+11	1.240965E+0	2.232028E+11	4.288044E-2	-5.063469E-3	5.416340E-2	4.794391E-2	5.958861E-2	-2.389971E+10	-2.384557E+10	2.883418E+7	-5.414216E+7	-2.219889E+11
5.370010E+2	1.290008E+0	2.565210E+10	1.283361E+0	1.200544E+9	1.281357E+0	2.552849E+10	1.224829E+0	1.168006E+9	1.275281E+0	2.013468E+11	1.263795E+0	2.013996E+11	1.275963E+0	2.268753E+11	1.266716E+0	2.270517E+11	-6.647115E-3	-5.652874E-2	5.853236E-2	4.988162E-2	1.664531E-2	-2.445155E+10	-2.436049E+10	3.253834E+7	-9.106601E+7	-2.258512E+11
5.372270E+2	1.286250E+0	2.558951E+10	1.298866E+0	1.212586E+9	1.302972E+0	2.588835E+10	1.226745E+0	1.169522E+9	1.296183E+0	2.041024E+11	1.285540E+0	2.042877E+11	1.296944E+0	2.299908E+11	1.285619E+0	2.298772E+11	1.261637E-2	-7.622714E-2	7.212156E-2	8.884351E-2	1.324767E-2	-2.437693E+10	-2.471883E+10	4.306452E+7	3.419054E+8	-2.286646E+11
5.374110E+2	1.276344E+0	2.542454E+10	1.267604E+0	1.188307E+9	1.267961E+0	2.530545E+10	1.208408E+0	1.155016E+9	1.264480E+0	1.999229E+11	1.260170E+0	2.009181E+11	1.264871E+0	2.252283E+11	1.261972E+0	2.263426E+11	-8.739299E-3	-5.955262E-2	5.919632E-2	5.081332E-2	5.632826E-3	-2.423623E+10	-2.415044E+10	3.329090E+7	-8.579246E+7	-2.251543E+11
5.376110E+2	1.562201E+0	3.018509E+10	1.574498E+0	1.426651E+9	1.569629E+0	3.032791E+10	1.439117E+0	1.337521E+9	1.552020E+0	2.378306E+11	1.545052E+0	2.387558E+11	1.553995E+0	2.681585E+11	1.546962E+0	2.689409E+11	1.229627E-2	-1.305128E-1	1.353811E-1	1.428091E-1	2.753534E-2	-2.875843E+10	-2.899039E+10	8.913009E+7	2.319527E+8	-2.675143E+11
5.378160E+2	1.660145E+0	3.181620E+10	1.611963E+0	1.455747E+9	1.652225E+0	3.170303E+10	1.603712E+0	1.467726E+9	1.621021E+0	2.469272E+11	1.624907E+0	2.493622E+11	1.624519E+0	2.786302E+11	1.628833E+0	2.811784E+11	-4.818228E-2	-4.851245E-2	8.250660E-3	3.301672E-4	-1.687061E-2	-3.036045E+10	-3.023530E+10	-1.197830E+7	-1.251471E+8	-2.797227E+11
5.380160E+2	2.003041E+0	3.752663E+10	1.891479E+0	1.672829E+9	2.014770E+0	3.773902E+10	1.909194E+0	1.709381E+9	1.951185E+0	2.904543E+11	1.957190E+0	2.934956E+11	1.958314E+0	3.281933E+11	1.962298E+0	3.310222E+11	-1.115618E-1	-1.055761E-1	-1.771530E-2	-5.985734E-3	-7.081923E-2	-3.585380E+10	-3.602964E+10	-3.655156E+7	1.758365E+8	-3.293494E+11
5.382060E+2	2.112236E+0	3.934513E+10	2.086385E+0	1.824200E+9	2.100990E+0	3.917448E+10	2.004459E+0	1.784741E+9	2.048351E+0	3.032642E+11	2.056113E+0	3.066346E+11	2.054253E+0	3.424386E+11	2.062366E+0	3.459797E+11	-2.585130E-2	-9.653078E-2	8.192605E-2	7.067948E-2	2.401887E-2	-3.752093E+10	-3.738974E+10	3.945885E+7	-1.311889E+8	-3.441555E+11
5.384060E+2	1.929150E+0	3.629608E+10	1.912521E+0	1.689171E+9	1.944718E+0	3.657272E+10	1.931084E+0	1.726696E+9	1.901965E+0	2.839654E+11	1.914275E+0	2.877958E+11	1.906758E+0	3.205381E+11	1.915933E+0	3.240919E+11	-1.662827E-2	-1.363409E-2	-1.856226E-2	-2.994179E-3	-3.411110E-3	-3.460691E+10	-3.484603E+10	-3.752514E+7	2.391137E+8	-3.224027E+11
5.386060E+2	1.965078E+0	3.689442E+10	1.901521E+0	1.680628E+9	1.956139E+0	3.676287E+10	1.823576E+0	1.641651E+9	1.909729E+0	2.849890E+11	1.909026E+0	2.870985E+11	1.914933E+0	3.217519E+11	1.915271E+0	3.239929E+11	-6.355704E-2	-1.325625E-1	7.794507E-2	6.900551E-2	-1.374955E-2	-3.521379E+10	-3.512122E+10	3.897671E+7	-9.257725E+7	-3.223123E+11
5.388120E+2	1.715687E+0	3.274116E+10	1.617966E+0	1.460409E+9	1.702857E+0	3.254600E+10	1.602532E+0	1.466792E+9	1.665700E+0	2.528174E+11	1.671316E+0	2.555261E+11	1.669866E+0	2.853634E+11	1.676259E+0	2.882673E+11	-9.772102E-2	-1.003246E-1	1.543342E-2	2.603551E-3	-5.829381E-2	-3.128075E+10	-3.107921E+10	-6.382909E+6	-2.015459E+8	-2.868069E+11
5.390080E+2	1.662665E+0	3.185817E+10	1.670118E+0	1.500913E+9	1.675855E+0	3.209646E+10	1.592188E+0	1.458610E+9	1.637858E+0	2.491470E+11	1.639123E+0	2.512503E+11	1.642118E+0	2.812434E+11	1.641746E+0	2.831085E+11	7.452975E-3	-8.366710E-2	7.792981E-2	9.112008E-2	2.837203E-2	-3.035725E+10	-3.063785E+10	4.230311E+7	2.805939E+8	-2.816076E+11
5.392190E+2	1.432316E+0	2.802203E+10	1.343174E+0	1.246997E+9	1.440519E+0	2.817836E+10	1.404425E+0	1.310077E+9	1.412838E+0	2.194815E+11	1.417926E+0	2.218712E+11	1.415941E+0	2.476598E+11	1.419529E+0	2.498932E+11	-8.914190E-2	-3.609440E-2	-6.125091E-2	-5.304750E-2	-7.635564E-2	-2.677503E+10	-2.686828E+10	-6.308041E+7	9.325630E+7	-2.486462E+11
5.394100E+2	1.198752E+0	2.413236E+10	1.249830E+0	1.174503E+9	1.185449E+0	2.393173E+10	1.185315E+0	1.136749E+9	1.185701E+0	1.895370E+11	1.176908E+0	1.898593E+11	1.185673E+0	2.134688E+11	1.179342E+0	2.139917E+11	5.107717E-2	-1.339361E-4	6.451423E-2	5.121111E-2	7.048796E-2	-2.295786E+10	-2.279498E+10	3.775412E+7	-1.628828E+8	-2.128172E+11
5.396110E+2	1.057449E+0	2.177916E+10	1.088907E+0	1.049525E+9	1.052651E+0	2.172078E+10	1.008940E+0	9.972251E+8	1.063758E+0	1.734607E+11	1.060850E+0	1.744447E+11	1.062513E+0	1.951815E+11	1.060471E+0	1.962239E+11	3.145786E-2	-4.371059E-2	7.996707E-2	7.516845E-2	2.843593E-2	-2.072964E+10	-2.072355E+10	5.229990E+7	-6.088939E+6	-1.951743E+11
5.398180E+2	8.523185E-1	1.836300E+10	8.972874E-1	9.007065E+8	8.494123E-1	1.833708E+10	8.509261E-1	8.722263E+8	8.454780E-1	1.446839E+11	8.444110E-1	1.456974E+11	8.459192E-1	1.630209E+11	8.452920E-1	1.640604E+11	4.496886E-2	1.513753E-3	4.636131E-2	4.345511E-2	5.199539E-2	-1.746230E+10	-1.746485E+10	2.848023E+7	2.552501E+6	-1.631597E+11
5.400240E+2	8.150528E-1	1.774240E+10	8.356470E-1	8.528345E+8	7.976820E-1	1.747582E+10	8.039061E-1	8.350307E+8	7.990544E-1	1.385636E+11	8.003652E-1	1.398473E+11	7.989006E-1	1.560395E+11	8.020017E-1	1.575897E+11	2.059417E-2	6.224068E-3	3.174087E-2	1.437010E-2	3.364532E-2	-1.688956E+10	-1.664079E+10	1.780387E+7	-2.487698E+8	-1.567369E+11
5.402160E+2	6.674181E-1	1.528375E+10	7.294713E-1	7.703749E+8	6.706235E-1	1.536044E+10	6.824856E-1	7.389797E+8	6.671654E-1	1.211761E+11	6.683077E-1	1.223076E+11	6.675531E-1	1.365365E+11	6.682086E-1	1.375913E+11	6.205318E-2	1.186206E-2	4.698571E-2	5.019111E-2	6.126271E-2	-1.451338E+10	-1.462146E+10	3.139526E+7	1.080795E+8	-1.368209E+11
5.404070E+2	5.367775E-1	1.310812E+10	5.203156E-1	6.079377E+8	5.356653E-1	1.311353E+10	6.001178E-1	6.738217E+8	5.316867E-1	1.033153E+11	5.307471E-1	1.040369E+11	5.321328E-1	1.164288E+11	5.314190E-1	1.171450E+11	-1.646182E-2	6.445244E-2	-7.980211E-2	-8.091426E-2	-1.110331E-2	-1.250018E+10	-1.243971E+10	-6.588407E+7	-6.047463E+7	-1.165371E+11
5.406140E+2	5.023759E-1	1.253521E+10	5.286073E-1	6.143772E+8	4.931090E-1	1.240501E+10	5.326392E-1	6.204421E+8	4.986810E-1	9.896403E+10	4.960072E-1	9.942278E+10	4.980563E-1	1.113690E+11	4.967168E-1	1.119580E+11	2.623139E-2	3.953024E-2	-4.031943E-3	-1.329885E-2	3.189050E-2	-1.192083E+10	-1.178457E+10	-6.064904E+6	-1.362632E+8	-1.113436E+11
5.408160E+2	4.322367E-1	1.136714E+10	3.936825E-1	5.095901E+8	4.268292E-1	1.130152E+10	3.994427E-1	5.150756E+8	4.339461E-1	9.042972E+10	4.301823E-1	9.067997E+10	4.331481E-1	1.017312E+11	4.304111E-1	1.020471E+11	-3.855418E-2	-2.738644E-2	-5.760253E-3	-1.116773E-2	-3.672865E-2	-1.085755E+10	-1.078645E+10	-5.485528E+6	-7.110223E+7	-1.015375E+11
5.410080E+2	4.744855E-1	1.207073E+10	4.535297E-1	5.560695E+8	4.681534E-1	1.198953E+10	4.300091E-1	5.392554E+8	4.776668E-1	9.619362E+10	4.723196E-1	9.627662E+10	4.766001E-1	1.081831E+11	4.725609E-1	1.083474E+11	-2.095571E-2	-3.814437E-2	2.352068E-2	1.718866E-2	-1.903121E-2	-1.151466E+10	-1.145027E+10	1.681404E+7	-6.439183E+7	-1.077913E+11
5.415090E+2	5.261069E-1	1.293042E+10	5.481041E-1	6.295191E+8	5.326743E-1	1.306373E+10	5.287069E-1	6.173314E+8	5.315243E-1	1.032939E+11	5.329287E-1	1.043267E+11	5.316533E-1	1.163576E+11	5.321687E-1	1.172571E+11	2.199718E-2	-3.967413E-3	1.939718E-2	2.596459E-2	1.593541E-2	-1.230090E+10	-1.244640E+10	1.218767E+7	1.455031E+8	-1.166276E+11
5.420050E+2	6.746186E-1	1.540366E+10	7.288618E-1	7.699015E+8	6.601449E-1	1.518598E+10	6.468850E-1	7.108174E+8	6.714633E-1	1.217427E+11	6.659092E-1	1.219890E+11	6.701942E-1	1.369287E+11	6.668796E-1	1.373927E+11	5.424321E-2	-1.325996E-2	8.197678E-2	6.750317E-2	6.198216E-2	-1.463376E+10	-1.447516E+10	5.908412E+7	-1.586017E+8	-1.366228E+11
5.424810E+2	8.758120E-1	1.875425E+10	8.948717E-1	8.988304E+8	8.599627E-1	1.851273E+10	8.744811E-1	8.908597E+8	8.683083E-1	1.476937E+11	8.675185E-1	1.487665E+11	8.673725E-1	1.662064E+11	8.684425E-1	1.675208E+11	1.905971E-2	1.451839E-2	2.039065E-2	4.541318E-3	2.642923E-2	-1.785542E+10	-1.762187E+10	7.970712E+6	-2.335554E+8	-1.666220E+11
5.430070E+2	1.011861E+0	2.101995E+10	1.002570E+0	9.824728E+8	9.942854E-1	2.074906E+10	1.014617E+0	1.001716E+9	9.961935E-1	1.645534E+11	9.938401E-1	1.655445E+11	9.959796E-1	1.853024E+11	9.958479E-1	1.865644E+11	-9.290253E-3	2.033149E-2	-1.204658E-2	-2.962175E-2	6.722443E-3	-2.003747E+10	-1.974734E+10	-1.924288E+7	-2.901353E+8	-1.855819E+11
5.434950E+2	1.233481E+0	2.471072E+10	1.217544E+0	1.149429E+9	1.231861E+0	2.470444E+10	1.191250E+0	1.141443E+9	1.222123E+0	1.943387E+11	1.224574E+0	1.961903E+11	1.223215E+0	2.190431E+11	1.225566E+0	2.209010E+11	-1.593721E-2	-4.061141E-2	2.629400E-2	2.467420E-2	-8.022135E-3	-2.356129E+10	-2.356300E+10	7.985391E+6	1.701389E+6	-2.197516E+11
5.440220E+2	1.200878E+0	2.416776E+10	1.111740E+0	1.067257E+9	1.210457E+0	2.434808E+10	1.150107E+0	1.108897E+9	1.186677E+0	1.896658E+11	1.191697E+0	1.918237E+11	1.189344E+0	2.140138E+11	1.192720E+0	2.159914E+11	-8.913824E-2	-6.035003E-2	-3.836758E-2	-2.878822E-2	-8.098045E-2	-2.310050E+10	-2.323919E+10	-4.163939E+7	1.386823E+8	-2.149242E+11
5.445180E+2	1.138480E+0	2.312862E+10	1.078457E+0	1.041409E+9	1.140040E+0	2.317572E+10	1.118618E+0	1.083987E+9	1.129369E+0	1.821105E+11	1.131628E+0	1.838454E+11	1.130566E+0	2.052863E+11	1.132392E+0	2.069740E+11	-6.002366E-2	-2.142253E-2	-4.016115E-2	-3.860113E-2	-5.393511E-2	-2.208721E+10	-2.209173E+10	-4.257803E+7	4.520638E+6	-2.059326E+11
5.450090E+2	1.085118E+0	2.223995E+10	1.038178E+0	1.010127E+9	1.074517E+0	2.208482E+10	1.049614E+0	1.029400E+9	1.077288E+0	1.752444E+11	1.069361E+0	1.755751E+11	1.076977E+0	1.973292E+11	1.071117E+0	1.978151E+11	-4.694039E-2	-2.490299E-2	-1.143575E-2	-2.203740E-2	-3.293897E-2	-2.122982E+10	-2.105542E+10	-1.927339E+7	-1.744052E+8	-1.968049E+11
5.455130E+2	9.915181E-1	2.068117E+10	1.029282E+0	1.003218E+9	9.949345E-1	2.075986E+10	9.483268E-1	9.492762E+8	9.849099E-1	1.630658E+11	9.863709E-1	1.645524E+11	9.860339E-1	1.838257E+11	9.869444E-1	1.852336E+11	3.776407E-2	-4.660764E-2	8.095537E-2	8.437171E-2	4.233785E-2	-1.967796E+10	-1.981059E+10	5.394192E+7	1.326300E+8	-1.842304E+11
5.460060E+2	1.058363E+0	2.179439E+10	1.047528E+0	1.017388E+9	1.066663E+0	2.195407E+10	9.906283E-1	9.827392E+8	1.056545E+0	1.725098E+11	1.055837E+0	1.737788E+11	1.057680E+0	1.944639E+11	1.056118E+0	1.955732E+11	-1.083547E-2	-7.603497E-2	5.689958E-2	6.519951E-2	-8.590546E-3	-2.077700E+10	-2.097133E+10	3.464910E+7	1.943326E+8	-1.945558E+11
5.465160E+2	9.711901E-1	2.034264E+10	1.003781E+0	9.834133E+8	9.624126E-1	2.021841E+10	9.431460E-1	9.451779E+8	9.703545E-1	1.611469E+11	9.667261E-1	1.619432E+11	9.694640E-1	1.813653E+11	9.672234E-1	1.822858E+11	3.259123E-2	-1.926661E-2	6.063534E-2	5.185784E-2	3.655793E-2	-1.935923E+10	-1.927323E+10	3.823545E+7	-8.599615E+7	-1.813024E+11
5.470050E+2	1.056602E+0	2.176506E+10	1.083630E+0	1.045426E+9	1.053470E+0	2.173441E+10	1.036101E+0	1.018711E+9	1.057779E+0	1.726724E+11	1.055184E+0	1.736921E+11	1.057295E+0	1.944068E+11	1.055342E+0	1.954572E+11	2.702728E-2	-1.736903E-2	4.752884E-2	4.439632E-2	2.828768E-2	-2.071963E+10	-2.071570E+10	2.671543E+7	-3.930638E+6	-1.944117E+11
5.475180E+2	1.119797E+0	2.281748E+10	1.102512E+0	1.060091E+9	1.119076E+0	2.282669E+10	1.129723E+0	1.092772E+9	1.114288E+0	1.801223E+11	1.115390E+0	1.816886E+11	1.114825E+0	2.029490E+11	1.115881E+0	2.045061E+11	-1.728565E-2	1.064707E-2	-2.721150E-2	-2.793272E-2	-1.336948E-2	-2.175739E+10	-2.173391E+10	-3.268112E+7	-2.347570E+7	-2.034460E+11
5.480090E+2	1.191168E+0	2.400606E+10	1.164538E+0	1.108263E+9	1.194437E+0	2.408137E+10	1.170387E+0	1.124939E+9	1.183453E+0	1.892406E+11	1.183282E+0	1.907060E+11	1.184684E+0	2.133220E+11	1.184161E+0	2.147121E+11	-2.662975E-2	-2.405026E-2	-5.848735E-3	-2.579487E-3	-1.962257E-2	-2.289780E+10	-2.295643E+10	-1.667674E+7	5.863355E+7	-2.136038E+11
5.485060E+2	1.502904E+0	2.919758E+10	1.489068E+0	1.360303E+9	1.498741E+0	2.914770E+10	1.390909E+0	1.299386E+9	1.490267E+0	2.296894E+11	1.489109E+0	2.313256E+11	1.491218E+0	2.588371E+11	1.490646E+0	2.605232E+11	-1.383643E-2	-1.078320E-1	9.815864E-2	9.399552E-2	-1.578325E-3	-2.783728E+10	-2.784831E+10	6.091737E+7	1.103647E+7	-2.591629E+11
5.490210E+2	1.367419E+0	2.694126E+10	1.330860E+0	1.237434E+9	1.361509E+0	2.686292E+10	1.360440E+0	1.275282E+9	1.345266E+0	2.105732E+11	1.345664E+0	2.122734E+11	1.347087E+0	2.374361E+11	1.348088E+0	2.392146E+11	-3.655896E-2	-1.069033E-3	-2.957968E-2	-3.548993E-2	-1.722777E-2	-2.570383E+10	-2.558764E+10	-3.784890E+7	-1.161873E+8	-2.379772E+11
5.495100E+2	1.542130E+0	2.985083E+10	1.476887E+0	1.350843E+9	1.535432E+0	2.975857E+10	1.410710E+0	1.315049E+9	1.513814E+0	2.327937E+11	1.518042E+0	2.351685E+11	1.516238E+0	2.625523E+11	1.520726E+0	2.650193E+11	-6.524281E-2	-1.247223E-1	6.617729E-2	5.947951E-2	-4.383840E-2	-2.849999E+10	-2.844352E+10	3.579392E+7	-5.646890E+7	-2.636684E+11
5.499940E+2	1.504817E+0	2.922944E+10	1.418921E+0	1.305825E+9	1.504437E+0	2.924253E+10	1.437077E+0	1.335908E+9	1.483187E+0	2.287560E+11	1.485852E+0	2.308930E+11	1.485570E+0	2.579985E+11	1.487965E+0	2.601224E+11	-8.589656E-2	-6.735998E-2	-1.815648E-2	-1.853659E-2	-6.904399E-2	-2.792361E+10	-2.790662E+10	-3.008291E+7	-1.698979E+7	-2.588166E+11
5.505170E+2	1.557128E+0	3.010060E+10	1.464753E+0	1.341419E+9	1.567727E+0	3.029624E+10	1.523448E+0	1.404232E+9	1.533217E+0	2.353517E+11	1.541839E+0	2.383292E+11	1.537087E+0	2.656479E+11	1.543543E+0	2.684298E+11	-9.237563E-2	-4.427940E-2	-5.869495E-2	-4.809623E-2	-7.878985E-2	-2.875918E+10	-2.889201E+10	-6.281252E+7	1.328228E+8	-2.670884E+11
5.510360E+2	1.580827E+0	3.049527E+10	1.533123E+0	1.394518E+9	1.593782E+0	3.073002E+10	1.513123E+0	1.396064E+9	1.564863E+0	2.395237E+11	1.564855E+0	2.413861E+11	1.568105E+0	2.702537E+11	1.566635E+0	2.718814E+11	-4.770402E-2	-8.065915E-2	2.000002E-2	3.295513E-2	-3.351178E-2	-2.910075E+10	-2.933396E+10	-1.546415E+6	2.332099E+8	-2.704869E+11
5.515170E+2	1.263747E+0	2.521475E+10	1.207237E+0	1.141424E+9	1.262786E+0	2.521929E+10	1.224519E+0	1.167761E+9	1.253684E+0	1.984995E+11	1.252894E+0	1.999518E+11	1.254704E+0	2.237188E+11	1.254103E+0	2.251665E+11	-5.651026E-2	-3.826689E-2	-1.728198E-2	-1.824337E-2	-4.686666E-2	-2.407333E+10	-2.405153E+10	-2.633714E+7	-2.180007E+7	-2.240251E+11
5.520100E+2	1.251285E+0	2.500721E+10	1.160843E+0	1.105393E+9	1.240240E+0	2.484393E+10	1.146987E+0	1.106428E+9	1.231921E+0	1.956304E+11	1.228585E+0	1.967230E+11	1.232853E+0	2.204743E+11	1.231114E+0	2.217302E+11	-9.044153E-2	-9.325344E-2	1.385647E-2	2.811917E-3	-7.027090E-2	-2.390182E+10	-2.373750E+10	-1.035420E+6	-1.643140E+8	-2.206248E+11
5.525040E+2	1.032162E+0	2.135803E+10	1.045557E+0	1.015858E+9	1.045194E+0	2.159663E+10	1.029188E+0	1.013242E+9	1.036477E+0	1.698642E+11	1.041440E+0	1.718666E+11	1.037455E+0	1.914608E+11	1.040406E+0	1.932247E+11	1.339581E-2	-1.600592E-2	1.636930E-2	2.940173E-2	5.151097E-3	-2.034217E+10	-2.058339E+10	2.615622E+6	2.412121E+8	-1.922088E+11
5.530090E+2	1.108147E+0	2.262346E+10	1.057051E+0	1.024784E+9	1.103312E+0	2.256424E+10	1.062898E+0	1.039909E+9	1.100873E+0	1.783538E+11	1.099736E+0	1.796094E+11	1.101147E+0	2.009180E+11	1.100673E+0	2.022329E+11	-5.109621E-2	-4.041460E-2	-5.846755E-3	-1.068161E-2	-4.362205E-2	-2.159868E+10	-2.152433E+10	-1.512444E+7	-7.435238E+7	-2.012081E+11
5.535050E+2	1.028127E+0	2.129085E+10	1.041203E+0	1.012476E+9	1.023854E+0	2.124135E+10	9.974106E-1	9.881045E+8	1.030703E+0	1.691029E+11	1.024463E+0	1.696118E+11	1.029935E+0	1.903443E+11	1.024872E+0	1.909027E+11	1.307563E-2	-2.644377E-2	4.379246E-2	3.951941E-2	1.633141E-2	-2.027837E+10	-2.025324E+10	2.437182E+7	-2.513041E+7	-1.898902E+11
5.540070E+2	9.035669E-1	1.921647E+10	8.689291E-1	8.786826E+8	8.770423E-1	1.879708E+10	8.617198E-1	8.807648E+8	8.960886E-1	1.513561E+11	8.880690E-1	1.514961E+11	8.939530E-1	1.701532E+11	8.897957E-1	1.707125E+11	-3.463772E-2	-1.532248E-2	7.209302E-3	-1.931524E-2	-2.086661E-2	-1.833779E+10	-1.791632E+10	-2.082257E+6	-4.214682E+8	-1.698338E+11
5.550310E+2	9.992672E-1	2.081022E+10	9.899383E-1	9.726623E+8	9.998979E-1	2.084250E+10	9.403453E-1	9.429623E+8	1.004703E+0	1.656752E+11	1.000272E+0	1.663987E+11	1.004164E+0	1.865177E+11	1.000160E+0	1.872089E+11	-9.328938E-3	-5.955261E-2	4.959297E-2	5.022367E-2	-1.022152E-2	-1.983756E+10	-1.989953E+10	2.969998E+7	6.197426E+7	-1.862363E+11
5.560240E+2	1.016696E+0	2.110048E+10	9.981330E-1	9.790266E+8	1.014083E+0	2.107866E+10	1.015197E+0	1.002174E+9	1.015354E+0	1.670794E+11	1.009930E+0	1.676816E+11	1.015211E+0	1.881580E+11	1.010684E+0	1.887820E+11	-1.856342E-2	1.113986E-3	-1.706348E-2	-1.967741E-2	-1.255124E-2	-2.012146E+10	-2.007648E+10	-2.314754E+7	-4.497388E+7	-1.878030E+11
5.570100E+2	1.164584E+0	2.356333E+10	1.168560E+0	1.111386E+9	1.172159E+0	2.371046E+10	1.161993E+0	1.118299E+9	1.167703E+0	1.871643E+11	1.164470E+0	1.882074E+11	1.168203E+0	2.108748E+11	1.164483E+0	2.117707E+11	3.976241E-3	-1.016622E-2	6.566927E-3	1.414247E-2	4.077216E-3	-2.245194E+10	-2.259216E+10	-6.913218E+6	1.402158E+8	-2.106593E+11
5.580230E+2	1.116577E+0	2.276385E+10	1.086558E+0	1.047701E+9	1.131143E+0	2.302759E+10	1.149300E+0	1.108258E+9	1.130423E+0	1.822495E+11	1.126449E+0	1.831575E+11	1.130504E+0	2.052771E+11	1.125349E+0	2.059214E+11	-3.001848E-2	1.815674E-2	-6.274167E-2	-4.817522E-2	-3.879118E-2	-2.171615E+10	-2.191933E+10	-6.055748E+7	2.031861E+8	-2.048737E+11
5.590210E+2	1.038315E+0	2.146050E+10	1.018196E+0	9.946081E+8	1.039460E+0	2.150117E+10	1.027025E+0	1.011531E+9	1.036599E+0	1.698802E+11	1.034036E+0	1.708832E+11	1.036919E+0	1.913813E+11	1.034513E+0	1.923437E+11	-2.011871E-2	-1.243572E-2	-8.828589E-3	-7.682992E-3	-1.631681E-2	-2.046589E+10	-2.048964E+10	-1.692269E+7	2.374231E+7	-1.913491E+11
5.600180E+2	1.043254E+0	2.154276E+10	1.056506E+0	1.024361E+9	1.048100E+0	2.164501E+10	1.031382E+0	1.014978E+9	1.044817E+0	1.709636E+11	1.051013E+0	1.731382E+11	1.045185E+0	1.926086E+11	1.050149E+0	1.946809E+11	1.325199E-2	-1.671745E-2	2.512345E-2	2.996945E-2	6.357108E-3	-2.051840E+10	-2.063003E+10	9.382726E+6	1.116324E+8	-1.936565E+11
5.610010E+2	9.406406E-1	1.983388E+10	9.160073E-1	9.152451E+8	9.414074E-1	1.986869E+10	9.429444E-1	9.450183E+8	9.407026E-1	1.572378E+11	9.408426E-1	1.585054E+11	9.407816E-1	1.771065E+11	9.408201E-1	1.783393E+11	-2.463325E-2	1.536921E-3	-2.693702E-2	-2.617017E-2	-2.481274E-2	-1.891864E+10	-1.892368E+10	-2.977327E+7	5.040543E+6	-1.774240E+11
5.620390E+2	9.852290E-1	2.057644E+10	1.002361E+0	9.823103E+8	9.879158E-1	2.064301E+10	9.322136E-1	9.365296E+8	9.847848E-1	1.630493E+11	9.848440E-1	1.643496E+11	9.851359E-1	1.836923E+11	9.848869E-1	1.849260E+11	1.713215E-2	-5.570224E-2	7.014755E-2	7.283439E-2	1.747428E-2	-1.959413E+10	-1.970648E+10	4.578068E+7	1.123527E+8	-1.839437E+11
5.630120E+2	9.541494E-1	2.005885E+10	8.983422E-1	9.015257E+8	9.371695E-1	1.979814E+10	9.527170E-1	9.527491E+8	9.482576E-1	1.582338E+11	9.388062E-1	1.582349E+11	9.470143E-1	1.780319E+11	9.405156E-1	1.782938E+11	-5.580720E-2	1.554748E-2	-5.437478E-2	-7.135468E-2	-4.217345E-2	-1.915732E+10	-1.884539E+10	-5.122335E+7	-3.119366E+8	-1.773922E+11
5.640120E+2	9.295939E-1	1.964991E+10	9.490539E-1	9.409102E+8	9.270345E-1	1.962940E+10	9.622464E-1	9.602874E+8	9.373622E-1	1.567974E+11	9.374299E-1	1.580521E+11	9.362042E-1	1.764268E+11	9.365569E-1	1.777020E+11	1.946004E-2	3.521184E-2	-1.319244E-2	-1.575179E-2	1.249706E-2	-1.870900E+10	-1.866911E+10	-1.937724E+7	-3.988981E+7	-1.767611E+11
5.650150E+2	1.011836E+0	2.101953E+10	1.030675E+0	1.004300E+9	1.017554E+0	2.113645E+10	1.020077E+0	1.006035E+9	1.009329E+0	1.662850E+11	1.010144E+0	1.677100E+11	1.010251E+0	1.874215E+11	1.010333E+0	1.887295E+11	1.883914E-2	2.523042E-3	1.059808E-2	1.631610E-2	2.034197E-2	-2.001523E+10	-2.013041E+10	-1.735052E+6	1.151791E+8	-1.877252E+11
5.660150E+2	1.008186E+0	2.095875E+10	9.899432E-1	9.726662E+8	1.018299E+0	2.114885E+10	1.028324E+0	1.012559E+9	1.014996E+0	1.670321E+11	1.018913E+0	1.688746E+11	1.015366E+0	1.881810E+11	1.017718E+0	1.898334E+11	-1.824279E-2	1.002485E-2	-3.838037E-2	-2.826764E-2	-2.777454E-2	-1.998609E+10	-2.013629E+10	-3.989233E+7	1.502058E+8	-1.888607E+11
5.670200E+2	1.127112E+0	2.293929E+10	1.157111E+0	1.102495E+9	1.122520E+0	2.288403E+10	1.130096E+0	1.093067E+9	1.119752E+0	1.808426E+11	1.118007E+0	1.820362E+11	1.120062E+0	2.037266E+11	1.119021E+0	2.049754E+11	2.999991E-2	7.575567E-3	2.701554E-2	2.242435E-2	3.809031E-2	-2.183679E+10	-2.179096E+10	9.428038E+6	-4.583142E+7	-2.038729E+11
