Photon Energy (eV)	X ref norm	X ref	X pump norm	X pump	Y ref norm	Y ref	Y pump norm	Y pump	X all norm	X all	Y all norm	Y all	X all Y ref norm	X all Y ref	Y all X ref norm	Y all X ref	BC(X hist) norm	BC(Y hist) norm	StS norm	BCSC norm	BCLR norm	BC(X hist)	BC(Y hist)	StS	BCSC	BCLR	
1.550000E+3	-4.164256E+0	1.921635E+10	4.460556E+2	1.170725E+9	-9.277967E-1	1.956743E+10	-9.482607E+0	1.152107E+9	2.016114E+1	1.998502E+11	1.330133E+1	1.966580E+11	4.563690E+1	2.194176E+11	2.752745E+1	2.158743E+11	4.502198E+2	-8.554810E+0	4.555382E+2	4.587747E+2	4.185281E+2	-1.804562E+10	-1.841532E+10	1.861766E+7	3.697026E+8	-2.147036E+11
1.850000E+3	1.808044E+0	1.983788E+10	4.284167E+1	1.195517E+9	1.389433E+0	1.975777E+10	3.119708E-1	1.191081E+9	-6.815953E+0	2.039004E+11	-3.033794E+0	2.004451E+11	-1.672818E+1	2.236581E+11	-6.977580E+0	2.202830E+11	4.103363E+1	-1.077462E+0	4.252970E+1	4.211109E+1	4.981925E+1	-1.864236E+10	-1.856669E+10	4.436150E+6	-7.567891E+7	-2.190875E+11
2.150000E+3	2.623584E-1	1.967702E+10	-6.774432E+2	1.239805E+9	4.789569E-1	1.968298E+10	8.121607E+0	1.222156E+9	-3.234101E+0	2.033626E+11	-2.672057E+0	2.003612E+11	-7.719531E+0	2.230456E+11	-5.062205E+0	2.200383E+11	-6.777055E+2	7.642650E+0	-6.855648E+2	-6.853482E+2	-6.723810E+2	-1.843722E+10	-1.846082E+10	1.764844E+7	2.360650E+7	-2.187985E+11
2.250000E+3	6.210075E-1	1.971435E+10	2.641631E+2	1.181909E+9	-5.807568E-1	1.959594E+10	-1.364129E+1	1.135560E+9	-8.407706E+0	2.041393E+11	-6.106732E+0	2.011575E+11	-1.786278E+1	2.237353E+11	-1.158663E+1	2.208719E+11	2.635421E+2	-1.306053E+1	2.778044E+2	2.766026E+2	2.757497E+2	-1.853244E+10	-1.846038E+10	4.634936E+7	-7.206146E+7	-2.196900E+11
2.350000E+3	1.472847E+0	1.980300E+10	-7.561720E+1	1.202801E+9	-3.598365E-1	1.961408E+10	1.469032E+1	1.248294E+9	-1.703382E+0	2.031328E+11	-1.488750E+0	2.000869E+11	-3.326406E+0	2.227469E+11	-3.901037E+0	2.198899E+11	-7.709004E+1	1.505015E+1	-9.030751E+1	-9.214020E+1	-7.171616E+1	-1.860020E+10	-1.836579E+10	-4.549316E+7	-2.344084E+8	-2.186871E+11
2.400000E+3	-2.018957E+0	1.943961E+10	-2.414206E+2	1.212995E+9	-3.627682E-2	1.964066E+10	9.983995E+0	1.229567E+9	3.397681E+0	2.023669E+11	5.898219E+0	1.983743E+11	7.545953E+0	2.220076E+11	1.234694E+1	2.178139E+11	-2.394016E+2	1.002027E+1	-2.514046E+2	-2.494219E+2	-2.537675E+2	-1.822661E+10	-1.841109E+10	-1.657160E+7	1.844815E+8	-2.166009E+11
2.425000E+3	3.936940E-1	1.969069E+10	-3.026214E+2	1.216758E+9	-3.400319E+0	1.936434E+10	-5.976109E+0	1.166060E+9	4.750753E+0	2.021638E+11	8.219981E+0	1.978361E+11	1.459737E+1	2.215281E+11	1.459467E+1	2.175267E+11	-3.030151E+2	-2.575790E+0	-2.966453E+2	-3.004393E+2	-3.172161E+2	-1.847393E+10	-1.819828E+10	5.069830E+7	-2.756534E+8	-2.163100E+11
2.450000E+3	-2.108930E+0	1.943024E+10	5.154329E+2	1.166459E+9	-4.899942E-1	1.960339E+10	-2.445752E+1	1.092521E+9	1.092015E+1	2.012376E+11	5.056271E+0	1.985695E+11	2.470378E+1	2.208409E+11	1.089249E+1	2.179998E+11	5.175419E+2	-2.396753E+1	5.398905E+2	5.415094E+2	5.045404E+2	-1.826378E+10	-1.851087E+10	7.393862E+7	2.470870E+8	-2.168333E+11
2.475000E+3	1.621951E+0	1.981851E+10	-1.789109E+3	1.308157E+9	1.428197E+0	1.976095E+10	6.471816E+0	1.215592E+9	1.394125E+0	2.026677E+11	1.565914E+0	1.993787E+11	1.352965E+0	2.224287E+11	1.520270E+0	2.191972E+11	-1.790731E+3	5.043619E+0	-1.795581E+3	-1.795775E+3	-1.790630E+3	-1.851036E+10	-1.854536E+10	9.256534E+7	3.500098E+7	-2.178891E+11
2.500000E+3	-1.406027E+0	1.950339E+10	2.853440E+2	1.180607E+9	-1.951432E+0	1.948335E+10	-3.998068E+0	1.173931E+9	1.129595E+1	2.011811E+11	6.286351E+0	1.982843E+11	2.729899E+1	2.206645E+11	1.255197E+1	2.177877E+11	2.867500E+2	-2.046636E+0	2.893421E+2	2.887967E+2	2.727921E+2	-1.832279E+10	-1.830942E+10	6.675668E+6	-1.336856E+7	-2.166071E+11
2.525000E+3	-2.592854E+0	1.937988E+10	6.616895E+1	1.194083E+9	-1.192533E+0	1.954569E+10	-6.771852E+0	1.162894E+9	6.527943E+0	2.018970E+11	6.553197E+0	1.982225E+11	1.585440E+1	2.214427E+11	1.400286E+1	2.176024E+11	6.876180E+1	-5.579319E+0	7.294080E+1	7.434112E+1	5.216608E+1	-1.818580E+10	-1.838279E+10	3.118910E+7	1.969933E+8	-2.164083E+11
2.550000E+3	-6.665230E-2	1.964278E+10	3.460465E+1	1.196024E+9	-3.077734E+0	1.939084E+10	5.763866E+0	1.212775E+9	1.014166E+1	2.013544E+11	1.089675E+1	1.972155E+11	2.611088E+1	2.207453E+11	1.982669E+1	2.168583E+11	3.467130E+1	8.841601E+0	2.884078E+1	2.582970E+1	1.477796E+1	-1.844676E+10	-1.817806E+10	-1.675104E+7	-2.686977E+8	-2.156622E+11
2.575000E+3	-4.071017E+0	1.922605E+10	-8.127884E+2	1.248127E+9	2.530101E-1	1.966442E+10	-1.176475E+0	1.185158E+9	2.058154E+1	1.997870E+11	1.012415E+1	1.973946E+11	4.513871E+1	2.194515E+11	2.168643E+1	2.166206E+11	-8.087174E+2	-1.429485E+0	-8.116119E+2	-8.072879E+2	-8.344748E+2	-1.797792E+10	-1.847926E+10	6.296833E+7	5.013409E+8	-2.153725E+11
2.600000E+3	-1.120683E+0	1.953309E+10	-9.216881E+2	1.254822E+9	-3.270554E-1	1.961678E+10	2.730842E+0	1.200706E+9	5.280661E+0	2.020842E+11	-9.809428E-1	1.999692E+11	1.205487E+1	2.217010E+11	-8.671208E-1	2.195023E+11	-9.205675E+2	3.057897E+0	-9.244190E+2	-9.236254E+2	-9.208210E+2	-1.827827E+10	-1.841607E+10	5.411656E+7	1.378021E+8	-2.182474E+11
2.650000E+3	1.261776E+0	1.978103E+10	-1.208551E+2	1.205582E+9	-1.049809E+0	1.955741E+10	5.521372E-1	1.192037E+9	-4.253929E+0	2.035157E+11	3.106720E+0	1.990215E+11	-8.124553E+0	2.230731E+11	4.609469E+0	2.188025E+11	-1.221168E+2	1.601946E+0	-1.214072E+2	-1.237188E+2	-1.254645E+2	-1.857545E+10	-1.836537E+10	1.354561E+7	-2.100776E+8	-2.175969E+11
2.750000E+3	2.708963E+0	1.993164E+10	5.131559E+2	1.166599E+9	3.277973E+0	1.991289E+10	-2.715500E+0	1.179034E+9	-6.151932E+0	2.038007E+11	-4.703462E+0	2.008322E+11	-1.754340E+1	2.237136E+11	-1.074105E+1	2.207638E+11	5.104470E+2	-5.993473E+0	5.158714E+2	5.164404E+2	5.238970E+2	-1.876504E+10	-1.873386E+10	-1.243510E+7	-3.118500E+7	-2.195972E+11
2.850000E+3	5.107625E-1	1.970287E+10	-4.186058E+1	1.200725E+9	1.984998E+0	1.980669E+10	-2.904638E+0	1.178282E+9	3.122438E-2	2.028724E+11	-2.361277E+0	2.002892E+11	-2.328964E+0	2.226790E+11	-4.700618E+0	2.199921E+11	-4.237134E+1	-4.889637E+0	-3.895594E+1	-3.748171E+1	-3.715996E+1	-1.850215E+10	-1.862840E+10	2.244339E+7	1.262555E+8	-2.187913E+11
2.950000E+3	-2.098172E-1	1.962788E+10	-1.479529E+2	1.207248E+9	4.108401E-1	1.967739E+10	4.660021E+0	1.208382E+9	9.328110E+0	2.014766E+11	5.923955E+0	1.983684E+11	2.010031E+1	2.211540E+11	1.092005E+1	2.179962E+11	-1.477431E+2	4.249181E+0	-1.526129E+2	-1.519923E+2	-1.588730E+2	-1.842063E+10	-1.846900E+10	-1.133940E+6	4.836827E+7	-2.167890E+11
3.250000E+3	1.276821E+0	1.978260E+10	1.060991E+2	1.191628E+9	-5.570162E-2	1.963906E+10	1.883642E+0	1.197335E+9	-1.631530E+0	2.031220E+11	-7.220865E-1	1.999092E+11	-3.535154E+0	2.227611E+11	-2.350242E+0	2.196918E+11	1.048223E+2	1.939344E+0	1.042154E+2	1.028829E+2	1.084493E+2	-1.859097E+10	-1.844173E+10	-5.707156E+6	-1.492406E+8	-2.185001E+11
3.550000E+3	7.132708E-1	1.972395E+10	-4.244415E+2	1.224249E+9	-6.181097E-1	1.959287E+10	4.076474E+0	1.206060E+9	3.424127E+0	2.023630E+11	6.862870E+0	1.981507E+11	8.307211E+0	2.219558E+11	1.187186E+1	2.178746E+11	-4.251548E+2	4.694584E+0	-4.285180E+2	-4.298494E+2	-4.363134E+2	-1.849970E+10	-1.838681E+10	1.818831E+7	-1.128925E+8	-2.166504E+11
