Photon Energy (eV)	X ref norm	X ref	X pump norm	X pump	Y ref norm	Y ref	Y pump norm	Y pump	X all norm	X all	Y all norm	Y all	X all Y ref norm	X all Y ref	Y all X ref norm	Y all X ref	BC(X hist) norm	BC(Y hist) norm	StS norm	BCSC norm	BCLR norm	BC(X hist)	BC(Y hist)	StS	BCSC	BCLR	
5.300220E+2	-7.050943E-3	9.874260E+8	-9.400876E-3	4.551469E+7	-5.985893E-3	1.044123E+9	-6.864071E-3	4.632748E+7	-7.819895E-3	7.579912E+9	-7.650866E-3	7.667863E+9	-7.605700E-3	8.624036E+9	-7.581126E-3	8.655289E+9	-2.349933E-3	-8.781773E-4	-2.536805E-3	-1.471756E-3	-1.819750E-3	-9.419113E+8	-9.977959E+8	-8.127877E+5	5.588467E+7	-8.609774E+9
5.305230E+2	-6.181072E-3	1.009791E+9	-6.409081E-3	4.898164E+7	-6.834761E-3	1.022319E+9	-1.089506E-2	4.175482E+7	-6.378762E-3	7.859849E+9	-6.590779E-3	7.875072E+9	-6.432019E-3	8.882169E+9	-6.543152E-3	8.884863E+9	-2.280091E-4	-4.060298E-3	4.485978E-3	3.832289E-3	1.340706E-4	-9.608097E+8	-9.805643E+8	7.226825E+6	1.975465E+7	-8.835882E+9
5.310050E+2	-7.313151E-3	9.806843E+8	-2.309124E-3	5.373275E+7	-6.079076E-3	1.041730E+9	-5.284863E-3	4.811890E+7	-6.060938E-3	7.921586E+9	-6.304933E-3	7.930945E+9	-6.063056E-3	8.963316E+9	-6.422136E-3	8.911629E+9	5.004027E-3	7.942134E-4	2.975739E-3	4.209814E-3	4.113012E-3	-9.269515E+8	-9.936110E+8	5.613854E+6	6.665945E+7	-8.857896E+9
5.315080E+2	-1.478306E-3	1.130705E+9	4.028715E-3	6.107716E+7	-3.776526E-3	1.100874E+9	3.266763E-3	5.781967E+7	-2.973509E-3	8.521312E+9	-2.424565E-3	8.689418E+9	-3.067294E-3	9.622186E+9	-2.314564E-3	9.820122E+9	5.507021E-3	7.043289E-3	7.619527E-4	-1.536268E-3	6.343280E-3	-1.069628E+9	-1.043054E+9	3.257490E+6	-2.657323E+7	-9.759045E+9
5.320070E+2	-5.311655E-4	1.155057E+9	-7.590889E-3	4.761214E+7	1.980312E-3	1.248746E+9	-2.174606E-3	5.164710E+7	8.323928E-4	9.260600E+9	8.249263E-4	9.324577E+9	9.664594E-4	1.050935E+10	6.672838E-4	1.047963E+10	-7.059723E-3	-4.154918E-3	-5.416283E-3	-2.904805E-3	-8.258172E-3	-1.107445E+9	-1.197099E+9	-4.034964E+6	8.965432E+7	-1.043202E+10
5.325070E+2	5.561889E-3	1.311716E+9	6.532585E-3	6.397869E+7	3.573670E-3	1.289674E+9	-7.010108E-3	4.616182E+7	6.770263E-3	1.041402E+10	5.501114E-3	1.023860E+10	6.396930E-3	1.170369E+10	5.508179E-3	1.155032E+10	9.706960E-4	-1.058378E-2	1.354269E-2	1.155447E-2	1.024406E-3	-1.247737E+9	-1.243512E+9	1.781688E+7	-4.225556E+6	-1.148634E+10
5.330180E+2	1.699275E-2	1.605616E+9	1.514867E-2	7.396318E+7	1.712228E-2	1.637687E+9	2.896194E-2	8.696771E+7	1.563045E-2	1.213509E+10	1.664510E-2	1.241685E+10	1.580468E-2	1.377278E+10	1.668552E-2	1.402247E+10	-1.844079E-3	1.183967E-2	-1.381328E-2	-1.368375E-2	-1.536847E-3	-1.531653E+9	-1.550720E+9	-1.300454E+7	1.906686E+7	-1.394851E+10
5.331520E+2	2.308001E-2	1.762126E+9	2.207693E-2	8.199178E+7	2.123810E-2	1.743408E+9	4.537700E-3	5.926139E+7	2.057054E-2	1.309469E+10	2.025473E-2	1.312241E+10	2.064851E-2	1.483810E+10	2.058316E-2	1.488453E+10	-1.003081E-3	-1.670040E-2	1.753923E-2	1.569732E-2	1.493767E-3	-1.680135E+9	-1.684147E+9	2.273039E+7	4.012032E+6	-1.480254E+10
5.333180E+2	2.784982E-2	1.884764E+9	3.012795E-2	9.132146E+7	2.691356E-2	1.889190E+9	2.058063E-2	7.746013E+7	2.770067E-2	1.447970E+10	2.725402E-2	1.449052E+10	2.760874E-2	1.636889E+10	2.732328E-2	1.637528E+10	2.278131E-3	-6.332935E-3	9.547325E-3	8.611067E-3	2.804669E-3	-1.793442E+9	-1.811730E+9	1.386133E+7	1.828751E+7	-1.628396E+10
5.334580E+2	3.598516E-2	2.093932E+9	3.303915E-2	9.469501E+7	3.592105E-2	2.120559E+9	3.865240E-2	9.796035E+7	3.677145E-2	1.624168E+10	3.595101E-2	1.619047E+10	3.667213E-2	1.836224E+10	3.595498E-2	1.828440E+10	-2.946016E-3	2.731353E-3	-5.613252E-3	-5.677369E-3	-2.915830E-3	-1.999237E+9	-2.022599E+9	-3.265340E+6	2.336131E+7	-1.818971E+10
5.336030E+2	4.334002E-2	2.283034E+9	5.376616E-2	1.187139E+8	4.610962E-2	2.382266E+9	4.531953E-2	1.055234E+8	4.635494E-2	1.810325E+10	4.519121E-2	1.799660E+10	4.632629E-2	2.048552E+10	4.497601E-2	2.027963E+10	1.042614E-2	-7.900866E-4	8.446632E-3	1.121623E-2	8.790153E-3	-2.164320E+9	-2.276742E+9	1.319048E+7	1.124225E+8	-2.016092E+10
5.337740E+2	6.137128E-2	2.746638E+9	7.582407E-2	1.442750E+8	6.327820E-2	2.823264E+9	7.225426E-2	1.360776E+8	6.508425E-2	2.174138E+10	6.279161E-2	2.143685E+10	6.487332E-2	2.456465E+10	6.262650E-2	2.418348E+10	1.445279E-2	8.976067E-3	3.569810E-3	5.476724E-3	1.319757E-2	-2.602363E+9	-2.687186E+9	8.197452E+6	8.482343E+7	-2.403921E+10
5.339090E+2	8.749564E-2	3.418324E+9	1.047817E-1	1.778317E+8	8.703984E-2	3.433613E+9	8.801477E-2	1.539559E+8	9.135018E-2	2.684348E+10	8.683494E-2	2.613646E+10	9.084677E-2	3.027709E+10	8.691174E-2	2.955478E+10	1.728607E-2	9.749350E-4	1.676694E-2	1.631114E-2	1.786997E-2	-3.240492E+9	-3.279657E+9	2.387575E+7	3.916477E+7	-2.937695E+10
5.340640E+2	1.296860E-1	4.503086E+9	1.112136E-1	1.852850E+8	1.294864E-1	4.523910E+9	1.345071E-1	2.066958E+8	1.348026E-1	3.528403E+10	1.297342E-1	3.452172E+10	1.341818E-1	3.980794E+10	1.297286E-1	3.902481E+10	-1.847247E-2	5.020654E-3	-2.329350E-2	-2.349312E-2	-1.851502E-2	-4.317801E+9	-4.317214E+9	-2.141071E+7	-5.871675E+5	-3.883953E+10
5.342040E+2	2.028309E-1	6.383723E+9	2.223960E-1	3.141253E+8	2.043846E-1	6.447769E+9	2.035700E-1	2.850392E+8	2.188397E-1	5.160805E+10	2.054376E-1	4.931903E+10	2.171515E-1	5.805582E+10	2.051346E-1	5.570275E+10	1.956504E-2	-8.145765E-4	1.882593E-2	2.037961E-2	1.726138E-2	-6.069597E+9	-6.162730E+9	2.908610E+7	9.313267E+7	-5.538863E+10
5.343600E+2	3.545582E-1	1.028480E+10	3.691576E-1	4.841956E+8	3.593047E-1	1.042710E+10	3.470304E-1	4.477775E+8	3.792173E-1	8.276103E+10	3.591457E-1	7.936346E+10	3.768916E-1	9.318812E+10	3.586124E-1	8.964826E+10	1.459938E-2	-1.227426E-2	2.212720E-2	2.687365E-2	1.054519E-2	-9.800605E+9	-9.979320E+9	3.641807E+7	1.787145E+8	-8.916406E+10
5.345050E+2	6.177044E-1	1.705058E+10	6.444984E-1	8.032657E+8	6.181418E-1	1.707567E+10	6.582042E-1	8.007661E+8	6.494925E-1	1.352614E+11	6.245248E-1	1.312356E+11	6.458310E-1	1.523371E+11	6.237319E-1	1.482862E+11	2.679399E-2	4.006241E-2	-1.370581E-2	-1.326842E-2	2.076643E-2	-1.624732E+10	-1.627491E+10	2.499660E+6	2.759001E+7	-1.474829E+11
5.346560E+2	9.526100E-1	2.566138E+10	1.003974E+0	1.219834E+9	9.717033E-1	2.615737E+10	9.593194E-1	1.142344E+9	9.847250E-1	2.003796E+11	9.530568E-1	1.954518E+11	9.832042E-1	2.265369E+11	9.530049E-1	2.211132E+11	5.136444E-2	-1.238395E-2	4.465504E-2	6.374839E-2	5.096956E-2	-2.444155E+10	-2.501503E+10	7.748906E+7	5.734817E+8	-2.198934E+11
5.348020E+2	1.323172E+0	3.518895E+10	1.277353E+0	1.536630E+9	1.322248E+0	3.516157E+10	1.316500E+0	1.547522E+9	1.325865E+0	2.666453E+11	1.311107E+0	2.654378E+11	1.325443E+0	3.018069E+11	1.312509E+0	3.006267E+11	-4.581930E-2	-5.747720E-3	-3.914716E-2	-4.007158E-2	-3.515648E-2	-3.365232E+10	-3.361405E+10	-1.089249E+7	-3.826765E+7	-2.990901E+11
5.349580E+2	1.710510E+0	4.514784E+10	1.621201E+0	1.935088E+9	1.716277E+0	4.528274E+10	1.705440E+0	1.988727E+9	1.686798E+0	3.367557E+11	1.682217E+0	3.379766E+11	1.690241E+0	3.820384E+11	1.685506E+0	3.831245E+11	-8.930887E-2	-1.083718E-2	-8.423860E-2	-7.847169E-2	-6.430497E-2	-4.321275E+10	-4.329401E+10	-5.363903E+7	8.126129E+7	-3.811894E+11
5.351090E+2	1.899515E+0	5.000737E+10	1.822884E+0	2.168802E+9	1.903250E+0	5.008540E+10	1.850845E+0	2.153672E+9	1.845084E+0	3.675025E+11	1.854748E+0	3.717002E+11	1.851878E+0	4.175879E+11	1.859952E+0	4.217076E+11	-7.663133E-2	-5.240505E-2	-2.796138E-2	-2.422628E-2	-3.706836E-2	-4.783857E+10	-4.793173E+10	1.513004E+7	9.315579E+7	-4.195388E+11
5.352550E+2	1.928122E+0	5.074289E+10	1.824755E+0	2.170970E+9	1.934888E+0	5.089804E+10	1.875730E+0	2.181901E+9	1.871589E+0	3.726510E+11	1.889478E+0	3.784886E+11	1.878982E+0	4.235491E+11	1.893970E+0	4.292314E+11	-1.033674E-1	-5.915717E-2	-5.097553E-2	-4.421024E-2	-6.921504E-2	-4.857192E+10	-4.871614E+10	-1.093098E+7	1.442205E+8	-4.270605E+11
5.354060E+2	1.765283E+0	4.655611E+10	1.660672E+0	1.980827E+9	1.762547E+0	4.647123E+10	1.775820E+0	2.068564E+9	1.714793E+0	3.421936E+11	1.724227E+0	3.461880E+11	1.720370E+0	3.886649E+11	1.729000E+0	3.927442E+11	-1.046114E-1	1.327310E-2	-1.151481E-1	-1.178845E-1	-6.832831E-2	-4.457528E+10	-4.440267E+10	-8.773736E+7	-1.726141E+8	-3.907633E+11
5.355630E+2	1.547818E+0	4.096485E+10	1.499394E+0	1.793935E+9	1.559280E+0	4.125006E+10	1.561919E+0	1.825920E+9	1.523866E+0	3.051064E+11	1.532910E+0	3.087924E+11	1.528002E+0	3.463565E+11	1.534643E+0	3.497573E+11	-4.842438E-2	2.639095E-3	-6.252526E-2	-5.106347E-2	-3.524940E-2	-3.917092E+10	-3.942414E+10	-3.198506E+7	2.532283E+8	-3.479634E+11
5.357140E+2	1.345524E+0	3.576365E+10	1.248772E+0	1.503509E+9	1.345176E+0	3.575051E+10	1.384154E+0	1.624268E+9	1.325473E+0	2.665691E+11	1.334181E+0	2.699480E+11	1.327774E+0	3.023196E+11	1.335500E+0	3.057117E+11	-9.675251E-2	3.897859E-2	-1.353826E-1	-1.357311E-1	-8.672806E-2	-3.426014E+10	-3.412624E+10	-1.207584E+8	-1.338947E+8	-3.042081E+11
5.358600E+2	1.164135E+0	3.109992E+10	1.117368E+0	1.351236E+9	1.155426E+0	3.087652E+10	1.178356E+0	1.390815E+9	1.147392E+0	2.319773E+11	1.156530E+0	2.352236E+11	1.148331E+0	2.628539E+11	1.157414E+0	2.663235E+11	-4.676688E-2	2.293072E-2	-6.098837E-2	-6.969760E-2	-4.004635E-2	-2.974868E+10	-2.948571E+10	-3.957896E+7	-2.629753E+8	-2.649723E+11
5.360120E+2	9.669693E-1	2.603057E+10	9.277821E-1	1.131540E+9	9.575951E-1	2.579498E+10	9.095982E-1	1.085942E+9	9.657016E-1	1.966843E+11	9.659437E-1	1.979707E+11	9.647549E-1	2.224793E+11	9.660629E-1	2.240013E+11	-3.918718E-2	-4.799687E-2	1.818394E-2	8.809690E-3	-3.828080E-2	-2.489903E+10	-2.470904E+10	4.559858E+7	-1.899929E+8	-2.228698E+11
5.362630E+2	7.437020E-1	2.029012E+10	7.423418E-1	9.166486E+8	7.393998E-1	2.019035E+10	7.566351E-1	9.124240E+8	7.402855E-1	1.528977E+11	7.439098E-1	1.545711E+11	7.401821E-1	1.730881E+11	7.438857E-1	1.748612E+11	-1.360227E-3	1.723535E-2	-1.429329E-2	-1.859558E-2	-1.543837E-3	-1.937347E+10	-1.927792E+10	4.224680E+6	-9.555285E+7	-1.739445E+11
5.365040E+2	5.916150E-1	1.637980E+10	5.856460E-1	7.350665E+8	5.903584E-1	1.636202E+10	6.015315E-1	7.364779E+8	5.941923E-1	1.245195E+11	5.969780E-1	1.258512E+11	5.937445E-1	1.408815E+11	5.963545E-1	1.422310E+11	-5.968998E-3	1.117311E-2	-1.588545E-2	-1.714211E-2	-1.070850E-2	-1.564473E+10	-1.562554E+10	-1.411322E+6	-1.918833E+7	-1.414959E+11
5.367810E+2	5.114904E-1	1.431970E+10	4.961867E-1	6.313993E+8	5.103097E-1	1.430586E+10	5.057702E-1	6.278483E+8	5.139711E-1	1.089367E+11	5.117954E-1	1.092010E+11	5.135435E-1	1.232425E+11	5.117600E-1	1.235207E+11	-1.530368E-2	-4.539553E-3	-9.583467E-3	-1.076412E-2	-1.557328E-2	-1.368830E+10	-1.367801E+10	3.550983E+6	-1.028781E+7	-1.228893E+11
5.370070E+2	4.872392E-1	1.369618E+10	4.773412E-1	6.095608E+8	4.795781E-1	1.351648E+10	5.153564E-1	6.387228E+8	4.956988E-1	1.053873E+11	4.879645E-1	1.045429E+11	4.938160E-1	1.189038E+11	4.878801E-1	1.182391E+11	-9.898036E-3	3.577827E-2	-3.801522E-2	-4.567630E-2	-1.053897E-2	-1.308662E+10	-1.287776E+10	-2.916198E+7	-2.088580E+8	-1.176295E+11
5.372690E+2	5.118617E-1	1.432925E+10	4.997897E-1	6.355746E+8	5.170676E-1	1.447945E+10	4.925931E-1	6.129006E+8	5.234230E-1	1.107727E+11	5.238875E-1	1.115646E+11	5.226807E-1	1.252521E+11	5.224895E-1	1.258938E+11	-1.207200E-2	-2.447444E-2	7.196583E-3	1.240244E-2	-2.269979E-2	-1.369367E+10	-1.386655E+10	2.267396E+7	1.728720E+8	-1.252583E+11
5.375060E+2	5.535654E-1	1.540150E+10	5.417306E-1	6.841765E+8	5.459521E-1	1.522139E+10	5.466483E-1	6.742196E+8	5.599528E-1	1.178685E+11	5.546637E-1	1.175802E+11	5.583176E-1	1.330899E+11	5.545360E-1	1.329817E+11	-1.183481E-2	6.961884E-4	-4.917757E-3	-1.253099E-2	-1.280541E-2	-1.471732E+10	-1.454717E+10	9.956825E+6	-1.701542E+8	-1.322975E+11
5.377690E+2	6.491411E-1	1.785886E+10	6.914719E-1	8.576996E+8	6.579286E-1	1.809765E+10	6.523164E-1	7.940872E+8	6.607050E-1	1.374394E+11	6.557691E-1	1.373427E+11	6.603808E-1	1.555371E+11	6.549986E-1	1.552016E+11	4.233082E-2	-5.612153E-3	3.915549E-2	4.794297E-2	3.647331E-2	-1.700116E+10	-1.730356E+10	6.361245E+7	3.024068E+8	-1.543439E+11
5.380270E+2	7.500128E-1	2.045238E+10	7.873193E-1	9.687695E+8	7.561409E-1	2.062036E+10	7.418286E-1	8.956278E+8	7.638834E-1	1.574816E+11	7.580853E-1	1.573419E+11	7.629792E-1	1.781019E+11	7.571469E-1	1.777943E+11	3.730654E-2	-1.431226E-2	4.549071E-2	5.161880E-2	3.017242E-2	-1.948361E+10	-1.972474E+10	7.314164E+7	2.411257E+8	-1.768255E+11
5.382690E+2	9.149978E-1	2.469433E+10	9.390750E-1	1.144627E+9	9.325511E-1	2.515170E+10	9.057355E-1	1.081560E+9	9.344032E-1	1.906047E+11	9.263159E-1	1.902249E+11	9.341869E-1	2.157564E+11	9.250002E-1	2.149193E+11	2.407723E-2	-2.681566E-2	3.333950E-2	5.089289E-2	1.407476E-2	-2.354970E+10	-2.407014E+10	6.306672E+7	5.204356E+8	-2.137746E+11
5.385170E+2	1.110077E+0	2.971004E+10	1.032804E+0	1.253242E+9	1.115997E+0	2.986375E+10	1.060249E+0	1.256836E+9	1.112552E+0	2.252098E+11	1.105569E+0	2.252625E+11	1.112955E+0	2.550735E+11	1.106093E+0	2.549725E+11	-7.727310E-2	-5.574856E-2	-2.744411E-2	-2.152454E-2	-7.328856E-2	-2.845680E+10	-2.860691E+10	-3.593960E+6	1.501097E+8	-2.537193E+11
5.387860E+2	1.328845E+0	3.533481E+10	1.251865E+0	1.507094E+9	1.317956E+0	3.505133E+10	1.305831E+0	1.535419E+9	1.318712E+0	2.652559E+11	1.314687E+0	2.661376E+11	1.318624E+0	3.003072E+11	1.316333E+0	3.014724E+11	-7.698067E-2	-1.212518E-2	-5.396578E-2	-6.485548E-2	-6.446801E-2	-3.382772E+10	-3.351591E+10	-2.832538E+7	-3.118126E+8	-2.999653E+11
5.390080E+2	1.536942E+0	4.068521E+10	1.457256E+0	1.745105E+9	1.546093E+0	4.091134E+10	1.447734E+0	1.696391E+9	1.524847E+0	3.052971E+11	1.527125E+0	3.076616E+11	1.527328E+0	3.462084E+11	1.528266E+0	3.483468E+11	-7.968618E-2	-9.835917E-2	9.522046E-3	1.867299E-2	-7.100994E-2	-3.894011E+10	-3.921495E+10	4.871388E+7	2.748397E+8	-3.466017E+11
5.392930E+2	1.736317E+0	4.581135E+10	1.599932E+0	1.910441E+9	1.729887E+0	4.563233E+10	1.692864E+0	1.974461E+9	1.703312E+0	3.399635E+11	1.699794E+0	3.414122E+11	1.706416E+0	3.855958E+11	1.704040E+0	3.872236E+11	-1.363843E-1	-3.702367E-2	-9.293131E-2	-9.936067E-2	-1.041075E-1	-4.390091E+10	-4.365787E+10	-6.401969E+7	-2.430363E+8	-3.853131E+11
5.395210E+2	1.774694E+0	4.679807E+10	1.687229E+0	2.011602E+9	1.761810E+0	4.645230E+10	1.717191E+0	2.002057E+9	1.740077E+0	3.471050E+11	1.740614E+0	3.493911E+11	1.742615E+0	3.935573E+11	1.744576E+0	3.961892E+11	-8.746479E-2	-4.461839E-2	-2.996232E-2	-4.284641E-2	-5.734702E-2	-4.478647E+10	-4.445024E+10	9.544589E+6	-3.362215E+8	-3.941776E+11
5.397650E+2	1.996887E+0	5.251089E+10	1.861899E+0	2.214013E+9	1.982394E+0	5.211830E+10	1.901443E+0	2.211069E+9	1.942593E+0	3.864434E+11	1.952603E+0	3.908273E+11	1.947242E+0	4.385617E+11	1.957751E+0	4.433382E+11	-1.349876E-1	-8.095072E-2	-3.954419E-2	-5.403686E-2	-9.585183E-2	-5.029688E+10	-4.990723E+10	2.944342E+6	-3.896476E+8	-4.411242E+11
5.400190E+2	1.940242E+0	5.105450E+10	1.751481E+0	2.086059E+9	1.976092E+0	5.195642E+10	1.873555E+0	2.179434E+9	1.915117E+0	3.811063E+11	1.930495E+0	3.865060E+11	1.922239E+0	4.330627E+11	1.931628E+0	4.375605E+11	-1.887610E-1	-1.025362E-1	-1.220745E-1	-8.622479E-2	-1.801470E-1	-4.896844E+10	-4.977699E+10	-9.337499E+7	8.085479E+8	-4.354744E+11
5.402740E+2	1.869910E+0	4.924617E+10	1.752532E+0	2.087277E+9	1.879055E+0	4.946392E+10	1.797496E+0	2.093153E+9	1.824396E+0	3.634838E+11	1.832178E+0	3.672885E+11	1.830780E+0	4.129477E+11	1.836564E+0	4.165347E+11	-1.173772E-1	-8.155960E-2	-4.496335E-2	-3.581756E-2	-8.403170E-2	-4.715890E+10	-4.737076E+10	-5.876127E+6	2.118643E+8	-4.144474E+11
5.405130E+2	1.812352E+0	4.776631E+10	1.684637E+0	2.008598E+9	1.813088E+0	4.776945E+10	1.721655E+0	2.007121E+9	1.774723E+0	3.538350E+11	1.782899E+0	3.576562E+11	1.779204E+0	4.016044E+11	1.786323E+0	4.054225E+11	-1.277153E-1	-9.143246E-2	-3.701842E-2	-3.628279E-2	-1.016858E-1	-4.575771E+10	-4.576233E+10	1.476953E+6	4.617826E+6	-4.034139E+11
5.407680E+2	1.757717E+0	4.636157E+10	1.636323E+0	1.952612E+9	1.749591E+0	4.613845E+10	1.703058E+0	1.986025E+9	1.716328E+0	3.424918E+11	1.716360E+0	3.446503E+11	1.720213E+0	3.886302E+11	1.721168E+0	3.910119E+11	-1.213932E-1	-4.653300E-2	-6.673466E-2	-7.486021E-2	-8.484430E-2	-4.440896E+10	-4.415243E+10	-3.341334E+7	-2.565293E+8	-3.890592E+11
5.410190E+2	1.632052E+0	4.313058E+10	1.540144E+0	1.841157E+9	1.630071E+0	4.306842E+10	1.572718E+0	1.838170E+9	1.603225E+0	3.205219E+11	1.608541E+0	3.235755E+11	1.606360E+0	3.635903E+11	1.611274E+0	3.667061E+11	-9.190799E-2	-5.735295E-2	-3.257448E-2	-3.455503E-2	-7.113048E-2	-4.128942E+10	-4.123025E+10	2.986423E+6	-5.917251E+7	-3.648649E+11
5.412580E+2	1.579281E+0	4.177380E+10	1.527941E+0	1.827016E+9	1.558080E+0	4.121923E+10	1.574080E+0	1.839715E+9	1.549017E+0	3.099920E+11	1.551990E+0	3.125219E+11	1.550075E+0	3.512113E+11	1.555163E+0	3.542957E+11	-5.134049E-2	1.599990E-2	-4.613868E-2	-6.734039E-2	-2.722200E-2	-3.994679E+10	-3.937952E+10	-1.269876E+7	-5.672706E+8	-3.524687E+11
5.415190E+2	1.444732E+0	3.831440E+10	1.370748E+0	1.644858E+9	1.436887E+0	3.810624E+10	1.459090E+0	1.709273E+9	1.423586E+0	2.856273E+11	1.424776E+0	2.876561E+11	1.425139E+0	3.237335E+11	1.427096E+0	3.259705E+11	-7.398469E-2	2.220222E-2	-8.834188E-2	-9.618692E-2	-5.634844E-2	-3.666954E+10	-3.639697E+10	-6.441518E+7	-2.725684E+8	-3.243256E+11
5.417600E+2	1.329113E+0	3.534169E+10	1.211561E+0	1.460389E+9	1.322780E+0	3.517525E+10	1.316430E+0	1.547443E+9	1.320600E+0	2.656225E+11	1.324838E+0	2.681218E+11	1.320854E+0	3.007978E+11	1.325335E+0	3.034635E+11	-1.175519E-1	-6.350419E-3	-1.048689E-1	-1.112015E-1	-1.137741E-1	-3.388130E+10	-3.362781E+10	-8.705378E+7	-2.534930E+8	-3.020031E+11
5.420050E+2	1.168882E+0	3.122197E+10	1.109034E+0	1.341579E+9	1.178306E+0	3.146425E+10	1.093538E+0	1.294599E+9	1.162863E+0	2.349824E+11	1.164762E+0	2.368325E+11	1.164666E+0	2.664467E+11	1.165241E+0	2.680545E+11	-5.984742E-2	-8.476814E-2	1.549615E-2	2.492072E-2	-5.620622E-2	-2.988039E+10	-3.016965E+10	4.697969E+7	2.892564E+8	-2.667129E+11
5.422730E+2	1.025660E+0	2.753958E+10	9.947747E-1	1.209173E+9	1.034111E+0	2.776039E+10	1.046843E+0	1.241629E+9	1.028824E+0	2.089458E+11	1.026700E+0	2.098465E+11	1.029442E+0	2.367062E+11	1.026580E+0	2.373861E+11	-3.088563E-2	1.273161E-2	-5.206793E-2	-4.361724E-2	-3.180491E-2	-2.633041E+10	-2.651877E+10	-3.245618E+7	1.883550E+8	-2.361769E+11
5.425460E+2	9.385663E-1	2.530030E+10	9.274365E-1	1.131140E+9	9.316345E-1	2.512815E+10	9.421685E-1	1.122889E+9	9.452658E-1	1.927147E+11	9.386069E-1	1.926274E+11	9.436738E-1	2.178429E+11	9.386022E-1	2.179277E+11	-1.112983E-2	1.053396E-2	-1.473199E-2	-2.166379E-2	-1.116575E-2	-2.416916E+10	-2.400526E+10	8.251029E+6	-1.638988E+8	-2.167966E+11
5.427600E+2	9.442471E-1	2.544636E+10	9.366279E-1	1.141791E+9	9.442532E-1	2.545228E+10	9.787631E-1	1.164401E+9	9.482734E-1	1.932989E+11	9.473241E-1	1.943313E+11	9.478039E-1	2.187512E+11	9.469664E-1	2.197776E+11	-7.619191E-3	3.450990E-2	-4.213521E-2	-4.212909E-2	-1.033847E-2	-2.430457E+10	-2.428788E+10	-2.260992E+7	-1.669105E+7	-2.186358E+11
5.430120E+2	1.032071E+0	2.770440E+10	9.920454E-1	1.206010E+9	1.034828E+0	2.777881E+10	1.008152E+0	1.197739E+9	1.044136E+0	2.119200E+11	1.035976E+0	2.116595E+11	1.043049E+0	2.396988E+11	1.035522E+0	2.393639E+11	-4.002532E-2	-2.667582E-2	-1.610651E-2	-1.334950E-2	-4.347651E-2	-2.649839E+10	-2.658107E+10	8.270942E+6	8.267369E+7	-2.381579E+11
5.432910E+2	1.194668E+0	3.188496E+10	1.140491E+0	1.378031E+9	1.196695E+0	3.193658E+10	1.210236E+0	1.426978E+9	1.195712E+0	2.413634E+11	1.190754E+0	2.419131E+11	1.195827E+0	2.733000E+11	1.191209E+0	2.737981E+11	-5.417722E-2	1.354070E-2	-6.974506E-2	-6.771792E-2	-5.071842E-2	-3.050692E+10	-3.050960E+10	-4.894720E+7	2.677720E+6	-2.724200E+11
5.435270E+2	1.342798E+0	3.569354E+10	1.239102E+0	1.492304E+9	1.328661E+0	3.532630E+10	1.355525E+0	1.591792E+9	1.333111E+0	2.680528E+11	1.327978E+0	2.687355E+11	1.332591E+0	3.033791E+11	1.329701E+0	3.044291E+11	-1.036957E-1	2.686453E-2	-1.164236E-1	-1.305602E-1	-9.059897E-2	-3.420123E+10	-3.373451E+10	-9.948804E+7	-4.667222E+8	-3.029368E+11
5.437850E+2	1.451281E+0	3.848278E+10	1.417690E+0	1.699255E+9	1.444525E+0	3.830241E+10	1.361794E+0	1.598903E+9	1.426423E+0	2.861784E+11	1.435664E+0	2.897843E+11	1.428537E+0	3.244808E+11	1.437480E+0	3.282671E+11	-3.359111E-2	-8.273066E-2	5.589641E-2	4.913955E-2	-1.978965E-2	-3.678352E+10	-3.670351E+10	1.003529E+8	-8.001149E+7	-3.265679E+11
5.440060E+2	1.558903E+0	4.124984E+10	1.471892E+0	1.762066E+9	1.556435E+0	4.117698E+10	1.479831E+0	1.732802E+9	1.529527E+0	3.062061E+11	1.536742E+0	3.095414E+11	1.532670E+0	3.473831E+11	1.539318E+0	3.507912E+11	-8.701040E-2	-7.660373E-2	-7.939050E-3	-1.040667E-2	-6.742583E-2	-3.948777E+10	-3.944418E+10	2.926413E+7	-4.359278E+7	-3.490291E+11
5.442750E+2	1.576840E+0	4.171103E+10	1.488713E+0	1.781558E+9	1.581043E+0	4.180907E+10	1.522144E+0	1.780801E+9	1.552476E+0	3.106639E+11	1.562395E+0	3.145556E+11	1.555812E+0	3.524730E+11	1.564074E+0	3.562666E+11	-8.812710E-2	-5.889856E-2	-3.343138E-2	-2.922854E-2	-7.536112E-2	-3.992947E+10	-4.002827E+10	7.573271E+5	9.879561E+7	-3.544851E+11
5.445240E+2	1.571789E+0	4.158117E+10	1.528199E+0	1.827315E+9	1.576453E+0	4.169117E+10	1.503681E+0	1.759856E+9	1.542442E+0	3.087149E+11	1.546962E+0	3.115391E+11	1.546414E+0	3.504061E+11	1.549849E+0	3.531203E+11	-4.359035E-2	-7.277209E-2	2.451833E-2	2.918174E-2	-2.164944E-2	-3.975386E+10	-3.993131E+10	6.745929E+7	1.774529E+8	-3.512930E+11
5.447610E+2	1.485456E+0	3.936145E+10	1.396052E+0	1.674180E+9	1.473867E+0	3.905610E+10	1.483710E+0	1.737201E+9	1.463083E+0	2.932996E+11	1.465888E+0	2.956919E+11	1.464343E+0	3.323557E+11	1.468162E+0	3.350533E+11	-8.940435E-2	9.843079E-3	-8.765780E-2	-9.924743E-2	-7.211057E-2	-3.768727E+10	-3.731890E+10	-6.302069E+7	-3.683682E+8	-3.333792E+11
5.450150E+2	1.367369E+0	3.632530E+10	1.329375E+0	1.596914E+9	1.372394E+0	3.644963E+10	1.361383E+0	1.598437E+9	1.352648E+0	2.718479E+11	1.356486E+0	2.743079E+11	1.354955E+0	3.082975E+11	1.357751E+0	3.106332E+11	-3.799386E-2	-1.101023E-2	-3.200820E-2	-2.698363E-2	-2.837635E-2	-3.472838E+10	-3.485120E+10	-1.522711E+6	1.228145E+8	-3.090362E+11
5.452580E+2	1.351610E+0	3.592011E+10	1.344152E+0	1.614038E+9	1.352105E+0	3.592848E+10	1.390623E+0	1.631605E+9	1.333670E+0	2.681613E+11	1.339317E+0	2.709519E+11	1.335823E+0	3.040898E+11	1.340746E+0	3.068720E+11	-7.457731E-3	3.851801E-2	-4.647054E-2	-4.597574E-2	3.405868E-3	-3.430607E+10	-3.429688E+10	-1.756730E+7	-9.192673E+6	-3.052580E+11
5.455290E+2	1.299587E+0	3.458256E+10	1.289244E+0	1.550409E+9	1.306098E+0	3.474675E+10	1.316347E+0	1.547348E+9	1.286957E+0	2.590875E+11	1.288717E+0	2.610613E+11	1.289193E+0	2.938342E+11	1.289980E+0	2.956439E+11	-1.034391E-2	1.024850E-2	-2.710331E-2	-2.059241E-2	-7.369037E-4	-3.303215E+10	-3.319940E+10	3.060405E+6	1.672560E+8	-2.940935E+11
5.457620E+2	1.241306E+0	3.308407E+10	1.150948E+0	1.390149E+9	1.228214E+0	3.274618E+10	1.256745E+0	1.479737E+9	1.223942E+0	2.468470E+11	1.223807E+0	2.483738E+11	1.224441E+0	2.795932E+11	1.225841E+0	2.814579E+11	-9.035832E-2	2.853075E-2	-1.057969E-1	-1.188891E-1	-7.489376E-2	-3.169393E+10	-3.126645E+10	-8.958803E+7	-4.274784E+8	-2.800678E+11
5.460060E+2	1.133742E+0	3.031849E+10	1.077516E+0	1.305055E+9	1.133529E+0	3.031407E+10	1.115728E+0	1.319771E+9	1.133638E+0	2.293056E+11	1.133113E+0	2.306463E+11	1.133625E+0	2.596196E+11	1.133186E+0	2.609648E+11	-5.622592E-2	-1.780102E-2	-3.821156E-2	-3.842489E-2	-5.566971E-2	-2.901343E+10	-2.899430E+10	-1.471549E+7	-1.913018E+7	-2.596597E+11
5.467660E+2	1.193264E+0	3.184885E+10	1.163270E+0	1.404429E+9	1.195365E+0	3.190241E+10	1.188285E+0	1.402078E+9	1.188558E+0	2.399736E+11	1.186966E+0	2.411727E+11	1.189353E+0	2.718761E+11	1.187698E+0	2.730215E+11	-2.999337E-2	-7.080019E-3	-2.501440E-2	-2.291335E-2	-2.442774E-2	-3.044443E+10	-3.050033E+10	2.351038E+6	5.590906E+7	-2.716171E+11
5.475180E+2	1.275861E+0	3.397251E+10	1.203538E+0	1.451092E+9	1.286060E+0	3.423204E+10	1.244582E+0	1.465940E+9	1.268133E+0	2.554309E+11	1.267912E+0	2.569948E+11	1.270227E+0	2.896629E+11	1.268836E+0	2.909673E+11	-7.232236E-2	-4.147847E-2	-4.104332E-2	-3.084389E-2	-6.529807E-2	-3.252142E+10	-3.276610E+10	-1.484760E+7	2.446809E+8	-2.895162E+11
5.482550E+2	1.389325E+0	3.688980E+10	1.337894E+0	1.606786E+9	1.384514E+0	3.676096E+10	1.412594E+0	1.656529E+9	1.372799E+0	2.757622E+11	1.378330E+0	2.785775E+11	1.374168E+0	3.125231E+11	1.379608E+0	3.154673E+11	-5.143060E-2	2.807984E-2	-7.469976E-2	-7.951044E-2	-4.171397E-2	-3.528301E+10	-3.510443E+10	-4.974285E+7	-1.785813E+8	-3.138605E+11
5.490380E+2	1.356095E+0	3.603543E+10	1.293784E+0	1.555671E+9	1.352608E+0	3.594142E+10	1.297229E+0	1.525662E+9	1.336678E+0	2.687456E+11	1.339119E+0	2.709132E+11	1.338538E+0	3.046871E+11	1.341092E+0	3.069486E+11	-6.231073E-2	-5.537881E-2	-3.445105E-3	-6.931924E-3	-4.730816E-2	-3.447976E+10	-3.441576E+10	3.000873E+7	-6.400094E+7	-3.053929E+11
5.497790E+2	1.316205E+0	3.500982E+10	1.311056E+0	1.575686E+9	1.309452E+0	3.483289E+10	1.281056E+0	1.507316E+9	1.297583E+0	2.611515E+11	1.297869E+0	2.628502E+11	1.298969E+0	2.959844E+11	1.300000E+0	2.978600E+11	-5.148765E-3	-2.839543E-2	3.000019E-2	2.324667E-2	1.105620E-2	-3.343413E+10	-3.332557E+10	6.837049E+7	-1.085601E+8	-2.962843E+11
5.505060E+2	1.267321E+0	3.375294E+10	1.193987E+0	1.440024E+9	1.253182E+0	3.338753E+10	1.281286E+0	1.507577E+9	1.257147E+0	2.532970E+11	1.254152E+0	2.543051E+11	1.256684E+0	2.866845E+11	1.255683E+0	2.880581E+11	-7.333317E-2	2.810441E-2	-8.729908E-2	-1.014376E-1	-6.169539E-2	-3.231291E+10	-3.187995E+10	-6.755254E+7	-4.329646E+8	-2.866181E+11
5.512570E+2	1.249863E+0	3.330409E+10	1.230910E+0	1.482811E+9	1.245136E+0	3.318085E+10	1.225902E+0	1.444750E+9	1.242749E+0	2.505002E+11	1.245547E+0	2.526232E+11	1.243028E+0	2.836810E+11	1.246049E+0	2.859273E+11	-1.895277E-2	-1.923343E-2	5.008030E-3	2.806663E-4	-1.513834E-2	-3.182128E+10	-3.173610E+10	3.806104E+7	-8.518063E+7	-2.844445E+11
5.520100E+2	1.279416E+0	3.406393E+10	1.227886E+0	1.479307E+9	1.272083E+0	3.387302E+10	1.266126E+0	1.490379E+9	1.267333E+0	2.552756E+11	1.269160E+0	2.572386E+11	1.267888E+0	2.891487E+11	1.270352E+0	2.913025E+11	-5.152980E-2	-5.956713E-3	-3.823971E-2	-4.557309E-2	-4.246539E-2	-3.258463E+10	-3.238264E+10	-1.107214E+7	-2.019852E+8	-2.898232E+11
5.527590E+2	1.257354E+0	3.349667E+10	1.229094E+0	1.480707E+9	1.250016E+0	3.330619E+10	1.252073E+0	1.474438E+9	1.244877E+0	2.509136E+11	1.249276E+0	2.533520E+11	1.245477E+0	2.842198E+11	1.250215E+0	2.868487E+11	-2.825922E-2	2.057617E-3	-2.297891E-2	-3.031684E-2	-2.112039E-2	-3.201597E+10	-3.183175E+10	6.268892E+6	-1.842143E+8	-2.853680E+11
5.534940E+2	1.175216E+0	3.138484E+10	1.148779E+0	1.387636E+9	1.179034E+0	3.148293E+10	1.126651E+0	1.332162E+9	1.163697E+0	2.351445E+11	1.170200E+0	2.378955E+11	1.165488E+0	2.666274E+11	1.170783E+0	2.692803E+11	-2.643708E-2	-5.238272E-2	2.212810E-2	2.594564E-2	-2.200352E-2	-2.999720E+10	-3.015077E+10	5.547426E+7	1.535698E+8	-2.678927E+11
5.542580E+2	1.124754E+0	3.008738E+10	1.067701E+0	1.293682E+9	1.111816E+0	2.975636E+10	1.176798E+0	1.389047E+9	1.117194E+0	2.261114E+11	1.117257E+0	2.275471E+11	1.116566E+0	2.558677E+11	1.118129E+0	2.576345E+11	-5.705209E-2	6.498113E-2	-1.090961E-1	-1.220332E-1	-5.042725E-2	-2.879370E+10	-2.836732E+10	-9.536524E+7	-4.263841E+8	-2.563408E+11
5.550140E+2	1.017923E+0	2.734066E+10	1.013328E+0	1.230673E+9	1.013802E+0	2.723874E+10	1.012117E+0	1.202237E+9	1.012750E+0	2.058233E+11	1.016009E+0	2.077568E+11	1.012872E+0	2.330620E+11	1.016232E+0	2.350975E+11	-4.594901E-3	-1.685481E-3	1.211449E-3	-2.909420E-3	-2.903475E-3	-2.610999E+10	-2.603651E+10	2.843625E+7	-7.347806E+7	-2.338668E+11
5.557600E+2	9.623068E-1	2.591070E+10	9.429343E-1	1.149099E+9	9.568545E-1	2.577596E+10	9.750203E-1	1.160155E+9	9.708573E-1	1.976858E+11	9.701723E-1	1.987973E+11	9.692219E-1	2.234618E+11	9.692580E-1	2.247080E+11	-1.937247E-2	1.816575E-2	-3.208593E-2	-3.753821E-2	-2.632362E-2	-2.476160E+10	-2.461580E+10	-1.105610E+7	-1.457911E+8	-2.235589E+11
5.560190E+2	9.619485E-1	2.590148E+10	9.369166E-1	1.142126E+9	9.602631E-1	2.586351E+10	9.598249E-1	1.142918E+9	9.681812E-1	1.971660E+11	9.642785E-1	1.976453E+11	9.672564E-1	2.230295E+11	9.640077E-1	2.235467E+11	-2.503194E-2	-4.382005E-4	-2.290831E-2	-2.459374E-2	-2.709110E-2	-2.475936E+10	-2.472060E+10	-7.922995E+5	-3.876177E+7	-2.224046E+11
5.565140E+2	9.845376E-1	2.648227E+10	9.914219E-1	1.205287E+9	9.758488E-1	2.626385E+10	9.729473E-1	1.157804E+9	9.812702E-1	1.997085E+11	9.789624E-1	2.005154E+11	9.806370E-1	2.259723E+11	9.796105E-1	2.269977E+11	6.884304E-3	-2.901466E-3	1.847456E-2	9.785771E-3	1.181139E-2	-2.527699E+10	-2.510605E+10	4.748370E+7	-1.709362E+8	-2.257924E+11
5.570050E+2	9.445297E-1	2.545363E+10	9.526564E-1	1.160365E+9	9.551201E-1	2.573141E+10	9.412735E-1	1.121874E+9	9.537391E-1	1.943606E+11	9.550504E-1	1.958415E+11	9.539004E-1	2.200920E+11	9.538274E-1	2.212951E+11	8.126711E-3	-1.384664E-2	1.138297E-2	2.197335E-2	-1.170981E-3	-2.429326E+10	-2.460954E+10	3.849168E+7	3.162743E+8	-2.201348E+11
5.575080E+2	9.618958E-1	2.590013E+10	9.566398E-1	1.164981E+9	9.591457E-1	2.583481E+10	9.438612E-1	1.124809E+9	9.651870E-1	1.965844E+11	9.624190E-1	1.972818E+11	9.644815E-1	2.224192E+11	9.623582E-1	2.231819E+11	-5.255947E-3	-1.528449E-2	1.277859E-2	1.002854E-2	-5.718360E-3	-2.473515E+10	-2.471000E+10	4.017220E+7	-2.514219E+7	-2.220169E+11
5.580000E+2	1.024837E+0	2.751842E+10	1.050569E+0	1.273828E+9	1.019179E+0	2.737684E+10	9.889034E-1	1.175904E+9	1.019602E+0	2.071543E+11	1.016692E+0	2.078901E+11	1.019552E+0	2.345311E+11	1.017638E+0	2.354086E+11	2.573159E-2	-3.027516E-2	6.166545E-2	5.600676E-2	3.293038E-2	-2.624460E+10	-2.620093E+10	9.792413E+7	-4.366248E+7	-2.341347E+11
5.585160E+2	1.024721E+0	2.751544E+10	9.918989E-1	1.205840E+9	1.013205E+0	2.722340E+10	9.925254E-1	1.180013E+9	1.017530E+0	2.067518E+11	1.016084E+0	2.077715E+11	1.017025E+0	2.339752E+11	1.017088E+0	2.352869E+11	-3.282241E-2	-2.067982E-2	-6.264687E-4	-1.214259E-2	-2.518952E-2	-2.630960E+10	-2.604339E+10	2.582758E+7	-2.662120E+8	-2.340811E+11
5.590100E+2	1.004050E+0	2.698396E+10	9.666961E-1	1.176635E+9	9.900674E-1	2.662908E+10	1.015407E+0	1.205969E+9	9.966735E-1	2.027005E+11	9.974930E-1	2.041375E+11	9.959020E-1	2.293296E+11	9.982552E-1	2.311215E+11	-3.735397E-2	2.533946E-2	-4.871074E-2	-6.269343E-2	-3.155910E-2	-2.580733E+10	-2.542311E+10	-2.933414E+7	-3.842186E+8	-2.299448E+11
5.595110E+2	1.008722E+0	2.710409E+10	1.041817E+0	1.263686E+9	1.033926E+0	2.775564E+10	1.051204E+0	1.246576E+9	1.018279E+0	2.068973E+11	1.020480E+0	2.086306E+11	1.020106E+0	2.346529E+11	1.019113E+0	2.357347E+11	3.309488E-2	1.727814E-2	-9.386841E-3	1.581674E-2	2.270395E-2	-2.584040E+10	-2.650906E+10	1.711009E+7	6.686613E+8	-2.344710E+11
5.600520E+2	1.023874E+0	2.749366E+10	1.011048E+0	1.228031E+9	1.026439E+0	2.756333E+10	1.026149E+0	1.218154E+9	1.022681E+0	2.077525E+11	1.024441E+0	2.094050E+11	1.023120E+0	2.353159E+11	1.024375E+0	2.368986E+11	-1.282578E-2	-2.905053E-4	-1.510012E-2	-1.253527E-2	-1.332706E-2	-2.626563E+10	-2.634518E+10	9.877042E+6	7.954669E+7	-2.356706E+11
5.605150E+2	1.018001E+0	2.734266E+10	1.008515E+0	1.225095E+9	1.015321E+0	2.727775E+10	1.032990E+0	1.225915E+9	1.018633E+0	2.069662E+11	1.020159E+0	2.085679E+11	1.018246E+0	2.342439E+11	1.019908E+0	2.359106E+11	-9.486129E-3	1.766897E-2	-2.447509E-2	-2.715510E-2	-1.139324E-2	-2.611756E+10	-2.605184E+10	-8.196378E+5	-6.572550E+7	-2.346855E+11
5.609950E+2	1.004831E+0	2.700403E+10	1.028737E+0	1.248529E+9	1.011748E+0	2.718598E+10	1.034740E+0	1.227900E+9	1.006405E+0	2.045909E+11	1.008219E+0	2.062340E+11	1.007029E+0	2.317769E+11	1.007825E+0	2.332380E+11	2.390674E-2	2.299151E-2	-6.002322E-3	9.152282E-4	2.091253E-2	-2.575550E+10	-2.595808E+10	2.062972E+7	2.025764E+8	-2.319895E+11
