Photon Energy (eV)	X ref norm	X ref	X pump norm	X pump	Y ref norm	Y ref	Y pump norm	Y pump	X all norm	X all	Y all norm	Y all	X all Y ref norm	X all Y ref	Y all X ref norm	Y all X ref	BC(X hist) norm	BC(Y hist) norm	StS norm	BCSC norm	BCLR norm	BC(X hist)	BC(Y hist)	StS	BCSC	BCLR	
5.300220E+2	-7.050943E-3	9.874260E+8	-1.763192E-2	3.290169E+7	-5.985893E-3	1.044123E+9	-1.124084E-2	4.257863E+7	-7.819895E-3	7.579912E+9	-7.650866E-3	7.667863E+9	-7.605700E-3	8.624036E+9	-7.581126E-3	8.655289E+9	-1.058098E-2	-5.254946E-3	-6.391084E-3	-5.326035E-3	-1.005080E-2	-9.545243E+8	-1.001545E+9	-9.676941E+6	4.702052E+7	-8.622387E+9
5.305230E+2	-6.181072E-3	1.009791E+9	-3.942023E-3	4.845339E+7	-6.834761E-3	1.022319E+9	-6.630707E-3	4.781590E+7	-6.378762E-3	7.859849E+9	-6.590779E-3	7.875072E+9	-6.432019E-3	8.882169E+9	-6.543152E-3	8.884863E+9	2.239049E-3	2.040540E-4	2.688684E-3	2.034995E-3	2.601129E-3	-9.613379E+8	-9.745032E+8	6.374909E+5	1.316531E+7	-8.836410E+9
5.310050E+2	-7.313151E-3	9.806843E+8	-3.995527E-3	4.839261E+7	-6.079076E-3	1.041730E+9	-1.284904E-2	4.075166E+7	-6.060938E-3	7.921586E+9	-6.304933E-3	7.930945E+9	-6.063056E-3	8.963316E+9	-6.422136E-3	8.911629E+9	3.317624E-3	-6.769962E-3	8.853511E-3	1.008759E-2	2.426609E-3	-9.322917E+8	-1.000978E+9	7.640948E+6	6.868654E+7	-8.863236E+9
5.315080E+2	-1.478306E-3	1.130705E+9	-1.019119E-2	4.135434E+7	-3.776526E-3	1.100874E+9	8.157854E-3	6.461621E+7	-2.973509E-3	8.521312E+9	-2.424565E-3	8.689418E+9	-3.067294E-3	9.622186E+9	-2.314564E-3	9.820122E+9	-8.712888E-3	1.193438E-2	-1.834905E-2	-2.064727E-2	-7.876630E-3	-1.089350E+9	-1.036258E+9	-2.326187E+7	-5.309259E+7	-9.778768E+9
5.320070E+2	-5.311655E-4	1.155057E+9	-3.734623E-3	4.868900E+7	1.980312E-3	1.248746E+9	-3.606434E-3	5.125158E+7	8.323928E-4	9.260600E+9	8.249263E-4	9.324577E+9	9.664594E-4	1.050935E+10	6.672838E-4	1.047963E+10	-3.203457E-3	-5.586746E-3	-1.281890E-4	2.383288E-3	-4.401907E-3	-1.106368E+9	-1.197494E+9	-2.562581E+6	9.112670E+7	-1.043094E+10
5.325070E+2	5.561889E-3	1.311716E+9	1.679948E-2	7.201570E+7	3.573670E-3	1.289674E+9	9.577285E-3	6.622873E+7	6.770263E-3	1.041402E+10	5.501114E-3	1.023860E+10	6.396930E-3	1.170369E+10	5.508179E-3	1.155032E+10	1.123760E-2	6.003615E-3	7.222199E-3	5.233980E-3	1.129131E-2	-1.239700E+9	-1.223445E+9	5.786968E+6	-1.625547E+7	-1.147830E+10
5.330180E+2	1.699275E-2	1.605616E+9	2.269581E-2	7.871391E+7	1.712228E-2	1.637687E+9	1.659188E-2	7.419755E+7	1.563045E-2	1.213509E+10	1.664510E-2	1.241685E+10	1.580468E-2	1.377278E+10	1.668552E-2	1.402247E+10	5.703058E-3	-5.303955E-4	6.103926E-3	6.233454E-3	6.010291E-3	-1.526902E+9	-1.563490E+9	4.516358E+6	3.658775E+7	-1.394376E+10
5.331520E+2	2.308001E-2	1.762126E+9	1.299936E-2	6.769877E+7	2.123810E-2	1.743408E+9	2.335727E-2	8.188327E+7	2.057054E-2	1.309469E+10	2.025473E-2	1.312241E+10	2.064851E-2	1.483810E+10	2.058316E-2	1.488453E+10	-1.008065E-2	2.119166E-3	-1.035791E-2	-1.219981E-2	-7.583800E-3	-1.694428E+9	-1.661525E+9	-1.418450E+7	-3.290285E+7	-1.481684E+10
5.333180E+2	2.784982E-2	1.884764E+9	1.899932E-2	7.451471E+7	2.691356E-2	1.889190E+9	3.512269E-2	9.524918E+7	2.770067E-2	1.447970E+10	2.725402E-2	1.449052E+10	2.760874E-2	1.636889E+10	2.732328E-2	1.637528E+10	-8.850499E-3	8.209122E-3	-1.612336E-2	-1.705962E-2	-8.323961E-3	-1.810249E+9	-1.793941E+9	-2.073447E+7	-1.630829E+7	-1.630077E+10
5.334580E+2	3.598516E-2	2.093932E+9	3.072491E-2	8.783496E+7	3.592105E-2	2.120559E+9	4.963104E-2	1.117312E+8	3.677145E-2	1.624168E+10	3.595101E-2	1.619047E+10	3.667213E-2	1.836224E+10	3.595498E-2	1.828440E+10	-5.260254E-3	1.371000E-2	-1.890613E-2	-1.897025E-2	-5.230067E-3	-2.006097E+9	-2.008828E+9	-2.389622E+7	2.730434E+6	-1.819657E+10
5.336030E+2	4.334002E-2	2.283034E+9	4.932082E-2	1.089599E+8	4.610962E-2	2.382266E+9	3.862799E-2	9.923133E+7	4.635494E-2	1.810325E+10	4.519121E-2	1.799660E+10	4.632629E-2	2.048552E+10	4.497601E-2	2.027963E+10	5.980805E-3	-7.481629E-3	1.069284E-2	1.346243E-2	4.344815E-3	-2.174074E+9	-2.283035E+9	9.728553E+6	1.089606E+8	-2.017067E+10
5.337740E+2	6.137128E-2	2.746638E+9	6.640655E-2	1.283692E+8	6.327820E-2	2.823264E+9	4.951321E-2	1.115973E+8	6.508425E-2	2.174138E+10	6.279161E-2	2.143685E+10	6.487332E-2	2.456465E+10	6.262650E-2	2.418348E+10	5.035272E-3	-1.376499E-2	1.689334E-2	1.880026E-2	3.780050E-3	-2.618268E+9	-2.711666E+9	1.677192E+7	9.339790E+7	-2.405511E+10
5.339090E+2	8.749564E-2	3.418324E+9	9.658764E-2	1.626549E+8	8.703984E-2	3.433613E+9	7.848466E-2	1.445099E+8	9.135018E-2	2.684348E+10	8.683494E-2	2.613646E+10	9.084677E-2	3.027709E+10	8.691174E-2	2.955478E+10	9.092002E-3	-8.555179E-3	1.810298E-2	1.764718E-2	9.675898E-3	-3.255669E+9	-3.289103E+9	1.814502E+7	3.343404E+7	-2.939212E+10
5.340640E+2	1.296860E-1	4.503086E+9	1.463021E-1	2.191304E+8	1.294864E-1	4.523910E+9	1.116408E-1	1.821763E+8	1.348026E-1	3.528403E+10	1.297342E-1	3.452172E+10	1.341818E-1	3.980794E+10	1.297286E-1	3.902481E+10	1.661605E-2	-1.784566E-2	3.466133E-2	3.446171E-2	1.657350E-2	-4.283956E+9	-4.341734E+9	3.695407E+7	5.777762E+7	-3.880568E+10
5.342040E+2	2.028309E-1	6.383723E+9	2.339588E-1	3.187083E+8	2.043846E-1	6.447769E+9	2.162704E-1	3.010392E+8	2.188397E-1	5.160805E+10	2.054376E-1	4.931903E+10	2.171515E-1	5.805582E+10	2.051346E-1	5.570275E+10	3.112792E-2	1.188582E-2	1.768842E-2	1.924210E-2	2.882426E-2	-6.065014E+9	-6.146730E+9	1.766908E+7	8.171565E+7	-5.538404E+10
5.343600E+2	3.545582E-1	1.028480E+10	3.873952E-1	4.930118E+8	3.593047E-1	1.042710E+10	3.726261E-1	4.786646E+8	3.792173E-1	8.276103E+10	3.591457E-1	7.936346E+10	3.768916E-1	9.318812E+10	3.586124E-1	8.964826E+10	3.283703E-2	1.332140E-2	1.476918E-2	1.951563E-2	2.878284E-2	-9.791789E+9	-9.948433E+9	1.434717E+7	1.566436E+8	-8.915525E+10
5.345050E+2	6.177044E-1	1.705058E+10	6.027508E-1	7.376552E+8	6.181418E-1	1.707567E+10	6.248884E-1	7.652432E+8	6.494925E-1	1.352614E+11	6.245248E-1	1.312356E+11	6.458310E-1	1.523371E+11	6.237319E-1	1.482862E+11	-1.495359E-2	6.746601E-3	-2.213758E-2	-2.170019E-2	-2.098115E-2	-1.631293E+10	-1.631043E+10	-2.758798E+7	-2.497625E+6	-1.475485E+11
5.346560E+2	9.526100E-1	2.566138E+10	9.498729E-1	1.131985E+9	9.717033E-1	2.615737E+10	9.506068E-1	1.135270E+9	9.847250E-1	2.003796E+11	9.530568E-1	1.954518E+11	9.832042E-1	2.265369E+11	9.530049E-1	2.211132E+11	-2.737089E-3	-2.109654E-2	-7.338989E-4	1.835945E-2	-3.131968E-3	-2.452939E+10	-2.502210E+10	-3.285239E+6	4.927074E+8	-2.199812E+11
5.348020E+2	1.323172E+0	3.518895E+10	1.269356E+0	1.494918E+9	1.322248E+0	3.516157E+10	1.361388E+0	1.601932E+9	1.325865E+0	2.666453E+11	1.311107E+0	2.654378E+11	1.325443E+0	3.018069E+11	1.312509E+0	3.006267E+11	-5.381575E-2	3.914013E-2	-9.203145E-2	-9.295588E-2	-4.315293E-2	-3.369403E+10	-3.355964E+10	-1.070140E+8	-1.343891E+8	-2.991318E+11
5.349580E+2	1.710510E+0	4.514784E+10	1.706753E+0	1.991799E+9	1.716277E+0	4.528274E+10	1.741232E+0	2.033448E+9	1.686798E+0	3.367557E+11	1.682217E+0	3.379766E+11	1.690241E+0	3.820384E+11	1.685506E+0	3.831245E+11	-3.757493E-3	2.495486E-2	-3.447927E-2	-2.871236E-2	2.124641E-2	-4.315604E+10	-4.324929E+10	-4.164856E+7	9.325177E+7	-3.811327E+11
5.351090E+2	1.899515E+0	5.000737E+10	1.814200E+0	2.113860E+9	1.903250E+0	5.008540E+10	1.836538E+0	2.141719E+9	1.845084E+0	3.675025E+11	1.854748E+0	3.717002E+11	1.851878E+0	4.175879E+11	1.859952E+0	4.217076E+11	-8.531504E-2	-6.671230E-2	-2.233783E-2	-1.860274E-2	-4.575207E-2	-4.789351E+10	-4.794368E+10	-2.785936E+7	5.016639E+7	-4.195937E+11
5.352550E+2	1.928122E+0	5.074289E+10	1.859609E+0	2.165443E+9	1.934888E+0	5.089804E+10	1.918198E+0	2.234487E+9	1.871589E+0	3.726510E+11	1.889478E+0	3.784886E+11	1.878982E+0	4.235491E+11	1.893970E+0	4.292314E+11	-6.851363E-2	-1.668992E-2	-5.858900E-2	-5.182371E-2	-3.436126E-2	-4.857745E+10	-4.866355E+10	-6.904358E+7	8.610791E+7	-4.270660E+11
5.354060E+2	1.765283E+0	4.655611E+10	1.704749E+0	1.989523E+9	1.762547E+0	4.647123E+10	1.654979E+0	1.935462E+9	1.714793E+0	3.421936E+11	1.724227E+0	3.461880E+11	1.720370E+0	3.886649E+11	1.729000E+0	3.927442E+11	-6.053370E-2	-1.075675E-1	4.977026E-2	4.703383E-2	-2.425059E-2	-4.456659E+10	-4.453577E+10	5.406186E+7	-3.081490E+7	-3.907546E+11
5.355630E+2	1.547818E+0	4.096485E+10	1.539003E+0	1.801236E+9	1.559280E+0	4.125006E+10	1.521577E+0	1.783912E+9	1.523866E+0	3.051064E+11	1.532910E+0	3.087924E+11	1.528002E+0	3.463565E+11	1.534643E+0	3.497573E+11	-8.815213E-3	-3.770365E-2	1.742665E-2	2.888844E-2	4.359761E-3	-3.916362E+10	-3.946615E+10	1.732442E+7	3.025377E+8	-3.479561E+11
5.357140E+2	1.345524E+0	3.576365E+10	1.310118E+0	1.541223E+9	1.345176E+0	3.575051E+10	1.306182E+0	1.539216E+9	1.325473E+0	2.665691E+11	1.334181E+0	2.699480E+11	1.327774E+0	3.023196E+11	1.335500E+0	3.057117E+11	-3.540642E-2	-3.899420E-2	3.936301E-3	3.587781E-3	-2.538197E-2	-3.422242E+10	-3.421129E+10	2.007216E+6	-1.112906E+7	-3.041704E+11
5.358600E+2	1.164135E+0	3.109992E+10	1.121400E+0	1.326840E+9	1.155426E+0	3.087652E+10	1.134467E+0	1.344142E+9	1.147392E+0	2.319773E+11	1.156530E+0	2.352236E+11	1.148331E+0	2.628539E+11	1.157414E+0	2.663235E+11	-4.273457E-2	-2.095828E-2	-1.306707E-2	-2.177629E-2	-3.601404E-2	-2.977308E+10	-2.953238E+10	-1.730235E+7	-2.406987E+8	-2.649967E+11
5.360120E+2	9.669693E-1	2.603057E+10	9.602920E-1	1.143821E+9	9.575951E-1	2.579498E+10	9.226185E-1	1.103475E+9	9.657016E-1	1.966843E+11	9.659437E-1	1.979707E+11	9.647549E-1	2.224793E+11	9.660629E-1	2.240013E+11	-6.677322E-3	-3.497660E-2	3.767353E-2	2.829928E-2	-5.770937E-3	-2.488675E+10	-2.469151E+10	4.034654E+7	-1.952449E+8	-2.228575E+11
5.362630E+2	7.437020E-1	2.029012E+10	7.805097E-1	9.395891E+8	7.393998E-1	2.019035E+10	7.444904E-1	9.011152E+8	7.402855E-1	1.528977E+11	7.439098E-1	1.545711E+11	7.401821E-1	1.730881E+11	7.438857E-1	1.748612E+11	3.680770E-2	5.090615E-3	3.601938E-2	3.171709E-2	3.662409E-2	-1.935053E+10	-1.928923E+10	3.847388E+7	-6.130365E+7	-1.739216E+11
5.365040E+2	5.916150E-1	1.637980E+10	6.381726E-1	7.778943E+8	5.903584E-1	1.636202E+10	6.026806E-1	7.400144E+8	5.941923E-1	1.245195E+11	5.969780E-1	1.258512E+11	5.937445E-1	1.408815E+11	5.963545E-1	1.422310E+11	4.655753E-2	1.232218E-2	3.549201E-2	3.423535E-2	4.181803E-2	-1.560190E+10	-1.562200E+10	3.787992E+7	2.010292E+7	-1.414531E+11
5.367810E+2	5.114904E-1	1.431970E+10	5.091202E-1	6.312910E+8	5.103097E-1	1.430586E+10	5.243606E-1	6.510402E+8	5.139711E-1	1.089367E+11	5.117954E-1	1.092010E+11	5.135435E-1	1.232425E+11	5.117600E-1	1.235207E+11	-2.370198E-3	1.405085E-2	-1.524040E-2	-1.642105E-2	-2.639805E-3	-1.368841E+10	-1.365482E+10	-1.974915E+7	-3.358794E+7	-1.228894E+11
5.370070E+2	4.872392E-1	1.369618E+10	4.799990E-1	5.982094E+8	4.795781E-1	1.351648E+10	4.814581E-1	6.023015E+8	4.956988E-1	1.053873E+11	4.879645E-1	1.045429E+11	4.938160E-1	1.189038E+11	4.878801E-1	1.182391E+11	-7.240231E-3	1.879995E-3	-1.459148E-3	-9.120226E-3	-7.881162E-3	-1.309797E+10	-1.291418E+10	-4.092122E+6	-1.837881E+8	-1.176409E+11
5.372690E+2	5.118617E-1	1.432925E+10	5.419169E-1	6.685481E+8	5.170676E-1	1.447945E+10	5.355857E-1	6.637923E+8	5.234230E-1	1.107727E+11	5.238875E-1	1.115646E+11	5.226807E-1	1.252521E+11	5.224895E-1	1.258938E+11	3.005523E-2	1.851811E-2	6.331263E-3	1.153712E-2	1.942743E-2	-1.366070E+10	-1.381565E+10	4.755808E+6	1.549538E+8	-1.252253E+11
5.375060E+2	5.535654E-1	1.540150E+10	5.531770E-1	6.813395E+8	5.459521E-1	1.522139E+10	5.852516E-1	7.202144E+8	5.599528E-1	1.178685E+11	5.546637E-1	1.175802E+11	5.583176E-1	1.330899E+11	5.545360E-1	1.329817E+11	-3.883463E-4	3.929942E-2	-3.207453E-2	-3.968776E-2	-1.358948E-3	-1.472016E+10	-1.450117E+10	-3.887489E+7	-2.189860E+8	-1.323004E+11
5.377690E+2	6.491411E-1	1.785886E+10	6.750493E-1	8.197862E+8	6.579286E-1	1.809765E+10	6.252348E-1	7.656368E+8	6.607050E-1	1.374394E+11	6.557691E-1	1.373427E+11	6.603808E-1	1.555371E+11	6.549986E-1	1.552016E+11	2.590822E-2	-3.269375E-2	4.981449E-2	5.860197E-2	2.005072E-2	-1.703907E+10	-1.733201E+10	5.414942E+7	2.929438E+8	-1.543818E+11
5.380270E+2	7.500128E-1	2.045238E+10	7.864834E-1	9.463751E+8	7.561409E-1	2.062036E+10	7.685783E-1	9.284798E+8	7.638834E-1	1.574816E+11	7.580853E-1	1.573419E+11	7.629792E-1	1.781019E+11	7.571469E-1	1.777943E+11	3.647063E-2	1.243737E-2	1.790517E-2	2.403325E-2	2.933651E-2	-1.950600E+10	-1.969188E+10	1.789530E+7	1.858794E+8	-1.768479E+11
5.382690E+2	9.149978E-1	2.469433E+10	9.195582E-1	1.097548E+9	9.325511E-1	2.515170E+10	9.953541E-1	1.186105E+9	9.344032E-1	1.906047E+11	9.263159E-1	1.902249E+11	9.341869E-1	2.157564E+11	9.250002E-1	2.149193E+11	4.560449E-3	6.280295E-2	-7.579589E-2	-5.824250E-2	-5.442023E-3	-2.359678E+10	-2.396559E+10	-8.855714E+7	3.688118E+8	-2.138217E+11
5.385170E+2	1.110077E+0	2.971004E+10	1.141128E+0	1.349251E+9	1.115997E+0	2.986375E+10	1.096351E+0	1.300841E+9	1.112552E+0	2.252098E+11	1.105569E+0	2.252625E+11	1.112955E+0	2.550735E+11	1.106093E+0	2.549725E+11	3.105050E-2	-1.964608E-2	4.477701E-2	5.069658E-2	3.503504E-2	-2.836079E+10	-2.856291E+10	4.840979E+7	2.021135E+8	-2.536233E+11
5.387860E+2	1.328845E+0	3.533481E+10	1.332641E+0	1.566809E+9	1.317956E+0	3.505133E+10	1.256068E+0	1.482285E+9	1.318712E+0	2.652559E+11	1.314687E+0	2.661376E+11	1.318624E+0	3.003072E+11	1.316333E+0	3.014724E+11	3.795144E-3	-6.188748E-2	7.657233E-2	6.568262E-2	1.630780E-2	-3.376800E+10	-3.356904E+10	8.452341E+7	-1.989638E+8	-2.999056E+11
5.390080E+2	1.536942E+0	4.068521E+10	1.510502E+0	1.768859E+9	1.546093E+0	4.091134E+10	1.578459E+0	1.848532E+9	1.524847E+0	3.052971E+11	1.527125E+0	3.076616E+11	1.527328E+0	3.462084E+11	1.528266E+0	3.483468E+11	-2.644042E-2	3.236550E-2	-6.795687E-2	-5.880592E-2	-1.776419E-2	-3.891636E+10	-3.906281E+10	-7.967315E+7	1.464527E+8	-3.465779E+11
5.392930E+2	1.736317E+0	4.581135E+10	1.652008E+0	1.929610E+9	1.729887E+0	4.563233E+10	1.707062E+0	1.994630E+9	1.703312E+0	3.399635E+11	1.699794E+0	3.414122E+11	1.706416E+0	3.855958E+11	1.704040E+0	3.872236E+11	-8.430839E-2	-2.282511E-2	-5.505393E-2	-6.148329E-2	-5.203160E-2	-4.388174E+10	-4.363770E+10	-6.502010E+7	-2.440367E+8	-3.852940E+11
5.395210E+2	1.774694E+0	4.679807E+10	1.721384E+0	2.008420E+9	1.761810E+0	4.645230E+10	1.737838E+0	2.029592E+9	1.740077E+0	3.471050E+11	1.740614E+0	3.493911E+11	1.742615E+0	3.935573E+11	1.744576E+0	3.961892E+11	-5.330965E-2	-2.397141E-2	-1.645417E-2	-2.933825E-2	-2.319189E-2	-4.478965E+10	-4.442271E+10	-2.117195E+7	-3.669381E+8	-3.941807E+11
5.397650E+2	1.996887E+0	5.251089E+10	1.947667E+0	2.265477E+9	1.982394E+0	5.211830E+10	1.940498E+0	2.259821E+9	1.942593E+0	3.864434E+11	1.952603E+0	3.908273E+11	1.947242E+0	4.385617E+11	1.957751E+0	4.433382E+11	-4.921949E-2	-4.189602E-2	7.169192E-3	-7.323477E-3	-1.008375E-2	-5.024542E+10	-4.985848E+10	5.656791E+6	-3.869351E+8	-4.410727E+11
5.400190E+2	1.940242E+0	5.105450E+10	1.911337E+0	2.224206E+9	1.976092E+0	5.195642E+10	1.948659E+0	2.269092E+9	1.915117E+0	3.811063E+11	1.930495E+0	3.865060E+11	1.922239E+0	4.330627E+11	1.931628E+0	4.375605E+11	-2.890533E-2	-2.743281E-2	-3.732223E-2	-1.472521E-3	-2.029134E-2	-4.883029E+10	-4.968733E+10	-4.488567E+7	8.570373E+8	-4.353363E+11
5.402740E+2	1.869910E+0	4.924617E+10	1.784727E+0	2.080378E+9	1.879055E+0	4.946392E+10	1.844109E+0	2.150319E+9	1.824396E+0	3.634838E+11	1.832178E+0	3.672885E+11	1.830780E+0	4.129477E+11	1.836564E+0	4.165347E+11	-8.518259E-2	-3.494660E-2	-5.938178E-2	-5.023599E-2	-5.183713E-2	-4.716580E+10	-4.731360E+10	-6.994149E+7	1.477990E+8	-4.144543E+11
5.405130E+2	1.812352E+0	4.776631E+10	1.771853E+0	2.065753E+9	1.813088E+0	4.776945E+10	1.803425E+0	2.104101E+9	1.774723E+0	3.538350E+11	1.782899E+0	3.576562E+11	1.779204E+0	4.016044E+11	1.786323E+0	4.054225E+11	-4.049873E-2	-9.662366E-3	-3.157199E-2	-3.083636E-2	-1.446930E-2	-4.570055E+10	-4.566534E+10	-3.834815E+7	-3.520728E+7	-4.033568E+11
5.407680E+2	1.757717E+0	4.636157E+10	1.706813E+0	1.991867E+9	1.749591E+0	4.613845E+10	1.639181E+0	1.917515E+9	1.716328E+0	3.424918E+11	1.716360E+0	3.446503E+11	1.720213E+0	3.886302E+11	1.721168E+0	3.910119E+11	-5.090406E-2	-1.104099E-1	6.763139E-2	5.950584E-2	-1.435516E-2	-4.436970E+10	-4.422094E+10	7.435264E+7	-1.487633E+8	-3.890200E+11
5.410190E+2	1.632052E+0	4.313058E+10	1.659884E+0	1.938557E+9	1.630071E+0	4.306842E+10	1.674820E+0	1.958001E+9	1.603225E+0	3.205219E+11	1.608541E+0	3.235755E+11	1.606360E+0	3.635903E+11	1.611274E+0	3.667061E+11	2.783252E-2	4.474851E-2	-1.493544E-2	-1.691600E-2	4.861003E-2	-4.119202E+10	-4.111042E+10	-1.944440E+7	-8.160334E+7	-3.647675E+11
5.412580E+2	1.579281E+0	4.177380E+10	1.540086E+0	1.802466E+9	1.558080E+0	4.121923E+10	1.591749E+0	1.863630E+9	1.549017E+0	3.099920E+11	1.551990E+0	3.125219E+11	1.550075E+0	3.512113E+11	1.555163E+0	3.542957E+11	-3.919535E-2	3.366960E-2	-5.166324E-2	-7.286495E-2	-1.507685E-2	-3.997134E+10	-3.935560E+10	-6.116410E+7	-6.157360E+8	-3.524933E+11
5.415190E+2	1.444732E+0	3.831440E+10	1.429815E+0	1.677198E+9	1.436887E+0	3.810624E+10	1.403514E+0	1.649789E+9	1.423586E+0	2.856273E+11	1.424776E+0	2.876561E+11	1.425139E+0	3.237335E+11	1.427096E+0	3.259705E+11	-1.491782E-2	-3.337343E-2	2.630065E-2	1.845561E-2	2.718433E-3	-3.663720E+10	-3.645645E+10	2.740954E+7	-1.807437E+8	-3.242933E+11
5.417600E+2	1.329113E+0	3.534169E+10	1.357959E+0	1.595570E+9	1.322780E+0	3.517525E+10	1.275024E+0	1.503819E+9	1.320600E+0	2.656225E+11	1.324838E+0	2.681218E+11	1.320854E+0	3.007978E+11	1.325335E+0	3.034635E+11	2.884608E-2	-4.775661E-2	8.293532E-2	7.660269E-2	3.262385E-2	-3.374612E+10	-3.367143E+10	9.175107E+7	-7.468815E+7	-3.018679E+11
5.420050E+2	1.168882E+0	3.122197E+10	1.149065E+0	1.358267E+9	1.178306E+0	3.146425E+10	1.166786E+0	1.380858E+9	1.162863E+0	2.349824E+11	1.164762E+0	2.368325E+11	1.164666E+0	2.664467E+11	1.165241E+0	2.680545E+11	-1.981724E-2	-1.151991E-2	-1.772191E-2	-8.297339E-3	-1.617604E-2	-2.986370E+10	-3.008339E+10	-2.259142E+7	2.196853E+8	-2.666962E+11
5.422730E+2	1.025660E+0	2.753958E+10	1.005142E+0	1.194770E+9	1.034111E+0	2.776039E+10	9.860085E-1	1.175488E+9	1.028824E+0	2.089458E+11	1.026700E+0	2.098465E+11	1.029442E+0	2.367062E+11	1.026580E+0	2.373861E+11	-2.051864E-2	-4.810244E-2	1.913310E-2	2.758379E-2	-2.143792E-2	-2.634481E+10	-2.658491E+10	1.928235E+7	2.400935E+8	-2.361913E+11
5.425460E+2	9.385663E-1	2.530030E+10	9.461736E-1	1.127783E+9	9.316345E-1	2.512815E+10	9.102787E-1	1.089456E+9	9.452658E-1	1.927147E+11	9.386069E-1	1.926274E+11	9.436738E-1	2.178429E+11	9.386022E-1	2.179277E+11	7.607278E-3	-2.135577E-2	3.589485E-2	2.896305E-2	7.571352E-3	-2.417252E+10	-2.403869E+10	3.832640E+7	-1.338234E+8	-2.167999E+11
5.427600E+2	9.442471E-1	2.544636E+10	9.151403E-1	1.092529E+9	9.442532E-1	2.545228E+10	9.519035E-1	1.136744E+9	9.482734E-1	1.932989E+11	9.473241E-1	1.943313E+11	9.478039E-1	2.187512E+11	9.469664E-1	2.197776E+11	-2.910680E-2	7.650284E-3	-3.676319E-2	-3.675708E-2	-3.182608E-2	-2.435383E+10	-2.431554E+10	-4.421449E+7	-3.829563E+7	-2.186851E+11
5.430120E+2	1.032071E+0	2.770440E+10	1.075761E+0	1.274993E+9	1.034828E+0	2.777881E+10	1.037899E+0	1.234437E+9	1.044136E+0	2.119200E+11	1.035976E+0	2.116595E+11	1.043049E+0	2.396988E+11	1.035522E+0	2.393639E+11	4.368986E-2	3.070851E-3	3.786199E-2	4.061901E-2	4.023867E-2	-2.642941E+10	-2.654437E+10	4.055645E+7	1.149592E+8	-2.380889E+11
5.432910E+2	1.194668E+0	3.188496E+10	1.200417E+0	1.416602E+9	1.196695E+0	3.193658E+10	1.212048E+0	1.432277E+9	1.195712E+0	2.413634E+11	1.190754E+0	2.419131E+11	1.195827E+0	2.733000E+11	1.191209E+0	2.737981E+11	5.748731E-3	1.535310E-2	-1.163151E-2	-9.604369E-3	9.207531E-3	-3.046835E+10	-3.050430E+10	-1.567438E+7	3.595054E+7	-2.723815E+11
5.435270E+2	1.342798E+0	3.569354E+10	1.387066E+0	1.628636E+9	1.328661E+0	3.532630E+10	1.277514E+0	1.506648E+9	1.333111E+0	2.680528E+11	1.327978E+0	2.687355E+11	1.332591E+0	3.033791E+11	1.329701E+0	3.044291E+11	4.426874E-2	-5.114679E-2	1.095521E-1	9.541553E-2	5.736542E-2	-3.406490E+10	-3.381965E+10	1.219876E+8	-2.452465E+8	-3.028004E+11
5.437850E+2	1.451281E+0	3.848278E+10	1.396747E+0	1.639633E+9	1.444525E+0	3.830241E+10	1.388290E+0	1.632494E+9	1.426423E+0	2.861784E+11	1.435664E+0	2.897843E+11	1.428537E+0	3.244808E+11	1.437480E+0	3.282671E+11	-5.453470E-2	-5.623426E-2	8.456423E-3	1.699559E-3	-4.073324E-2	-3.684314E+10	-3.666992E+10	7.139091E+6	-1.732253E+8	-3.266275E+11
5.440060E+2	1.558903E+0	4.124984E+10	1.563965E+0	1.829593E+9	1.556435E+0	4.117698E+10	1.523634E+0	1.786249E+9	1.529527E+0	3.062061E+11	1.536742E+0	3.095414E+11	1.532670E+0	3.473831E+11	1.539318E+0	3.507912E+11	5.062885E-3	-3.280105E-2	4.033156E-2	3.786394E-2	2.464745E-2	-3.942025E+10	-3.939073E+10	4.334428E+7	-2.951263E+7	-3.489616E+11
5.442750E+2	1.576840E+0	4.171103E+10	1.525410E+0	1.785795E+9	1.581043E+0	4.180907E+10	1.572752E+0	1.842048E+9	1.552476E+0	3.106639E+11	1.562395E+0	3.145556E+11	1.555812E+0	3.524730E+11	1.564074E+0	3.562666E+11	-5.142964E-2	-8.291421E-3	-4.734106E-2	-4.313821E-2	-3.866366E-2	-3.992524E+10	-3.996702E+10	-5.625342E+7	4.178486E+7	-3.544808E+11
5.445240E+2	1.571789E+0	4.158117E+10	1.589336E+0	1.858414E+9	1.576453E+0	4.169117E+10	1.520810E+0	1.783041E+9	1.542442E+0	3.087149E+11	1.546962E+0	3.115391E+11	1.546414E+0	3.504061E+11	1.549849E+0	3.531203E+11	1.754659E-2	-5.564313E-2	6.852631E-2	7.318972E-2	3.948750E-2	-3.972276E+10	-3.990813E+10	7.537357E+7	1.853672E+8	-3.512619E+11
5.447610E+2	1.485456E+0	3.936145E+10	1.422332E+0	1.668698E+9	1.473867E+0	3.905610E+10	1.481940E+0	1.738883E+9	1.463083E+0	2.932996E+11	1.465888E+0	2.956919E+11	1.464343E+0	3.323557E+11	1.468162E+0	3.350533E+11	-6.312379E-2	8.073574E-3	-5.960773E-2	-7.119736E-2	-4.583001E-2	-3.769275E+10	-3.731722E+10	-7.018504E+7	-3.755325E+8	-3.333846E+11
5.450150E+2	1.367369E+0	3.632530E+10	1.343220E+0	1.578827E+9	1.372394E+0	3.644963E+10	1.342947E+0	1.580983E+9	1.352648E+0	2.718479E+11	1.356486E+0	2.743079E+11	1.354955E+0	3.082975E+11	1.357751E+0	3.106332E+11	-2.414854E-2	-2.944609E-2	2.729823E-4	5.297550E-3	-1.453103E-2	-3.474647E+10	-3.486865E+10	-2.155639E+6	1.221816E+8	-3.090543E+11
5.452580E+2	1.351610E+0	3.592011E+10	1.351604E+0	1.588351E+9	1.352105E+0	3.592848E+10	1.306949E+0	1.540088E+9	1.333670E+0	2.681613E+11	1.339317E+0	2.709519E+11	1.335823E+0	3.040898E+11	1.340746E+0	3.068720E+11	-5.497123E-6	-4.515506E-2	4.465476E-2	4.514956E-2	1.085810E-2	-3.433176E+10	-3.438839E+10	4.826328E+7	5.663790E+7	-3.052836E+11
5.455290E+2	1.299587E+0	3.458256E+10	1.289742E+0	1.518076E+9	1.306098E+0	3.474675E+10	1.265344E+0	1.492822E+9	1.286957E+0	2.590875E+11	1.288717E+0	2.610613E+11	1.289193E+0	2.938342E+11	1.289980E+0	2.956439E+11	-9.845240E-3	-4.075465E-2	2.439851E-2	3.090941E-2	-2.382302E-4	-3.306448E+10	-3.325393E+10	2.525372E+7	1.894493E+8	-2.941258E+11
5.457620E+2	1.241306E+0	3.308407E+10	1.234854E+0	1.455723E+9	1.228214E+0	3.274618E+10	1.276937E+0	1.505992E+9	1.223942E+0	2.468470E+11	1.223807E+0	2.483738E+11	1.224441E+0	2.795932E+11	1.225841E+0	2.814579E+11	-6.452047E-3	4.872294E-2	-4.208283E-2	-5.517498E-2	9.012511E-3	-3.162835E+10	-3.124019E+10	-5.026936E+7	-3.881598E+8	-2.800022E+11
5.460060E+2	1.133742E+0	3.031849E+10	1.125613E+0	1.331626E+9	1.133529E+0	3.031407E+10	1.150428E+0	1.362274E+9	1.133638E+0	2.293056E+11	1.133113E+0	2.306463E+11	1.133625E+0	2.596196E+11	1.133186E+0	2.609648E+11	-8.128541E-3	1.689909E-2	-2.481429E-2	-2.502763E-2	-7.572335E-3	-2.898686E+10	-2.895180E+10	-3.064776E+7	-3.506244E+7	-2.596331E+11
5.467660E+2	1.193264E+0	3.184885E+10	1.193186E+0	1.408389E+9	1.195365E+0	3.190241E+10	1.142340E+0	1.353086E+9	1.188558E+0	2.399736E+11	1.186966E+0	2.411727E+11	1.189353E+0	2.718761E+11	1.187698E+0	2.730215E+11	-7.761327E-5	-5.302510E-2	5.084644E-2	5.294749E-2	5.488013E-3	-3.044047E+10	-3.054933E+10	5.530298E+7	1.088610E+8	-2.716132E+11
5.475180E+2	1.275861E+0	3.397251E+10	1.293243E+0	1.522053E+9	1.286060E+0	3.423204E+10	1.320863E+0	1.555895E+9	1.268133E+0	2.554309E+11	1.267912E+0	2.569948E+11	1.270227E+0	2.896629E+11	1.268836E+0	2.909673E+11	1.738207E-2	3.480339E-2	-2.762075E-2	-1.742133E-2	2.440636E-2	-3.245046E+10	-3.267615E+10	-3.384207E+7	2.256864E+8	-2.894453E+11
5.482550E+2	1.389325E+0	3.688980E+10	1.324540E+0	1.557607E+9	1.384514E+0	3.676096E+10	1.391742E+0	1.636416E+9	1.372799E+0	2.757622E+11	1.378330E+0	2.785775E+11	1.374168E+0	3.125231E+11	1.379608E+0	3.154673E+11	-6.478425E-2	7.228424E-3	-6.720199E-2	-7.201267E-2	-5.506763E-2	-3.533219E+10	-3.512454E+10	-7.880884E+7	-2.076473E+8	-3.139097E+11
5.490380E+2	1.356095E+0	3.603543E+10	1.379406E+0	1.619934E+9	1.352608E+0	3.594142E+10	1.309799E+0	1.543326E+9	1.336678E+0	2.687456E+11	1.339119E+0	2.709132E+11	1.338538E+0	3.046871E+11	1.341092E+0	3.069486E+11	2.331067E-2	-4.280874E-2	6.960623E-2	6.611941E-2	3.831325E-2	-3.441550E+10	-3.439809E+10	7.660799E+7	-1.740168E+7	-3.053287E+11
5.497790E+2	1.316205E+0	3.500982E+10	1.262352E+0	1.486961E+9	1.309452E+0	3.483289E+10	1.279955E+0	1.509421E+9	1.297583E+0	2.611515E+11	1.297869E+0	2.628502E+11	1.298969E+0	2.959844E+11	1.300000E+0	2.978600E+11	-5.385280E-2	-2.949679E-2	-1.760248E-2	-2.435601E-2	-3.764783E-2	-3.352286E+10	-3.332347E+10	-2.245985E+7	-1.993905E+8	-2.963731E+11
5.505060E+2	1.267321E+0	3.375294E+10	1.254779E+0	1.478358E+9	1.253182E+0	3.338753E+10	1.230208E+0	1.452907E+9	1.257147E+0	2.532970E+11	1.254152E+0	2.543051E+11	1.256684E+0	2.866845E+11	1.255683E+0	2.880581E+11	-1.254184E-2	-2.297441E-2	2.457107E-2	1.043256E-2	-9.040613E-4	-3.227458E+10	-3.193462E+10	2.545102E+7	-3.399610E+8	-2.865797E+11
5.512570E+2	1.249863E+0	3.330409E+10	1.195879E+0	1.411447E+9	1.245136E+0	3.318085E+10	1.287110E+0	1.517550E+9	1.242749E+0	2.505002E+11	1.245547E+0	2.526232E+11	1.243028E+0	2.836810E+11	1.246049E+0	2.859273E+11	-5.398442E-2	4.197423E-2	-9.123129E-2	-9.595865E-2	-5.017000E-2	-3.189264E+10	-3.166330E+10	-1.061023E+8	-2.293440E+8	-2.845158E+11
5.520100E+2	1.279416E+0	3.406393E+10	1.184634E+0	1.398673E+9	1.272083E+0	3.387302E+10	1.260773E+0	1.487630E+9	1.267333E+0	2.552756E+11	1.269160E+0	2.572386E+11	1.267888E+0	2.891487E+11	1.270352E+0	2.913025E+11	-9.478249E-2	-1.130952E-2	-7.613960E-2	-8.347297E-2	-8.571808E-2	-3.266526E+10	-3.238539E+10	-8.895720E+7	-2.798702E+8	-2.899039E+11
5.527590E+2	1.257354E+0	3.349667E+10	1.277624E+0	1.504309E+9	1.250016E+0	3.330619E+10	1.264228E+0	1.491555E+9	1.244877E+0	2.509136E+11	1.249276E+0	2.533520E+11	1.245477E+0	2.842198E+11	1.250215E+0	2.868487E+11	2.027009E-2	1.421282E-2	1.339520E-2	6.057270E-3	2.740892E-2	-3.199237E+10	-3.181464E+10	1.275402E+7	-1.777292E+8	-2.853444E+11
5.534940E+2	1.175216E+0	3.138484E+10	1.151648E+0	1.361201E+9	1.179034E+0	3.148293E+10	1.199544E+0	1.418072E+9	1.163697E+0	2.351445E+11	1.170200E+0	2.378955E+11	1.165488E+0	2.666274E+11	1.170783E+0	2.692803E+11	-2.356881E-2	2.051044E-2	-4.789678E-2	-4.407925E-2	-1.913524E-2	-3.002364E+10	-3.006486E+10	-5.687120E+7	4.122433E+7	-2.679191E+11
5.542580E+2	1.124754E+0	3.008738E+10	1.113408E+0	1.317760E+9	1.111816E+0	2.975636E+10	1.151449E+0	1.363434E+9	1.117194E+0	2.261114E+11	1.117257E+0	2.275471E+11	1.116566E+0	2.558677E+11	1.118129E+0	2.576345E+11	-1.134590E-2	3.963282E-2	-3.804161E-2	-5.097872E-2	-4.721060E-3	-2.876962E+10	-2.839293E+10	-4.567400E+7	-3.766929E+8	-2.563168E+11
5.550140E+2	1.017923E+0	2.734066E+10	1.011721E+0	1.202245E+9	1.013802E+0	2.723874E+10	1.021557E+0	1.215872E+9	1.012750E+0	2.058233E+11	1.016009E+0	2.077568E+11	1.012872E+0	2.330620E+11	1.016232E+0	2.350975E+11	-6.202033E-3	7.754526E-3	-9.835690E-3	-1.395656E-2	-4.510606E-3	-2.613841E+10	-2.602287E+10	-1.362743E+7	-1.155417E+8	-2.338952E+11
5.557600E+2	9.623068E-1	2.591070E+10	9.957927E-1	1.184150E+9	9.568545E-1	2.577596E+10	9.556445E-1	1.140994E+9	9.708573E-1	1.976858E+11	9.701723E-1	1.987973E+11	9.692219E-1	2.234618E+11	9.692580E-1	2.247080E+11	3.348588E-2	-1.210002E-3	4.014817E-2	3.469588E-2	2.653473E-2	-2.472654E+10	-2.463497E+10	4.315652E+7	-9.157852E+7	-2.235238E+11
5.560190E+2	9.619485E-1	2.590148E+10	9.515064E-1	1.133841E+9	9.602631E-1	2.586351E+10	9.827960E-1	1.171839E+9	9.681812E-1	1.971660E+11	9.642785E-1	1.976453E+11	9.672564E-1	2.230295E+11	9.640077E-1	2.235467E+11	-1.044210E-2	2.253294E-2	-3.128961E-2	-3.297504E-2	-1.250126E-2	-2.476764E+10	-2.469167E+10	-3.799763E+7	-7.596710E+7	-2.224129E+11
5.565140E+2	9.845376E-1	2.648227E+10	1.002249E+0	1.191484E+9	9.758488E-1	2.626385E+10	9.873565E-1	1.177019E+9	9.812702E-1	1.997085E+11	9.789624E-1	2.005154E+11	9.806370E-1	2.259723E+11	9.796105E-1	2.269977E+11	1.771135E-2	1.150766E-2	1.489248E-2	6.203688E-3	2.263844E-2	-2.529079E+10	-2.508683E+10	1.446496E+7	-2.039549E+8	-2.258062E+11
5.570050E+2	9.445297E-1	2.545363E+10	1.007105E+0	1.197000E+9	9.551201E-1	2.573141E+10	9.547055E-1	1.139927E+9	9.537391E-1	1.943606E+11	9.550504E-1	1.958415E+11	9.539004E-1	2.200920E+11	9.538274E-1	2.212951E+11	6.257492E-2	-4.146328E-4	5.239918E-2	6.298955E-2	5.327723E-2	-2.425663E+10	-2.459148E+10	5.707368E+7	3.348563E+8	-2.200981E+11
5.575080E+2	9.618958E-1	2.590013E+10	9.531854E-1	1.135748E+9	9.591457E-1	2.583481E+10	9.510273E-1	1.135748E+9	9.651870E-1	1.965844E+11	9.624190E-1	1.972818E+11	9.644815E-1	2.224192E+11	9.623582E-1	2.231819E+11	-8.710417E-3	-8.118395E-3	2.158030E-3	-5.920222E-4	-9.172830E-3	-2.476438E+10	-2.469906E+10	-2.843234E+1	-6.531441E+7	-2.220462E+11
5.580000E+2	1.024837E+0	2.751842E+10	9.852019E-1	1.172119E+9	1.019179E+0	2.737684E+10	9.686555E-1	1.155774E+9	1.019602E+0	2.071543E+11	1.016692E+0	2.078901E+11	1.019552E+0	2.345311E+11	1.017638E+0	2.354086E+11	-3.963541E-2	-5.052312E-2	1.654640E-2	1.088771E-2	-3.243662E-2	-2.634630E+10	-2.622106E+10	1.634449E+7	-1.252421E+8	-2.342364E+11
5.585160E+2	1.024721E+0	2.751544E+10	1.032207E+0	1.225517E+9	1.013205E+0	2.722340E+10	1.034830E+0	1.230951E+9	1.017530E+0	2.067518E+11	1.016084E+0	2.077715E+11	1.017025E+0	2.339752E+11	1.017088E+0	2.352869E+11	7.486131E-3	2.162474E-2	-2.622491E-3	-1.413861E-2	1.511902E-2	-2.628992E+10	-2.599245E+10	-5.433727E+6	-2.974733E+8	-2.340614E+11
5.590100E+2	1.004050E+0	2.698396E+10	9.888357E-1	1.176247E+9	9.900674E-1	2.662908E+10	9.915053E-1	1.181733E+9	9.966735E-1	2.027005E+11	9.974930E-1	2.041375E+11	9.959020E-1	2.293296E+11	9.982552E-1	2.311215E+11	-1.521436E-2	1.437879E-3	-2.669548E-3	-1.665224E-2	-9.419500E-3	-2.580771E+10	-2.544734E+10	-5.485615E+6	-3.603701E+8	-2.299452E+11
5.595110E+2	1.008722E+0	2.710409E+10	1.012476E+0	1.203102E+9	1.033926E+0	2.775564E+10	1.013037E+0	1.206193E+9	1.018279E+0	2.068973E+11	1.020480E+0	2.086306E+11	1.020106E+0	2.346529E+11	1.019113E+0	2.357347E+11	3.753829E-3	-2.088884E-2	-5.609086E-4	2.464267E-2	-6.637095E-3	-2.590099E+10	-2.654945E+10	-3.090984E+6	6.484602E+8	-2.345316E+11
5.600520E+2	1.023874E+0	2.749366E+10	1.017505E+0	1.208815E+9	1.026439E+0	2.756333E+10	1.057167E+0	1.256327E+9	1.022681E+0	2.077525E+11	1.024441E+0	2.094050E+11	1.023120E+0	2.353159E+11	1.024375E+0	2.368986E+11	-6.369167E-3	3.072796E-2	-3.966197E-2	-3.709713E-2	-6.870448E-3	-2.628485E+10	-2.630700E+10	-4.751131E+7	2.215834E+7	-2.356898E+11
5.605150E+2	1.018001E+0	2.734266E+10	9.908175E-1	1.178498E+9	1.015321E+0	2.727775E+10	1.026877E+0	1.221916E+9	1.018633E+0	2.069662E+11	1.020159E+0	2.085679E+11	1.018246E+0	2.342439E+11	1.019908E+0	2.359106E+11	-2.718349E-2	1.155589E-2	-3.605937E-2	-3.873938E-2	-2.909060E-2	-2.616416E+10	-2.605583E+10	-4.341767E+7	-1.083235E+8	-2.347321E+11
5.609950E+2	1.004831E+0	2.700403E+10	1.010417E+0	1.200764E+9	1.011748E+0	2.718598E+10	1.014839E+0	1.208241E+9	1.006405E+0	2.045909E+11	1.008219E+0	2.062340E+11	1.007029E+0	2.317769E+11	1.007825E+0	2.332380E+11	5.586616E-3	3.090859E-3	-4.421793E-3	2.495757E-3	2.592405E-3	-2.580327E+10	-2.597774E+10	-7.477007E+6	1.744697E+8	-2.320373E+11
