Photon Energy (eV)	X ref norm	X ref	X pump norm	X pump	Y ref norm	Y ref	Y pump norm	Y pump	X all norm	X all	Y all norm	Y all	X all Y ref norm	X all Y ref	Y all X ref norm	Y all X ref	BC(X hist) norm	BC(Y hist) norm	StS norm	BCSC norm	BCLR norm	BC(X hist)	BC(Y hist)	StS	BCSC	BCLR	
2.790030E+2	-3.389504E-3	4.198539E+8	-1.588697E-3	2.044968E+7	-4.937313E-3	4.080660E+8	-3.719760E-3	2.044968E+7	-4.648769E-3	3.164100E+9	-5.001239E-3	3.145850E+9	-4.682411E-3	3.572166E+9	-4.815229E-3	3.565704E+9	1.800806E-3	1.217553E-3	2.131063E-3	5.832531E-4	3.226531E-3	-3.994042E+8	-3.876163E+8	0.000000E+0	-1.178791E+7	-3.545254E+9
2.795020E+2	-5.954147E-5	4.513296E+8	3.936289E-3	2.284730E+7	-3.353368E-3	4.230939E+8	-6.731065E-3	1.914234E+7	-1.746244E-3	3.372754E+9	-1.940706E-3	3.367584E+9	-1.933622E-3	3.795848E+9	-1.723600E-3	3.818913E+9	3.995830E-3	-3.377697E-3	1.066735E-2	7.373527E-3	5.659889E-3	-4.284823E+8	-4.039515E+8	3.704961E+6	-2.453073E+7	-3.796066E+9
2.800030E+2	-4.866817E-4	4.472921E+8	-4.182909E-4	2.095759E+7	-2.513843E-3	4.310590E+8	-3.969748E-3	2.034115E+7	-9.024794E-4	3.433410E+9	-2.712807E-3	3.311645E+9	-1.090352E-3	3.864469E+9	-2.455890E-3	3.758937E+9	6.839083E-5	-1.455905E-3	3.551457E-3	1.524296E-3	2.037599E-3	-4.263345E+8	-4.107178E+8	6.164392E+5	-1.561668E+7	-3.737980E+9
2.805050E+2	-3.097351E-3	4.226154E+8	-6.240403E-3	1.843104E+7	-1.821407E-3	4.376286E+8	-1.402996E-2	1.597356E+7	-1.599048E-3	3.383336E+9	-1.941638E-3	3.367516E+9	-1.624973E-3	3.820964E+9	-2.075019E-3	3.790131E+9	-3.143052E-3	-1.220856E-2	7.789560E-3	9.065505E-3	-4.165384E-3	-4.041843E+8	-4.216550E+8	2.457476E+6	1.747070E+7	-3.771700E+9
2.810070E+2	2.135159E-3	4.720745E+8	3.920185E-3	2.284031E+7	1.287160E-3	4.671216E+8	1.316178E-2	2.777873E+7	-1.876482E-4	3.484797E+9	9.725271E-4	3.578645E+9	-1.569723E-5	3.951919E+9	1.106706E-3	4.050720E+9	1.785026E-3	1.187462E-2	-9.241598E-3	-1.008960E-2	2.813479E-3	-4.492341E+8	-4.393429E+8	-4.938412E+6	-9.891274E+6	-4.027880E+9
2.815020E+2	8.507182E-4	4.599336E+8	9.102079E-4	2.153411E+7	1.878333E-3	4.727304E+8	1.011547E-2	2.645618E+7	9.376724E-4	3.565693E+9	1.300424E-3	3.602401E+9	1.047346E-3	4.038424E+9	1.248523E-3	4.062335E+9	5.948969E-5	8.237134E-3	-9.205259E-3	-8.177644E-3	-3.383155E-4	-4.383995E+8	-4.462743E+8	-4.922075E+6	7.874784E+6	-4.040801E+9
2.820040E+2	2.454719E-4	4.542126E+8	-3.647121E-4	2.098084E+7	4.795623E-3	5.004087E+8	6.032057E-3	2.468339E+7	3.332996E-3	3.737886E+9	3.087270E-3	3.731857E+9	3.503526E-3	4.238295E+9	2.759298E-3	4.186070E+9	-6.101840E-4	1.236434E-3	-6.396769E-3	-1.846618E-3	-3.124010E-3	-4.332318E+8	-4.757253E+8	-3.702545E+6	4.249350E+7	-4.165089E+9
2.825030E+2	3.801729E-3	4.878273E+8	-1.545789E-4	2.107203E+7	4.664815E-3	4.991676E+8	-8.587707E-4	2.169177E+7	4.813520E-3	3.844317E+9	6.236169E-3	3.959993E+9	4.796182E-3	4.343484E+9	5.955210E-3	4.447820E+9	-3.956308E-3	-5.523586E-3	7.041918E-4	1.567278E-3	-6.109789E-3	-4.667553E+8	-4.774758E+8	-6.197362E+5	1.072055E+7	-4.426748E+9
2.830040E+2	9.216008E-3	5.390046E+8	9.185481E-3	2.512524E+7	9.665128E-3	5.466088E+8	7.049779E-3	2.512523E+7	9.887299E-3	4.209056E+9	1.075117E-2	4.287102E+9	9.861396E-3	4.755665E+9	1.057400E-2	4.826106E+9	-3.052695E-5	-2.615349E-3	2.135702E-3	2.584822E-3	-1.388514E-3	-5.138793E+8	-5.214836E+8	7.663197E+0	7.604291E+6	-4.800981E+9
2.835040E+2	2.071187E-2	6.476665E+8	1.475319E-2	2.754139E+7	2.067297E-2	6.510474E+8	1.261515E-2	2.754141E+7	1.886284E-2	4.854282E+9	1.853674E-2	4.851162E+9	1.907389E-2	5.505329E+9	1.878777E-2	5.498828E+9	-5.958672E-3	-8.057817E-3	2.138046E-3	2.099145E-3	-4.034579E-3	-6.201251E+8	-6.235060E+8	-1.172110E+1	3.380862E+6	-5.471287E+9
2.840020E+2	3.340564E-2	7.676515E+8	4.165042E-2	3.921369E+7	2.942445E-2	7.340784E+8	1.390903E-2	2.810314E+7	3.037257E-2	5.681683E+9	3.308422E-2	5.905117E+9	3.026203E-2	6.415761E+9	3.312131E-2	6.672768E+9	8.244781E-3	-1.551542E-2	2.774140E-2	2.376020E-2	8.529112E-3	-7.284378E+8	-7.059753E+8	1.111055E+7	-2.246253E+7	-6.633555E+9
2.841030E+2	4.381738E-2	8.660661E+8	5.450660E-2	4.479274E+7	4.546294E-2	8.862461E+8	5.386872E-2	4.545145E+7	4.390036E-2	6.654156E+9	4.326368E-2	6.642613E+9	4.408254E-2	7.540402E+9	4.332759E-2	7.508679E+9	1.068922E-2	8.405782E-3	6.378755E-4	2.283435E-3	1.117901E-2	-8.212733E+8	-8.407946E+8	-6.587072E+5	1.952128E+7	-7.463886E+9
2.842040E+2	5.895547E-2	1.009155E+9	8.812983E-2	5.938384E+7	6.379054E-2	1.060132E+9	5.675931E-2	4.670638E+7	6.226473E-2	7.974318E+9	6.181453E-2	7.986609E+9	6.244263E-2	9.034450E+9	6.148456E-2	8.995765E+9	2.917436E-2	-7.031232E-3	3.137051E-2	3.620559E-2	2.664526E-2	-9.497715E+8	-1.013426E+9	1.267746E+7	6.365412E+7	-8.936381E+9
2.843030E+2	7.025632E-2	1.115974E+9	9.002712E-2	6.020719E+7	7.621228E-2	1.177985E+9	6.012083E-2	4.816577E+7	7.720670E-2	9.048453E+9	7.713086E-2	9.096268E+9	7.709076E-2	1.022644E+10	7.633747E-2	1.021224E+10	1.977080E-2	-1.609145E-2	2.990629E-2	3.586225E-2	1.368965E-2	-1.055767E+9	-1.129819E+9	1.204142E+7	7.405249E+7	-1.015203E+10
2.844030E+2	9.015297E-2	1.304043E+9	9.928224E-2	6.422353E+7	9.168286E-2	1.324765E+9	8.465048E-2	5.881520E+7	9.159718E-2	1.008294E+10	9.119850E-2	1.011546E+10	9.160717E-2	1.140771E+10	9.107783E-2	1.141950E+10	9.129268E-3	-7.032386E-3	1.463176E-2	1.616165E-2	8.204407E-3	-1.239819E+9	-1.265949E+9	5.408333E+6	2.613039E+7	-1.135528E+10
2.845010E+2	1.316463E-1	1.696249E+9	1.450270E-1	8.407487E+7	1.249863E-1	1.640736E+9	1.225304E-1	7.526057E+7	1.345553E-1	1.317108E+10	1.308112E-1	1.298537E+10	1.334396E-1	1.481181E+10	1.309076E-1	1.468162E+10	1.338064E-2	-2.455909E-3	2.249661E-2	1.583655E-2	1.411939E-2	-1.612174E+9	-1.565475E+9	8.814298E+6	-4.669892E+7	-1.459755E+10
2.846040E+2	2.287227E-1	2.613841E+9	2.071341E-1	1.110268E+8	2.259859E-1	2.598985E+9	2.002067E-1	1.089834E+8	2.353825E-1	2.041925E+10	2.272586E-1	1.997293E+10	2.342869E-1	2.301824E+10	2.274276E-1	2.258677E+10	-2.158853E-2	-2.577925E-2	6.927475E-3	4.190711E-3	-2.029347E-2	-2.502814E+9	-2.490002E+9	2.043466E+6	-1.281199E+7	-2.247574E+10
2.847000E+2	4.067117E-1	4.296241E+9	4.316828E-1	2.084717E+8	4.044534E-1	4.292223E+9	3.758367E-1	1.852323E+8	4.390498E-1	3.506030E+10	4.045707E-1	3.281908E+10	4.350161E-1	3.935253E+10	4.048178E-1	3.711532E+10	2.497113E-2	-2.861670E-2	5.584617E-2	5.358783E-2	2.686502E-2	-4.087770E+9	-4.106990E+9	2.323946E+7	1.922087E+7	-3.690685E+10
2.848000E+2	8.819887E-1	8.788688E+9	8.920099E-1	4.082348E+8	8.785115E-1	8.789922E+9	9.657369E-1	4.413346E+8	9.164617E-1	6.938006E+10	8.785230E-1	6.715661E+10	9.120370E-1	7.816998E+10	8.789229E-1	7.594530E+10	1.002121E-2	8.722540E-2	-7.372691E-2	-7.720418E-2	1.308700E-2	-8.380453E+9	-8.348587E+9	-3.309980E+7	-3.186639E+7	-7.553707E+10
2.849020E+2	1.488756E+0	1.452401E+10	1.395383E+0	6.266779E+8	1.492638E+0	1.461654E+10	1.576053E+0	7.063002E+8	1.498214E+0	1.112005E+11	1.496787E+0	1.119495E+11	1.497564E+0	1.258171E+11	1.495860E+0	1.264735E+11	-9.337291E-2	8.341473E-2	-1.806700E-1	-1.767876E-1	-1.004778E-1	-1.389733E+10	-1.391024E+10	-7.962238E+7	1.290599E+7	-1.258468E+11
2.850010E+2	1.821214E+0	1.766650E+10	1.832239E+0	8.162554E+8	1.822776E+0	1.774878E+10	1.919835E+0	8.555518E+8	1.809127E+0	1.335512E+11	1.831394E+0	1.361915E+11	1.810719E+0	1.513000E+11	1.830219E+0	1.538580E+11	1.102442E-2	9.705867E-2	-8.759650E-2	-8.603424E-2	2.019314E-3	-1.685025E+10	-1.689323E+10	-3.929632E+7	4.298295E+7	-1.530418E+11
2.851000E+2	1.742737E+0	1.692471E+10	1.701492E+0	7.595167E+8	1.724711E+0	1.681837E+10	1.693862E+0	7.574466E+8	1.715151E+0	1.267955E+11	1.721322E+0	1.282168E+11	1.716266E+0	1.436139E+11	1.723793E+0	1.451415E+11	-4.124506E-2	-3.084939E-2	7.629910E-3	-1.039567E-2	-2.230118E-2	-1.616520E+10	-1.606093E+10	2.070115E+6	-1.042699E+8	-1.443820E+11
2.852010E+2	1.353456E+0	1.324513E+10	1.358944E+0	6.108650E+8	1.371168E+0	1.346408E+10	1.329199E+0	5.991301E+8	1.362738E+0	1.014616E+11	1.370314E+0	1.027866E+11	1.363721E+0	1.149256E+11	1.368369E+0	1.160317E+11	5.487689E-3	-4.196887E-2	2.974475E-2	4.745656E-2	-9.424705E-3	-1.263426E+10	-1.286495E+10	1.173496E+7	2.306849E+8	-1.154209E+11
2.853000E+2	9.357243E-1	9.296611E+9	1.005191E+0	4.573506E+8	9.351905E-1	9.327673E+9	9.771673E-1	4.462971E+8	9.408741E-1	7.113500E+10	9.412779E-1	7.170317E+10	9.402114E-1	8.046267E+10	9.406370E-1	8.099978E+10	6.946652E-2	4.197677E-2	2.802352E-2	2.748975E-2	6.455384E-2	-8.839261E+9	-8.881376E+9	1.105358E+7	4.211521E+7	-8.054243E+10
2.854010E+2	7.132905E-1	7.194106E+9	6.976206E-1	3.238778E+8	7.097583E-1	7.188850E+9	7.095046E-1	3.300926E+8	7.313081E-1	5.606990E+10	7.233177E-1	5.591209E+10	7.287955E-1	6.325876E+10	7.221604E-1	6.310620E+10	-1.566986E-2	-2.537335E-4	-1.188401E-2	-1.541613E-2	-2.453984E-2	-6.870229E+9	-6.858758E+9	-6.214798E+6	-1.147081E+7	-6.278232E+10
2.855000E+2	5.390287E-1	5.546937E+9	5.433102E-1	2.569134E+8	5.491976E-1	5.665506E+9	5.504631E-1	2.610455E+8	5.596381E-1	4.372905E+10	5.543457E-1	4.367018E+10	5.584208E-1	4.939455E+10	5.525780E-1	4.921712E+10	4.281515E-3	1.265467E-3	-7.152910E-3	3.016049E-3	-9.267807E-3	-5.290023E+9	-5.404461E+9	-4.132074E+6	1.144370E+8	-4.896020E+10
2.856010E+2	3.795853E-1	4.039835E+9	3.366900E-1	1.672487E+8	3.747109E-1	4.010036E+9	3.851443E-1	1.892731E+8	3.866453E-1	3.129310E+10	3.843098E-1	3.135118E+10	3.852539E-1	3.530314E+10	3.837645E-1	3.539102E+10	-4.289527E-2	1.043343E-2	-4.845429E-2	-5.332870E-2	-4.707450E-2	-3.872586E+9	-3.820763E+9	-2.202439E+7	-5.182314E+7	-3.522377E+10
2.858030E+2	2.874141E-1	3.168608E+9	3.332498E-1	1.657558E+8	2.843861E-1	3.153066E+9	3.043747E-1	1.542074E+8	2.988404E-1	2.498106E+10	2.935029E-1	2.477228E+10	2.971552E-1	2.813413E+10	2.928002E-1	2.794089E+10	4.583565E-2	1.998869E-2	2.887502E-2	2.584696E-2	4.044957E-2	-3.002852E+9	-2.998858E+9	1.154840E+7	-3.994147E+6	-2.777514E+10
2.860050E+2	5.730642E-1	5.868650E+9	5.590803E-1	2.637570E+8	5.734190E-1	5.895310E+9	5.598245E-1	2.651097E+8	5.875210E-1	4.573347E+10	5.762880E-1	4.525988E+10	5.858768E-1	5.162878E+10	5.759159E-1	5.112853E+10	-1.398392E-2	-1.359446E-2	-7.442742E-4	-3.894655E-4	-1.683566E-2	-5.604893E+9	-5.630200E+9	-1.352733E+6	2.530741E+7	-5.086477E+10
2.862030E+2	1.202517E+0	1.181841E+10	1.260468E+0	5.681304E+8	1.203598E+0	1.187423E+10	1.176676E+0	5.329127E+8	1.212127E+0	9.063459E+10	1.210984E+0	9.124318E+10	1.211133E+0	1.025088E+11	1.210007E+0	1.030616E+11	5.795042E-2	-2.692238E-2	8.379194E-2	8.487280E-2	5.046117E-2	-1.125028E+10	-1.134132E+10	3.521763E+7	9.103824E+7	-1.024935E+11
2.864210E+2	1.361539E+0	1.332153E+10	1.382123E+0	6.209235E+8	1.364371E+0	1.339959E+10	1.337156E+0	6.025843E+8	1.357733E+0	1.011018E+11	1.364061E+0	1.023335E+11	1.358507E+0	1.145014E+11	1.363770E+0	1.156550E+11	2.058345E-2	-2.721540E-2	4.496669E-2	4.779885E-2	1.835274E-2	-1.270060E+10	-1.279701E+10	1.833918E+7	9.640217E+7	-1.150341E+11
2.866160E+2	1.115732E+0	1.099809E+10	1.168991E+0	5.284331E+8	1.128546E+0	1.116216E+10	1.096930E+0	4.982916E+8	1.129069E+0	8.466380E+10	1.124205E+0	8.495616E+10	1.129008E+0	9.582597E+10	1.123228E+0	9.595425E+10	5.325903E-2	-3.161570E-2	7.206039E-2	8.487473E-2	4.576329E-2	-1.046966E+10	-1.066387E+10	3.014147E+7	1.942145E+8	-9.542581E+10
2.868020E+2	1.425404E+0	1.392520E+10	1.454008E+0	6.521190E+8	1.412096E+0	1.385239E+10	1.446844E+0	6.502050E+8	1.419466E+0	1.055396E+11	1.421592E+0	1.065016E+11	1.418606E+0	1.193919E+11	1.422032E+0	1.204268E+11	2.860401E-2	3.474834E-2	7.164057E-3	-6.144326E-3	3.197664E-2	-1.327308E+10	-1.320218E+10	1.913959E+6	-7.089915E+7	-1.197747E+11
2.870100E+2	1.461561E+0	1.426696E+10	1.394233E+0	6.261788E+8	1.440640E+0	1.412320E+10	1.433839E+0	6.445588E+8	1.420864E+0	1.056401E+11	1.441329E+0	1.079316E+11	1.423170E+0	1.197633E+11	1.443664E+0	1.221985E+11	-6.732811E-2	-6.801113E-3	-3.960622E-2	-6.052699E-2	-4.943129E-2	-1.364078E+10	-1.347864E+10	-1.838000E+7	-1.621375E+8	-1.215723E+11
2.872160E+2	9.932939E-1	9.840775E+9	1.010586E+0	4.596920E+8	9.862815E-1	9.812406E+9	9.700489E-1	4.432066E+8	9.978619E-1	7.523169E+10	1.003834E+0	7.623534E+10	9.965117E-1	8.504410E+10	1.002618E+0	8.607611E+10	1.729219E-2	-1.623262E-2	4.053721E-2	3.352481E-2	7.968337E-3	-9.381083E+9	-9.369200E+9	1.648534E+7	-1.188306E+7	-8.561642E+10
2.874030E+2	6.678089E-1	6.764203E+9	7.385727E-1	3.416493E+8	6.786748E-1	6.893940E+9	6.896616E-1	3.214779E+8	6.783245E-1	5.226107E+10	6.821343E-1	5.292838E+10	6.783654E-1	5.915501E+10	6.804810E-1	5.969258E+10	7.076373E-2	1.098686E-2	4.891105E-2	5.977688E-2	5.809165E-2	-6.422554E+9	-6.572462E+9	2.017146E+7	1.499089E+8	-5.935094E+10
2.876200E+2	6.120284E-1	6.236950E+9	5.430768E-1	2.568121E+8	6.022148E-1	6.168515E+9	6.820391E-1	3.181686E+8	6.125117E-1	4.752998E+10	6.109533E-1	4.777136E+10	6.113112E-1	5.369849E+10	6.110774E-1	5.400831E+10	-6.895160E-2	7.982435E-2	-1.389624E-1	-1.487759E-1	-6.800062E-2	-5.980138E+9	-5.850346E+9	-6.135647E+7	-1.297917E+8	-5.375150E+10
2.878020E+2	6.047163E-1	6.167835E+9	6.358992E-1	2.970933E+8	6.047482E-1	6.192551E+9	6.174444E-1	2.901251E+8	6.215305E-1	4.817831E+10	6.188373E-1	4.834256E+10	6.195738E-1	5.437087E+10	6.172076E-1	5.451039E+10	3.118288E-2	1.269614E-2	1.845482E-2	1.848673E-2	1.869159E-2	-5.870741E+9	-5.902426E+9	6.968154E+6	3.168472E+7	-5.421330E+10
2.880020E+2	6.423173E-1	6.523249E+9	6.871739E-1	3.193443E+8	6.473064E-1	6.596328E+9	6.978312E-1	3.250247E+8	6.492741E-1	5.017272E+10	6.409373E-1	4.994368E+10	6.490447E-1	5.676905E+10	6.410966E-1	5.646693E+10	4.485659E-2	5.052483E-2	-1.065737E-2	-5.668237E-3	4.607729E-2	-6.203904E+9	-6.271303E+9	-5.680313E+6	6.739910E+7	-5.614759E+10
2.882020E+2	6.448418E-1	6.547111E+9	7.026792E-1	3.260730E+8	6.518071E-1	6.639030E+9	6.010756E-1	2.830187E+8	6.601521E-1	5.095471E+10	6.502912E-1	5.062137E+10	6.591791E-1	5.759374E+10	6.496623E-1	5.716848E+10	5.783743E-2	-5.073153E-2	1.016036E-1	1.085690E-1	5.301697E-2	-6.221038E+9	-6.356011E+9	4.305437E+7	1.349726E+8	-5.684241E+10
2.884210E+2	7.473174E-1	7.515738E+9	8.003408E-1	3.684542E+8	7.418163E-1	7.493006E+9	7.352700E-1	3.412785E+8	7.619084E-1	5.826968E+10	7.528548E-1	5.805203E+10	7.595658E-1	6.576268E+10	7.522157E-1	6.556777E+10	5.302343E-2	-6.546308E-3	6.507079E-2	5.956974E-2	4.812510E-2	-7.147284E+9	-7.151727E+9	2.717563E+7	4.442984E+6	-6.519932E+10
2.886030E+2	1.028879E+0	1.017713E+10	9.896342E-1	4.505997E+8	1.035253E+0	1.027703E+10	1.006029E+0	4.588273E+8	1.040704E+0	7.831147E+10	1.034531E+0	7.845931E+10	1.040068E+0	8.858850E+10	1.033879E+0	8.863645E+10	-3.924446E-2	-2.922409E-2	-1.639495E-2	-1.002036E-2	-4.424471E-2	-9.726532E+9	-9.818206E+9	-8.227586E+6	9.167424E+7	-8.818585E+10
2.888080E+2	1.154316E+0	1.136280E+10	1.150333E+0	5.203364E+8	1.164644E+0	1.150465E+10	1.173955E+0	5.317313E+8	1.157228E+0	8.668807E+10	1.169889E+0	8.826587E+10	1.158093E+0	9.819272E+10	1.168091E+0	9.962867E+10	-3.983290E-3	9.310109E-3	-2.362152E-2	-1.329340E-2	-1.775844E-2	-1.084247E+10	-1.097292E+10	-1.139489E+7	1.304550E+8	-9.910834E+10
2.890020E+2	9.476011E-1	9.408874E+9	9.685677E-1	4.414577E+8	9.572209E-1	9.536690E+9	1.008328E+0	4.598255E+8	9.465712E-1	7.154455E+10	9.584597E-1	7.294798E+10	9.478129E-1	8.108124E+10	9.572065E-1	8.235685E+10	2.096665E-2	5.110747E-2	-3.976067E-2	-3.014082E-2	1.136123E-2	-8.967416E+9	-9.076864E+9	-1.836778E+7	1.094482E+8	-8.191539E+10
2.892050E+2	7.813998E-1	7.837895E+9	7.928702E-1	3.652122E+8	7.651413E-1	7.714305E+9	8.034964E-1	3.708987E+8	7.700825E-1	5.885729E+10	7.741532E-1	5.959509E+10	7.695064E-1	6.657159E+10	7.749895E-1	6.743299E+10	1.147039E-2	3.835501E-2	-1.062614E-2	-2.688462E-2	1.788068E-2	-7.472682E+9	-7.343407E+9	-5.686440E+6	-1.292758E+8	-6.706777E+10
2.894040E+2	7.421619E-1	7.467007E+9	7.585434E-1	3.503158E+8	7.544328E-1	7.612706E+9	7.811190E-1	3.611836E+8	7.586945E-1	5.803863E+10	7.630500E-1	5.879067E+10	7.581976E-1	6.565134E+10	7.606393E-1	6.625768E+10	1.638151E-2	2.668622E-2	-2.257563E-2	-1.030471E-2	-2.095928E-3	-7.116691E+9	-7.251522E+9	-1.086786E+7	1.348314E+8	-6.590736E+10
2.896060E+2	7.785528E-1	7.810984E+9	7.498386E-1	3.465383E+8	7.878277E-1	7.929546E+9	8.020771E-1	3.702825E+8	7.881772E-1	6.015806E+10	7.906061E-1	6.078709E+10	7.881365E-1	6.808761E+10	7.892150E-1	6.859808E+10	-2.871416E-2	1.424940E-2	-5.223852E-2	-4.296356E-2	-3.937638E-2	-7.464445E+9	-7.559263E+9	-2.374424E+7	9.481802E+7	-6.825154E+10
2.898030E+2	7.444027E-1	7.488188E+9	7.181847E-1	3.328018E+8	7.330137E-1	7.409490E+9	7.633754E-1	3.534803E+8	7.472382E-1	5.721507E+10	7.432970E-1	5.735958E+10	7.455797E-1	6.462456E+10	7.434246E-1	6.484777E+10	-2.621797E-2	3.036164E-2	-4.519067E-2	-5.657961E-2	-2.523989E-2	-7.155386E+9	-7.056009E+9	-2.067855E+7	-9.937658E+7	-6.451496E+10
2.900030E+2	6.850618E-1	6.927281E+9	6.835882E-1	3.177883E+8	6.750679E-1	6.859720E+9	7.367756E-1	3.419322E+8	6.882189E-1	5.297235E+10	6.841509E-1	5.307448E+10	6.866856E-1	5.983207E+10	6.842560E-1	6.000176E+10	-1.473599E-3	6.170765E-2	-5.318743E-2	-6.318125E-2	-6.678400E-4	-6.609493E+9	-6.517788E+9	-2.414386E+7	-9.170514E+7	-5.968397E+10
2.905220E+2	7.305196E-1	7.356961E+9	6.958705E-1	3.231183E+8	7.172779E-1	7.260194E+9	7.316472E-1	3.397057E+8	7.279172E-1	5.582615E+10	7.240201E-1	5.596298E+10	7.266768E-1	6.308634E+10	7.247702E-1	6.331994E+10	-3.464911E-2	1.436929E-2	-3.577675E-2	-4.901840E-2	-2.889974E-2	-7.033843E+9	-6.920488E+9	-1.658739E+7	-1.133545E+8	-6.299682E+10
2.910030E+2	8.609634E-1	8.589951E+9	8.307624E-1	3.816559E+8	8.669088E-1	8.679840E+9	8.726878E-1	4.009378E+8	8.780520E-1	6.661890E+10	8.643032E-1	6.612640E+10	8.767528E-1	7.529874E+10	8.639178E-1	7.471635E+10	-3.020098E-2	5.778991E-3	-4.192541E-2	-3.597997E-2	-3.315533E-2	-8.208295E+9	-8.278902E+9	-1.928192E+7	7.060691E+7	-7.433470E+10
2.914980E+2	1.052592E+0	1.040127E+10	1.037940E+0	4.715625E+8	1.045133E+0	1.037077E+10	1.035362E+0	4.715619E+8	1.049632E+0	7.895328E+10	1.054212E+0	7.988519E+10	1.049107E+0	8.932405E+10	1.054025E+0	9.028646E+10	-1.465152E-2	-9.771436E-3	2.578395E-3	-4.880079E-3	-1.608499E-2	-9.929711E+9	-9.899209E+9	6.044569E+2	-3.050183E+7	-8.981490E+10
2.920010E+2	8.115853E-1	8.123216E+9	8.359972E-1	3.839276E+8	7.960096E-1	8.007173E+9	8.806945E-1	4.044139E+8	8.162361E-1	6.217514E+10	8.106818E-1	6.224157E+10	8.138779E-1	7.018231E+10	8.107861E-1	7.036478E+10	2.441192E-2	8.468486E-2	-4.469725E-2	-6.027295E-2	2.521112E-2	-7.739288E+9	-7.602759E+9	-2.048628E+7	-1.365296E+8	-6.998086E+10
2.925000E+2	9.284965E-1	9.228292E+9	9.541813E-1	4.352146E+8	9.401982E-1	9.375184E+9	9.187179E-1	4.209215E+8	9.308807E-1	7.041660E+10	9.339678E-1	7.117356E+10	9.319670E-1	7.979178E+10	9.333364E-1	8.040185E+10	2.568477E-2	-2.148034E-2	3.546339E-2	4.716512E-2	2.084492E-2	-8.793077E+9	-8.954263E+9	1.429306E+7	1.611851E+8	-7.996663E+10
2.930010E+2	1.034459E+0	1.022988E+10	1.087176E+0	4.929288E+8	1.038965E+0	1.031225E+10	1.104769E+0	5.016948E+8	1.048690E+0	7.888559E+10	1.043698E+0	7.912345E+10	1.047556E+0	8.919783E+10	1.042632E+0	8.935333E+10	5.271711E-2	6.580441E-2	-1.759329E-2	-1.308730E-2	4.454399E-2	-9.736947E+9	-9.810551E+9	-8.766004E+6	7.360463E+7	-8.886040E+10
2.935110E+2	1.147449E+0	1.129789E+10	1.096183E+0	4.968374E+8	1.132760E+0	1.120215E+10	1.169775E+0	5.299168E+8	1.138898E+0	8.537039E+10	1.140470E+0	8.613448E+10	1.138183E+0	9.657254E+10	1.141275E+0	9.743237E+10	-5.126617E-2	3.701474E-2	-7.359219E-2	-8.828091E-2	-4.509233E-2	-1.080105E+10	-1.067223E+10	-3.307933E+7	-1.288235E+8	-9.693554E+10
2.940050E+2	1.015595E+0	1.005157E+10	1.074609E+0	4.874753E+8	1.017933E+0	1.011270E+10	1.056403E+0	4.806967E+8	1.022492E+0	7.700228E+10	1.021068E+0	7.748389E+10	1.021960E+0	8.711498E+10	1.020436E+0	8.753546E+10	5.901403E-2	3.846991E-2	1.820637E-2	2.054412E-2	5.417303E-2	-9.564096E+9	-9.632006E+9	6.778587E+6	6.791024E+7	-8.704798E+10
2.945010E+2	9.147058E-1	9.097939E+9	9.261466E-1	4.230487E+8	9.211131E-1	9.194111E+9	9.726806E-1	4.443492E+8	9.279051E-1	7.020270E+10	9.261265E-1	7.060546E+10	9.271132E-1	7.939681E+10	9.248085E-1	7.970340E+10	1.144080E-2	5.156754E-2	-4.653400E-2	-4.012674E-2	1.338178E-3	-8.674890E+9	-8.749762E+9	-2.130048E+7	7.487153E+7	-7.928035E+10
2.950050E+2	9.395754E-1	9.333013E+9	9.819300E-1	4.472564E+8	9.344915E-1	9.321040E+9	9.099242E-1	4.171038E+8	9.477956E-1	7.163257E+10	9.429499E-1	7.182430E+10	9.462444E-1	8.095361E+10	9.425605E-1	8.115732E+10	4.235461E-2	-2.456722E-2	7.200580E-2	6.692184E-2	3.936958E-2	-8.885757E+9	-8.903937E+9	3.015261E+7	1.817986E+7	-8.071006E+10
2.955070E+2	9.717531E-1	9.637165E+9	9.912268E-1	4.512908E+8	9.796686E-1	9.749665E+9	9.630976E-1	4.401888E+8	9.890561E-1	7.459866E+10	9.851224E-1	7.487968E+10	9.879616E-1	8.434833E+10	9.835795E-1	8.451684E+10	1.947371E-2	-1.657103E-2	2.812924E-2	3.604474E-2	7.647323E-3	-9.185874E+9	-9.309477E+9	1.110208E+7	1.236023E+8	-8.406555E+10
2.960030E+2	9.915394E-1	9.824191E+9	9.365384E-1	4.275583E+8	9.851478E-1	9.801650E+9	9.900314E-1	4.518820E+8	9.832916E-1	7.418427E+10	9.859966E-1	7.494301E+10	9.835080E-1	8.398592E+10	9.866363E-1	8.476720E+10	-5.500100E-2	4.883609E-3	-5.349299E-2	-5.988461E-2	-5.009785E-2	-9.396633E+9	-9.349768E+9	-2.432363E+7	-4.686436E+7	-8.433964E+10
2.964980E+2	8.491464E-1	8.478253E+9	8.623891E-1	3.953806E+8	8.537658E-1	8.555144E+9	8.283998E-1	3.817104E+8	8.490722E-1	6.453563E+10	8.521535E-1	6.524616E+10	8.496195E-1	7.309077E+10	8.518064E-1	7.372441E+10	1.324270E-2	-2.536606E-2	3.398932E-2	3.860876E-2	1.058266E-2	-8.082873E+9	-8.173433E+9	1.367020E+7	9.056035E+7	-7.332903E+10
2.970020E+2	8.904774E-1	8.868925E+9	8.933492E-1	4.088160E+8	9.028339E-1	9.020684E+9	8.576127E-1	3.943930E+8	8.935748E-1	6.773479E+10	8.943223E-1	6.830126E+10	8.946544E-1	7.675548E+10	8.938786E-1	7.717019E+10	2.871792E-3	-4.522123E-2	3.573650E-2	4.809302E-2	-5.293770E-4	-8.460109E+9	-8.626291E+9	1.442297E+7	1.661822E+8	-7.676137E+10
2.975020E+2	9.722995E-1	9.642330E+9	9.887890E-1	4.502329E+8	9.774351E-1	9.728475E+9	1.023864E+0	4.665701E+8	9.725865E-1	7.341472E+10	9.708674E-1	7.384691E+10	9.731518E-1	8.314319E+10	9.710326E-1	8.348924E+10	1.648951E-2	4.642855E-2	-3.507467E-2	-2.993903E-2	1.775637E-2	-9.192097E+9	-9.261905E+9	-1.633714E+7	6.980804E+7	-8.303900E+10
2.980020E+2	1.032460E+0	1.021099E+10	9.712995E-1	4.426432E+8	1.023554E+0	1.016603E+10	1.026767E+0	4.678307E+8	1.020105E+0	7.683068E+10	1.020705E+0	7.745762E+10	1.020507E+0	8.699672E+10	1.022062E+0	8.766861E+10	-6.116070E-2	3.213621E-3	-5.546786E-2	-6.437432E-2	-5.076230E-2	-9.768342E+9	-9.698202E+9	-2.518749E+7	-7.014015E+7	-8.722597E+10
2.985010E+2	1.005762E+0	9.958631E+9	1.011338E+0	4.600182E+8	1.004882E+0	9.988880E+9	9.923189E-1	4.528751E+8	9.989838E-1	7.531233E+10	9.986590E-1	7.586039E+10	9.996714E-1	8.530121E+10	9.994788E-1	8.581902E+10	5.575474E-3	-1.256293E-2	1.901901E-2	1.813840E-2	1.185915E-2	-9.498613E+9	-9.536005E+9	7.143174E+6	3.739225E+7	-8.535900E+10
2.990010E+2	1.017086E+0	1.006566E+10	9.964495E-1	4.535573E+8	1.025467E+0	1.018419E+10	1.016838E+0	4.635201E+8	1.025250E+0	7.720053E+10	1.024321E+0	7.771959E+10	1.025275E+0	8.738472E+10	1.023486E+0	8.778526E+10	-2.063643E-2	-8.628731E-3	-2.038899E-2	-1.200770E-2	-2.703660E-2	-9.612106E+9	-9.720667E+9	-9.962846E+6	1.085606E+8	-8.733170E+10
2.995040E+2	1.027381E+0	1.016297E+10	1.066843E+0	4.841051E+8	1.030294E+0	1.022998E+10	9.865917E-1	4.503886E+8	1.030570E+0	7.758299E+10	1.030958E+0	7.820045E+10	1.030538E+0	8.781297E+10	1.030545E+0	8.836343E+10	3.946226E-2	-4.370252E-2	8.025123E-2	8.316478E-2	3.629757E-2	-9.678867E+9	-9.779595E+9	3.371651E+7	1.007282E+8	-8.787932E+10
3.000060E+2	9.450112E-1	9.384394E+9	9.652811E-1	4.400315E+8	9.383678E-1	9.357818E+9	9.536198E-1	4.360740E+8	9.525046E-1	7.197108E+10	9.544891E-1	7.266031E+10	9.508564E-1	8.132890E+10	9.533953E-1	8.204471E+10	2.026988E-2	1.525201E-2	1.166128E-2	5.017864E-3	1.188580E-2	-8.944362E+9	-8.921744E+9	3.957428E+6	-2.261857E+7	-8.160468E+10
