Photon Energy (eV)	X ref norm	X ref	X pump norm	X pump	Y ref norm	Y ref	Y pump norm	Y pump	X all norm	X all	Y all norm	Y all	X all Y ref norm	X all Y ref	Y all X ref norm	Y all X ref	BC(X hist) norm	BC(Y hist) norm	StS norm	BCSC norm	BCLR norm	BC(X hist)	BC(Y hist)	StS	BCSC	BCLR	
2.790030E+2	-4.173622E-3	4.278979E+8	-6.202794E-3	1.763327E+7	-2.847701E-3	4.417258E+8	5.043452E-3	2.297666E+7	-3.519183E-3	3.285403E+9	-2.079665E-3	3.424609E+9	-3.441210E-3	3.727129E+9	-2.321265E-3	3.852507E+9	-2.029172E-3	7.891153E-3	-1.124625E-2	-9.920325E-3	-3.881529E-3	-4.102646E+8	-4.187491E+8	-5.343395E+6	8.484504E+6	-3.834873E+9
2.795020E+2	-3.977625E-3	4.301417E+8	1.362006E-3	2.150756E+7	-2.887061E-3	4.412749E+8	-8.484363E-4	1.993385E+7	-3.331530E-3	3.301765E+9	-2.809834E-3	3.360520E+9	-3.279918E-3	3.743040E+9	-2.944572E-3	3.790661E+9	5.339631E-3	2.038624E-3	2.210443E-3	3.301007E-3	4.306579E-3	-4.086341E+8	-4.213411E+8	1.573708E+6	1.270696E+7	-3.769154E+9
2.800030E+2	-6.931381E-4	4.677427E+8	-2.877276E-3	1.933642E+7	-2.842192E-3	4.417889E+8	4.066360E-3	2.247205E+7	-3.240695E-3	3.309685E+9	-2.549055E-3	3.383409E+9	-3.194420E-3	3.751474E+9	-2.334921E-3	3.851152E+9	-2.184138E-3	6.908553E-3	-6.943636E-3	-9.092690E-3	-5.423550E-4	-4.484062E+8	-4.193168E+8	-3.135629E+6	-2.908940E+7	-3.831815E+9
2.805050E+2	-1.918487E-3	4.537148E+8	2.386145E-4	2.093222E+7	1.023043E-4	4.755177E+8	-9.417537E-4	1.988566E+7	-1.045399E-3	3.501095E+9	-7.924950E-4	3.537588E+9	-9.121265E-4	3.976613E+9	-9.224111E-4	3.991302E+9	2.157102E-3	-1.044058E-3	1.180368E-3	3.201160E-3	1.161026E-3	-4.327826E+8	-4.556320E+8	1.046558E+6	2.284945E+7	-3.970370E+9
2.810050E+2	5.438083E-4	4.819033E+8	-4.076557E-3	1.872221E+7	-7.037217E-4	4.662848E+8	-5.208601E-3	1.768209E+7	5.010143E-4	3.635929E+9	-6.608528E-4	3.549142E+9	3.611193E-4	4.102214E+9	-5.218599E-4	4.031045E+9	-4.620365E-3	-4.504879E-3	1.132044E-3	-1.154864E-4	-3.554697E-3	-4.631811E+8	-4.486027E+8	1.040124E+6	-1.457839E+7	-4.012323E+9
2.815000E+2	-8.303880E-4	4.661714E+8	6.008005E-3	2.388700E+7	2.039711E-3	4.977104E+8	-6.265383E-3	1.713632E+7	3.704401E-4	3.624544E+9	4.219294E-5	3.610851E+9	5.642773E-4	4.122254E+9	-5.848480E-5	4.077022E+9	6.838393E-3	-8.305094E-3	1.227339E-2	1.514349E-2	6.066490E-3	-4.422844E+8	-4.805741E+8	6.750675E+6	3.828967E+7	-4.053135E+9
2.820040E+2	5.589413E-3	5.396657E+8	9.423106E-3	2.563604E+7	5.164739E-4	4.802619E+8	-1.963864E-3	1.935780E+7	4.303715E-3	3.967491E+9	3.738301E-3	3.935269E+9	3.863937E-3	4.447752E+9	3.951881E-3	4.474935E+9	3.833693E-3	-2.480338E-3	1.138697E-2	6.314030E-3	5.471225E-3	-5.140296E+8	-4.609041E+8	6.278234E+6	-5.312548E+7	-4.449299E+9
2.825030E+2	5.460039E-3	5.381846E+8	-3.875105E-3	1.882539E+7	6.622187E-3	5.502020E+8	6.118226E-3	2.353172E+7	5.961638E-3	4.112047E+9	5.111408E-3	4.055791E+9	6.038341E-3	4.662249E+9	5.151633E-3	4.593976E+9	-9.335145E-3	-5.039613E-4	-9.993331E-3	-8.831184E-3	-9.026739E-3	-5.193592E+8	-5.266703E+8	-4.706331E+6	7.311126E+6	-4.575150E+9
2.830040E+2	8.526810E-3	5.732931E+8	9.696944E-3	2.577628E+7	6.257263E-3	5.460219E+8	-7.402059E-4	1.998975E+7	1.042412E-2	4.501136E+9	8.483564E-3	4.351775E+9	9.940264E-3	5.047158E+9	8.488554E-3	4.925068E+9	1.170134E-3	-6.997469E-3	1.043715E-2	8.167604E-3	1.208390E-3	-5.475168E+8	-5.260321E+8	5.786533E+6	-2.148471E+7	-4.899292E+9
2.835020E+2	2.355780E-2	7.453688E+8	1.620479E-2	2.910926E+7	2.370696E-2	7.459057E+8	2.839999E-2	3.503892E+7	2.293369E-2	5.591859E+9	2.247806E-2	5.580114E+9	2.302348E-2	6.337765E+9	2.260264E-2	6.325483E+9	-7.353012E-3	4.693022E-3	-1.219519E-2	-1.204603E-2	-6.397846E-3	-7.162595E+8	-7.108668E+8	-5.929655E+6	-5.392674E+6	-6.296374E+9
2.840020E+2	4.240617E-2	9.611459E+8	3.792130E-2	4.023132E+7	4.648258E-2	1.006797E+9	4.805841E-2	4.519132E+7	4.288512E-2	7.331447E+9	4.396791E-2	7.466344E+9	4.330286E-2	8.338245E+9	4.378772E-2	8.427490E+9	-4.484872E-3	1.575829E-3	-1.013711E-2	-6.060701E-3	-5.866425E-3	-9.209146E+8	-9.616059E+8	-4.959996E+6	4.069138E+7	-8.387259E+9
2.841010E+2	4.281820E-2	9.658628E+8	5.213123E-2	4.750891E+7	4.146313E-2	9.493002E+8	4.280558E-2	4.247854E+7	4.205559E-2	7.259119E+9	4.165532E-2	7.263361E+9	4.198679E-2	8.208419E+9	4.178949E-2	8.229223E+9	9.313032E-3	1.342444E-3	9.325655E-3	7.970588E-3	1.034174E-2	-9.183539E+8	-9.068216E+8	5.030365E+6	-1.153229E+7	-8.181714E+9
2.842040E+2	4.232782E-2	9.602489E+8	5.350711E-2	4.821356E+7	4.446354E-2	9.836695E+8	4.414049E-2	4.316794E+7	4.204763E-2	7.258425E+9	4.300467E-2	7.381798E+9	4.232816E-2	8.242094E+9	4.292658E-2	8.342046E+9	1.117930E-2	-3.230546E-4	9.366626E-3	1.150235E-2	1.058053E-2	-9.120354E+8	-9.405015E+8	5.045618E+6	2.846615E+7	-8.293833E+9
2.843030E+2	6.313964E-2	1.198504E+9	6.726802E-2	5.526118E+7	6.632090E-2	1.234042E+9	8.079463E-2	6.209762E+7	6.831115E-2	9.548371E+9	6.819996E-2	9.593264E+9	6.808004E-2	1.078241E+10	6.761611E-2	1.079177E+10	4.128380E-3	1.447373E-2	-1.352661E-2	-1.034535E-2	-3.480846E-4	-1.143243E+9	-1.171945E+9	-6.836440E+6	2.870221E+7	-1.073651E+10
2.844010E+2	1.150085E-1	1.792301E+9	1.139783E-1	7.918373E+7	1.103100E-1	1.737931E+9	1.359402E-1	9.057699E+7	1.117689E-1	1.333750E+10	1.123512E-1	1.346855E+10	1.115995E-1	1.507543E+10	1.126578E-1	1.526085E+10	-1.030235E-3	2.563019E-2	-2.196191E-2	-2.666042E-2	1.320451E-3	-1.713118E+9	-1.647354E+9	-1.139327E+7	-6.576337E+7	-1.518167E+10
2.845010E+2	1.661679E-1	2.377977E+9	1.907488E-1	1.185016E+8	1.593433E-1	2.299601E+9	1.678416E-1	1.070522E+8	1.664766E-1	1.810753E+10	1.592374E-1	1.758390E+10	1.656483E-1	2.040713E+10	1.600370E-1	1.996187E+10	2.458094E-2	8.498249E-3	2.290723E-2	1.608269E-2	3.071177E-2	-2.259475E+9	-2.192549E+9	1.144942E+7	-6.692585E+7	-1.984337E+10
2.846030E+2	2.046033E-1	2.817987E+9	2.593323E-1	1.536265E+8	2.091290E-1	2.869890E+9	1.858770E-1	1.163664E+8	2.183768E-1	2.263276E+10	2.096002E-1	2.200439E+10	2.173029E-1	2.550265E+10	2.090237E-1	2.482238E+10	5.472905E-2	-2.325204E-2	7.345532E-2	7.798109E-2	5.030864E-2	-2.664361E+9	-2.753523E+9	3.726010E+7	8.916266E+7	-2.466875E+10
2.847020E+2	3.880955E-1	4.918617E+9	4.830060E-1	2.681804E+8	3.902447E-1	4.944545E+9	3.882662E-1	2.208883E+8	4.207864E-1	4.028109E+10	3.851374E-1	3.741183E+10	4.172399E-1	4.522564E+10	3.854787E-1	4.233044E+10	9.491041E-2	-1.978508E-3	9.473974E-2	9.688892E-2	9.752721E-2	-4.650436E+9	-4.723656E+9	4.729212E+7	7.321980E+7	-4.206226E+10
2.848000E+2	9.908670E-1	1.181918E+10	1.154985E+0	6.123332E+8	1.011033E+0	1.205559E+10	9.279072E-1	4.995806E+8	1.049686E+0	9.511558E+10	1.002248E+0	9.157745E+10	1.045198E+0	1.071712E+11	1.000935E+0	1.033966E+11	1.641185E-1	-8.312584E-2	2.270783E-1	2.472443E-1	1.540509E-1	-1.120684E+10	-1.155601E+10	1.127526E+8	3.491627E+8	-1.027843E+11
2.849040E+2	1.621029E+0	1.903331E+10	1.680758E+0	8.816066E+8	1.609963E+0	1.891625E+10	1.632705E+0	8.635668E+8	1.612026E+0	1.441466E+11	1.606255E+0	1.445930E+11	1.611786E+0	1.630629E+11	1.607959E+0	1.636263E+11	5.972948E-2	2.274249E-2	4.805294E-2	3.698699E-2	7.279901E-2	-1.815170E+10	-1.805268E+10	1.803986E+7	-9.901942E+7	-1.627447E+11
2.850010E+2	1.661683E+0	1.949872E+10	1.651761E+0	8.667557E+8	1.655732E+0	1.944053E+10	1.655709E+0	8.754469E+8	1.621413E+0	1.449651E+11	1.642330E+0	1.477594E+11	1.625398E+0	1.644056E+11	1.644563E+0	1.672581E+11	-9.922011E-3	-2.274903E-5	-3.948312E-3	-9.899262E-3	7.198461E-3	-1.863196E+10	-1.856508E+10	-8.691207E+6	-6.688229E+7	-1.663913E+11
2.851030E+2	1.371030E+0	1.617130E+10	1.344099E+0	7.091872E+8	1.364489E+0	1.610438E+10	1.364393E+0	7.249993E+8	1.337613E+0	1.202203E+11	1.354594E+0	1.225039E+11	1.340734E+0	1.363246E+11	1.356490E+0	1.386752E+11	-2.693078E-2	-9.633926E-5	-2.029392E-2	-2.683444E-2	-1.239125E-2	-1.546211E+10	-1.537938E+10	-1.581210E+7	-8.273467E+7	-1.379660E+11
2.852020E+2	1.289490E+0	1.523783E+10	1.311832E+0	6.926621E+8	1.284418E+0	1.518717E+10	1.255837E+0	6.689368E+8	1.281199E+0	1.153015E+11	1.284313E+0	1.163352E+11	1.281573E+0	1.304886E+11	1.284910E+0	1.315730E+11	2.234281E-2	-2.858081E-2	5.599550E-2	5.092362E-2	2.692236E-2	-1.454516E+10	-1.451824E+10	2.372532E+7	-2.692906E+7	-1.308803E+11
2.853000E+2	1.137882E+0	1.350221E+10	1.146396E+0	6.079343E+8	1.129302E+0	1.341035E+10	1.110629E+0	5.939455E+8	1.123669E+0	1.015662E+11	1.125017E+0	1.023533E+11	1.124323E+0	1.149766E+11	1.126501E+0	1.158555E+11	8.514565E-3	-1.867341E-2	3.576725E-2	2.718798E-2	1.989516E-2	-1.289428E+10	-1.281640E+10	1.398877E+7	-7.787394E+7	-1.152475E+11
2.854020E+2	8.361623E-1	1.004811E+10	8.307910E-1	4.462978E+8	8.345709E-1	1.003424E+10	8.571539E-1	4.630408E+8	8.374529E-1	7.661071E+10	8.301563E-1	7.647248E+10	8.371182E-1	8.664495E+10	8.308493E-1	8.652059E+10	-5.371296E-3	2.258296E-2	-2.636286E-2	-2.795425E-2	-5.822460E-5	-9.601812E+9	-9.571199E+9	-1.674299E+7	-3.061383E+7	-8.607429E+10
2.855000E+2	5.580519E-1	6.864287E+9	5.931533E-1	3.245921E+8	5.556551E-1	6.839297E+9	5.744289E-1	3.170302E+8	5.560104E-1	5.207143E+10	5.514755E-1	5.201182E+10	5.559692E-1	5.891072E+10	5.522343E-1	5.887611E+10	3.510135E-2	1.877377E-2	1.872443E-2	1.632758E-2	4.091898E-2	-6.539695E+9	-6.522267E+9	7.561949E+6	-1.742788E+7	-5.855152E+10
2.856010E+2	4.320868E-1	5.422231E+9	4.224105E-1	2.371466E+8	4.294844E-1	5.394029E+9	3.941129E-1	2.239078E+8	4.361955E-1	4.162462E+10	4.331759E-1	4.162831E+10	4.354162E-1	4.701865E+10	4.330502E-1	4.705054E+10	-9.676232E-3	-3.537146E-2	2.829763E-2	2.569522E-2	-1.063968E-2	-5.185084E+9	-5.170121E+9	1.323884E+7	-1.496285E+7	-4.681339E+10
2.858030E+2	4.223728E-1	5.311024E+9	4.315918E-1	2.418488E+8	4.219656E-1	5.307903E+9	4.610341E-1	2.584686E+8	4.322799E-1	4.128322E+10	4.224053E-1	4.068294E+10	4.310822E-1	4.659112E+10	4.224016E-1	4.599397E+10	9.219010E-3	3.906852E-2	-2.944235E-2	-2.984951E-2	9.190181E-3	-5.069176E+9	-5.049434E+9	-1.661981E+7	-1.974137E+7	-4.575212E+10
2.860040E+2	6.415425E-1	7.820091E+9	7.111110E-1	3.850039E+8	6.326751E-1	7.721550E+9	6.267642E-1	3.440583E+8	6.533183E-1	6.055581E+10	6.344398E-1	5.929385E+10	6.509212E-1	6.827736E+10	6.352593E-1	6.711394E+10	6.956854E-2	-5.910814E-3	8.434676E-2	7.547936E-2	7.585169E-2	-7.435087E+9	-7.377492E+9	4.094563E+7	-5.759537E+7	-6.672894E+10
2.862030E+2	8.888391E-1	1.065116E+10	9.666870E-1	5.158966E+8	9.051424E-1	1.084263E+10	9.002868E-1	4.853164E+8	9.069447E-1	8.266978E+10	9.058342E-1	8.311495E+10	9.067354E-1	9.351241E+10	9.038733E-1	9.376611E+10	7.784792E-2	-4.855618E-3	6.640023E-2	8.270353E-2	6.281375E-2	-1.013526E+10	-1.035731E+10	3.058027E+7	2.220492E+8	-9.325021E+10
2.864160E+2	1.259046E+0	1.488931E+10	1.259779E+0	6.660030E+8	1.261983E+0	1.493018E+10	1.333043E+0	7.088093E+8	1.250988E+0	1.126673E+11	1.261530E+0	1.143355E+11	1.252265E+0	1.275975E+11	1.261244E+0	1.292248E+11	7.327760E-4	7.106055E-2	-7.326447E-2	-7.032778E-2	-1.464798E-3	-1.422330E+10	-1.422137E+10	-4.280629E+7	-1.930688E+6	-1.285588E+11
2.866160E+2	1.296631E+0	1.531958E+10	1.293448E+0	6.832464E+8	1.289437E+0	1.524467E+10	1.374823E+0	7.303858E+8	1.288204E+0	1.159122E+11	1.283913E+0	1.163001E+11	1.288347E+0	1.311568E+11	1.285380E+0	1.316196E+11	-3.182833E-3	8.538587E-2	-8.137495E-2	-8.856870E-2	8.067528E-3	-1.463633E+10	-1.451428E+10	-4.713939E+7	-1.220509E+8	-1.309364E+11
2.868020E+2	1.517672E+0	1.785007E+10	1.530432E+0	8.046172E+8	1.523473E+0	1.792552E+10	1.562342E+0	8.272280E+8	1.517139E+0	1.358733E+11	1.514894E+0	1.365740E+11	1.517875E+0	1.537989E+11	1.515214E+0	1.544240E+11	1.275949E-2	3.886815E-2	-3.190978E-2	-2.610866E-2	1.521742E-2	-1.704546E+10	-1.709829E+10	-2.261083E+7	5.283637E+7	-1.536194E+11
2.870150E+2	1.367492E+0	1.613081E+10	1.384102E+0	7.296747E+8	1.385680E+0	1.634712E+10	1.387235E+0	7.367961E+8	1.359004E+0	1.220853E+11	1.373785E+0	1.241884E+11	1.362102E+0	1.384325E+11	1.373059E+0	1.403192E+11	1.660948E-2	1.554874E-3	-3.133384E-3	1.505461E-2	1.104303E-2	-1.540113E+10	-1.561033E+10	-7.121427E+6	2.091937E+8	-1.395895E+11
2.872120E+2	1.073471E+0	1.276484E+10	1.050544E+0	5.588437E+8	1.070212E+0	1.273348E+10	1.117835E+0	5.976670E+8	1.062439E+0	9.622754E+10	1.068119E+0	9.735922E+10	1.063342E+0	1.089610E+11	1.068737E+0	1.101241E+11	-2.292751E-2	4.762262E-2	-6.729115E-2	-7.055014E-2	-1.819303E-2	-1.220599E+10	-1.213581E+10	-3.882329E+7	-7.018117E+7	-1.095652E+11
2.874030E+2	9.802425E-1	1.169755E+10	9.838745E-1	5.246991E+8	9.738181E-1	1.162930E+10	9.521271E-1	5.120887E+8	9.701458E-1	8.818036E+10	9.729368E-1	8.900476E+10	9.705722E-1	9.980965E+10	9.737798E-1	1.007023E+11	3.632026E-3	-2.169102E-2	3.174746E-2	2.532305E-2	1.009477E-2	-1.117285E+10	-1.111721E+10	1.261041E+7	-5.564153E+7	-1.001776E+11
2.876170E+2	7.502461E-1	9.064537E+9	7.250637E-1	3.921498E+8	7.454463E-1	9.013329E+9	7.960293E-1	4.314736E+8	7.506429E-1	6.904165E+10	7.458941E-1	6.907653E+10	7.500395E-1	7.805498E+10	7.463962E-1	7.814107E+10	-2.518240E-2	5.058302E-2	-7.096562E-2	-7.576542E-2	-2.133252E-2	-8.672387E+9	-8.581856E+9	-3.932382E+7	-9.053123E+7	-7.774892E+10
2.878020E+2	5.508075E-1	6.781352E+9	5.959192E-1	3.260087E+8	5.587972E-1	6.875290E+9	5.630718E-1	3.111649E+8	5.531393E-1	5.182109E+10	5.526051E-1	5.211097E+10	5.537963E-1	5.869638E+10	5.523977E-1	5.889232E+10	4.511169E-2	4.274577E-3	3.284739E-2	4.083712E-2	4.352150E-2	-6.455343E+9	-6.564125E+9	1.484374E+7	1.087813E+8	-5.856631E+10
2.880040E+2	5.362171E-1	6.614320E+9	5.577206E-1	3.064454E+8	5.331750E-1	6.581790E+9	5.220109E-1	2.899595E+8	5.403873E-1	5.070922E+10	5.369597E-1	5.073773E+10	5.395498E-1	5.729101E+10	5.368741E-1	5.735205E+10	2.150353E-2	-1.116403E-2	3.570968E-2	3.266756E-2	2.084655E-2	-6.307875E+9	-6.291831E+9	1.648591E+7	-1.604394E+7	-5.704560E+10
2.882060E+2	6.999272E-1	8.488483E+9	7.371467E-1	3.983380E+8	6.984800E-1	8.475336E+9	6.844689E-1	3.738593E+8	7.095119E-1	6.545539E+10	7.068855E-1	6.565263E+10	7.082308E-1	7.393073E+10	7.060827E-1	7.414111E+10	3.721948E-2	-1.401108E-2	5.267780E-2	5.123056E-2	3.106400E-2	-8.090145E+9	-8.101477E+9	2.447875E+7	1.133199E+7	-7.374277E+10
2.884200E+2	9.257786E-1	1.107404E+10	9.500833E-1	5.073930E+8	9.370296E-1	1.120789E+10	9.335471E-1	5.024933E+8	9.405269E-1	8.559785E+10	9.337287E-1	8.556334E+10	9.401208E-1	9.680574E+10	9.328114E-1	9.663738E+10	2.430464E-2	-3.482577E-3	1.653623E-2	2.778722E-2	1.727187E-2	-1.056665E+10	-1.070540E+10	4.899767E+6	1.387464E+8	-9.612999E+10
2.886030E+2	1.033062E+0	1.230223E+10	1.043583E+0	5.552786E+8	1.035025E+0	1.233041E+10	1.055588E+0	5.655200E+8	1.039982E+0	9.426941E+10	1.032965E+0	9.427365E+10	1.039406E+0	1.065998E+11	1.032977E+0	1.065759E+11	1.052092E-2	2.056295E-2	-1.200489E-2	-1.004202E-2	1.060621E-2	-1.174695E+10	-1.176489E+10	-1.024136E+7	1.794132E+7	-1.060206E+11
2.888200E+2	1.142599E+0	1.355621E+10	1.095288E+0	5.817591E+8	1.129479E+0	1.341237E+10	1.136311E+0	6.072085E+8	1.114729E+0	1.007867E+11	1.121381E+0	1.020341E+11	1.116442E+0	1.141991E+11	1.123829E+0	1.155903E+11	-4.731106E-2	6.831367E-3	-4.102289E-2	-5.414243E-2	-2.854125E-2	-1.297445E+10	-1.280516E+10	-2.544937E+7	-1.692880E+8	-1.150086E+11
2.890190E+2	1.178963E+0	1.397251E+10	1.187003E+0	6.287312E+8	1.160847E+0	1.377168E+10	1.150395E+0	6.144824E+8	1.155924E+0	1.043785E+11	1.165484E+0	1.059052E+11	1.156495E+0	1.181502E+11	1.167039E+0	1.198777E+11	8.040690E-3	-1.045122E-2	3.660818E-2	1.849191E-2	1.996472E-2	-1.334378E+10	-1.315720E+10	1.424875E+7	-1.865794E+8	-1.192489E+11
2.892020E+2	9.439147E-1	1.128167E+10	9.412697E-1	5.028792E+8	9.293537E-1	1.111996E+10	9.066211E-1	4.885876E+8	9.303994E-1	8.471482E+10	9.341678E-1	8.560188E+10	9.302780E-1	9.583479E+10	9.352924E-1	9.688355E+10	-2.645000E-3	-2.273261E-2	3.464869E-2	2.008761E-2	5.977361E-3	-1.077879E+10	-1.063137E+10	1.429160E+7	-1.474119E+8	-9.638067E+10
2.894040E+2	6.749394E-1	8.202421E+9	6.647836E-1	3.612774E+8	6.869699E-1	8.343490E+9	6.601071E-1	3.612779E+8	6.776205E-1	6.267475E+10	6.798414E-1	6.327888E+10	6.787062E-1	7.101824E+10	6.792758E-1	7.148130E+10	-1.015578E-2	-2.686280E-2	4.676536E-3	1.670702E-2	-1.449218E-2	-7.841143E+9	-7.982212E+9	-4.183379E+2	1.410683E+8	-7.112002E+10
2.896060E+2	6.438640E-1	7.846668E+9	6.560624E-1	3.568109E+8	6.593219E-1	8.026786E+9	6.567507E-1	3.595445E+8	6.542214E-1	6.063455E+10	6.544699E-1	6.105195E+10	6.548136E-1	6.866133E+10	6.532462E-1	6.889861E+10	1.219840E-2	-2.571154E-3	-6.883392E-4	1.476955E-2	2.816230E-3	-7.489857E+9	-7.667241E+9	-2.733620E+6	1.773841E+8	-6.854180E+10
2.898030E+2	7.613822E-1	9.192023E+9	7.570852E-1	4.085495E+8	7.622040E-1	9.205287E+9	7.896053E-1	4.281560E+8	7.587147E-1	6.974544E+10	7.586785E-1	7.019865E+10	7.591199E-1	7.895073E+10	7.589904E-1	7.939067E+10	-4.296987E-3	2.740130E-2	-3.252012E-2	-3.169828E-2	-1.905204E-3	-8.783474E+9	-8.777131E+9	-1.960647E+7	-6.342984E+6	-7.898212E+10
2.900050E+2	8.439712E-1	1.013751E+10	8.491810E-1	4.557162E+8	8.271521E-1	9.949258E+9	9.074728E-1	4.890275E+8	8.409200E-1	7.691302E+10	8.337264E-1	7.678584E+10	8.393213E-1	8.686227E+10	8.349084E-1	8.692334E+10	5.209857E-3	8.032066E-2	-5.829179E-2	-7.511081E-2	1.427258E-2	-9.681790E+9	-9.460231E+9	-3.331132E+7	-2.215593E+8	-8.646763E+10
2.905280E+2	7.979409E-1	9.610550E+9	8.316514E-1	4.467384E+8	8.181294E-1	9.845904E+9	8.192264E-1	4.434535E+8	8.067580E-1	7.393439E+10	8.023722E-1	7.403379E+10	8.080785E-1	8.378029E+10	8.018610E-1	8.364434E+10	3.371051E-2	1.097046E-3	1.242502E-2	3.261346E-2	2.979049E-2	-9.163811E+9	-9.402450E+9	3.284936E+6	2.386389E+8	-8.319760E+10
2.910030E+2	8.365728E-1	1.005281E+10	8.731376E-1	4.679855E+8	8.267581E-1	9.944745E+9	8.575188E-1	4.632292E+8	8.479108E-1	7.752255E+10	8.302497E-1	7.648067E+10	8.454545E-1	8.746729E+10	8.309792E-1	8.653348E+10	3.656475E-2	3.076067E-2	1.561879E-2	5.804083E-3	4.215835E-2	-9.584824E+9	-9.481515E+9	4.756247E+6	-1.033087E+8	-8.606550E+10
2.915150E+2	1.150509E+0	1.364676E+10	1.148667E+0	6.090971E+8	1.156150E+0	1.371788E+10	1.201536E+0	6.408933E+8	1.161699E+0	1.048821E+11	1.158995E+0	1.053357E+11	1.161054E+0	1.186000E+11	1.158016E+0	1.189824E+11	-1.841991E-3	4.538576E-2	-5.286887E-2	-4.722775E-2	-9.349467E-3	-1.303767E+10	-1.307699E+10	-3.179623E+7	3.931954E+7	-1.183733E+11
2.920000E+2	1.044971E+0	1.243857E+10	1.119848E+0	5.943375E+8	1.031591E+0	1.229108E+10	1.065933E+0	5.708629E+8	1.049153E+0	9.506907E+10	1.047617E+0	9.555965E+10	1.047114E+0	1.073601E+11	1.047312E+0	1.079982E+11	7.487616E-2	3.434223E-2	5.391417E-2	4.053394E-2	7.253595E-2	-1.184423E+10	-1.172022E+10	2.347453E+7	-1.240148E+8	-1.074039E+11
2.925020E+2	9.551377E-1	1.141015E+10	9.490139E-1	5.068453E+8	9.400319E-1	1.124228E+10	9.419742E-1	5.068454E+8	9.516985E-1	8.657192E+10	9.458714E-1	8.662914E+10	9.503438E-1	9.781420E+10	9.469405E-1	9.803929E+10	-6.123884E-3	1.942261E-3	7.039665E-3	-8.066144E-3	2.073324E-3	-1.090330E+10	-1.073543E+10	-5.309079E+1	-1.678670E+8	-9.753244E+10
2.930040E+2	8.631456E-1	1.035702E+10	8.545254E-1	4.584533E+8	8.669043E-1	1.040461E+10	8.611757E-1	4.651178E+8	8.607098E-1	7.863851E+10	8.603722E-1	7.912461E+10	8.614291E-1	8.904312E+10	8.606922E-1	8.948163E+10	-8.620156E-3	-5.728585E-3	-6.650275E-3	-2.891572E-3	-6.166721E-3	-9.898563E+9	-9.939496E+9	-6.664500E+6	4.093290E+7	-8.902318E+10
2.935110E+2	1.074671E+0	1.277857E+10	1.051689E+0	5.594301E+8	1.072652E+0	1.276142E+10	1.072876E+0	5.744482E+8	1.070435E+0	9.692469E+10	1.072356E+0	9.773103E+10	1.070692E+0	1.096861E+11	1.072623E+0	1.105096E+11	-2.298212E-2	2.239779E-4	-2.118692E-2	-2.320609E-2	-2.093380E-2	-1.221914E+10	-1.218697E+10	-1.501812E+7	-3.216606E+7	-1.099502E+11
2.940070E+2	1.147659E+0	1.361414E+10	1.144602E+0	6.070156E+8	1.141867E+0	1.355428E+10	1.142766E+0	6.105423E+8	1.143162E+0	1.032658E+11	1.141191E+0	1.037730E+11	1.143011E+0	1.168201E+11	1.141938E+0	1.173871E+11	-3.056715E-3	8.985371E-4	1.836636E-3	-3.955252E-3	2.664791E-3	-1.300713E+10	-1.294373E+10	-3.526665E+6	-6.339377E+7	-1.167801E+11
2.945030E+2	1.081307E+0	1.285454E+10	1.029903E+0	5.482726E+8	1.073452E+0	1.277059E+10	1.122629E+0	6.001426E+8	1.072078E+0	9.706794E+10	1.067779E+0	9.732934E+10	1.072238E+0	1.098385E+11	1.069340E+0	1.101839E+11	-5.140397E-2	4.917622E-2	-9.272546E-2	-1.005802E-1	-3.943676E-2	-1.230627E+10	-1.217045E+10	-5.186999E+7	-1.358183E+8	-1.096356E+11
2.950050E+2	9.601634E-1	1.146768E+10	9.640673E-1	5.145549E+8	9.476761E-1	1.132984E+10	1.014399E+0	5.442487E+8	9.583755E-1	8.715409E+10	9.563749E-1	8.755107E+10	9.571331E-1	9.848393E+10	9.568121E-1	9.901875E+10	3.903841E-3	6.672339E-2	-5.033221E-2	-6.281955E-2	7.255205E-3	-1.095313E+10	-1.078559E+10	-2.969381E+7	-1.675323E+8	-9.850420E+10
2.955070E+2	1.022802E+0	1.218477E+10	1.046338E+0	5.566899E+8	1.013814E+0	1.208744E+10	1.038489E+0	5.566895E+8	1.025813E+0	9.303408E+10	1.026518E+0	9.370776E+10	1.024420E+0	1.051215E+11	1.026089E+0	1.058925E+11	2.353663E-2	2.467501E-2	7.849492E-3	-1.138377E-3	2.024898E-2	-1.162808E+10	-1.153075E+10	4.113162E+2	-9.732588E+7	-1.053358E+11
2.960050E+2	1.152593E+0	1.367063E+10	1.151315E+0	6.104535E+8	1.145889E+0	1.360034E+10	1.212348E+0	6.464775E+8	1.146744E+0	1.035782E+11	1.147249E+0	1.043047E+11	1.146645E+0	1.171785E+11	1.147866E+0	1.179753E+11	-1.277916E-3	6.645961E-2	-6.103331E-2	-6.773752E-2	3.449547E-3	-1.306017E+10	-1.295386E+10	-3.602405E+7	-1.063081E+8	-1.173648E+11
2.964990E+2	9.913237E-1	1.182441E+10	1.004104E+0	5.350598E+8	9.975941E-1	1.190165E+10	1.034897E+0	5.548347E+8	9.862473E-1	8.958427E+10	9.908166E-1	9.057412E+10	9.875649E-1	1.014859E+11	9.908751E-1	1.023985E+11	1.278061E-2	3.730335E-2	-3.079318E-2	-2.452274E-2	1.322920E-2	-1.128935E+10	-1.134681E+10	-1.977493E+7	5.746632E+7	-1.018635E+11
2.970020E+2	8.135800E-1	9.789587E+9	8.296561E-1	4.457165E+8	8.046811E-1	9.691856E+9	8.166535E-1	4.421247E+8	8.149022E-1	7.464449E+10	8.135687E-1	7.501654E+10	8.137153E-1	8.433634E+10	8.135700E-1	8.480612E+10	1.607608E-2	1.197235E-2	1.300264E-2	4.103730E-3	1.608609E-2	-9.343870E+9	-9.249731E+9	3.591809E+6	-9.413934E+7	-8.436041E+10
2.975020E+2	8.299970E-1	9.977529E+9	7.980298E-1	4.295192E+8	8.366355E-1	1.005789E+10	8.258078E-1	4.468524E+8	8.309843E-1	7.604671E+10	8.281713E-1	7.629825E+10	8.316405E-1	8.610460E+10	8.283820E-1	8.627578E+10	-3.196725E-2	-1.082777E-2	-2.777802E-2	-2.113948E-2	-3.035220E-2	-9.548010E+9	-9.611037E+9	-1.733321E+7	6.302675E+7	-8.584626E+10
2.980040E+2	9.829278E-1	1.172829E+10	9.621807E-1	5.135887E+8	9.753839E-1	1.164723E+10	1.002699E+0	5.382061E+8	9.759875E-1	8.868970E+10	9.770413E-1	8.936502E+10	9.759174E-1	1.003369E+11	9.777205E-1	1.010933E+11	-2.074712E-2	2.731508E-2	-4.051822E-2	-4.806220E-2	-1.553976E-2	-1.121470E+10	-1.110903E+10	-2.461737E+7	-1.056755E+8	-1.005797E+11
2.985020E+2	1.106983E+0	1.314848E+10	1.095883E+0	5.820638E+8	1.112516E+0	1.321807E+10	1.112225E+0	5.947696E+8	1.112563E+0	1.005979E+11	1.116321E+0	1.015901E+11	1.112558E+0	1.138159E+11	1.115244E+0	1.147385E+11	-1.110035E-2	-2.918332E-4	-1.634210E-2	-1.080852E-2	-1.936143E-2	-1.256642E+10	-1.262330E+10	-1.270577E+7	5.688200E+7	-1.141565E+11
2.990010E+2	1.088226E+0	1.293375E+10	1.167528E+0	6.187567E+8	1.095240E+0	1.302017E+10	1.057996E+0	5.667636E+8	1.096979E+0	9.923906E+10	1.093700E+0	9.960451E+10	1.096777E+0	1.122592E+11	1.093068E+0	1.125383E+11	7.930193E-2	-3.724429E-2	1.095318E-1	1.165462E-1	7.445920E-2	-1.231499E+10	-1.245340E+10	5.199305E+7	1.384158E+8	-1.119195E+11
2.995040E+2	9.722849E-1	1.160645E+10	9.823011E-1	5.238933E+8	9.700631E-1	1.158628E+10	9.943438E-1	5.338912E+8	9.712355E-1	8.827537E+10	9.715674E-1	8.888456E+10	9.710993E-1	9.986165E+10	9.716502E-1	1.004910E+11	1.001622E-2	2.428076E-2	-1.204275E-2	-1.426453E-2	1.065087E-2	-1.108255E+10	-1.105239E+10	-9.997864E+6	-3.016340E+7	-9.996711E+10
3.000040E+2	1.019582E+0	1.214790E+10	9.940782E-1	5.299250E+8	1.010161E+0	1.204560E+10	1.006929E+0	5.403907E+8	1.012251E+0	9.185158E+10	1.013198E+0	9.253864E+10	1.012009E+0	1.038972E+11	1.013935E+0	1.046865E+11	-2.550343E-2	-3.231950E-3	-1.285071E-2	-2.227148E-2	-1.985669E-2	-1.161798E+10	-1.150521E+10	-1.046568E+7	-1.127727E+8	-1.041566E+11
