Photon Energy (eV)	X ref norm	X ref	X pump norm	X pump	Y ref norm	Y ref	Y pump norm	Y pump	X all norm	X all	Y all norm	Y all	X all Y ref norm	X all Y ref	Y all X ref norm	Y all X ref	BC(X hist) norm	BC(Y hist) norm	StS norm	BCSC norm	BCLR norm	BC(X hist)	BC(Y hist)	StS	BCSC	BCLR	
2.790060E+2	4.922151E-4	7.696792E+8	3.348395E-3	3.053990E+7	1.089969E-3	7.730876E+8	5.505791E-3	3.176150E+7	-4.078807E-4	5.179450E+9	-4.324984E-4	5.219993E+9	-2.196381E-4	5.952538E+9	-3.168684E-4	5.989672E+9	2.856180E-3	4.415821E-3	-2.157395E-3	-1.559641E-3	3.665264E-3	-7.391393E+8	-7.413261E+8	-1.221600E+6	2.186795E+6	-5.959132E+9
2.795020E+2	-3.148439E-4	7.597129E+8	2.147414E-2	3.974672E+7	6.616261E-4	7.678096E+8	-9.762158E-3	2.384804E+7	-1.759852E-3	5.063554E+9	-1.380728E-3	5.138058E+9	-1.455532E-3	5.831363E+9	-1.247445E-3	5.897771E+9	2.178899E-2	-1.042378E-2	3.123630E-2	3.221277E-2	2.272159E-2	-7.199662E+8	-7.439615E+8	1.589868E+7	2.399538E+7	-5.858025E+9
2.800000E+2	-3.836490E-3	7.162244E+8	-3.905698E-3	2.685524E+7	-2.859536E-3	7.244221E+8	-5.039567E-3	2.629579E+7	-2.233957E-3	5.022912E+9	-2.674234E-3	5.026290E+9	-2.312576E-3	5.747334E+9	-2.819567E-3	5.742514E+9	-6.920827E-5	-2.180031E-3	1.133869E-3	2.110823E-3	-1.086131E-3	-6.893691E+8	-6.981263E+8	5.594592E+5	8.757190E+6	-5.715659E+9
2.805030E+2	1.309725E-3	7.797746E+8	-4.571940E-4	2.860688E+7	-2.314153E-3	7.311423E+8	4.830503E-3	3.141150E+7	7.663731E-5	5.220985E+9	-1.705368E-3	5.110007E+9	-2.238258E-4	5.952127E+9	-1.328348E-3	5.889782E+9	-1.766919E-3	7.144656E-3	-5.287697E-3	-8.911576E-3	8.711543E-4	-7.511677E+8	-6.997308E+8	-2.804613E+6	-5.143694E+7	-5.861175E+9
2.810020E+2	3.891875E-3	8.116613E+8	3.743145E-3	3.074041E+7	5.450732E-3	8.268206E+8	-7.776130E-4	2.850478E+7	3.541099E-3	5.517972E+9	5.546916E-3	5.736660E+9	3.781092E-3	6.344792E+9	5.339963E-3	6.548321E+9	-1.487297E-4	-6.228345E-3	4.520758E-3	6.079616E-3	-1.596818E-3	-7.809209E+8	-7.983158E+8	2.235631E+6	1.739489E+7	-6.517581E+9
2.815020E+2	-1.562015E-3	7.443117E+8	-4.867712E-3	2.636660E+7	-4.574210E-4	7.540208E+8	-1.356174E-2	2.187870E+7	-9.782232E-4	5.130558E+9	-7.327949E-4	5.194045E+9	-9.127713E-4	5.884579E+9	-8.364840E-4	5.938357E+9	-3.305697E-3	-1.310432E-2	8.694024E-3	9.798619E-3	-4.031228E-3	-7.179451E+8	-7.321421E+8	4.487898E+6	1.419700E+7	-5.911990E+9
2.820040E+2	-2.226388E-3	7.361074E+8	-9.068316E-3	2.423294E+7	-3.938211E-3	7.111307E+8	9.464745E-3	3.381345E+7	-6.245163E-4	5.160879E+9	-2.257607E-3	5.062289E+9	-1.040966E-3	5.872010E+9	-2.253703E-3	5.798397E+9	-6.841928E-3	1.340296E-2	-1.853306E-2	-2.024488E-2	-6.814613E-3	-7.118744E+8	-6.773173E+8	-9.580513E+6	-3.455716E+7	-5.774164E+9
2.825040E+2	2.245921E-3	7.913356E+8	-1.026676E-2	2.362419E+7	2.366993E-3	7.888230E+8	9.340035E-3	3.374881E+7	2.386693E-3	5.419012E+9	3.636314E-3	5.571569E+9	2.384217E-3	6.207835E+9	3.462454E-3	6.362905E+9	-1.251268E-2	6.973042E-3	-1.960680E-2	-1.948573E-2	-1.372922E-2	-7.677114E+8	-7.550742E+8	-1.012462E+7	-1.263721E+7	-6.339281E+9
2.830020E+2	1.331675E-2	9.280484E+8	3.337852E-2	4.579345E+7	1.390150E-2	9.309504E+8	1.711697E-2	3.777964E+7	1.295897E-2	6.325308E+9	1.331039E-2	6.407484E+9	1.307742E-2	7.256258E+9	1.331119E-2	7.335532E+9	2.006177E-2	3.215470E-3	1.626154E-2	1.684630E-2	2.006733E-2	-8.822549E+8	-8.931707E+8	8.013810E+6	1.091582E+7	-7.289739E+9
2.835020E+2	2.988580E-2	1.132658E+9	1.936541E-2	3.867561E+7	2.939308E-2	1.121837E+9	2.336807E-2	4.101961E+7	2.934190E-2	7.729717E+9	2.831613E-2	7.704093E+9	2.934834E-2	8.851553E+9	2.851240E-2	8.836752E+9	-1.052039E-2	-6.025019E-3	-4.002652E-3	-4.495371E-3	-9.146991E-3	-1.093983E+9	-1.080817E+9	-2.344003E+6	-1.316593E+7	-8.798076E+9
2.840030E+2	5.400511E-2	1.430506E+9	8.149072E-2	7.023164E+7	5.049594E-2	1.381864E+9	5.077529E-2	5.522493E+7	5.468712E-2	9.902407E+9	5.213745E-2	9.762438E+9	5.416039E-2	1.128427E+10	5.237099E-2	1.119294E+10	2.748561E-2	2.793474E-4	3.071543E-2	2.720626E-2	2.911973E-2	-1.360274E+9	-1.326639E+9	1.500671E+7	-3.363486E+7	-1.112271E+10
2.841010E+2	5.511756E-2	1.444243E+9	4.575681E-2	5.208090E+7	5.703110E-2	1.462390E+9	3.886721E-2	4.905290E+7	5.601698E-2	1.001641E+10	5.603626E-2	1.009932E+10	5.614443E-2	1.147880E+10	5.592138E-2	1.154357E+10	-9.360751E-3	-1.816389E-2	6.889595E-3	8.803144E-3	-1.016458E-2	-1.392163E+9	-1.413337E+9	3.027995E+6	2.117468E+7	-1.149149E+10
2.842060E+2	5.685279E-2	1.465672E+9	7.071696E-2	6.475920E+7	5.636167E-2	1.454141E+9	5.502568E-2	5.742792E+7	5.746033E-2	1.014014E+10	5.750681E-2	1.022639E+10	5.732226E-2	1.159428E+10	5.742503E-2	1.169206E+10	1.386417E-2	-1.335995E-3	1.569128E-2	1.520016E-2	1.329193E-2	-1.400913E+9	-1.396714E+9	7.331277E+6	-4.199027E+6	-1.162730E+10
2.843040E+2	7.311989E-2	1.666553E+9	7.403184E-2	6.644297E+7	7.801288E-2	1.720926E+9	7.479291E-2	6.767339E+7	7.784000E-2	1.188716E+10	7.626915E-2	1.184760E+10	7.786173E-2	1.360809E+10	7.587535E-2	1.351415E+10	9.119496E-4	-3.219969E-3	-7.610727E-4	4.131918E-3	-1.843512E-3	-1.600110E+9	-1.653253E+9	-1.230422E+6	5.314270E+7	-1.344771E+10
2.844040E+2	1.102918E-1	2.125586E+9	1.449510E-1	1.024658E+8	1.041126E-1	2.042525E+9	9.428308E-2	7.777525E+7	1.112321E-1	1.474966E+10	1.091122E-1	1.468549E+10	1.103374E-1	1.679219E+10	1.092597E-1	1.681108E+10	3.465928E-2	-9.829502E-3	5.066795E-2	4.448878E-2	3.569130E-2	-2.023120E+9	-1.964749E+9	2.469053E+7	-5.837032E+7	-1.670861E+10
2.845040E+2	1.507970E-1	2.625782E+9	1.556766E-1	1.079138E+8	1.546767E-1	2.665572E+9	1.392688E-1	1.010916E+8	1.578931E-1	1.874963E+10	1.525456E-1	1.843847E+10	1.574889E-1	2.141520E+10	1.523270E-1	2.106425E+10	4.879642E-3	-1.540789E-2	1.640780E-2	2.028753E-2	3.349676E-3	-2.517868E+9	-2.564481E+9	6.822155E+6	4.661270E+7	-2.095634E+10
2.846030E+2	2.720682E-1	4.123351E+9	2.801342E-1	1.711309E+8	2.733377E-1	4.127704E+9	2.575918E-1	1.624190E+8	2.868158E-1	2.980138E+10	2.726344E-1	2.881506E+10	2.851220E-1	3.392908E+10	2.725636E-1	3.293841E+10	8.065967E-3	-1.574590E-2	2.254244E-2	2.381187E-2	7.570616E-3	-3.952221E+9	-3.965285E+9	8.711925E+6	1.306447E+7	-3.276728E+10
2.847030E+2	8.189361E-1	1.087658E+10	8.483759E-1	4.597646E+8	8.079935E-1	1.071569E+10	8.373044E-1	4.628872E+8	8.635772E-1	7.924359E+10	8.185310E-1	7.598469E+10	8.565917E-1	8.995928E+10	8.185817E-1	8.686127E+10	2.943982E-2	2.931089E-2	1.107152E-2	1.289263E-4	2.979427E-2	-1.041682E+10	-1.025281E+10	-3.122605E+6	-1.640107E+8	-8.640151E+10
2.848060E+2	1.425854E+0	1.837137E+10	1.421854E+0	7.510580E+8	1.419789E+0	1.825420E+10	1.396920E+0	7.529391E+8	1.433331E+0	1.280851E+11	1.420687E+0	1.280155E+11	1.431629E+0	1.463393E+11	1.421333E+0	1.463869E+11	-3.999987E-3	-2.286903E-2	2.493379E-2	1.886905E-2	5.213764E-4	-1.762031E+10	-1.750126E+10	-1.881085E+6	-1.190507E+8	-1.456358E+11
2.849010E+2	1.528941E+0	1.964439E+10	1.550563E+0	8.164348E+8	1.537662E+0	1.970662E+10	1.498876E+0	8.057831E+8	1.526719E+0	1.360907E+11	1.533178E+0	1.377357E+11	1.528095E+0	1.557973E+11	1.532648E+0	1.573800E+11	2.162186E-2	-3.878674E-2	5.168765E-2	6.040859E-2	1.791497E-2	-1.882795E+10	-1.890084E+10	1.065168E+7	7.288683E+7	-1.565636E+11
2.850030E+2	1.390976E+0	1.794066E+10	1.373927E+0	7.267140E+8	1.394335E+0	1.794055E+10	1.389834E+0	7.492662E+8	1.384143E+0	1.238685E+11	1.396470E+0	1.259230E+11	1.385424E+0	1.418091E+11	1.395783E+0	1.438637E+11	-1.704906E-2	-4.501242E-3	-1.590664E-2	-1.254781E-2	-2.185550E-2	-1.721395E+10	-1.719129E+10	-2.255220E+7	-2.266371E+7	-1.431370E+11
2.851090E+2	8.897603E-1	1.175118E+10	9.184254E-1	4.953456E+8	9.107519E-1	1.198187E+10	8.829711E-1	4.865565E+8	8.988517E-1	8.226746E+10	9.024798E-1	8.323851E+10	9.003473E-1	9.424933E+10	9.008893E-1	9.498969E+10	2.866511E-2	-2.778077E-2	3.545433E-2	5.644588E-2	1.753615E-2	-1.125584E+10	-1.149532E+10	8.789160E+6	2.394791E+8	-9.449435E+10
2.852020E+2	6.649495E-1	8.975013E+9	6.536740E-1	3.608674E+8	6.610614E-1	8.905207E+9	6.901160E-1	3.865987E+8	6.619905E-1	6.196280E+10	6.635890E-1	6.259652E+10	6.618737E-1	7.086801E+10	6.637591E-1	7.157153E+10	-1.127552E-2	2.905463E-2	-3.644201E-2	-4.033015E-2	-1.008511E-2	-8.614146E+9	-8.518608E+9	-2.573129E+7	-9.553743E+7	-7.121067E+10
2.853020E+2	5.198651E-1	7.183376E+9	5.592063E-1	3.128833E+8	5.220802E-1	7.192691E+9	4.859465E-1	2.807765E+8	5.232445E-1	5.006895E+10	5.233859E-1	5.048190E+10	5.230982E-1	5.726165E+10	5.229456E-1	5.766527E+10	3.934123E-2	-3.613370E-2	7.325981E-2	7.547493E-2	3.626070E-2	-6.870493E+9	-6.911915E+9	3.210679E+7	4.142179E+7	-5.735239E+10
2.854160E+2	3.854499E-1	5.523493E+9	3.766046E-1	2.201323E+8	4.008456E-1	5.698847E+9	3.628571E-1	2.169786E+8	4.040194E-1	3.984852E+10	4.011113E-1	3.991644E+10	4.036205E-1	4.554737E+10	3.991529E-1	4.543993E+10	-8.845279E-3	-3.798853E-2	1.374752E-2	2.914325E-2	-2.254833E-2	-5.303360E+9	-5.481869E+9	3.153680E+6	1.785082E+8	-4.521980E+10
2.855060E+2	3.111820E-1	4.606364E+9	3.417606E-1	2.024335E+8	3.063305E-1	4.534239E+9	2.947672E-1	1.816872E+8	3.145363E-1	3.217769E+10	3.137198E-1	3.236515E+10	3.135051E-1	3.671192E+10	3.134024E-1	3.697151E+10	3.057857E-2	-1.156335E-2	4.699340E-2	4.214192E-2	2.835813E-2	-4.403931E+9	-4.352552E+9	2.074631E+7	-5.137870E+7	-3.676908E+10
2.856030E+2	3.501356E-1	5.087399E+9	3.647583E-1	2.141151E+8	3.529136E-1	5.108233E+9	3.924640E-1	2.323240E+8	3.627891E-1	3.631410E+10	3.564864E-1	3.606051E+10	3.615480E-1	4.142233E+10	3.556923E-1	4.114791E+10	1.462272E-2	3.955039E-2	-2.770568E-2	-2.492767E-2	9.066024E-3	-4.873284E+9	-4.875909E+9	-1.820896E+7	2.624453E+6	-4.093380E+10
2.858010E+2	5.614795E-1	7.697270E+9	5.831359E-1	3.250381E+8	5.616099E-1	7.679773E+9	5.580782E-1	3.181627E+8	5.743768E-1	5.445222E+10	5.662569E-1	5.418629E+10	5.727723E-1	6.213199E+10	5.656596E-1	6.188356E+10	2.165644E-2	-3.531700E-3	2.505777E-2	2.518814E-2	1.747640E-2	-7.372231E+9	-7.361610E+9	6.875411E+6	-1.062131E+7	-6.155852E+10
2.860020E+2	9.077970E-1	1.197392E+10	9.740385E-1	5.235938E+8	9.104774E-1	1.197849E+10	9.101431E-1	5.006399E+8	9.231050E-1	8.434655E+10	9.035334E-1	8.332955E+10	9.215181E-1	9.632504E+10	9.040665E-1	9.530347E+10	6.624149E-2	-3.343310E-4	6.389545E-2	6.657582E-2	6.997198E-2	-1.145033E+10	-1.147785E+10	2.295399E+7	2.752794E+7	-9.477987E+10
2.862030E+2	1.221219E+0	1.584434E+10	1.221747E+0	6.494153E+8	1.225901E+0	1.586512E+10	1.218523E+0	6.604750E+8	1.223408E+0	1.100897E+11	1.224340E+0	1.110497E+11	1.223722E+0	1.259548E+11	1.223950E+0	1.268941E+11	5.279752E-4	-7.377456E-3	3.223567E-3	7.905431E-3	-2.203183E-3	-1.519493E+10	-1.520464E+10	-1.105975E+7	9.714381E+6	-1.262447E+11
2.864090E+2	8.199529E-1	1.088914E+10	8.500105E-1	4.605948E+8	8.204440E-1	1.086911E+10	8.140492E-1	4.508339E+8	8.233650E-1	7.579645E+10	8.187004E-1	7.599933E+10	8.229979E-1	8.666555E+10	8.188570E-1	8.688847E+10	3.005763E-2	-6.394873E-3	3.596132E-2	3.645250E-2	3.115348E-2	-1.042854E+10	-1.041827E+10	9.760969E+6	-1.026836E+7	-8.642787E+10
2.866050E+2	7.742158E-1	1.032433E+10	7.764581E-1	4.232345E+8	7.824843E-1	1.040137E+10	7.971177E-1	4.420582E+8	7.873057E-1	7.270531E+10	7.790485E-1	7.257310E+10	7.866998E-1	8.310668E+10	7.784442E-1	8.289743E+10	2.242277E-3	1.463339E-2	-2.065960E-2	-1.239111E-2	-1.986109E-3	-9.901100E+9	-9.959313E+9	-1.882368E+7	5.821328E+7	-8.247420E+10
2.868020E+2	9.888943E-1	1.297538E+10	9.873549E-1	5.303578E+8	9.808275E-1	1.284534E+10	9.464770E-1	5.194719E+8	9.827181E-1	8.945681E+10	9.812780E-1	9.004728E+10	9.824805E-1	1.023022E+11	9.822304E-1	1.030227E+11	-1.539380E-3	-3.435057E-2	4.087795E-2	3.281119E-2	5.124507E-3	-1.244503E+10	-1.232587E+10	1.088589E+7	-1.191551E+8	-1.024923E+11
2.870030E+2	8.394965E-1	1.113048E+10	8.512700E-1	4.612346E+8	8.455586E-1	1.117857E+10	8.143404E-1	4.509848E+8	8.425361E-1	7.743987E+10	8.456360E-1	7.832677E+10	8.429160E-1	8.861844E+10	8.448683E-1	8.945725E+10	1.177350E-2	-3.121820E-2	3.692957E-2	4.299170E-2	6.401683E-3	-1.066925E+10	-1.072758E+10	1.024977E+7	5.833757E+7	-8.899601E+10
2.872040E+2	6.380521E-1	8.642858E+9	6.749960E-1	3.716977E+8	6.273293E-1	8.489562E+9	6.089772E-1	3.445440E+8	6.381267E-1	5.991710E+10	6.361123E-1	6.022232E+10	6.367697E-1	6.840666E+10	6.363549E-1	6.886518E+10	3.694392E-2	-1.835206E-2	6.601878E-2	5.529598E-2	3.864112E-2	-8.271161E+9	-8.145018E+9	2.715371E+7	-1.261423E+8	-6.849348E+10
2.874030E+2	7.656306E-1	1.021832E+10	8.122214E-1	4.414002E+8	7.704985E-1	1.025368E+10	8.567566E-1	4.729693E+8	7.829576E-1	7.233257E+10	7.829221E-1	7.290781E+10	7.813918E-1	8.258625E+10	7.807599E-1	8.312612E+10	4.659080E-2	8.625805E-2	-4.453515E-2	-3.966725E-2	3.146154E-2	-9.776916E+9	-9.780714E+9	-3.156915E+7	3.797718E+6	-8.268472E+10
2.876030E+2	7.756925E-1	1.034257E+10	7.902281E-1	4.302289E+8	7.733299E-1	1.028857E+10	8.230566E-1	4.555025E+8	7.850902E-1	7.251538E+10	7.810027E-1	7.274196E+10	7.836122E-1	8.280395E+10	7.803387E-1	8.308453E+10	1.453564E-2	4.972665E-2	-3.282847E-2	-3.519101E-2	9.889395E-3	-9.912341E+9	-9.833069E+9	-2.527358E+7	-7.927124E+7	-8.265430E+10
2.878050E+2	7.301360E-1	9.779996E+9	6.817962E-1	3.751518E+8	7.367085E-1	9.837325E+9	7.291820E-1	4.068467E+8	7.404769E-1	6.869096E+10	7.350311E-1	6.876966E+10	7.400033E-1	7.852828E+10	7.344190E-1	7.854966E+10	-4.833979E-2	-7.526529E-3	-4.738578E-2	-4.081326E-2	-5.262282E-2	-9.404844E+9	-9.430478E+9	-3.169495E+7	2.563441E+7	-7.817451E+10
2.880020E+2	6.722851E-1	9.065599E+9	6.683974E-1	3.683460E+8	6.772210E-1	9.104324E+9	6.615839E-1	3.718103E+8	6.922102E-1	6.455335E+10	6.855389E-1	6.449316E+10	6.903264E-1	7.365767E+10	6.838816E-1	7.355876E+10	-3.887705E-3	-1.563705E-2	6.813434E-3	1.174934E-2	-1.548420E-2	-8.697253E+9	-8.732514E+9	-3.464349E+6	3.526074E+7	-7.319041E+10
2.882060E+2	5.126486E-1	7.094261E+9	5.081731E-1	2.869614E+8	5.167871E-1	7.127469E+9	5.201588E-1	2.985089E+8	5.244209E-1	5.016980E+10	5.220808E-1	5.036913E+10	5.234615E-1	5.729727E+10	5.209014E-1	5.746339E+10	-4.475519E-3	3.371729E-3	-1.198567E-2	-7.847248E-3	-1.272826E-2	-6.807299E+9	-6.828960E+9	-1.154751E+7	2.166105E+7	-5.717643E+10
2.884040E+2	6.600498E-1	8.914507E+9	7.146670E-1	3.918483E+8	6.794081E-1	9.131274E+9	6.757132E-1	3.791336E+8	6.770639E-1	6.325495E+10	6.700043E-1	6.315085E+10	6.773585E-1	7.238623E+10	6.687596E-1	7.206536E+10	5.461725E-2	-3.694904E-3	3.895381E-2	5.831216E-2	4.590748E-2	-8.522658E+9	-8.752141E+9	1.271465E+7	2.294823E+8	-7.167351E+10
2.886030E+2	8.505589E-1	1.126709E+10	8.431313E-1	4.571006E+8	8.326011E-1	1.101891E+10	8.473499E-1	4.680938E+8	8.419451E-1	7.738921E+10	8.433200E-1	7.812665E+10	8.407708E-1	8.840811E+10	8.442252E-1	8.939374E+10	-7.427602E-3	1.474883E-2	-4.218560E-3	-2.217643E-2	-1.093816E-3	-1.080999E+10	-1.055081E+10	-1.099318E+7	-2.591767E+8	-8.893664E+10
2.887970E+2	8.095780E-1	1.076102E+10	8.337167E-1	4.523186E+8	8.260601E-1	1.093831E+10	7.297566E-1	4.071446E+8	8.138335E-1	7.497937E+10	8.224702E-1	7.632506E+10	8.153701E-1	8.591768E+10	8.208581E-1	8.708608E+10	2.413870E-2	-9.630349E-2	1.039601E-1	1.204422E-1	1.285864E-2	-1.030870E+10	-1.053116E+10	4.517399E+7	2.224630E+8	-8.663377E+10
2.890120E+2	8.573056E-1	1.135040E+10	8.560319E-1	4.636534E+8	8.764140E-1	1.155877E+10	8.477286E-1	4.682901E+8	8.679825E-1	7.962123E+10	8.760515E-1	8.095491E+10	8.690421E-1	9.118000E+10	8.737075E-1	9.230531E+10	-1.273679E-3	-2.868546E-2	8.303367E-3	2.741178E-2	-1.767553E-2	-1.088675E+10	-1.109048E+10	-4.636700E+6	2.037256E+8	-9.184166E+10
2.892040E+2	9.652169E-1	1.268299E+10	9.983213E-1	5.359281E+8	9.629051E-1	1.262450E+10	1.008540E+0	5.516396E+8	9.732940E-1	8.864894E+10	9.695739E-1	8.903595E+10	9.719884E-1	1.012734E+11	9.690291E-1	1.017189E+11	3.310439E-2	4.563514E-2	-1.021887E-2	-1.253075E-2	2.929224E-2	-1.214707E+10	-1.207286E+10	-1.571152E+7	-7.420196E+7	-1.011830E+11
2.894050E+2	9.181423E-1	1.210167E+10	9.206964E-1	4.964992E+8	9.128551E-1	1.200779E+10	9.326176E-1	5.122885E+8	9.180866E-1	8.391635E+10	9.169909E-1	8.449238E+10	9.174291E-1	9.592414E+10	9.171349E-1	9.659405E+10	2.554120E-3	1.976252E-2	-1.192118E-2	-1.720840E-2	3.561522E-3	-1.160517E+10	-1.149550E+10	-1.578935E+7	-1.096708E+8	-9.609755E+10
2.896060E+2	8.488721E-1	1.124626E+10	8.197962E-1	4.452478E+8	8.478543E-1	1.120686E+10	8.578859E-1	4.735547E+8	8.495404E-1	7.804030E+10	8.515508E-1	7.883785E+10	8.493285E-1	8.924715E+10	8.512158E-1	9.008411E+10	-2.907585E-2	1.003166E-2	-3.808968E-2	-3.910751E-2	-3.141960E-2	-1.080101E+10	-1.073330E+10	-2.830693E+7	-6.771096E+7	-8.963886E+10
2.898050E+2	7.815408E-1	1.041479E+10	7.082061E-1	3.885665E+8	7.983014E-1	1.059627E+10	8.019964E-1	4.445869E+8	7.845469E-1	7.246881E+10	7.868395E-1	7.324631E+10	7.862755E-1	8.306508E+10	7.861769E-1	8.366110E+10	-7.333471E-2	3.694960E-3	-9.379028E-2	-7.702967E-2	-7.797084E-2	-1.002622E+10	-1.015168E+10	-5.602036E+7	1.254581E+8	-8.327253E+10
2.900050E+2	5.597140E-1	7.675468E+9	6.031047E-1	3.351811E+8	5.572720E-1	7.626322E+9	5.513675E-1	3.146846E+8	5.686507E-1	5.396135E+10	5.655726E-1	5.412715E+10	5.672207E-1	6.158767E+10	5.648400E-1	6.180262E+10	4.339063E-2	-5.904499E-3	5.173713E-2	4.929513E-2	3.826465E-2	-7.340287E+9	-7.311638E+9	2.049652E+7	-2.864921E+7	-6.146744E+10
2.905170E+2	5.825409E-1	7.957355E+9	5.633106E-1	3.149680E+8	5.740136E-1	7.832610E+9	5.925058E-1	3.360068E+8	5.876182E-1	5.558732E+10	5.793493E-1	5.531756E+10	5.859084E-1	6.341993E+10	5.797484E-1	6.327492E+10	-1.923030E-2	1.849224E-2	-2.919522E-2	-3.772254E-2	-1.643779E-2	-7.642387E+9	-7.496603E+9	-2.103874E+7	-1.457834E+8	-6.295995E+10
2.910030E+2	7.709325E-1	1.028379E+10	7.975939E-1	4.339703E+8	7.687350E-1	1.023195E+10	7.281981E-1	4.063368E+8	7.757504E-1	7.171474E+10	7.677330E-1	7.159535E+10	7.748688E-1	8.194669E+10	7.681330E-1	8.187914E+10	2.666140E-2	-4.053690E-2	6.939580E-2	6.719831E-2	2.946084E-2	-9.849819E+9	-9.825617E+9	2.763347E+7	-2.420206E+7	-8.144517E+10
2.915070E+2	8.781146E-1	1.160737E+10	8.966054E-1	4.842623E+8	8.648785E-1	1.141663E+10	8.746889E-1	4.822637E+8	8.838392E-1	8.098053E+10	8.788381E-1	8.119569E+10	8.814563E-1	9.239715E+10	8.787476E-1	9.280306E+10	1.849081E-2	9.810380E-3	2.191653E-2	8.680433E-3	1.785775E-2	-1.112311E+10	-1.093436E+10	1.998586E+6	-1.887477E+8	-9.231880E+10
2.920050E+2	7.714097E-1	1.028968E+10	7.834655E-1	4.267939E+8	7.756727E-1	1.031744E+10	7.936136E-1	4.402420E+8	7.766841E-1	7.179478E+10	7.791160E-1	7.257893E+10	7.765570E-1	8.211222E+10	7.781523E-1	8.286861E+10	1.205577E-2	1.794091E-2	-1.014810E-2	-5.885136E-3	5.313167E-3	-9.862889E+9	-9.877197E+9	-1.344814E+7	1.430868E+7	-8.244182E+10
2.925000E+2	1.093089E+0	1.426207E+10	1.148463E+0	6.121913E+8	1.102223E+0	1.434116E+10	1.080675E+0	5.890277E+8	1.106992E+0	1.001100E+11	1.104203E+0	1.006690E+11	1.106392E+0	1.144512E+11	1.102813E+0	1.149310E+11	5.537446E-2	-2.154730E-2	6.778770E-2	7.692175E-2	4.564965E-2	-1.364988E+10	-1.375214E+10	2.316368E+7	1.022567E+8	-1.143188E+11
2.930150E+2	1.159195E+0	1.507841E+10	1.147143E+0	6.115209E+8	1.151139E+0	1.494391E+10	1.100794E+0	5.994552E+8	1.165234E+0	1.051028E+11	1.158935E+0	1.053982E+11	1.163463E+0	1.200467E+11	1.158967E+0	1.204766E+11	-1.205156E-2	-5.034538E-2	4.634928E-2	3.829382E-2	-1.182411E-2	-1.446689E+10	-1.434446E+10	1.206571E+7	-1.224339E+8	-1.198651E+11
2.935040E+2	1.142928E+0	1.487754E+10	1.151205E+0	6.135840E+8	1.147264E+0	1.489616E+10	1.164425E+0	6.324354E+8	1.151778E+0	1.039493E+11	1.151023E+0	1.047145E+11	1.151211E+0	1.188454E+11	1.150011E+0	1.195921E+11	8.276480E-3	1.716038E-2	-1.321988E-2	-8.883903E-3	1.194091E-3	-1.426395E+10	-1.426373E+10	-1.885140E+7	-2.255009E+5	-1.189785E+11
2.940100E+2	1.062858E+0	1.388875E+10	1.107967E+0	5.916217E+8	1.067840E+0	1.391750E+10	1.101821E+0	5.999876E+8	1.071013E+0	9.702578E+10	1.068441E+0	9.757886E+10	1.070614E+0	1.109433E+11	1.067743E+0	1.114676E+11	4.510936E-2	3.398126E-2	6.145871E-3	1.112810E-2	4.022376E-2	-1.329713E+10	-1.331751E+10	-8.365925E+6	2.038485E+7	-1.108760E+11
2.945040E+2	8.304145E-1	1.101833E+10	9.101659E-1	4.911503E+8	8.348203E-1	1.104625E+10	8.525775E-1	4.708033E+8	8.364592E-1	7.691893E+10	8.353606E-1	7.743890E+10	8.362532E-1	8.796518E+10	8.347421E-1	8.845722E+10	7.975148E-2	1.775722E-2	5.758847E-2	6.199426E-2	7.542384E-2	-1.052718E+10	-1.057545E+10	2.034700E+7	4.827063E+7	-8.796607E+10
2.950100E+2	7.829607E-1	1.043232E+10	7.806243E-1	4.253507E+8	7.747562E-1	1.030615E+10	8.203042E-1	4.540759E+8	7.866528E-1	7.264934E+10	7.817205E-1	7.280399E+10	7.851577E-1	8.295548E+10	7.818756E-1	8.323631E+10	-2.336372E-3	4.554800E-2	-3.967991E-2	-4.788437E-2	-1.251283E-3	-1.000697E+10	-9.852071E+9	-2.872519E+7	-1.549029E+8	-8.281096E+10
2.955070E+2	8.462606E-1	1.121401E+10	9.081975E-1	4.901504E+8	8.489377E-1	1.122021E+10	8.976472E-1	4.941632E+8	8.598645E-1	7.892533E+10	8.616929E-1	7.971421E+10	8.584913E-1	9.014553E+10	8.597632E-1	9.092822E+10	6.193691E-2	4.870951E-2	1.055029E-2	1.322741E-2	4.843431E-2	-1.072386E+10	-1.072604E+10	-4.012739E+6	2.182573E+6	-9.043807E+10
2.960030E+2	9.098150E-1	1.199884E+10	9.409249E-1	5.067740E+8	9.203963E-1	1.210071E+10	8.858491E-1	4.880481E+8	9.233719E-1	8.436942E+10	9.208062E-1	8.482205E+10	9.229979E-1	9.647014E+10	9.194318E-1	9.682089E+10	3.110989E-2	-3.454727E-2	5.507578E-2	6.565716E-2	2.149303E-2	-1.149206E+10	-1.161267E+10	1.872589E+7	1.206010E+8	-9.631412E+10
2.965070E+2	8.544496E-1	1.131514E+10	8.650079E-1	4.682127E+8	8.378155E-1	1.108316E+10	8.737040E-1	4.817533E+8	8.567963E-1	7.866231E+10	8.519372E-1	7.887124E+10	8.544109E-1	8.974547E+10	8.522514E-1	9.018638E+10	1.055835E-2	3.588844E-2	-8.696023E-3	-2.533009E-2	1.275656E-2	-1.084692E+10	-1.060141E+10	-1.354060E+7	-2.455175E+8	-8.971817E+10
2.970060E+2	9.656912E-1	1.268885E+10	9.796483E-1	5.264433E+8	9.630831E-1	1.262670E+10	9.570335E-1	5.249434E+8	9.647733E-1	8.791851E+10	9.623589E-1	8.841252E+10	9.645609E-1	1.005452E+11	9.627756E-1	1.011014E+11	1.395716E-2	-6.049570E-3	2.261486E-2	2.000673E-2	1.687276E-2	-1.216241E+10	-1.210175E+10	1.499899E+6	-6.065381E+7	-1.005749E+11
2.975020E+2	1.069906E+0	1.397579E+10	1.126650E+0	6.011114E+8	1.063411E+0	1.386293E+10	1.086919E+0	5.922639E+8	1.071454E+0	9.706363E+10	1.071426E+0	9.783675E+10	1.070444E+0	1.109266E+11	1.071236E+0	1.118125E+11	5.674402E-2	2.350793E-2	3.973048E-2	3.323609E-2	5.541380E-2	-1.337468E+10	-1.327067E+10	8.847538E+6	-1.040060E+8	-1.112114E+11
2.980040E+2	1.122003E+0	1.461913E+10	1.109985E+0	5.926470E+8	1.115403E+0	1.450357E+10	1.129525E+0	6.143469E+8	1.121941E+0	1.013916E+11	1.122185E+0	1.022227E+11	1.121120E+0	1.158951E+11	1.122162E+0	1.168418E+11	-1.201732E-2	1.412217E-2	-1.953986E-2	-2.613949E-2	-1.217654E-2	-1.402648E+10	-1.388923E+10	-2.169989E+7	-1.372568E+8	-1.162492E+11
2.985020E+2	1.102288E+0	1.437568E+10	1.112355E+0	5.938505E+8	1.122858E+0	1.459544E+10	1.076842E+0	5.870410E+8	1.106174E+0	1.000399E+11	1.105502E+0	1.007812E+11	1.108271E+0	1.146354E+11	1.105100E+0	1.151569E+11	1.006654E-2	-4.601599E-2	3.551243E-2	5.608253E-2	7.254446E-3	-1.378183E+10	-1.400839E+10	6.809443E+6	2.265683E+8	-1.145630E+11
2.990020E+2	1.040331E+0	1.361057E+10	1.005897E+0	5.397760E+8	1.044180E+0	1.362597E+10	1.074066E+0	5.856017E+8	1.039352E+0	9.431166E+10	1.041548E+0	9.525510E+10	1.039959E+0	1.079376E+11	1.041396E+0	1.088657E+11	-3.443379E-2	2.988517E-2	-6.816878E-2	-6.431896E-2	-3.549934E-2	-1.307079E+10	-1.304037E+10	-4.582578E+7	-3.042027E+7	-1.083259E+11
2.995040E+2	8.219498E-1	1.091380E+10	8.004107E-1	4.354011E+8	8.065037E-1	1.069734E+10	7.789625E-1	4.326483E+8	8.143472E-1	7.502341E+10	8.118249E-1	7.540523E+10	8.133615E-1	8.572074E+10	8.130910E-1	8.631903E+10	-2.153905E-2	-2.754122E-2	2.144824E-2	6.002171E-3	-1.268024E-2	-1.047840E+10	-1.026469E+10	2.752798E+6	-2.137081E+8	-8.588363E+10
3.000080E+2	8.435230E-1	1.118020E+10	8.447025E-1	4.578987E+8	8.476431E-1	1.120425E+10	8.536851E-1	4.713774E+8	8.467312E-1	7.779949E+10	8.475137E-1	7.848902E+10	8.468458E-1	8.900374E+10	8.470147E-1	8.966922E+10	1.179596E-3	6.041941E-3	-8.982513E-3	-4.862345E-3	-2.312122E-3	-1.072230E+10	-1.073288E+10	-1.347865E+7	1.057171E+7	-8.921132E+10
