Photon Energy (eV)	X ref norm	X ref	X pump norm	X pump	Y ref norm	Y ref	Y pump norm	Y pump	X all norm	X all	Y all norm	Y all	X all Y ref norm	X all Y ref	Y all X ref norm	Y all X ref	BC(X hist) norm	BC(Y hist) norm	StS norm	BCSC norm	BCLR norm	BC(X hist)	BC(Y hist)	StS	BCSC	BCLR	
2.790060E+2	4.922151E-4	7.696792E+8	-1.649933E-2	2.574725E+7	1.089969E-3	7.730876E+8	1.974006E-2	4.362728E+7	-4.078807E-4	5.179450E+9	-4.324984E-4	5.219993E+9	-2.196381E-4	5.952538E+9	-3.168684E-4	5.989672E+9	-1.699155E-2	1.865009E-2	-3.623939E-2	-3.564164E-2	-1.618247E-2	-7.439320E+8	-7.294603E+8	-1.788003E+7	-1.447163E+7	-5.963925E+9
2.795020E+2	-3.148439E-4	7.597129E+8	-1.647609E-2	2.575904E+7	6.616261E-4	7.678096E+8	-3.519020E-3	3.148329E+7	-1.759852E-3	5.063554E+9	-1.380728E-3	5.138058E+9	-1.455532E-3	5.831363E+9	-1.247445E-3	5.897771E+9	-1.616125E-2	-4.180646E-3	-1.295707E-2	-1.198060E-2	-1.522865E-2	-7.339539E+8	-7.363263E+8	-5.724248E+6	2.372447E+6	-5.872012E+9
2.800000E+2	-3.836490E-3	7.162244E+8	1.502762E-4	3.419084E+7	-2.859536E-3	7.244221E+8	-1.743305E-2	2.421851E+7	-2.233957E-3	5.022912E+9	-2.674234E-3	5.026290E+9	-2.312576E-3	5.747334E+9	-2.819567E-3	5.742514E+9	3.986766E-3	-1.457352E-2	1.758333E-2	1.856028E-2	2.969843E-3	-6.820335E+8	-7.002036E+8	9.972324E+6	1.817005E+7	-5.708323E+9
2.805030E+2	1.309725E-3	7.797746E+8	1.010999E-2	3.924175E+7	-2.314153E-3	7.311423E+8	-3.691082E-3	3.139345E+7	7.663731E-5	5.220985E+9	-1.705368E-3	5.110007E+9	-2.238258E-4	5.952127E+9	-1.328348E-3	5.889782E+9	8.800268E-3	-1.376929E-3	1.380108E-2	1.017720E-2	1.143834E-2	-7.405328E+8	-6.997488E+8	7.848301E+6	-4.078402E+7	-5.850540E+9
2.810020E+2	3.891875E-3	8.116613E+8	1.557261E-2	4.201203E+7	5.450732E-3	8.268206E+8	1.644495E-3	3.417925E+7	3.541099E-3	5.517972E+9	5.546916E-3	5.736660E+9	3.781092E-3	6.344792E+9	5.339963E-3	6.548321E+9	1.168074E-2	-3.806238E-3	1.392812E-2	1.548698E-2	1.023265E-2	-7.696493E+8	-7.926414E+8	7.832778E+6	2.299203E+7	-6.506309E+9
2.815020E+2	-1.562015E-3	7.443117E+8	3.673870E-4	3.430094E+7	-4.574210E-4	7.540208E+8	4.614887E-3	3.573015E+7	-9.782232E-4	5.130558E+9	-7.327949E-4	5.194045E+9	-9.127713E-4	5.884579E+9	-8.364840E-4	5.938357E+9	1.929402E-3	5.072308E-3	-4.247500E-3	-3.142906E-3	1.203871E-3	-7.100107E+8	-7.182906E+8	-1.429208E+6	8.279895E+6	-5.904056E+9
2.820040E+2	-2.226388E-3	7.361074E+8	-2.179453E-3	3.300935E+7	-3.938211E-3	7.111307E+8	-4.719326E-3	3.085659E+7	-6.245163E-4	5.160879E+9	-2.257607E-3	5.062289E+9	-1.040966E-3	5.872010E+9	-2.253703E-3	5.798397E+9	4.693451E-5	-7.811148E-4	2.539873E-3	8.280493E-4	7.425013E-5	-7.030980E+8	-6.802741E+8	2.152768E+6	-2.282388E+7	-5.765387E+9
2.825040E+2	2.245921E-3	7.913356E+8	8.954608E-3	3.865582E+7	2.366993E-3	7.888230E+8	3.363036E-3	3.507654E+7	2.386693E-3	5.419012E+9	3.636314E-3	5.571569E+9	2.384217E-3	6.207835E+9	3.462454E-3	6.362905E+9	6.708686E-3	9.960429E-4	5.591571E-3	5.712644E-3	5.492154E-3	-7.526798E+8	-7.537465E+8	3.579280E+6	1.066685E+6	-6.324249E+9
2.830020E+2	1.331675E-2	9.280484E+8	3.311509E-2	5.090842E+7	1.390150E-2	9.309504E+8	1.557755E-2	4.145396E+7	1.295897E-2	6.325308E+9	1.331039E-2	6.407484E+9	1.307742E-2	7.256258E+9	1.331119E-2	7.335532E+9	1.979834E-2	1.676049E-3	1.753754E-2	1.812229E-2	1.980390E-2	-8.771400E+8	-8.894964E+8	9.454460E+6	1.235647E+7	-7.284624E+9
2.835020E+2	2.988580E-2	1.132658E+9	1.927443E-2	4.388935E+7	2.939308E-2	1.121837E+9	3.733898E-2	5.281600E+7	2.934190E-2	7.729717E+9	2.831613E-2	7.704093E+9	2.934834E-2	8.851553E+9	2.851240E-2	8.836752E+9	-1.061138E-2	7.945893E-3	-1.806455E-2	-1.855727E-2	-9.237978E-3	-1.088769E+9	-1.069021E+9	-8.926654E+6	-1.974858E+7	-8.792862E+9
2.840030E+2	5.400511E-2	1.430506E+9	6.332069E-2	6.622672E+7	5.049594E-2	1.381864E+9	5.427642E-2	6.165935E+7	5.468712E-2	9.902407E+9	5.213745E-2	9.762438E+9	5.416039E-2	1.128427E+10	5.237099E-2	1.119294E+10	9.315585E-3	3.780472E-3	9.044279E-3	5.535113E-3	1.094970E-2	-1.364279E+9	-1.320205E+9	4.567364E+6	-4.407421E+7	-1.112672E+10
2.841010E+2	5.511756E-2	1.444243E+9	7.216408E-2	7.071150E+7	5.703110E-2	1.462390E+9	5.689279E-2	6.302541E+7	5.601698E-2	1.001641E+10	5.603626E-2	1.009932E+10	5.614443E-2	1.147880E+10	5.592138E-2	1.154357E+10	1.704652E-2	-1.383108E-4	1.527128E-2	1.718483E-2	1.624269E-2	-1.373532E+9	-1.399365E+9	7.686085E+6	2.583277E+7	-1.147286E+10
2.842060E+2	5.685279E-2	1.465672E+9	4.886449E-2	5.889548E+7	5.636167E-2	1.454141E+9	6.382508E-2	6.664488E+7	5.746033E-2	1.014014E+10	5.750681E-2	1.022639E+10	5.732226E-2	1.159428E+10	5.742503E-2	1.169206E+10	-7.988303E-3	7.463402E-3	-1.496059E-2	-1.545171E-2	-8.560543E-3	-1.406776E+9	-1.387497E+9	-7.749403E+6	-1.927971E+7	-1.163317E+10
2.843040E+2	7.311989E-2	1.666553E+9	7.567166E-2	7.249031E+7	7.801288E-2	1.720926E+9	6.755616E-2	6.859295E+7	7.784000E-2	1.188716E+10	7.626915E-2	1.184760E+10	7.786173E-2	1.360809E+10	7.587535E-2	1.351415E+10	2.551770E-3	-1.045673E-2	8.115505E-3	1.300850E-2	-2.036915E-4	-1.594063E+9	-1.652333E+9	3.897363E+6	5.827048E+7	-1.344166E+10
2.844040E+2	1.102918E-1	2.125586E+9	9.931206E-2	8.447916E+7	1.041126E-1	2.042525E+9	7.401219E-2	7.196376E+7	1.112321E-1	1.474966E+10	1.091122E-1	1.468549E+10	1.103374E-1	1.679219E+10	1.092597E-1	1.681108E+10	-1.097970E-2	-3.010040E-2	2.529987E-2	1.912070E-2	-9.947678E-3	-2.041106E+9	-1.970561E+9	1.251540E+7	-7.054545E+7	-1.672660E+10
2.845040E+2	1.507970E-1	2.625782E+9	1.310774E-1	1.005884E+8	1.546767E-1	2.665572E+9	1.544232E-1	1.139478E+8	1.578931E-1	1.874963E+10	1.525456E-1	1.843847E+10	1.574889E-1	2.141520E+10	1.523270E-1	2.106425E+10	-1.971961E-2	-2.535467E-4	-2.334579E-2	-1.946606E-2	-2.124957E-2	-2.525193E+9	-2.551624E+9	-1.335938E+7	2.643117E+7	-2.096366E+10
2.846030E+2	2.720682E-1	4.123351E+9	2.621265E-1	1.670479E+8	2.733377E-1	4.127704E+9	2.591427E-1	1.686238E+8	2.868158E-1	2.980138E+10	2.726344E-1	2.881506E+10	2.851220E-1	3.392908E+10	2.725636E-1	3.293841E+10	-9.941735E-3	-1.419500E-2	2.983830E-3	4.253267E-3	-1.043709E-2	-3.956304E+9	-3.959080E+9	-1.575876E+6	2.776667E+6	-3.277136E+10
2.847030E+2	8.189361E-1	1.087658E+10	8.681927E-1	4.744048E+8	8.079935E-1	1.071569E+10	8.538676E-1	4.791407E+8	8.635772E-1	7.924359E+10	8.185310E-1	7.598469E+10	8.565917E-1	8.995928E+10	8.185817E-1	8.686127E+10	4.925664E-2	4.587413E-2	1.432511E-2	3.382507E-3	4.961109E-2	-1.040218E+10	-1.023655E+10	-4.735872E+6	-1.656240E+8	-8.638687E+10
2.848060E+2	1.425854E+0	1.837137E+10	1.499371E+0	7.944969E+8	1.419789E+0	1.825420E+10	1.407845E+0	7.683827E+8	1.433331E+0	1.280851E+11	1.420687E+0	1.280155E+11	1.431629E+0	1.463393E+11	1.421333E+0	1.463869E+11	7.351707E-2	-1.194399E-2	9.152580E-2	8.546106E-2	7.803843E-2	-1.757687E+10	-1.748581E+10	2.611426E+7	-9.105540E+7	-1.455924E+11
2.849010E+2	1.528941E+0	1.964439E+10	1.537544E+0	8.138556E+8	1.537662E+0	1.970662E+10	1.517683E+0	8.257311E+8	1.526719E+0	1.360907E+11	1.533178E+0	1.377357E+11	1.528095E+0	1.557973E+11	1.532648E+0	1.573800E+11	8.602279E-3	-1.997911E-2	1.986045E-2	2.858139E-2	4.895392E-3	-1.883053E+10	-1.888089E+10	-1.187553E+7	5.035962E+7	-1.565662E+11
2.850030E+2	1.390976E+0	1.794066E+10	1.393486E+0	7.407988E+8	1.394335E+0	1.794055E+10	1.421640E+0	7.755851E+8	1.384143E+0	1.238685E+11	1.396470E+0	1.259230E+11	1.385424E+0	1.418091E+11	1.395783E+0	1.438637E+11	2.509282E-3	2.730480E-2	-2.815435E-2	-2.479552E-2	-2.297163E-3	-1.719987E+10	-1.716497E+10	-3.478633E+7	-3.489784E+7	-1.431229E+11
2.851090E+2	8.897603E-1	1.175118E+10	8.654451E-1	4.730114E+8	9.107519E-1	1.198187E+10	9.216691E-1	5.145411E+8	8.988517E-1	8.226746E+10	9.024798E-1	8.323851E+10	9.003473E-1	9.424933E+10	9.008893E-1	9.498969E+10	-2.431520E-2	1.091718E-2	-5.622394E-2	-3.523238E-2	-3.544416E-2	-1.127817E+10	-1.146733E+10	-4.152966E+7	1.891603E+8	-9.451668E+10
2.852020E+2	6.649495E-1	8.975013E+9	6.889439E-1	3.835016E+8	6.610614E-1	8.905207E+9	6.519864E-1	3.737348E+8	6.619905E-1	6.196280E+10	6.635890E-1	6.259652E+10	6.618737E-1	7.086801E+10	6.637591E-1	7.157153E+10	2.399435E-2	-9.074967E-3	3.695746E-2	3.306932E-2	2.518476E-2	-8.591512E+9	-8.531472E+9	9.766820E+6	-6.003933E+7	-7.118803E+10
2.853020E+2	5.198651E-1	7.183376E+9	5.315368E-1	3.036751E+8	5.220802E-1	7.192691E+9	4.840319E-1	2.860426E+8	5.232445E-1	5.006895E+10	5.233859E-1	5.048190E+10	5.230982E-1	5.726165E+10	5.229456E-1	5.766527E+10	1.167170E-2	-3.804832E-2	4.750490E-2	4.972002E-2	8.591167E-3	-6.879701E+9	-6.906648E+9	1.763247E+7	2.694746E+7	-5.736160E+10
2.854160E+2	3.854499E-1	5.523493E+9	3.816652E-1	2.276701E+8	4.008456E-1	5.698847E+9	4.005935E-1	2.424779E+8	4.040194E-1	3.984852E+10	4.011113E-1	3.991644E+10	4.036205E-1	4.554737E+10	3.991529E-1	4.543993E+10	-3.784714E-3	-2.521510E-4	-1.892829E-2	-3.532563E-3	-1.748777E-2	-5.295823E+9	-5.456369E+9	-1.480781E+7	1.605467E+8	-4.521226E+10
2.855060E+2	3.111820E-1	4.606364E+9	2.946071E-1	1.835199E+8	3.063305E-1	4.534239E+9	3.104971E-1	1.954369E+8	3.145363E-1	3.217769E+10	3.137198E-1	3.236515E+10	3.135051E-1	3.671192E+10	3.134024E-1	3.697151E+10	-1.657495E-2	4.166557E-3	-1.589002E-2	-2.074150E-2	-1.879538E-2	-4.422844E+9	-4.338802E+9	-1.191696E+7	-8.404198E+7	-3.678799E+10
2.856030E+2	3.501356E-1	5.087399E+9	3.619744E-1	2.176842E+8	3.529136E-1	5.108233E+9	3.644972E-1	2.236314E+8	3.627891E-1	3.631410E+10	3.564864E-1	3.606051E+10	3.615480E-1	4.142233E+10	3.556923E-1	4.114791E+10	1.183878E-2	1.158363E-2	-2.522869E-3	2.551480E-4	6.282080E-3	-4.869715E+9	-4.884601E+9	-5.947177E+6	1.488624E+7	-4.093023E+10
2.858010E+2	5.614795E-1	7.697270E+9	5.416743E-1	3.088162E+8	5.616099E-1	7.679773E+9	5.287828E-1	3.094079E+8	5.743768E-1	5.445222E+10	5.662569E-1	5.418629E+10	5.727723E-1	6.213199E+10	5.656596E-1	6.188356E+10	-1.980522E-2	-3.282710E-2	1.289151E-2	1.302188E-2	-2.398526E-2	-7.388453E+9	-7.370365E+9	-5.917267E+5	-1.808845E+7	-6.157474E+10
2.860020E+2	9.077970E-1	1.197392E+10	8.863559E-1	4.836160E+8	9.104774E-1	1.197849E+10	9.298847E-1	5.188306E+8	9.231050E-1	8.434655E+10	9.035334E-1	8.332955E+10	9.215181E-1	9.632504E+10	9.040665E-1	9.530347E+10	-2.144113E-2	1.940729E-2	-4.352880E-2	-4.084843E-2	-1.771065E-2	-1.149030E+10	-1.145966E+10	-3.521463E+7	-3.064068E+7	-9.481985E+10
2.862030E+2	1.221219E+0	1.584434E+10	1.272424E+0	6.794044E+8	1.225901E+0	1.586512E+10	1.225184E+0	6.730117E+8	1.223408E+0	1.100897E+11	1.224340E+0	1.110497E+11	1.223722E+0	1.259548E+11	1.223950E+0	1.268941E+11	5.120524E-2	-7.170813E-4	4.724045E-2	5.192232E-2	4.847408E-2	-1.516494E+10	-1.519211E+10	6.392709E+6	2.716685E+7	-1.262147E+11
2.864090E+2	8.199529E-1	1.088914E+10	8.367210E-1	4.584444E+8	8.204440E-1	1.086911E+10	7.865829E-1	4.440101E+8	8.233650E-1	7.579645E+10	8.187004E-1	7.599933E+10	8.229979E-1	8.666555E+10	8.188570E-1	8.688847E+10	1.676818E-2	-3.386110E-2	5.013810E-2	5.062928E-2	1.786402E-2	-1.043069E+10	-1.042510E+10	1.443433E+7	-5.594997E+6	-8.643002E+10
2.866050E+2	7.742158E-1	1.032433E+10	7.891634E-1	4.343263E+8	7.824843E-1	1.040137E+10	7.592337E-1	4.297306E+8	7.873057E-1	7.270531E+10	7.790485E-1	7.257310E+10	7.866998E-1	8.310668E+10	7.784442E-1	8.289743E+10	1.494761E-2	-2.325055E-2	2.992967E-2	3.819816E-2	1.071922E-2	-9.890008E+9	-9.971641E+9	4.595758E+6	8.163272E+7	-8.246311E+10
2.868020E+2	9.888943E-1	1.297538E+10	9.835735E-1	5.329184E+8	9.808275E-1	1.284534E+10	9.711043E-1	5.403521E+8	9.827181E-1	8.945681E+10	9.812780E-1	9.004728E+10	9.824805E-1	1.023022E+11	9.822304E-1	1.030227E+11	-5.320742E-3	-9.723253E-3	1.246927E-2	4.402511E-3	1.343145E-3	-1.244246E+10	-1.230499E+10	-7.433739E+6	-1.374747E+8	-1.024897E+11
2.870030E+2	8.394965E-1	1.113048E+10	8.371761E-1	4.586752E+8	8.455586E-1	1.117857E+10	8.081148E-1	4.552523E+8	8.425361E-1	7.743987E+10	8.456360E-1	7.832677E+10	8.429160E-1	8.861844E+10	8.448683E-1	8.945725E+10	-2.320332E-3	-3.744379E-2	2.906133E-2	3.512346E-2	-7.692150E-3	-1.067180E+10	-1.072332E+10	3.422945E+6	5.151074E+7	-8.899857E+10
2.872040E+2	6.380521E-1	8.642858E+9	6.102949E-1	3.436160E+8	6.273293E-1	8.489562E+9	5.811820E-1	3.367665E+8	6.381267E-1	5.991710E+10	6.361123E-1	6.022232E+10	6.367697E-1	6.840666E+10	6.363549E-1	6.886518E+10	-2.775712E-2	-4.614722E-2	2.911290E-2	1.839010E-2	-2.605992E-2	-8.299242E+9	-8.152796E+9	6.849528E+6	-1.464465E+8	-6.852157E+10
2.874030E+2	7.656306E-1	1.021832E+10	7.540714E-1	4.165300E+8	7.704985E-1	1.025368E+10	7.779064E-1	4.394799E+8	7.829576E-1	7.233257E+10	7.829221E-1	7.290781E+10	7.813918E-1	8.258625E+10	7.807599E-1	8.312612E+10	-1.155925E-2	7.407931E-3	-2.383508E-2	-1.896718E-2	-2.668851E-2	-9.801786E+9	-9.814203E+9	-2.294998E+7	1.241688E+7	-8.270959E+10
2.876030E+2	7.756925E-1	1.034257E+10	8.146836E-1	4.472685E+8	7.733299E-1	1.028857E+10	7.917227E-1	4.466937E+8	7.850902E-1	7.251538E+10	7.810027E-1	7.274196E+10	7.836122E-1	8.280395E+10	7.803387E-1	8.308453E+10	3.899117E-2	1.839282E-2	2.296088E-2	2.059835E-2	3.434492E-2	-9.895301E+9	-9.841878E+9	5.748239E+5	-5.342283E+7	-8.263726E+10
2.878050E+2	7.301360E-1	9.779996E+9	7.855952E-1	4.325168E+8	7.367085E-1	9.837325E+9	7.678829E-1	4.342465E+8	7.404769E-1	6.869096E+10	7.350311E-1	6.876966E+10	7.400033E-1	7.852828E+10	7.344190E-1	7.854966E+10	5.545925E-2	3.117437E-2	1.771236E-2	2.428488E-2	5.117622E-2	-9.347479E+9	-9.403079E+9	-1.729654E+6	5.559971E+7	-7.811714E+10
2.880020E+2	6.722851E-1	9.065599E+9	6.880442E-1	3.830453E+8	6.772210E-1	9.104324E+9	6.609677E-1	3.784241E+8	6.922102E-1	6.455335E+10	6.855389E-1	6.449316E+10	6.903264E-1	7.365767E+10	6.838816E-1	7.355876E+10	1.575911E-2	-1.625329E-2	2.707649E-2	3.201240E-2	4.162613E-3	-8.682554E+9	-8.725900E+9	4.621264E+6	4.334635E+7	-7.317571E+10
2.882060E+2	5.126486E-1	7.094261E+9	5.058425E-1	2.906446E+8	5.167871E-1	7.127469E+9	5.094464E-1	2.993120E+8	5.244209E-1	5.016980E+10	5.220808E-1	5.036913E+10	5.234615E-1	5.729727E+10	5.209014E-1	5.746339E+10	-6.806155E-3	-7.340670E-3	-3.603908E-3	5.345147E-4	-1.505889E-2	-6.803616E+9	-6.828157E+9	-8.667372E+6	2.454118E+7	-5.717275E+10
2.884040E+2	6.600498E-1	8.914507E+9	6.920578E-1	3.850808E+8	6.794081E-1	9.131274E+9	6.991874E-1	3.983793E+8	6.770639E-1	6.325495E+10	6.700043E-1	6.315085E+10	6.773585E-1	7.238623E+10	6.687596E-1	7.206536E+10	3.200802E-2	1.977929E-2	-7.129617E-3	1.222873E-2	2.329824E-2	-8.529426E+9	-8.732895E+9	-1.329852E+7	2.034692E+8	-7.168028E+10
2.886030E+2	8.505589E-1	1.126709E+10	8.303524E-1	4.552147E+8	8.326011E-1	1.101891E+10	7.525812E-1	4.262572E+8	8.419451E-1	7.738921E+10	8.433200E-1	7.812665E+10	8.407708E-1	8.840811E+10	8.442252E-1	8.939374E+10	-2.020659E-2	-8.001987E-2	7.777115E-2	5.981328E-2	-1.387280E-2	-1.081188E+10	-1.059265E+10	2.895749E+7	-2.192261E+8	-8.893852E+10
2.887970E+2	8.095780E-1	1.076102E+10	8.460294E-1	4.631650E+8	8.260601E-1	1.093831E+10	8.077263E-1	4.550494E+8	8.138335E-1	7.497937E+10	8.224702E-1	7.632506E+10	8.153701E-1	8.591768E+10	8.208581E-1	8.708608E+10	3.645135E-2	-1.833376E-2	3.830307E-2	5.478511E-2	2.517130E-2	-1.029785E+10	-1.048326E+10	8.115568E+6	1.854046E+8	-8.662292E+10
2.890120E+2	8.573056E-1	1.135040E+10	8.325020E-1	4.563048E+8	8.764140E-1	1.155877E+10	8.844402E-1	4.951032E+8	8.679825E-1	7.962123E+10	8.760515E-1	8.095491E+10	8.690421E-1	9.118000E+10	8.737075E-1	9.230531E+10	-2.480366E-2	8.026159E-3	-5.193823E-2	-3.282982E-2	-4.120551E-2	-1.089410E+10	-1.106366E+10	-3.879838E+7	1.695639E+8	-9.184900E+10
2.892040E+2	9.652169E-1	1.268299E+10	9.012023E-1	4.911451E+8	9.629051E-1	1.262450E+10	9.703708E-1	5.399692E+8	9.732940E-1	8.864894E+10	9.695739E-1	8.903595E+10	9.719884E-1	1.012734E+11	9.690291E-1	1.017189E+11	-6.401465E-2	7.465756E-3	-6.916853E-2	-7.148040E-2	-6.782679E-2	-1.219185E+10	-1.208453E+10	-4.882406E+7	-1.073145E+8	-1.012278E+11
2.894050E+2	9.181423E-1	1.210167E+10	9.887934E-1	5.355655E+8	9.128551E-1	1.200779E+10	8.768304E-1	4.911300E+8	9.180866E-1	8.391635E+10	9.169909E-1	8.449238E+10	9.174291E-1	9.592414E+10	9.171349E-1	9.659405E+10	7.065110E-2	-3.602472E-2	1.119630E-1	1.066758E-1	7.165851E-2	-1.156611E+10	-1.151666E+10	4.443558E+7	-4.944590E+7	-9.605849E+10
2.896060E+2	8.488721E-1	1.124626E+10	8.808535E-1	4.808255E+8	8.478543E-1	1.120686E+10	8.017955E-1	4.519529E+8	8.495404E-1	7.804030E+10	8.515508E-1	7.883785E+10	8.493285E-1	8.924715E+10	8.512158E-1	9.008411E+10	3.198139E-2	-4.605873E-2	7.905795E-2	7.804012E-2	2.963764E-2	-1.076543E+10	-1.075490E+10	2.887263E+7	-1.053140E+7	-8.960329E+10
2.898050E+2	7.815408E-1	1.041479E+10	7.952237E-1	4.373997E+8	7.983014E-1	1.059627E+10	7.773461E-1	4.391874E+8	7.845469E-1	7.246881E+10	7.868395E-1	7.324631E+10	7.862755E-1	8.306508E+10	7.861769E-1	8.366110E+10	1.368283E-2	-2.095532E-2	1.787754E-2	3.463815E-2	9.046709E-3	-9.977391E+9	-1.015708E+10	-1.787688E+6	1.796908E+8	-8.322370E+10
2.900050E+2	5.597140E-1	7.675468E+9	5.590694E-1	3.176378E+8	5.572720E-1	7.626322E+9	5.503062E-1	3.206456E+8	5.686507E-1	5.396135E+10	5.655726E-1	5.412715E+10	5.672207E-1	6.158767E+10	5.648400E-1	6.180262E+10	-6.446307E-4	-6.965857E-3	8.763233E-3	6.321226E-3	-5.770608E-3	-7.357830E+9	-7.305677E+9	-3.007828E+6	-5.215356E+7	-6.148498E+10
2.905170E+2	5.825409E-1	7.957355E+9	5.278347E-1	3.017976E+8	5.740136E-1	7.832610E+9	5.744909E-1	3.332730E+8	5.876182E-1	5.558732E+10	5.793493E-1	5.531756E+10	5.859084E-1	6.341993E+10	5.797484E-1	6.327492E+10	-5.470621E-2	4.773841E-4	-4.665628E-2	-5.518360E-2	-5.191371E-2	-7.655557E+9	-7.499337E+9	-3.147535E+7	-1.562201E+8	-6.297312E+10
2.910030E+2	7.709325E-1	1.028379E+10	8.049330E-1	4.423237E+8	7.687350E-1	1.023195E+10	7.255084E-1	4.121220E+8	7.757504E-1	7.171474E+10	7.677330E-1	7.159535E+10	7.748688E-1	8.194669E+10	7.681330E-1	8.187914E+10	3.400054E-2	-4.322658E-2	7.942461E-2	7.722711E-2	3.679998E-2	-9.841465E+9	-9.819831E+9	3.020168E+7	-2.163385E+7	-8.143682E+10
2.915070E+2	8.781146E-1	1.160737E+10	9.133548E-1	4.973080E+8	8.648785E-1	1.141663E+10	7.888060E-1	4.451708E+8	8.838392E-1	8.098053E+10	8.788381E-1	8.119569E+10	8.814563E-1	9.239715E+10	8.787476E-1	9.280306E+10	3.524020E-2	-7.607243E-2	1.245487E-1	1.113126E-1	3.460714E-2	-1.111006E+10	-1.097146E+10	5.213720E+7	-1.386091E+8	-9.230575E+10
2.920050E+2	7.714097E-1	1.028968E+10	8.174982E-1	4.486959E+8	7.756727E-1	1.031744E+10	7.493985E-1	4.245955E+8	7.766841E-1	7.179478E+10	7.791160E-1	7.257893E+10	7.765570E-1	8.211222E+10	7.781523E-1	8.286861E+10	4.608847E-2	-2.627415E-2	6.809966E-2	7.236262E-2	3.934587E-2	-9.840986E+9	-9.892844E+9	2.410044E+7	5.185726E+7	-8.241992E+10
2.925000E+2	1.093089E+0	1.426207E+10	1.141339E+0	6.129268E+8	1.102223E+0	1.434116E+10	1.150761E+0	6.341540E+8	1.106992E+0	1.001100E+11	1.104203E+0	1.006690E+11	1.106392E+0	1.144512E+11	1.102813E+0	1.149310E+11	4.825079E-2	4.853796E-2	-9.421225E-3	-2.871716E-4	3.852598E-2	-1.364914E+10	-1.370701E+10	-2.122718E+7	5.786589E+7	-1.143181E+11
2.930150E+2	1.159195E+0	1.507841E+10	1.183991E+0	6.345570E+8	1.151139E+0	1.494391E+10	1.190579E+0	6.549438E+8	1.165234E+0	1.051028E+11	1.158935E+0	1.053982E+11	1.163463E+0	1.200467E+11	1.158967E+0	1.204766E+11	2.479650E-2	3.943950E-2	-6.587536E-3	-1.464300E-2	2.502395E-2	-1.444385E+10	-1.428897E+10	-2.038677E+7	-1.548864E+8	-1.198420E+11
2.935040E+2	1.142928E+0	1.487754E+10	1.194899E+0	6.400885E+8	1.147264E+0	1.489616E+10	1.176152E+0	6.474112E+8	1.151778E+0	1.039493E+11	1.151023E+0	1.047145E+11	1.151211E+0	1.188454E+11	1.150011E+0	1.195921E+11	5.197020E-2	2.888744E-2	1.874679E-2	2.308277E-2	4.488781E-2	-1.423745E+10	-1.424875E+10	-7.322689E+6	1.130321E+7	-1.189520E+11
2.940100E+2	1.062858E+0	1.388875E+10	1.097626E+0	5.907582E+8	1.067840E+0	1.391750E+10	1.025188E+0	5.685900E+8	1.071013E+0	9.702578E+10	1.068441E+0	9.757886E+10	1.070614E+0	1.109433E+11	1.067743E+0	1.114676E+11	3.476818E-2	-4.265217E-2	7.243812E-2	7.742035E-2	2.988258E-2	-1.329799E+10	-1.334891E+10	2.216811E+7	5.091889E+7	-1.108769E+11
2.945040E+2	8.304145E-1	1.101833E+10	8.480844E-1	4.642072E+8	8.348203E-1	1.104625E+10	8.599617E-1	4.823225E+8	8.364592E-1	7.691893E+10	8.353606E-1	7.743890E+10	8.362532E-1	8.796518E+10	8.347421E-1	8.845722E+10	1.766988E-2	2.514141E-2	-1.187731E-2	-7.471526E-3	1.334225E-2	-1.055412E+10	-1.056393E+10	-1.811533E+7	9.808300E+6	-8.799302E+10
2.950100E+2	7.829607E-1	1.043232E+10	7.886317E-1	4.340567E+8	7.747562E-1	1.030615E+10	7.247814E-1	4.117424E+8	7.866528E-1	7.264934E+10	7.817205E-1	7.280399E+10	7.851577E-1	8.295548E+10	7.818756E-1	8.323631E+10	5.671064E-3	-4.997482E-2	6.385035E-2	5.564589E-2	6.756153E-3	-9.998267E+9	-9.894404E+9	2.231434E+7	-1.038634E+8	-8.280225E+10
2.955070E+2	8.462606E-1	1.121401E+10	8.481138E-1	4.642221E+8	8.489377E-1	1.122021E+10	8.336033E-1	4.685603E+8	8.598645E-1	7.892533E+10	8.616929E-1	7.971421E+10	8.584913E-1	9.014553E+10	8.597632E-1	9.092822E+10	1.853206E-3	-1.533436E-2	1.451045E-2	1.718757E-2	-1.164939E-2	-1.074979E+10	-1.075164E+10	-4.338233E+6	1.857079E+6	-9.046400E+10
2.960030E+2	9.098150E-1	1.199884E+10	9.024278E-1	4.917666E+8	9.203963E-1	1.210071E+10	8.896649E-1	4.978311E+8	9.233719E-1	8.436942E+10	9.208062E-1	8.482205E+10	9.229979E-1	9.647014E+10	9.194318E-1	9.682089E+10	-7.387142E-3	-3.073146E-2	1.276294E-2	2.334431E-2	-1.700400E-2	-1.150707E+10	-1.160288E+10	-6.064498E+6	9.581060E+7	-9.632912E+10
2.965070E+2	8.544496E-1	1.131514E+10	8.547780E-1	4.676018E+8	8.378155E-1	1.108316E+10	8.251891E-1	4.641671E+8	8.567963E-1	7.866231E+10	8.519372E-1	7.887124E+10	8.544109E-1	8.974547E+10	8.522514E-1	9.018638E+10	3.284212E-4	-1.262638E-2	2.958887E-2	1.295480E-2	2.526636E-3	-1.084753E+10	-1.061899E+10	3.434634E+6	-2.285422E+8	-8.971878E+10
2.970060E+2	9.656912E-1	1.268885E+10	9.576745E-1	5.197841E+8	9.630831E-1	1.262670E+10	9.641737E-1	5.367335E+8	9.647733E-1	8.791851E+10	9.623589E-1	8.841252E+10	9.645609E-1	1.005452E+11	9.627756E-1	1.011014E+11	-8.016685E-3	1.090599E-3	-6.499149E-3	-9.107284E-3	-5.101084E-3	-1.216907E+10	-1.208996E+10	-1.694942E+7	-7.910313E+7	-1.005816E+11
2.975020E+2	1.069906E+0	1.397579E+10	1.035534E+0	5.592693E+8	1.063411E+0	1.386293E+10	1.052558E+0	5.828806E+8	1.071454E+0	9.706363E+10	1.071426E+0	9.783675E+10	1.070444E+0	1.109266E+11	1.071236E+0	1.118125E+11	-3.437160E-2	-1.085319E-2	-1.702402E-2	-2.351841E-2	-3.570182E-2	-1.341652E+10	-1.328005E+10	-2.361132E+7	-1.364649E+8	-1.112533E+11
2.980040E+2	1.122003E+0	1.461913E+10	1.092289E+0	5.880519E+8	1.115403E+0	1.450357E+10	1.085962E+0	6.003216E+8	1.121941E+0	1.013916E+11	1.122185E+0	1.022227E+11	1.121120E+0	1.158951E+11	1.122162E+0	1.168418E+11	-2.971338E-2	-2.944091E-2	6.327168E-3	-2.724676E-4	-2.987260E-2	-1.403108E+10	-1.390325E+10	-1.226968E+7	-1.278266E+8	-1.162538E+11
2.985020E+2	1.102288E+0	1.437568E+10	1.126117E+0	6.052069E+8	1.122858E+0	1.459544E+10	1.154942E+0	6.363372E+8	1.106174E+0	1.000399E+11	1.105502E+0	1.007812E+11	1.108271E+0	1.146354E+11	1.105100E+0	1.151569E+11	2.382852E-2	3.208357E-2	-2.882516E-2	-8.255056E-3	2.101642E-2	-1.377047E+10	-1.395910E+10	-3.113024E+7	1.886286E+8	-1.145517E+11
2.990020E+2	1.040331E+0	1.361057E+10	1.030103E+0	5.565151E+8	1.044180E+0	1.362597E+10	1.023814E+0	5.678726E+8	1.039352E+0	9.431166E+10	1.041548E+0	9.525510E+10	1.039959E+0	1.079376E+11	1.041396E+0	1.088657E+11	-1.022752E-2	-2.036681E-2	6.289478E-3	1.013929E-2	-1.129306E-2	-1.305405E+10	-1.305810E+10	-1.135753E+7	4.047974E+6	-1.083091E+11
2.995040E+2	8.219498E-1	1.091380E+10	8.222094E-1	4.510851E+8	8.065037E-1	1.069734E+10	8.034664E-1	4.528253E+8	8.143472E-1	7.502341E+10	8.118249E-1	7.540523E+10	8.133615E-1	8.572074E+10	8.130910E-1	8.631903E+10	2.596545E-4	-3.037339E-3	1.874306E-2	3.296993E-3	9.118457E-3	-1.046271E+10	-1.024451E+10	-1.740149E+6	-2.182010E+8	-8.586795E+10
3.000080E+2	8.435230E-1	1.118020E+10	8.937473E-1	4.873644E+8	8.476431E-1	1.120425E+10	8.792578E-1	4.923974E+8	8.467312E-1	7.779949E+10	8.475137E-1	7.848902E+10	8.468458E-1	8.900374E+10	8.470147E-1	8.966922E+10	5.022432E-2	3.161468E-2	1.448947E-2	1.860964E-2	4.673260E-2	-1.069284E+10	-1.071186E+10	-5.032969E+6	1.901740E+7	-8.918186E+10
