Photon Energy (eV)	X ref norm	X ref	X pump norm	X pump	Y ref norm	Y ref	Y pump norm	Y pump	X all norm	X all	Y all norm	Y all	X all Y ref norm	X all Y ref	Y all X ref norm	Y all X ref	BC(X hist) norm	BC(Y hist) norm	StS norm	BCSC norm	BCLR norm	BC(X hist)	BC(Y hist)	StS	BCSC	BCLR	
2.790060E+2	4.922151E-4	7.696792E+8	-1.582869E-2	2.425379E+7	1.089969E-3	7.730876E+8	-6.532151E-3	2.680686E+7	-4.078807E-4	5.179450E+9	-4.324984E-4	5.219993E+9	-2.196381E-4	5.952538E+9	-3.168684E-4	5.989672E+9	-1.632090E-2	-7.622120E-3	-9.296535E-3	-8.698781E-3	-1.551182E-2	-7.454254E+8	-7.462807E+8	-2.553065E+6	8.553312E+5	-5.965418E+9
2.795020E+2	-3.148439E-4	7.597129E+8	9.933344E-3	3.706408E+7	6.616261E-4	7.678096E+8	1.081903E-3	3.067371E+7	-1.759852E-3	5.063554E+9	-1.380728E-3	5.138058E+9	-1.455532E-3	5.831363E+9	-1.247445E-3	5.897771E+9	1.024819E-2	4.202768E-4	8.851441E-3	9.827911E-3	1.118079E-2	-7.226488E+8	-7.371359E+8	6.390373E+6	1.448707E+7	-5.860707E+9
2.800000E+2	-3.836490E-3	7.162244E+8	-5.730912E-3	2.927496E+7	-2.859536E-3	7.244221E+8	-1.672281E-3	2.927498E+7	-2.233957E-3	5.022912E+9	-2.674234E-3	5.026290E+9	-2.312576E-3	5.747334E+9	-2.819567E-3	5.742514E+9	-1.894423E-3	1.187256E-3	-4.058632E-3	-3.081678E-3	-2.911345E-3	-6.869494E+8	-6.951471E+8	-1.941060E+1	8.197712E+6	-5.713239E+9
2.805030E+2	1.309725E-3	7.797746E+8	-5.562079E-3	2.935891E+7	-2.314153E-3	7.311423E+8	-9.047383E-3	2.552948E+7	7.663731E-5	5.220985E+9	-1.705368E-3	5.110007E+9	-2.238258E-4	5.952127E+9	-1.328348E-3	5.889782E+9	-6.871805E-3	-6.733230E-3	3.485304E-3	-1.385743E-4	-4.233731E-3	-7.504157E+8	-7.056128E+8	3.829432E+6	-4.480289E+7	-5.860423E+9
2.810020E+2	3.891875E-3	8.116613E+8	8.485956E-3	3.634436E+7	5.450732E-3	8.268206E+8	1.350316E-2	3.698193E+7	3.541099E-3	5.517972E+9	5.546916E-3	5.736660E+9	3.781092E-3	6.344792E+9	5.339963E-3	6.548321E+9	4.594081E-3	8.052427E-3	-5.017204E-3	-3.458346E-3	3.145993E-3	-7.753170E+8	-7.898387E+8	-6.375717E+5	1.452168E+7	-6.511977E+9
2.815020E+2	-1.562015E-3	7.443117E+8	2.325551E-3	3.328107E+7	-4.574210E-4	7.540208E+8	-3.865944E-3	2.816091E+7	-9.782232E-4	5.130558E+9	-7.327949E-4	5.194045E+9	-9.127713E-4	5.884579E+9	-8.364840E-4	5.938357E+9	3.887566E-3	-3.408523E-3	6.191494E-3	7.296088E-3	3.162035E-3	-7.110306E+8	-7.258599E+8	5.120162E+6	1.482926E+7	-5.905075E+9
2.820040E+2	-2.226388E-3	7.361074E+8	3.917281E-3	3.407257E+7	-3.938211E-3	7.111307E+8	2.710995E-3	3.150106E+7	-6.245163E-4	5.160879E+9	-2.257607E-3	5.062289E+9	-1.040966E-3	5.872010E+9	-2.253703E-3	5.798397E+9	6.143669E-3	6.649206E-3	1.206286E-3	-5.055370E-4	6.170985E-3	-7.020348E+8	-6.796297E+8	2.571512E+6	-2.240514E+7	-5.764324E+9
2.825040E+2	2.245921E-3	7.913356E+8	2.459546E-3	3.334770E+7	2.366993E-3	7.888230E+8	3.821701E-3	3.206513E+7	2.386693E-3	5.419012E+9	3.636314E-3	5.571569E+9	2.384217E-3	6.207835E+9	3.462454E-3	6.362905E+9	2.136247E-4	1.454707E-3	-1.362155E-3	-1.241083E-3	-1.002908E-3	-7.579879E+8	-7.567579E+8	1.282566E+6	-1.230028E+6	-6.329557E+9
2.830020E+2	1.331675E-2	9.280484E+8	2.319391E-2	4.365796E+7	1.390150E-2	9.309504E+8	2.279942E-2	4.170310E+7	1.295897E-2	6.325308E+9	1.331039E-2	6.407484E+9	1.307742E-2	7.256258E+9	1.331119E-2	7.335532E+9	9.877162E-3	8.897915E-3	3.944890E-4	9.792474E-4	9.882719E-3	-8.843904E+8	-8.892473E+8	1.954854E+6	4.856867E+6	-7.291874E+9
2.835020E+2	2.988580E-2	1.132658E+9	3.060183E-2	4.734158E+7	2.939308E-2	1.121837E+9	2.996301E-2	4.534119E+7	2.934190E-2	7.729717E+9	2.831613E-2	7.704093E+9	2.934834E-2	8.851553E+9	2.851240E-2	8.836752E+9	7.160241E-4	5.699271E-4	6.388158E-4	1.460970E-4	2.089423E-3	-1.085317E+9	-1.076495E+9	2.000395E+6	-8.821536E+6	-8.789410E+9
2.840030E+2	5.400511E-2	1.430506E+9	4.521083E-2	5.460598E+7	5.049594E-2	1.381864E+9	7.508642E-2	6.825743E+7	5.468712E-2	9.902407E+9	5.213745E-2	9.762438E+9	5.416039E-2	1.128427E+10	5.237099E-2	1.119294E+10	-8.794282E-3	2.459048E-2	-2.987559E-2	-3.338476E-2	-7.160162E-3	-1.375900E+9	-1.313607E+9	-1.365146E+7	-6.229303E+7	-1.113834E+10
2.841010E+2	5.511756E-2	1.444243E+9	3.814719E-2	5.109355E+7	5.703110E-2	1.462390E+9	5.320364E-2	5.714411E+7	5.601698E-2	1.001641E+10	5.603626E-2	1.009932E+10	5.614443E-2	1.147880E+10	5.592138E-2	1.154357E+10	-1.697036E-2	-3.827463E-3	-1.505645E-2	-1.314290E-2	-1.777419E-2	-1.393150E+9	-1.405246E+9	-6.050557E+6	1.209613E+7	-1.149247E+10
2.842060E+2	5.685279E-2	1.465672E+9	5.485847E-2	5.940331E+7	5.636167E-2	1.454141E+9	4.056677E-2	5.072638E+7	5.746033E-2	1.014014E+10	5.750681E-2	1.022639E+10	5.732226E-2	1.159428E+10	5.742503E-2	1.169206E+10	-1.994325E-3	-1.579490E-2	1.429170E-2	1.380058E-2	-2.566565E-3	-1.406268E+9	-1.403415E+9	8.676928E+6	-2.853376E+6	-1.163266E+10
2.843040E+2	7.311989E-2	1.666553E+9	1.041997E-1	8.393848E+7	7.801288E-2	1.720926E+9	7.555182E-2	6.849379E+7	7.784000E-2	1.188716E+10	7.626915E-2	1.184760E+10	7.786173E-2	1.360809E+10	7.587535E-2	1.351415E+10	3.107984E-2	-2.461065E-3	2.864791E-2	3.354090E-2	2.832437E-2	-1.582615E+9	-1.652432E+9	1.544469E+7	6.981781E+7	-1.343022E+10
2.844040E+2	1.102918E-1	2.125586E+9	8.995683E-2	7.685613E+7	1.041126E-1	2.042525E+9	1.052927E-1	8.359792E+7	1.112321E-1	1.474966E+10	1.091122E-1	1.468549E+10	1.103374E-1	1.679219E+10	1.092597E-1	1.681108E+10	-2.033493E-2	1.180129E-3	-1.533589E-2	-2.151506E-2	-1.930291E-2	-2.048729E+9	-1.958927E+9	-6.741785E+6	-8.980264E+7	-1.673422E+10
2.845040E+2	1.507970E-1	2.625782E+9	1.519761E-1	1.076955E+8	1.546767E-1	2.665572E+9	1.794165E-1	1.212422E+8	1.578931E-1	1.874963E+10	1.525456E-1	1.843847E+10	1.574889E-1	2.141520E+10	1.523270E-1	2.106425E+10	1.179130E-3	2.473975E-2	-2.744035E-2	-2.356062E-2	-3.508359E-4	-2.518086E+9	-2.544330E+9	-1.354668E+7	2.624386E+7	-2.095656E+10
2.846030E+2	2.720682E-1	4.123351E+9	2.875936E-1	1.751320E+8	2.733377E-1	4.127704E+9	2.668167E-1	1.656290E+8	2.868158E-1	2.980138E+10	2.726344E-1	2.881506E+10	2.851220E-1	3.392908E+10	2.725636E-1	3.293841E+10	1.552539E-2	-6.520972E-3	2.077692E-2	2.204636E-2	1.503003E-2	-3.948220E+9	-3.962075E+9	9.502919E+6	1.385546E+7	-3.276328E+10
2.847030E+2	8.189361E-1	1.087658E+10	8.643809E-1	4.619421E+8	8.079935E-1	1.071569E+10	7.993699E-1	4.360900E+8	8.635772E-1	7.924359E+10	8.185310E-1	7.598469E+10	8.565917E-1	8.995928E+10	8.185817E-1	8.686127E+10	4.544483E-2	-8.623575E-3	6.501101E-2	5.406841E-2	4.579928E-2	-1.041464E+10	-1.027960E+10	2.585212E+7	-1.350360E+8	-8.639933E+10
2.848060E+2	1.425854E+0	1.837137E+10	1.492845E+0	7.744491E+8	1.419789E+0	1.825420E+10	1.436061E+0	7.594379E+8	1.433331E+0	1.280851E+11	1.420687E+0	1.280155E+11	1.431629E+0	1.463393E+11	1.421333E+0	1.463869E+11	6.699142E-2	1.627125E-2	5.678491E-2	5.072017E-2	7.151278E-2	-1.759692E+10	-1.749476E+10	1.501114E+7	-1.021585E+8	-1.456124E+11
2.849010E+2	1.528941E+0	1.964439E+10	1.571684E+0	8.136518E+8	1.537662E+0	1.970662E+10	1.462100E+0	7.726624E+8	1.526719E+0	1.360907E+11	1.533178E+0	1.377357E+11	1.528095E+0	1.557973E+11	1.532648E+0	1.573800E+11	4.274243E-2	-7.556206E-2	1.095836E-1	1.183045E-1	3.903554E-2	-1.883073E+10	-1.893396E+10	4.098943E+7	1.032246E+8	-1.565664E+11
2.850030E+2	1.390976E+0	1.794066E+10	1.460427E+0	7.583286E+8	1.394335E+0	1.794055E+10	1.402936E+0	7.426155E+8	1.384143E+0	1.238685E+11	1.396470E+0	1.259230E+11	1.385424E+0	1.418091E+11	1.395783E+0	1.438637E+11	6.945032E-2	8.601125E-3	5.749037E-2	6.084920E-2	6.464388E-2	-1.718234E+10	-1.719794E+10	1.571314E+7	1.560163E+7	-1.431053E+11
2.851090E+2	8.897603E-1	1.175118E+10	9.062942E-1	4.827837E+8	9.107519E-1	1.198187E+10	8.926590E-1	4.834675E+8	8.988517E-1	8.226746E+10	9.024798E-1	8.323851E+10	9.003473E-1	9.424933E+10	9.008893E-1	9.498969E+10	1.653385E-2	-1.809285E-2	1.363514E-2	3.462670E-2	5.404893E-3	-1.126840E+10	-1.149841E+10	-6.838615E+5	2.300061E+8	-9.450691E+10
2.852020E+2	6.649495E-1	8.975013E+9	7.208000E-1	3.905458E+8	6.610614E-1	8.905207E+9	6.100295E-1	3.399321E+8	6.619905E-1	6.196280E+10	6.635890E-1	6.259652E+10	6.618737E-1	7.086801E+10	6.637591E-1	7.157153E+10	5.585043E-2	-5.103190E-2	1.107705E-1	1.068823E-1	5.704083E-2	-8.584467E+9	-8.565275E+9	5.061372E+7	-1.919243E+7	-7.118099E+10
2.853020E+2	5.198651E-1	7.183376E+9	5.285736E-1	2.949604E+8	5.220802E-1	7.192691E+9	5.268804E-1	2.977042E+8	5.232445E-1	5.006895E+10	5.233859E-1	5.048190E+10	5.230982E-1	5.726165E+10	5.229456E-1	5.766527E+10	8.708513E-3	4.800187E-3	1.693201E-3	3.908326E-3	5.627978E-3	-6.888416E+9	-6.894987E+9	-2.743877E+6	6.571120E+6	-5.737031E+10
2.854160E+2	3.854499E-1	5.523493E+9	3.954284E-1	2.287533E+8	4.008456E-1	5.698847E+9	4.059901E-1	2.363092E+8	4.040194E-1	3.984852E+10	4.011113E-1	3.991644E+10	4.036205E-1	4.554737E+10	3.991529E-1	4.543993E+10	9.978520E-3	5.144509E-3	-1.056172E-2	4.834010E-3	-3.724532E-3	-5.294739E+9	-5.462538E+9	-7.555954E+6	1.677986E+8	-4.521118E+10
2.855060E+2	3.111820E-1	4.606364E+9	3.124028E-1	1.874684E+8	3.063305E-1	4.534239E+9	3.138618E-1	1.895212E+8	3.145363E-1	3.217769E+10	3.137198E-1	3.236515E+10	3.135051E-1	3.671192E+10	3.134024E-1	3.697151E+10	1.220816E-3	7.531247E-3	-1.458947E-3	-6.310431E-3	-9.996205E-4	-4.418896E+9	-4.344718E+9	-2.052766E+6	-7.417778E+7	-3.678404E+10
2.856030E+2	3.501356E-1	5.087399E+9	3.968529E-1	2.294616E+8	3.529136E-1	5.108233E+9	2.943431E-1	1.796085E+8	3.627891E-1	3.631410E+10	3.564864E-1	3.606051E+10	3.615480E-1	4.142233E+10	3.556923E-1	4.114791E+10	4.671728E-2	-5.857055E-2	1.025098E-1	1.052878E-1	4.116058E-2	-4.857938E+9	-4.928624E+9	4.985313E+7	7.068655E+7	-4.091845E+10
2.858010E+2	5.614795E-1	7.697270E+9	5.827833E-1	3.219164E+8	5.616099E-1	7.679773E+9	6.213609E-1	3.456868E+8	5.743768E-1	5.445222E+10	5.662569E-1	5.418629E+10	5.727723E-1	6.213199E+10	5.656596E-1	6.188356E+10	2.130376E-2	5.975100E-2	-3.857761E-2	-3.844724E-2	1.712372E-2	-7.375353E+9	-7.334086E+9	-2.377045E+7	-4.126718E+7	-6.156164E+10
2.860020E+2	9.077970E-1	1.197392E+10	9.540204E-1	5.065158E+8	9.104774E-1	1.197849E+10	9.420264E-1	5.085391E+8	9.231050E-1	8.434655E+10	9.035334E-1	8.332955E+10	9.215181E-1	9.632504E+10	9.040665E-1	9.530347E+10	4.622335E-2	3.154904E-2	1.199394E-2	1.467431E-2	4.995384E-2	-1.146740E+10	-1.146995E+10	-2.023376E+6	2.550571E+6	-9.479695E+10
2.862030E+2	1.221219E+0	1.584434E+10	1.321424E+0	6.892087E+8	1.225901E+0	1.586512E+10	1.293829E+0	6.872047E+8	1.223408E+0	1.100897E+11	1.224340E+0	1.110497E+11	1.223722E+0	1.259548E+11	1.223950E+0	1.268941E+11	1.002046E-1	6.792836E-2	2.759439E-2	3.227625E-2	9.747346E-2	-1.515513E+10	-1.517791E+10	2.004029E+6	2.277816E+7	-1.262049E+11
2.864090E+2	8.199529E-1	1.088914E+10	8.600232E-1	4.597752E+8	8.204440E-1	1.086911E+10	7.885262E-1	4.305829E+8	8.233650E-1	7.579645E+10	8.187004E-1	7.599933E+10	8.229979E-1	8.666555E+10	8.188570E-1	8.688847E+10	4.007031E-2	-3.191786E-2	7.149699E-2	7.198817E-2	4.116616E-2	-1.042936E+10	-1.043853E+10	2.919228E+7	9.162949E+6	-8.642869E+10
2.866050E+2	7.742158E-1	1.032433E+10	8.818012E-1	4.706045E+8	7.824843E-1	1.040137E+10	7.672578E-1	4.197816E+8	7.873057E-1	7.270531E+10	7.790485E-1	7.257310E+10	7.866998E-1	8.310668E+10	7.784442E-1	8.289743E+10	1.075854E-1	-1.522649E-2	1.145434E-1	1.228119E-1	1.033570E-1	-9.853730E+9	-9.981589E+9	5.082282E+7	1.278598E+8	-8.242683E+10
2.868020E+2	9.888943E-1	1.297538E+10	9.920976E-1	5.254499E+8	9.808275E-1	1.284534E+10	9.248858E-1	4.998341E+8	9.827181E-1	8.945681E+10	9.812780E-1	9.004728E+10	9.824805E-1	1.023022E+11	9.822304E-1	1.030227E+11	3.203338E-3	-5.594176E-2	6.721186E-2	5.914510E-2	9.867225E-3	-1.244993E+10	-1.234551E+10	2.561573E+7	-1.044252E+8	-1.024972E+11
2.870030E+2	8.394965E-1	1.113048E+10	8.031992E-1	4.315192E+8	8.455586E-1	1.117857E+10	8.626841E-1	4.682446E+8	8.425361E-1	7.743987E+10	8.456360E-1	7.832677E+10	8.429160E-1	8.861844E+10	8.448683E-1	8.945725E+10	-3.629729E-2	1.712552E-2	-5.948494E-2	-5.342281E-2	-4.166910E-2	-1.069896E+10	-1.071032E+10	-3.672535E+7	1.136244E+7	-8.902573E+10
2.872040E+2	6.380521E-1	8.642858E+9	6.506387E-1	3.556578E+8	6.273293E-1	8.489562E+9	6.913859E-1	3.812495E+8	6.381267E-1	5.991710E+10	6.361123E-1	6.022232E+10	6.367697E-1	6.840666E+10	6.363549E-1	6.886518E+10	1.258660E-2	6.405660E-2	-4.074721E-2	-5.147001E-2	1.428380E-2	-8.287201E+9	-8.108313E+9	-2.559174E+7	-1.788878E+8	-6.850952E+10
2.874030E+2	7.656306E-1	1.021832E+10	7.856536E-1	4.227946E+8	7.704985E-1	1.025368E+10	8.121527E-1	4.425818E+8	7.829576E-1	7.233257E+10	7.829221E-1	7.290781E+10	7.813918E-1	8.258625E+10	7.807599E-1	8.312612E+10	2.002303E-2	4.165423E-2	-2.649910E-2	-2.163120E-2	4.893771E-3	-9.795522E+9	-9.811101E+9	-1.978723E+7	1.557963E+7	-8.270333E+10
2.876030E+2	7.756925E-1	1.034257E+10	8.194086E-1	4.395794E+8	7.733299E-1	1.028857E+10	8.270659E-1	4.501556E+8	7.850902E-1	7.251538E+10	7.810027E-1	7.274196E+10	7.836122E-1	8.280395E+10	7.803387E-1	8.308453E+10	4.371612E-2	5.373602E-2	-7.657370E-3	-1.001990E-2	3.906987E-2	-9.902990E+9	-9.838416E+9	-1.057621E+7	-6.457387E+7	-8.264495E+10
2.878050E+2	7.301360E-1	9.779996E+9	7.488868E-1	4.045121E+8	7.367085E-1	9.837325E+9	7.555918E-1	4.138570E+8	7.404769E-1	6.869096E+10	7.350311E-1	6.876966E+10	7.400033E-1	7.852828E+10	7.344190E-1	7.854966E+10	1.875082E-2	1.888327E-2	-6.704964E-3	-1.324461E-4	1.446780E-2	-9.375484E+9	-9.423468E+9	-9.344818E+6	4.798455E+7	-7.814515E+10
2.880020E+2	6.722851E-1	9.065599E+9	8.292987E-1	4.444973E+8	6.772210E-1	9.104324E+9	6.682935E-1	3.695219E+8	6.922102E-1	6.455335E+10	6.855389E-1	6.449316E+10	6.903264E-1	7.365767E+10	6.838816E-1	7.355876E+10	1.570136E-1	-8.927501E-3	1.610052E-1	1.659411E-1	1.454171E-1	-8.621102E+9	-8.734803E+9	7.497541E+7	1.137005E+8	-7.311426E+10
2.882060E+2	5.126486E-1	7.094261E+9	5.599377E-1	3.105563E+8	5.167871E-1	7.127469E+9	5.759084E-1	3.226035E+8	5.244209E-1	5.016980E+10	5.220808E-1	5.036913E+10	5.234615E-1	5.729727E+10	5.209014E-1	5.746339E+10	4.728908E-2	5.912138E-2	-1.597073E-2	-1.183230E-2	3.903634E-2	-6.783705E+9	-6.804866E+9	-1.204717E+7	2.116139E+7	-5.715284E+10
2.884040E+2	6.600498E-1	8.914507E+9	7.028333E-1	3.816118E+8	6.794081E-1	9.131274E+9	6.762798E-1	3.735778E+8	6.770639E-1	6.325495E+10	6.700043E-1	6.315085E+10	6.773585E-1	7.238623E+10	6.687596E-1	7.206536E+10	4.278348E-2	-3.128316E-3	2.655345E-2	4.591180E-2	3.407371E-2	-8.532895E+9	-8.757697E+9	8.033989E+6	2.248017E+8	-7.168375E+10
2.886030E+2	8.505589E-1	1.126709E+10	8.984992E-1	4.789076E+8	8.326011E-1	1.101891E+10	8.704927E-1	4.722102E+8	8.419451E-1	7.738921E+10	8.433200E-1	7.812665E+10	8.407708E-1	8.840811E+10	8.442252E-1	8.939374E+10	4.794023E-2	3.789159E-2	2.800651E-2	1.004865E-2	5.427402E-2	-1.078818E+10	-1.054670E+10	6.697389E+6	-2.414862E+8	-8.891483E+10
2.887970E+2	8.095780E-1	1.076102E+10	8.251342E-1	4.424265E+8	8.260601E-1	1.093831E+10	8.804843E-1	4.772845E+8	8.138335E-1	7.497937E+10	8.224702E-1	7.632506E+10	8.153701E-1	8.591768E+10	8.208581E-1	8.708608E+10	1.555623E-2	5.442427E-2	-5.535009E-2	-3.886804E-2	4.276177E-3	-1.031859E+10	-1.046102E+10	-3.485801E+7	1.424310E+8	-8.664366E+10
2.890120E+2	8.573056E-1	1.135040E+10	8.969275E-1	4.781261E+8	8.764140E-1	1.155877E+10	8.623631E-1	4.680815E+8	8.679825E-1	7.962123E+10	8.760515E-1	8.095491E+10	8.690421E-1	9.118000E+10	8.737075E-1	9.230531E+10	3.962191E-2	-1.405095E-2	3.456445E-2	5.367286E-2	2.322006E-2	-1.087228E+10	-1.109068E+10	1.004455E+7	2.184068E+8	-9.182718E+10
2.892040E+2	9.652169E-1	1.268299E+10	1.015362E+0	5.370180E+8	9.629051E-1	1.262450E+10	1.019278E+0	5.477720E+8	9.732940E-1	8.864894E+10	9.695739E-1	8.903595E+10	9.719884E-1	1.012734E+11	9.690291E-1	1.017189E+11	5.014477E-2	5.637314E-2	-3.916494E-3	-6.228371E-3	4.633262E-2	-1.214598E+10	-1.207673E+10	-1.075398E+7	-6.924441E+7	-1.011819E+11
2.894050E+2	9.181423E-1	1.210167E+10	9.367852E-1	4.979455E+8	9.128551E-1	1.200779E+10	9.595705E-1	5.174490E+8	9.180866E-1	8.391635E+10	9.169909E-1	8.449238E+10	9.174291E-1	9.592414E+10	9.171349E-1	9.659405E+10	1.864294E-2	4.671540E-2	-2.278523E-2	-2.807246E-2	1.965034E-2	-1.160373E+10	-1.149034E+10	-1.950349E+7	-1.133850E+8	-9.609611E+10
2.896060E+2	8.488721E-1	1.124626E+10	8.573006E-1	4.584214E+8	8.478543E-1	1.120686E+10	8.094919E-1	4.412305E+8	8.495404E-1	7.804030E+10	8.515508E-1	7.883785E+10	8.493285E-1	8.924715E+10	8.512158E-1	9.008411E+10	8.428568E-3	-3.836233E-2	4.780872E-2	4.679089E-2	6.084819E-3	-1.078784E+10	-1.076562E+10	1.719089E+7	-2.221314E+7	-8.962569E+10
2.898050E+2	7.815408E-1	1.041479E+10	7.850196E-1	4.224793E+8	7.983014E-1	1.059627E+10	8.284857E-1	4.508767E+8	7.845469E-1	7.246881E+10	7.868395E-1	7.324631E+10	7.862755E-1	8.306508E+10	7.861769E-1	8.366110E+10	3.478784E-3	3.018426E-2	-4.346609E-2	-2.670548E-2	-1.157340E-3	-9.992311E+9	-1.014539E+10	-2.839732E+7	1.530811E+8	-8.323862E+10
2.900050E+2	5.597140E-1	7.675468E+9	5.190721E-1	2.902357E+8	5.572720E-1	7.626322E+9	5.985890E-1	3.341220E+8	5.686507E-1	5.396135E+10	5.655726E-1	5.412715E+10	5.672207E-1	6.158767E+10	5.648400E-1	6.180262E+10	-4.064194E-2	4.131698E-2	-7.951691E-2	-8.195891E-2	-4.576791E-2	-7.385232E+9	-7.292200E+9	-4.388627E+7	-9.303201E+7	-6.151239E+10
2.905170E+2	5.825409E-1	7.957355E+9	5.608398E-1	3.110049E+8	5.740136E-1	7.832610E+9	5.838072E-1	3.266149E+8	5.876182E-1	5.558732E+10	5.793493E-1	5.531756E+10	5.859084E-1	6.341993E+10	5.797484E-1	6.327492E+10	-2.170110E-2	9.793604E-3	-2.296739E-2	-3.149470E-2	-1.890859E-2	-7.646350E+9	-7.505995E+9	-1.561004E+7	-1.403547E+8	-6.296391E+10
2.910030E+2	7.709325E-1	1.028379E+10	8.173631E-1	4.385623E+8	7.687350E-1	1.023195E+10	8.318634E-1	4.525921E+8	7.757504E-1	7.171474E+10	7.677330E-1	7.159535E+10	7.748688E-1	8.194669E+10	7.681330E-1	8.187914E+10	4.643066E-2	6.312842E-2	-1.450027E-2	-1.669777E-2	4.923010E-2	-9.845227E+9	-9.779361E+9	-1.402974E+7	-6.586528E+7	-8.144058E+10
2.915070E+2	8.781146E-1	1.160737E+10	8.748242E-1	4.671351E+8	8.648785E-1	1.141663E+10	9.115296E-1	4.930511E+8	8.838392E-1	8.098053E+10	8.788381E-1	8.119569E+10	8.814563E-1	9.239715E+10	8.787476E-1	9.280306E+10	-3.290389E-3	4.665118E-2	-3.670546E-2	-4.994157E-2	-3.923447E-3	-1.114024E+10	-1.092358E+10	-2.591604E+7	-2.166623E+8	-9.233592E+10
2.920050E+2	7.714097E-1	1.028968E+10	7.674508E-1	4.137432E+8	7.756727E-1	1.031744E+10	8.338589E-1	4.536055E+8	7.766841E-1	7.179478E+10	7.791160E-1	7.257893E+10	7.765570E-1	8.211222E+10	7.781523E-1	8.286861E+10	-3.958898E-3	5.818619E-2	-6.640805E-2	-6.214509E-2	-1.070150E-2	-9.875939E+9	-9.863834E+9	-3.986228E+7	-1.210547E+7	-8.245487E+10
2.925000E+2	1.093089E+0	1.426207E+10	1.056182E+0	5.573162E+8	1.102223E+0	1.434116E+10	1.125508E+0	6.017216E+8	1.106992E+0	1.001100E+11	1.104203E+0	1.006690E+11	1.106392E+0	1.144512E+11	1.102813E+0	1.149310E+11	-3.690642E-2	2.328531E-2	-6.932579E-2	-6.019174E-2	-4.663123E-2	-1.370475E+10	-1.373944E+10	-4.440535E+7	3.468772E+7	-1.143737E+11
2.930150E+2	1.159195E+0	1.507841E+10	1.207269E+0	6.324451E+8	1.151139E+0	1.494391E+10	1.150701E+0	6.145161E+8	1.165234E+0	1.051028E+11	1.158935E+0	1.053982E+11	1.163463E+0	1.200467E+11	1.158967E+0	1.204766E+11	4.807480E-2	-4.380786E-4	5.656834E-2	4.851288E-2	4.830226E-2	-1.444596E+10	-1.432939E+10	1.792898E+7	-1.165707E+8	-1.198441E+11
2.935040E+2	1.142928E+0	1.487754E+10	1.180752E+0	6.192593E+8	1.147264E+0	1.489616E+10	1.165870E+0	6.222197E+8	1.151778E+0	1.039493E+11	1.151023E+0	1.047145E+11	1.151211E+0	1.188454E+11	1.150011E+0	1.195921E+11	3.782385E-2	1.860561E-2	1.488226E-2	1.921824E-2	3.074146E-2	-1.425828E+10	-1.427395E+10	-2.960448E+6	1.566545E+7	-1.189728E+11
2.940100E+2	1.062858E+0	1.388875E+10	1.029598E+0	5.440970E+8	1.067840E+0	1.391750E+10	1.076141E+0	5.766502E+8	1.071013E+0	9.702578E+10	1.068441E+0	9.757886E+10	1.070614E+0	1.109433E+11	1.067743E+0	1.114676E+11	-3.325977E-2	8.301197E-3	-4.654320E-2	-4.156097E-2	-3.814537E-2	-1.334465E+10	-1.334085E+10	-3.255319E+7	-3.802411E+6	-1.109235E+11
2.945040E+2	8.304145E-1	1.101833E+10	8.392961E-1	4.494686E+8	8.348203E-1	1.104625E+10	8.538439E-1	4.637550E+8	8.364592E-1	7.691893E+10	8.353606E-1	7.743890E+10	8.362532E-1	8.796518E+10	8.347421E-1	8.845722E+10	8.881650E-3	1.902368E-2	-1.454781E-2	-1.014203E-2	4.554013E-3	-1.056886E+10	-1.058250E+10	-1.428643E+7	1.363720E+7	-8.800776E+10
2.950100E+2	7.829607E-1	1.043232E+10	8.129897E-1	4.363876E+8	7.747562E-1	1.030615E+10	7.513977E-1	4.117270E+8	7.866528E-1	7.264934E+10	7.817205E-1	7.280399E+10	7.851577E-1	8.295548E+10	7.818756E-1	8.323631E+10	3.002904E-2	-2.335854E-2	6.159205E-2	5.338758E-2	3.111413E-2	-9.995937E+9	-9.894420E+9	2.466066E+7	-1.015171E+8	-8.279992E+10
2.955070E+2	8.462606E-1	1.121401E+10	8.868808E-1	4.731303E+8	8.489377E-1	1.122021E+10	9.193786E-1	4.970373E+8	8.598645E-1	7.892533E+10	8.616929E-1	7.971421E+10	8.584913E-1	9.014553E+10	8.597632E-1	9.092822E+10	4.062025E-2	7.044086E-2	-3.249773E-2	-2.982061E-2	2.711765E-2	-1.074088E+10	-1.072317E+10	-2.390694E+7	-1.771163E+7	-9.045509E+10
2.960030E+2	9.098150E-1	1.199884E+10	9.426026E-1	5.008382E+8	9.203963E-1	1.210071E+10	9.346549E-1	5.047954E+8	9.233719E-1	8.436942E+10	9.208062E-1	8.482205E+10	9.229979E-1	9.647014E+10	9.194318E-1	9.682089E+10	3.278767E-2	1.425851E-2	7.947780E-3	1.852916E-2	2.317081E-2	-1.149800E+10	-1.159592E+10	-3.957190E+6	9.791791E+7	-9.632005E+10
2.965070E+2	8.544496E-1	1.131514E+10	9.037291E-1	4.815082E+8	8.378155E-1	1.108316E+10	8.144971E-1	4.437724E+8	8.567963E-1	7.866231E+10	8.519372E-1	7.887124E+10	8.544109E-1	8.974547E+10	8.522514E-1	9.018638E+10	4.927950E-2	-2.331846E-2	8.923203E-2	7.259796E-2	5.147771E-2	-1.083363E+10	-1.063939E+10	3.773576E+7	-1.942411E+8	-8.970487E+10
2.970060E+2	9.656912E-1	1.268885E+10	9.289448E-1	4.940468E+8	9.630831E-1	1.262670E+10	9.344103E-1	5.046712E+8	9.647733E-1	8.791851E+10	9.623589E-1	8.841252E+10	9.645609E-1	1.005452E+11	9.627756E-1	1.011014E+11	-3.674636E-2	-2.867275E-2	-5.465482E-3	-8.073617E-3	-3.383076E-2	-1.219480E+10	-1.212202E+10	-1.062440E+7	-7.277811E+7	-1.006073E+11
2.975020E+2	1.069906E+0	1.397579E+10	1.061604E+0	5.600122E+8	1.063411E+0	1.386293E+10	1.031222E+0	5.538375E+8	1.071454E+0	9.706363E+10	1.071426E+0	9.783675E+10	1.070444E+0	1.109266E+11	1.071236E+0	1.118125E+11	-8.301641E-3	-3.218973E-2	3.038248E-2	2.388809E-2	-9.631862E-3	-1.341577E+10	-1.330910E+10	6.174720E+6	-1.066788E+8	-1.112525E+11
2.980040E+2	1.122003E+0	1.461913E+10	1.136572E+0	5.972903E+8	1.115403E+0	1.450357E+10	1.192067E+0	6.355242E+8	1.121941E+0	1.013916E+11	1.122185E+0	1.022227E+11	1.121120E+0	1.158951E+11	1.122162E+0	1.168418E+11	1.456899E-2	7.666417E-2	-5.549555E-2	-6.209518E-2	1.440976E-2	-1.402184E+10	-1.386805E+10	-3.823390E+7	-1.537908E+8	-1.162445E+11
2.985020E+2	1.102288E+0	1.437568E+10	1.146244E+0	6.020997E+8	1.122858E+0	1.459544E+10	1.069841E+0	5.734506E+8	1.106174E+0	1.000399E+11	1.105502E+0	1.007812E+11	1.108271E+0	1.146354E+11	1.105100E+0	1.151569E+11	4.395550E-2	-5.301754E-2	7.640293E-2	9.697304E-2	4.114340E-2	-1.377358E+10	-1.402199E+10	2.864914E+7	2.484080E+8	-1.145548E+11
2.990020E+2	1.040331E+0	1.361057E+10	1.032999E+0	5.457882E+8	1.044180E+0	1.362597E+10	1.042928E+0	5.597826E+8	1.039352E+0	9.431166E+10	1.041548E+0	9.525510E+10	1.039959E+0	1.079376E+11	1.041396E+0	1.088657E+11	-7.331698E-3	-1.252571E-3	-9.928944E-3	-6.079127E-3	-8.397245E-3	-1.306478E+10	-1.306619E+10	-1.399444E+7	1.411070E+6	-1.083199E+11
2.995040E+2	8.219498E-1	1.091380E+10	7.577959E-1	4.089422E+8	8.065037E-1	1.069734E+10	8.022362E-1	4.375457E+8	8.143472E-1	7.502341E+10	8.118249E-1	7.540523E+10	8.133615E-1	8.572074E+10	8.130910E-1	8.631903E+10	-6.415384E-2	-4.267493E-3	-4.444028E-2	-5.988634E-2	-5.529503E-2	-1.050486E+10	-1.025979E+10	-2.860343E+7	-2.450643E+8	-8.591009E+10
3.000080E+2	8.435230E-1	1.118020E+10	8.647856E-1	4.621434E+8	8.476431E-1	1.120425E+10	8.617063E-1	4.677480E+8	8.467312E-1	7.779949E+10	8.475137E-1	7.848902E+10	8.468458E-1	8.900374E+10	8.470147E-1	8.966922E+10	2.126269E-2	1.406317E-2	3.079355E-3	7.199524E-3	1.777097E-2	-1.071806E+10	-1.073651E+10	-5.604599E+6	1.844576E+7	-8.920708E+10
