Photon Energy (eV)	X ref norm	X ref	X pump norm	X pump	Y ref norm	Y ref	Y pump norm	Y pump	X all norm	X all	Y all norm	Y all	X all Y ref norm	X all Y ref	Y all X ref norm	Y all X ref	BC(X hist) norm	BC(Y hist) norm	StS norm	BCSC norm	BCLR norm	BC(X hist)	BC(Y hist)	StS	BCSC	BCLR	
2.790060E+2	4.922151E-4	7.696792E+8	1.985260E-3	2.745474E+7	1.089969E-3	7.730876E+8	1.480603E-2	3.958586E+7	-4.078807E-4	5.179450E+9	-4.324984E-4	5.219993E+9	-2.196381E-4	5.952538E+9	-3.168684E-4	5.989672E+9	1.493044E-3	1.371606E-2	-1.282077E-2	-1.222302E-2	2.302128E-3	-7.422245E+8	-7.335017E+8	-1.213112E+7	-8.722725E+6	-5.962217E+9
2.795020E+2	-3.148439E-4	7.597129E+8	9.570617E-3	3.131194E+7	6.616261E-4	7.678096E+8	3.609502E-3	3.386807E+7	-1.759852E-3	5.063554E+9	-1.380728E-3	5.138058E+9	-1.455532E-3	5.831363E+9	-1.247445E-3	5.897771E+9	9.885461E-3	2.947876E-3	5.961115E-3	6.937585E-3	1.081806E-2	-7.284010E+8	-7.339415E+8	-2.556131E+6	5.540563E+6	-5.866459E+9
2.800000E+2	-3.836490E-3	7.162244E+8	-8.210350E-3	2.227020E+7	-2.859536E-3	7.244221E+8	-7.887533E-3	2.799683E+7	-2.233957E-3	5.022912E+9	-2.674234E-3	5.026290E+9	-2.312576E-3	5.747334E+9	-2.819567E-3	5.742514E+9	-4.373861E-3	-5.027997E-3	-3.228167E-4	6.541367E-4	-5.390783E-3	-6.939542E+8	-6.964253E+8	-5.726627E+6	2.471104E+6	-5.720244E+9
2.805030E+2	1.309725E-3	7.797746E+8	-8.094640E-3	2.232904E+7	-2.314153E-3	7.311423E+8	8.497919E-3	3.636446E+7	7.663731E-5	5.220985E+9	-1.705368E-3	5.110007E+9	-2.238258E-4	5.952127E+9	-1.328348E-3	5.889782E+9	-9.404366E-3	1.081207E-2	-1.659256E-2	-2.021644E-2	-6.766292E-3	-7.574455E+8	-6.947778E+8	-1.403542E+7	-6.266775E+7	-5.867453E+9
2.810020E+2	3.891875E-3	8.116613E+8	5.651183E-3	2.931888E+7	5.450732E-3	8.268206E+8	9.678309E-3	3.696726E+7	3.541099E-3	5.517972E+9	5.546916E-3	5.736660E+9	3.781092E-3	6.344792E+9	5.339963E-3	6.548321E+9	1.759309E-3	4.227577E-3	-4.027126E-3	-2.468268E-3	3.112207E-4	-7.823425E+8	-7.898533E+8	-7.648375E+6	7.510881E+6	-6.519002E+9
2.815020E+2	-1.562015E-3	7.443117E+8	-7.968975E-3	2.239294E+7	-4.574210E-4	7.540208E+8	-5.079755E-3	2.943069E+7	-9.782232E-4	5.130558E+9	-7.327949E-4	5.194045E+9	-9.127713E-4	5.884579E+9	-8.364840E-4	5.938357E+9	-6.406959E-3	-4.622334E-3	-2.889220E-3	-1.784626E-3	-7.132491E-3	-7.219187E+8	-7.245901E+8	-7.037748E+6	2.671355E+6	-5.915964E+9
2.820040E+2	-2.226388E-3	7.361074E+8	3.604939E-3	2.827835E+7	-3.938211E-3	7.111307E+8	-1.614585E-2	2.377951E+7	-6.245163E-4	5.160879E+9	-2.257607E-3	5.062289E+9	-1.040966E-3	5.872010E+9	-2.253703E-3	5.798397E+9	5.831326E-3	-1.220764E-2	1.975079E-2	1.803897E-2	5.858642E-3	-7.078290E+8	-6.873512E+8	4.498839E+6	-2.047781E+7	-5.770118E+9
2.825040E+2	2.245921E-3	7.913356E+8	3.461966E-3	2.820565E+7	2.366993E-3	7.888230E+8	-7.478624E-3	2.820565E+7	2.386693E-3	5.419012E+9	3.636314E-3	5.571569E+9	2.384217E-3	6.207835E+9	3.462454E-3	6.362905E+9	1.216045E-3	-9.845618E-3	1.094059E-2	1.106166E-2	-4.877138E-7	-7.631299E+8	-7.606174E+8	3.910330E+0	-2.512590E+6	-6.334699E+9
2.830020E+2	1.331675E-2	9.280484E+8	2.484789E-2	3.908054E+7	1.390150E-2	9.309504E+8	1.381650E-2	3.908053E+7	1.295897E-2	6.325308E+9	1.331039E-2	6.407484E+9	1.307742E-2	7.256258E+9	1.331119E-2	7.335532E+9	1.153114E-2	-8.500172E-5	1.103139E-2	1.161615E-2	1.153670E-2	-8.889678E+8	-8.918699E+8	7.946376E+0	2.902021E+6	-7.296451E+9
2.835020E+2	2.988580E-2	1.132658E+9	2.662911E-2	3.998630E+7	2.939308E-2	1.121837E+9	1.950526E-2	4.198563E+7	2.934190E-2	7.729717E+9	2.831613E-2	7.704093E+9	2.934834E-2	8.851553E+9	2.851240E-2	8.836752E+9	-3.256694E-3	-9.887820E-3	7.123845E-3	6.631127E-3	-1.883295E-3	-1.092672E+9	-1.079851E+9	-1.999336E+6	-1.282127E+7	-8.796765E+9
2.840030E+2	5.400511E-2	1.430506E+9	6.605382E-2	6.003403E+7	5.049594E-2	1.381864E+9	3.881679E-2	5.184754E+7	5.468712E-2	9.902407E+9	5.213745E-2	9.762438E+9	5.416039E-2	1.128427E+10	5.237099E-2	1.119294E+10	1.204872E-2	-1.167915E-2	2.723704E-2	2.372787E-2	1.368283E-2	-1.370472E+9	-1.330017E+9	8.186490E+6	-4.045508E+7	-1.113291E+10
2.841010E+2	5.511756E-2	1.444243E+9	8.633679E-2	7.034805E+7	5.703110E-2	1.462390E+9	6.018847E-2	6.276152E+7	5.601698E-2	1.001641E+10	5.603626E-2	1.009932E+10	5.614443E-2	1.147880E+10	5.592138E-2	1.154357E+10	3.121923E-2	3.157370E-3	2.614832E-2	2.806186E-2	3.041541E-2	-1.373895E+9	-1.399629E+9	7.586535E+6	2.573322E+7	-1.147322E+10
2.842060E+2	5.685279E-2	1.465672E+9	7.249099E-2	6.330737E+7	5.636167E-2	1.454141E+9	8.305389E-2	7.443830E+7	5.746033E-2	1.014014E+10	5.750681E-2	1.022639E+10	5.732226E-2	1.159428E+10	5.742503E-2	1.169206E+10	1.563820E-2	2.669221E-2	-1.056290E-2	-1.105402E-2	1.506596E-2	-1.402364E+9	-1.379703E+9	-1.113093E+7	-2.266124E+7	-1.162876E+10
2.843040E+2	7.311989E-2	1.666553E+9	8.424740E-2	6.928558E+7	7.801288E-2	1.720926E+9	7.844571E-2	7.208502E+7	7.784000E-2	1.188716E+10	7.626915E-2	1.184760E+10	7.786173E-2	1.360809E+10	7.587535E-2	1.351415E+10	1.112751E-2	4.328257E-4	5.801689E-3	1.069468E-2	8.372044E-3	-1.597267E+9	-1.648841E+9	-2.799441E+6	5.157368E+7	-1.344487E+10
2.844040E+2	1.102918E-1	2.125586E+9	1.262254E-1	9.063168E+7	1.041126E-1	2.042525E+9	1.243940E-1	9.554966E+7	1.112321E-1	1.474966E+10	1.091122E-1	1.468549E+10	1.103374E-1	1.679219E+10	1.092597E-1	1.681108E+10	1.593365E-2	2.028143E-2	1.831392E-3	-4.347779E-3	1.696567E-2	-2.034954E+9	-1.946975E+9	-4.917977E+6	-8.797883E+7	-1.672045E+10
2.845040E+2	1.507970E-1	2.625782E+9	1.590973E-1	1.073473E+8	1.546767E-1	2.665572E+9	1.419641E-1	1.045223E+8	1.578931E-1	1.874963E+10	1.525456E-1	1.843847E+10	1.574889E-1	2.141520E+10	1.523270E-1	2.106425E+10	8.300307E-3	-1.271262E-2	1.713320E-2	2.101292E-2	6.770341E-3	-2.518434E+9	-2.561050E+9	2.825002E+6	4.261554E+7	-2.095690E+10
2.846030E+2	2.720682E-1	4.123351E+9	3.172792E-1	1.877838E+8	2.733377E-1	4.127704E+9	2.814166E-1	1.757371E+8	2.868158E-1	2.980138E+10	2.726344E-1	2.881506E+10	2.851220E-1	3.392908E+10	2.725636E-1	3.293841E+10	4.521091E-2	8.078905E-3	3.586257E-2	3.713200E-2	4.471556E-2	-3.935568E+9	-3.951967E+9	1.204669E+7	1.639923E+7	-3.275062E+10
2.847030E+2	8.189361E-1	1.087658E+10	8.263812E-1	4.466656E+8	8.079935E-1	1.071569E+10	8.133373E-1	4.473755E+8	8.635772E-1	7.924359E+10	8.185310E-1	7.598469E+10	8.565917E-1	8.995928E+10	8.185817E-1	8.686127E+10	7.445041E-3	5.343767E-3	1.304387E-2	2.101274E-3	7.799491E-3	-1.042992E+10	-1.026832E+10	-7.099449E+5	-1.615981E+8	-8.641461E+10
2.848060E+2	1.425854E+0	1.837137E+10	1.433782E+0	7.555332E+8	1.419789E+0	1.825420E+10	1.437686E+0	7.662145E+8	1.433331E+0	1.280851E+11	1.420687E+0	1.280155E+11	1.431629E+0	1.463393E+11	1.421333E+0	1.463869E+11	7.928340E-3	1.789666E-2	-3.903585E-3	-9.968325E-3	1.244970E-2	-1.761583E+10	-1.748798E+10	-1.068139E+7	-1.278511E+8	-1.456314E+11
2.849010E+2	1.528941E+0	1.964439E+10	1.526662E+0	8.027633E+8	1.537662E+0	1.970662E+10	1.558160E+0	8.277378E+8	1.526719E+0	1.360907E+11	1.533178E+0	1.377357E+11	1.528095E+0	1.557973E+11	1.532648E+0	1.573800E+11	-2.278998E-3	2.049807E-2	-3.149801E-2	-2.277707E-2	-5.985886E-3	-1.884162E+10	-1.887888E+10	-2.497452E+7	3.726063E+7	-1.565773E+11
2.850030E+2	1.390976E+0	1.794066E+10	1.443517E+0	7.604830E+8	1.394335E+0	1.794055E+10	1.422251E+0	7.583325E+8	1.384143E+0	1.238685E+11	1.396470E+0	1.259230E+11	1.385424E+0	1.418091E+11	1.395783E+0	1.438637E+11	5.254024E-2	2.791633E-2	2.126509E-2	2.462391E-2	4.773380E-2	-1.718018E+10	-1.718222E+10	2.150507E+6	2.038999E+6	-1.431032E+11
2.851090E+2	8.897603E-1	1.175118E+10	8.947283E-1	4.814205E+8	9.107519E-1	1.198187E+10	9.109115E-1	4.972042E+8	8.988517E-1	8.226746E+10	9.024798E-1	8.323851E+10	9.003473E-1	9.424933E+10	9.008893E-1	9.498969E+10	4.967956E-3	1.596566E-4	-1.618325E-2	4.808299E-3	-6.161001E-3	-1.126976E+10	-1.148467E+10	-1.578367E+7	2.149063E+8	-9.450827E+10
2.852020E+2	6.649495E-1	8.975013E+9	6.678480E-1	3.660504E+8	6.610614E-1	8.905207E+9	6.372212E-1	3.574375E+8	6.619905E-1	6.196280E+10	6.635890E-1	6.259652E+10	6.618737E-1	7.086801E+10	6.637591E-1	7.157153E+10	2.898442E-3	-2.384020E-2	3.062678E-2	2.673864E-2	4.088849E-3	-8.608963E+9	-8.547770E+9	8.612892E+6	-6.119326E+7	-7.120548E+10
2.853020E+2	5.198651E-1	7.183376E+9	5.481589E-1	3.051877E+8	5.220802E-1	7.192691E+9	5.363159E-1	3.059077E+8	5.232445E-1	5.006895E+10	5.233859E-1	5.048190E+10	5.230982E-1	5.726165E+10	5.229456E-1	5.766527E+10	2.829384E-2	1.423571E-2	1.184300E-2	1.405812E-2	2.521330E-2	-6.878188E+9	-6.886783E+9	-7.200314E+5	8.594965E+6	-5.736009E+10
2.854160E+2	3.854499E-1	5.523493E+9	4.427155E-1	2.515690E+8	4.008456E-1	5.698847E+9	3.847418E-1	2.285027E+8	4.040194E-1	3.984852E+10	4.011113E-1	3.991644E+10	4.036205E-1	4.554737E+10	3.991529E-1	4.543993E+10	5.726564E-2	-1.610378E-2	5.797369E-2	7.336942E-2	4.356259E-2	-5.271924E+9	-5.470345E+9	2.306634E+7	1.984209E+8	-4.518837E+10
2.855060E+2	3.111820E-1	4.606364E+9	3.375368E-1	1.980849E+8	3.063305E-1	4.534239E+9	3.026910E-1	1.866014E+8	3.145363E-1	3.217769E+10	3.137198E-1	3.236515E+10	3.135051E-1	3.671192E+10	3.134024E-1	3.697151E+10	2.635477E-2	-3.639494E-3	3.484575E-2	2.999427E-2	2.413434E-2	-4.408279E+9	-4.347638E+9	1.148351E+7	-6.064151E+7	-3.677343E+10
2.856030E+2	3.501356E-1	5.087399E+9	3.762169E-1	2.177540E+8	3.529136E-1	5.108233E+9	3.875387E-1	2.299310E+8	3.627891E-1	3.631410E+10	3.564864E-1	3.606051E+10	3.615480E-1	4.142233E+10	3.556923E-1	4.114791E+10	2.608130E-2	3.462512E-2	-1.132184E-2	-8.543827E-3	2.052460E-2	-4.869645E+9	-4.878302E+9	-1.217697E+7	8.656449E+6	-4.093016E+10
2.858010E+2	5.614795E-1	7.697270E+9	5.681165E-1	3.153362E+8	5.616099E-1	7.679773E+9	5.756865E-1	3.260133E+8	5.743768E-1	5.445222E+10	5.662569E-1	5.418629E+10	5.727723E-1	6.213199E+10	5.656596E-1	6.188356E+10	6.636950E-3	1.407662E-2	-7.570043E-3	-7.439671E-3	2.456910E-3	-7.381933E+9	-7.353760E+9	-1.067705E+7	-2.817377E+7	-6.156822E+10
2.860020E+2	9.077970E-1	1.197392E+10	9.639501E-1	5.166203E+8	9.104774E-1	1.197849E+10	8.597834E-1	4.710944E+8	9.231050E-1	8.434655E+10	9.035334E-1	8.332955E+10	9.215181E-1	9.632504E+10	9.040665E-1	9.530347E+10	5.615312E-2	-5.069403E-2	1.041668E-1	1.068471E-1	5.988361E-2	-1.145730E+10	-1.150740E+10	4.552597E+7	5.009992E+7	-9.478685E+10
2.862030E+2	1.221219E+0	1.584434E+10	1.248456E+0	6.612937E+8	1.225901E+0	1.586512E+10	1.187445E+0	6.384231E+8	1.223408E+0	1.100897E+11	1.224340E+0	1.110497E+11	1.223722E+0	1.259548E+11	1.223950E+0	1.268941E+11	2.723751E-2	-3.845541E-2	6.101105E-2	6.569291E-2	2.450635E-2	-1.518305E+10	-1.522669E+10	2.287064E+7	4.364478E+7	-1.262328E+11
2.864090E+2	8.199529E-1	1.088914E+10	8.212606E-1	4.440617E+8	8.204440E-1	1.086911E+10	8.195606E-1	4.505536E+8	8.233650E-1	7.579645E+10	8.187004E-1	7.599933E+10	8.229979E-1	8.666555E+10	8.188570E-1	8.688847E+10	1.307704E-3	-8.834268E-4	1.699946E-3	2.191131E-3	2.403552E-3	-1.044508E+10	-1.041855E+10	-6.491899E+6	-2.652123E+7	-8.644440E+10
2.866050E+2	7.742158E-1	1.032433E+10	8.282706E-1	4.476264E+8	7.824843E-1	1.040137E+10	7.834728E-1	4.321245E+8	7.873057E-1	7.270531E+10	7.790485E-1	7.257310E+10	7.866998E-1	8.310668E+10	7.784442E-1	8.289743E+10	5.405480E-2	9.885091E-4	4.479780E-2	5.306629E-2	4.982641E-2	-9.876708E+9	-9.969247E+9	1.550188E+7	9.253884E+7	-8.244981E+10
2.868020E+2	9.888943E-1	1.297538E+10	9.993193E-1	5.346058E+8	9.808275E-1	1.284534E+10	9.438873E-1	5.140441E+8	9.827181E-1	8.945681E+10	9.812780E-1	9.004728E+10	9.824805E-1	1.023022E+11	9.822304E-1	1.030227E+11	1.042504E-2	-3.694022E-2	5.543202E-2	4.736526E-2	1.708893E-2	-1.244078E+10	-1.233130E+10	2.056169E+7	-1.094793E+8	-1.024881E+11
2.870030E+2	8.394965E-1	1.113048E+10	8.344975E-1	4.507928E+8	8.455586E-1	1.117857E+10	8.012213E-1	4.411882E+8	8.425361E-1	7.743987E+10	8.456360E-1	7.832677E+10	8.429160E-1	8.861844E+10	8.448683E-1	8.945725E+10	-4.998923E-3	-4.433733E-2	3.327628E-2	3.933841E-2	-1.037074E-2	-1.067969E+10	-1.073738E+10	9.604634E+6	5.769243E+7	-8.900646E+10
2.872040E+2	6.380521E-1	8.642858E+9	6.938409E-1	3.792680E+8	6.273293E-1	8.489562E+9	6.573883E-1	3.677363E+8	6.381267E-1	5.991710E+10	6.361123E-1	6.022232E+10	6.367697E-1	6.840666E+10	6.363549E-1	6.886518E+10	5.578888E-2	3.005906E-2	3.645261E-2	2.572981E-2	5.748608E-2	-8.263590E+9	-8.121826E+9	1.153164E+7	-1.417644E+8	-6.848591E+10
2.874030E+2	7.656306E-1	1.021832E+10	8.280517E-1	4.475151E+8	7.704985E-1	1.025368E+10	8.047854E-1	4.430083E+8	7.829576E-1	7.233257E+10	7.829221E-1	7.290781E+10	7.813918E-1	8.258625E+10	7.807599E-1	8.312612E+10	6.242111E-2	3.428689E-2	2.326632E-2	2.813422E-2	4.729185E-2	-9.770801E+9	-9.810675E+9	4.506779E+6	3.987364E+7	-8.267861E+10
2.876030E+2	7.756925E-1	1.034257E+10	8.438972E-1	4.555726E+8	7.733299E-1	1.028857E+10	7.624176E-1	4.213721E+8	7.850902E-1	7.251538E+10	7.810027E-1	7.274196E+10	7.836122E-1	8.280395E+10	7.803387E-1	8.308453E+10	6.820472E-2	-1.091235E-2	8.147960E-2	7.911707E-2	6.355847E-2	-9.886997E+9	-9.867200E+9	3.420047E+7	-1.979718E+7	-8.262896E+10
2.878050E+2	7.301360E-1	9.779996E+9	8.109678E-1	4.388278E+8	7.367085E-1	9.837325E+9	7.471697E-1	4.135854E+8	7.404769E-1	6.869096E+10	7.350311E-1	6.876966E+10	7.400033E-1	7.852828E+10	7.344190E-1	7.854966E+10	8.083184E-2	1.046124E-2	6.379808E-2	7.037060E-2	7.654881E-2	-9.341168E+9	-9.423740E+9	2.524236E+7	8.257172E+7	-7.811083E+10
2.880020E+2	6.722851E-1	9.065599E+9	6.621372E-1	3.631464E+8	6.772210E-1	9.104324E+9	6.776070E-1	3.780615E+8	6.922102E-1	6.455335E+10	6.855389E-1	6.449316E+10	6.903264E-1	7.365767E+10	6.838816E-1	7.355876E+10	-1.014792E-2	3.860419E-4	-1.546987E-2	-1.053397E-2	-2.174442E-2	-8.702453E+9	-8.726263E+9	-1.491512E+7	2.380997E+7	-7.319561E+10
2.882060E+2	5.126486E-1	7.094261E+9	5.052777E-1	2.833823E+8	5.167871E-1	7.127469E+9	5.480788E-1	3.119147E+8	5.244209E-1	5.016980E+10	5.220808E-1	5.036913E+10	5.234615E-1	5.729727E+10	5.209014E-1	5.746339E+10	-7.370895E-3	3.129175E-2	-4.280107E-2	-3.866265E-2	-1.562363E-2	-6.810879E+9	-6.815555E+9	-2.853241E+7	4.676147E+6	-5.718001E+10
2.884040E+2	6.600498E-1	8.914507E+9	6.509273E-1	3.574461E+8	6.794081E-1	9.131274E+9	6.931330E-1	3.859902E+8	6.770639E-1	6.325495E+10	6.700043E-1	6.315085E+10	6.773585E-1	7.238623E+10	6.687596E-1	7.206536E+10	-9.122462E-3	1.372485E-2	-4.220566E-2	-2.284731E-2	-1.783224E-2	-8.557061E+9	-8.745284E+9	-2.854410E+7	1.882236E+8	-7.170791E+10
2.886030E+2	8.505589E-1	1.126709E+10	8.428301E-1	4.550300E+8	8.326011E-1	1.101891E+10	8.435779E-1	4.628186E+8	8.419451E-1	7.738921E+10	8.433200E-1	7.812665E+10	8.407708E-1	8.840811E+10	8.442252E-1	8.939374E+10	-7.728833E-3	1.097685E-2	-7.478167E-4	-1.870569E-2	-1.395046E-3	-1.081206E+10	-1.055609E+10	-7.788671E+6	-2.559722E+8	-8.893871E+10
2.887970E+2	8.095780E-1	1.076102E+10	7.694836E-1	4.177328E+8	8.260601E-1	1.093831E+10	7.972723E-1	4.391715E+8	8.138335E-1	7.497937E+10	8.224702E-1	7.632506E+10	8.153701E-1	8.591768E+10	8.208581E-1	8.708608E+10	-4.009437E-2	-2.878774E-2	-2.778867E-2	-1.130663E-2	-5.137443E-2	-1.034329E+10	-1.049914E+10	-2.143874E+7	1.558502E+8	-8.666835E+10
2.890120E+2	8.573056E-1	1.135040E+10	7.915716E-1	4.289647E+8	8.764140E-1	1.155877E+10	8.586151E-1	4.704977E+8	8.679825E-1	7.962123E+10	8.760515E-1	8.095491E+10	8.690421E-1	9.118000E+10	8.737075E-1	9.230531E+10	-6.573399E-2	-1.779892E-2	-6.704349E-2	-4.793507E-2	-8.213585E-2	-1.092144E+10	-1.108827E+10	-4.153306E+7	1.668292E+8	-9.187634E+10
2.892040E+2	9.652169E-1	1.268299E+10	1.009904E+0	5.399883E+8	9.629051E-1	1.262450E+10	9.857626E-1	5.354288E+8	9.732940E-1	8.864894E+10	9.695739E-1	8.903595E+10	9.719884E-1	1.012734E+11	9.690291E-1	1.017189E+11	4.468729E-2	2.285758E-2	2.414159E-2	2.182971E-2	4.087515E-2	-1.214300E+10	-1.208907E+10	4.559509E+6	-5.393093E+7	-1.011790E+11
2.894050E+2	9.181423E-1	1.210167E+10	9.158656E-1	4.921690E+8	9.128551E-1	1.200779E+10	8.830860E-1	4.829944E+8	9.180866E-1	8.391635E+10	9.169909E-1	8.449238E+10	9.174291E-1	9.592414E+10	9.171349E-1	9.659405E+10	-2.276673E-3	-2.976907E-2	3.277962E-2	2.749239E-2	-1.269272E-3	-1.160950E+10	-1.152480E+10	9.174603E+6	-8.470687E+7	-9.610188E+10
2.896060E+2	8.488721E-1	1.124626E+10	8.338135E-1	4.504450E+8	8.478543E-1	1.120686E+10	8.219342E-1	4.517657E+8	8.495404E-1	7.804030E+10	8.515508E-1	7.883785E+10	8.493285E-1	8.924715E+10	8.512158E-1	9.008411E+10	-1.505856E-2	-2.592006E-2	1.187932E-2	1.086150E-2	-1.740231E-2	-1.079581E+10	-1.075509E+10	-1.320764E+6	-4.072479E+7	-8.963367E+10
2.898050E+2	7.815408E-1	1.041479E+10	7.242126E-1	3.947122E+8	7.983014E-1	1.059627E+10	8.213780E-1	4.514817E+8	7.845469E-1	7.246881E+10	7.868395E-1	7.324631E+10	7.862755E-1	8.306508E+10	7.861769E-1	8.366110E+10	-5.732820E-2	2.307656E-2	-9.716537E-2	-8.040476E-2	-6.196432E-2	-1.002008E+10	-1.014479E+10	-5.676952E+7	1.247089E+8	-8.326638E+10
2.900050E+2	5.597140E-1	7.675468E+9	5.710139E-1	3.168096E+8	5.572720E-1	7.626322E+9	5.972617E-1	3.370312E+8	5.686507E-1	5.396135E+10	5.655726E-1	5.412715E+10	5.672207E-1	6.158767E+10	5.648400E-1	6.180262E+10	1.129987E-2	3.998962E-2	-2.624774E-2	-2.868975E-2	6.173891E-3	-7.358658E+9	-7.289291E+9	-2.022155E+7	-6.936729E+7	-6.148581E+10
2.905170E+2	5.825409E-1	7.957355E+9	5.666351E-1	3.145830E+8	5.740136E-1	7.832610E+9	6.047508E-1	3.408557E+8	5.876182E-1	5.558732E+10	5.793493E-1	5.531756E+10	5.859084E-1	6.341993E+10	5.797484E-1	6.327492E+10	-1.590575E-2	3.073724E-2	-3.811569E-2	-4.664300E-2	-1.311325E-2	-7.642772E+9	-7.491754E+9	-2.627272E+7	-1.510174E+8	-6.296034E+10
2.910030E+2	7.709325E-1	1.028379E+10	8.057643E-1	4.361818E+8	7.687350E-1	1.023195E+10	6.992650E-1	3.891217E+8	7.757504E-1	7.171474E+10	7.677330E-1	7.159535E+10	7.748688E-1	8.194669E+10	7.681330E-1	8.187914E+10	3.483183E-2	-6.947003E-2	1.064993E-1	1.043019E-1	3.763127E-2	-9.847607E+9	-9.842832E+9	4.706009E+7	-4.775442E+6	-8.144296E+10
2.915070E+2	8.781146E-1	1.160737E+10	8.883601E-1	4.781823E+8	8.648785E-1	1.141663E+10	8.605158E-1	4.714684E+8	8.838392E-1	8.098053E+10	8.788381E-1	8.119569E+10	8.814563E-1	9.239715E+10	8.787476E-1	9.280306E+10	1.024552E-2	-4.362715E-3	2.784433E-2	1.460823E-2	9.612458E-3	-1.112919E+10	-1.094516E+10	6.713908E+6	-1.840324E+8	-9.232488E+10
2.920050E+2	7.714097E-1	1.028968E+10	8.146176E-1	4.406837E+8	7.756727E-1	1.031744E+10	7.460092E-1	4.129928E+8	7.766841E-1	7.179478E+10	7.791160E-1	7.257893E+10	7.765570E-1	8.211222E+10	7.781523E-1	8.286861E+10	4.320787E-2	-2.966350E-2	6.860842E-2	7.287138E-2	3.646527E-2	-9.848999E+9	-9.904446E+9	2.769096E+7	5.544778E+7	-8.242793E+10
2.925000E+2	1.093089E+0	1.426207E+10	1.065373E+0	5.681945E+8	1.102223E+0	1.434116E+10	1.139980E+0	6.141836E+8	1.106992E+0	1.001100E+11	1.104203E+0	1.006690E+11	1.106392E+0	1.144512E+11	1.102813E+0	1.149310E+11	-2.771574E-2	3.775731E-2	-7.460710E-2	-6.547305E-2	-3.744055E-2	-1.369388E+10	-1.372698E+10	-4.598919E+7	3.310388E+7	-1.143628E+11
2.930150E+2	1.159195E+0	1.507841E+10	1.134572E+0	6.033826E+8	1.151139E+0	1.494391E+10	1.185789E+0	6.375772E+8	1.165234E+0	1.051028E+11	1.158935E+0	1.053982E+11	1.163463E+0	1.200467E+11	1.158967E+0	1.204766E+11	-2.462278E-2	3.464985E-2	-5.121716E-2	-5.927262E-2	-2.439533E-2	-1.447503E+10	-1.430633E+10	-3.419457E+7	-1.686942E+8	-1.198732E+11
2.935040E+2	1.142928E+0	1.487754E+10	1.204774E+0	6.390808E+8	1.147264E+0	1.489616E+10	1.152671E+0	6.206647E+8	1.151778E+0	1.039493E+11	1.151023E+0	1.047145E+11	1.151211E+0	1.188454E+11	1.150011E+0	1.195921E+11	6.184538E-2	5.406770E-3	5.210263E-2	5.643861E-2	5.476299E-2	-1.423846E+10	-1.427550E+10	1.841604E+7	3.704194E+7	-1.189530E+11
2.940100E+2	1.062858E+0	1.388875E+10	1.076251E+0	5.737263E+8	1.067840E+0	1.391750E+10	1.089598E+0	5.884548E+8	1.071013E+0	9.702578E+10	1.068441E+0	9.757886E+10	1.070614E+0	1.109433E+11	1.067743E+0	1.114676E+11	1.339379E-2	2.175805E-2	-1.334648E-2	-8.364255E-3	8.508192E-3	-1.331502E+10	-1.332905E+10	-1.472853E+7	1.402225E+7	-1.108939E+11
2.945040E+2	8.304145E-1	1.101833E+10	8.264001E-1	4.466752E+8	8.348203E-1	1.104625E+10	9.160347E-1	4.998205E+8	8.364592E-1	7.691893E+10	8.353606E-1	7.743890E+10	8.362532E-1	8.796518E+10	8.347421E-1	8.845722E+10	-4.014395E-3	8.121450E-2	-8.963468E-2	-8.522889E-2	-8.342032E-3	-1.057165E+10	-1.054643E+10	-5.314532E+7	-2.522169E+7	-8.801055E+10
2.950100E+2	7.829607E-1	1.043232E+10	8.277629E-1	4.473682E+8	7.747562E-1	1.030615E+10	8.109076E-1	4.461348E+8	7.866528E-1	7.264934E+10	7.817205E-1	7.280399E+10	7.851577E-1	8.295548E+10	7.818756E-1	8.323631E+10	4.480217E-2	3.615142E-2	1.685521E-2	8.650747E-3	4.588726E-2	-9.984956E+9	-9.860012E+9	1.233414E+6	-1.249443E+8	-8.278894E+10
2.955070E+2	8.462606E-1	1.121401E+10	8.289068E-1	4.479499E+8	8.489377E-1	1.122021E+10	8.946610E-1	4.889055E+8	8.598645E-1	7.892533E+10	8.616929E-1	7.971421E+10	8.584913E-1	9.014553E+10	8.597632E-1	9.092822E+10	-1.735376E-2	4.572331E-2	-6.575419E-2	-6.307707E-2	-3.085636E-2	-1.076606E+10	-1.073130E+10	-4.095559E+7	-3.476028E+7	-9.048027E+10
2.960030E+2	9.098150E-1	1.199884E+10	8.996340E-1	4.839151E+8	9.203963E-1	1.210071E+10	9.434779E-1	5.138350E+8	9.233719E-1	8.436942E+10	9.208062E-1	8.482205E+10	9.229979E-1	9.647014E+10	9.194318E-1	9.682089E+10	-1.018101E-2	2.308159E-2	-4.384397E-2	-3.326260E-2	-1.979787E-2	-1.151492E+10	-1.158688E+10	-2.991993E+7	7.195517E+7	-9.633697E+10
2.965070E+2	8.544496E-1	1.131514E+10	8.420067E-1	4.546113E+8	8.378155E-1	1.108316E+10	8.568795E-1	4.696114E+8	8.567963E-1	7.866231E+10	8.519372E-1	7.887124E+10	8.544109E-1	8.974547E+10	8.522514E-1	9.018638E+10	-1.244287E-2	1.906397E-2	-1.487277E-2	-3.150684E-2	-1.024465E-2	-1.086052E+10	-1.061355E+10	-1.500014E+7	-2.469770E+8	-8.973177E+10
2.970060E+2	9.656912E-1	1.268885E+10	9.696772E-1	5.195326E+8	9.630831E-1	1.262670E+10	9.664151E-1	5.255485E+8	9.647733E-1	8.791851E+10	9.623589E-1	8.841252E+10	9.645609E-1	1.005452E+11	9.627756E-1	1.011014E+11	3.986005E-3	3.332013E-3	3.262127E-3	6.539919E-4	6.901606E-3	-1.216932E+10	-1.210115E+10	-6.015892E+6	-6.816960E+7	-1.005818E+11
2.975020E+2	1.069906E+0	1.397579E+10	1.087981E+0	5.796906E+8	1.063411E+0	1.386293E+10	1.110344E+0	5.990495E+8	1.071454E+0	9.706363E+10	1.071426E+0	9.783675E+10	1.070444E+0	1.109266E+11	1.071236E+0	1.118125E+11	1.807496E-2	4.693308E-2	-2.236373E-2	-2.885812E-2	1.674474E-2	-1.339610E+10	-1.326388E+10	-1.935884E+7	-1.322124E+8	-1.112328E+11
2.980040E+2	1.122003E+0	1.461913E+10	1.056350E+0	5.636064E+8	1.115403E+0	1.450357E+10	1.146345E+0	6.174341E+8	1.121941E+0	1.013916E+11	1.122185E+0	1.022227E+11	1.121120E+0	1.158951E+11	1.122162E+0	1.168418E+11	-6.565253E-2	3.094183E-2	-8.999473E-2	-9.659436E-2	-6.581175E-2	-1.405552E+10	-1.388614E+10	-5.382770E+7	-1.693846E+8	-1.162782E+11
2.985020E+2	1.102288E+0	1.437568E+10	1.167625E+0	6.201901E+8	1.122858E+0	1.459544E+10	1.073692E+0	5.803320E+8	1.106174E+0	1.000399E+11	1.105502E+0	1.007812E+11	1.108271E+0	1.146354E+11	1.105100E+0	1.151569E+11	6.533630E-2	-4.916651E-2	9.393270E-2	1.145028E-1	6.252420E-2	-1.375549E+10	-1.401510E+10	3.985813E+7	2.596170E+8	-1.145367E+11
2.990020E+2	1.040331E+0	1.361057E+10	1.063647E+0	5.673167E+8	1.044180E+0	1.362597E+10	1.015167E+0	5.504450E+8	1.039352E+0	9.431166E+10	1.041548E+0	9.525510E+10	1.039959E+0	1.079376E+11	1.041396E+0	1.088657E+11	2.331619E-2	-2.901304E-2	4.847941E-2	5.232923E-2	2.225065E-2	-1.304325E+10	-1.307553E+10	1.687171E+7	3.227722E+7	-1.082983E+11
2.995040E+2	8.219498E-1	1.091380E+10	7.781886E-1	4.221593E+8	8.065037E-1	1.069734E+10	8.351565E-1	4.585180E+8	8.143472E-1	7.502341E+10	8.118249E-1	7.540523E+10	8.133615E-1	8.572074E+10	8.130910E-1	8.631903E+10	-4.376116E-2	2.865280E-2	-5.696790E-2	-7.241397E-2	-3.490236E-2	-1.049164E+10	-1.023882E+10	-3.635870E+7	-2.528196E+8	-8.589687E+10
3.000080E+2	8.435230E-1	1.118020E+10	8.462092E-1	4.567483E+8	8.476431E-1	1.120425E+10	8.192950E-1	4.504179E+8	8.467312E-1	7.779949E+10	8.475137E-1	7.848902E+10	8.468458E-1	8.900374E+10	8.470147E-1	8.966922E+10	2.686250E-3	-2.834816E-2	2.691425E-2	3.103441E-2	-8.054680E-4	-1.072345E+10	-1.075384E+10	6.330318E+6	3.038068E+7	-8.921247E+10
