Photon Energy (eV)	X ref norm	X ref	X pump norm	X pump	Y ref norm	Y ref	Y pump norm	Y pump	X all norm	X all	Y all norm	Y all	X all Y ref norm	X all Y ref	Y all X ref norm	Y all X ref	BC(X hist) norm	BC(Y hist) norm	StS norm	BCSC norm	BCLR norm	BC(X hist)	BC(Y hist)	StS	BCSC	BCLR	
5.300220E+2	-8.051033E-3	8.626020E+8	-2.682831E-3	6.061782E+7	-5.895774E-3	8.990203E+8	-1.141429E-2	4.722552E+7	-7.473788E-3	8.869623E+9	-7.145078E-3	9.050653E+9	-7.330678E-3	9.768643E+9	-7.226380E-3	9.913255E+9	5.368202E-3	-5.518516E-3	8.731458E-3	1.088672E-2	4.543549E-3	-8.019841E+8	-8.517948E+8	1.339231E+7	4.981063E+7	-9.852637E+9
5.305080E+2	-7.864056E-3	8.662600E+8	4.265883E-3	6.919797E+7	-5.068326E-3	9.152838E+8	-2.673731E-3	5.801445E+7	-5.529574E-3	9.252773E+9	-5.908883E-3	9.295963E+9	-5.487743E-3	1.016806E+10	-6.084344E-3	1.016222E+10	1.212994E-2	2.394595E-3	6.939614E-3	9.735344E-3	1.035023E-2	-7.970620E+8	-8.572693E+8	1.118353E+7	6.020732E+7	-1.009302E+10
5.310350E+2	-4.339397E-3	9.352164E+8	-8.595010E-3	5.331757E+7	-3.220202E-3	9.516087E+8	-4.205468E-3	5.612374E+7	-4.917953E-3	9.373307E+9	-4.534041E-3	9.568785E+9	-4.763983E-3	1.032492E+10	-4.516574E-3	1.050400E+10	-4.255613E-3	-9.852662E-4	-4.389542E-3	-3.270347E-3	-4.078437E-3	-8.818988E+8	-8.954849E+8	-2.806173E+6	1.358611E+7	-1.045068E+10
5.315230E+2	-4.063093E-3	9.406220E+8	-4.212594E-3	5.872890E+7	-4.289671E-3	9.305883E+8	-9.621061E-4	6.012720E+7	-3.204583E-3	9.710964E+9	-2.760442E-3	9.920737E+9	-3.302990E-3	1.064155E+10	-2.877344E-3	1.086136E+10	-1.495013E-4	3.327565E-3	-3.250488E-3	-3.477066E-3	-1.335251E-3	-8.818931E+8	-8.704611E+8	-1.398296E+6	-1.143205E+7	-1.080263E+10
5.320120E+2	2.513574E-3	1.069288E+9	-2.019070E-3	6.143743E+7	8.629869E-4	1.031864E+9	4.624190E-3	6.702266E+7	1.434072E-3	1.062511E+10	9.525703E-4	1.065754E+10	1.382281E-3	1.165698E+10	1.092658E-3	1.172683E+10	-4.532644E-3	3.761204E-3	-6.643260E-3	-8.293848E-3	-3.111727E-3	-1.007851E+9	-9.648412E+8	-5.585229E+6	-4.300933E+7	-1.166539E+10
5.325120E+2	6.733485E-3	1.151846E+9	6.863438E-3	7.240539E+7	4.586642E-3	1.105052E+9	1.126297E-2	7.521725E+7	6.178516E-3	1.156011E+10	6.597602E-3	1.177774E+10	6.034148E-3	1.266516E+10	6.609797E-3	1.292959E+10	1.299531E-4	6.676330E-3	-4.399534E-3	-6.546377E-3	2.536416E-4	-1.079441E+9	-1.029835E+9	-2.811862E+6	-4.960579E+7	-1.285718E+10
5.330280E+2	1.507052E-2	1.314952E+9	6.380184E-3	7.180868E+7	1.302434E-2	1.270896E+9	3.368432E-3	6.547261E+7	1.351331E-2	1.300559E+10	1.279827E-2	1.300820E+10	1.346897E-2	1.427649E+10	1.300219E-2	1.432315E+10	-8.690335E-3	-9.655912E-3	3.011752E-3	9.655768E-4	-6.622003E-3	-1.243143E+9	-1.205423E+9	6.336069E+6	-3.772040E+7	-1.425134E+10
5.331730E+2	1.447640E-2	1.303329E+9	1.735504E-2	8.536024E+7	1.643424E-2	1.337917E+9	2.576692E-2	9.312024E+7	1.713583E-2	1.371949E+10	1.757948E-2	1.395698E+10	1.707220E-2	1.505741E+10	1.730100E-2	1.526030E+10	2.878644E-3	9.332677E-3	-8.411878E-3	-6.454033E-3	5.403868E-5	-1.217968E+9	-1.244797E+9	-7.760001E+6	2.682853E+7	-1.517494E+10
5.333080E+2	1.907308E-2	1.393258E+9	3.052899E-2	1.016272E+8	1.924199E-2	1.393103E+9	2.470947E-2	9.181498E+7	2.131803E-2	1.454369E+10	2.032995E-2	1.450278E+10	2.112976E-2	1.593679E+10	2.021716E-2	1.589603E+10	1.145592E-2	5.467483E-3	5.819520E-3	5.988434E-3	1.031184E-2	-1.291631E+9	-1.301288E+9	9.812224E+6	9.657675E+6	-1.579441E+10
5.334580E+2	2.346481E-2	1.479178E+9	2.330668E-2	9.270922E+7	2.769626E-2	1.559272E+9	2.658064E-2	9.412465E+7	2.849039E-2	1.595716E+10	2.672697E-2	1.577220E+10	2.841837E-2	1.751643E+10	2.643422E-2	1.725137E+10	-1.581289E-4	-1.115624E-3	-3.273956E-3	9.574951E-4	-3.127536E-3	-1.386469E+9	-1.465148E+9	-1.415435E+6	7.867897E+7	-1.715866E+10
5.336080E+2	3.266520E-2	1.659174E+9	4.588611E-2	1.205899E+8	3.614676E-2	1.725367E+9	4.630732E-2	1.184743E+8	3.575603E-2	1.738901E+10	3.592650E-2	1.759774E+10	3.579147E-2	1.911438E+10	3.563383E-2	1.925692E+10	1.322091E-2	1.016056E-2	-4.212153E-4	3.060345E-3	1.025228E-2	-1.538584E+9	-1.606893E+9	2.115557E+6	6.830825E+7	-1.913633E+10
5.337630E+2	4.591890E-2	1.918470E+9	6.352397E-2	1.423688E+8	4.602216E-2	1.919468E+9	5.196169E-2	1.254538E+8	4.648473E-2	1.950334E+10	4.491690E-2	1.938179E+10	4.644278E-2	2.142281E+10	4.500682E-2	2.130026E+10	1.760508E-2	5.939531E-3	1.156228E-2	1.166554E-2	1.851715E-2	-1.776101E+9	-1.794014E+9	1.691500E+7	1.791346E+7	-2.115789E+10
5.339090E+2	6.451400E-2	2.282264E+9	7.703315E-2	1.590497E+8	5.881488E-2	2.170909E+9	6.777638E-2	1.449747E+8	6.435198E-2	2.302447E+10	6.132458E-2	2.263772E+10	6.384982E-2	2.519538E+10	6.161081E-2	2.491998E+10	1.251915E-2	8.961498E-3	9.256775E-3	3.557656E-3	1.542234E-2	-2.123214E+9	-2.025935E+9	1.407500E+7	-9.727992E+7	-2.476093E+10
5.340640E+2	8.934227E-2	2.768004E+9	9.049060E-2	1.756667E+8	8.793567E-2	2.743279E+9	8.918386E-2	1.713991E+8	9.165074E-2	2.840430E+10	8.841524E-2	2.801357E+10	9.131382E-2	3.114758E+10	8.849843E-2	3.078157E+10	1.148337E-3	1.248189E-3	1.306742E-3	-9.985190E-5	1.992173E-3	-2.592338E+9	-2.571880E+9	4.267635E+6	-2.045780E+7	-3.060591E+10
5.342090E+2	1.335133E-1	3.632166E+9	1.381932E-1	2.345690E+8	1.317434E-1	3.604321E+9	1.495465E-1	2.459078E+8	1.402680E-1	3.798539E+10	1.328045E-1	3.682214E+10	1.394949E-1	4.158971E+10	1.328681E-1	4.045431E+10	4.679915E-3	1.780304E-2	-1.135330E-2	-1.312312E-2	5.325040E-3	-3.397597E+9	-3.358413E+9	-1.133882E+7	-3.918317E+7	-4.021974E+10
5.343600E+2	2.142306E-1	5.211319E+9	2.327697E-1	3.513505E+8	2.096372E-1	5.135325E+9	2.117813E-1	3.227275E+8	2.290661E-1	5.548502E+10	2.181216E-1	5.375241E+10	2.273041E-1	6.062034E+10	2.177725E-1	5.896373E+10	1.853918E-2	2.144052E-3	2.098846E-2	1.639512E-2	1.499728E-2	-4.859968E+9	-4.812598E+9	2.862296E+7	-4.737082E+7	-5.861238E+10
5.345110E+2	3.799537E-1	8.453526E+9	4.488452E-1	6.181566E+8	3.791540E-1	8.467181E+9	3.993540E-1	5.542584E+8	4.059345E-1	9.034084E+10	3.832717E-1	8.652465E+10	4.035058E-1	9.880802E+10	3.829739E-1	9.497818E+10	6.889147E-2	2.019997E-2	4.949117E-2	4.869150E-2	6.587126E-2	-7.835370E+9	-7.912922E+9	6.389823E+7	7.755261E+7	-9.436002E+10
5.346620E+2	6.365036E-1	1.347267E+10	6.990197E-1	9.270678E+8	6.287911E-1	1.337380E+10	6.167561E-1	8.226092E+8	6.592871E-1	1.402696E+11	6.325547E-1	1.359922E+11	6.565214E-1	1.536434E+11	6.329091E-1	1.494649E+11	6.251614E-2	-1.203497E-2	8.226363E-2	7.455111E-2	6.611064E-2	-1.254560E+10	-1.255119E+10	1.044585E+8	5.591271E+6	-1.485378E+11
5.348070E+2	9.845980E-1	2.028279E+10	1.016768E+0	1.319417E+9	9.786816E-1	2.025091E+10	9.828451E-1	1.274492E+9	1.004565E+0	2.083142E+11	9.773166E-1	2.044065E+11	1.002218E+0	2.285651E+11	9.779700E-1	2.246893E+11	3.216954E-2	4.163484E-3	3.392249E-2	2.800606E-2	3.879753E-2	-1.896337E+10	-1.897641E+10	4.492508E+7	1.304284E+7	-2.233698E+11
5.349580E+2	1.422287E+0	2.884574E+10	1.476251E+0	1.886779E+9	1.411370E+0	2.875541E+10	1.396513E+0	1.785105E+9	1.430813E+0	2.923158E+11	1.405159E+0	2.893072E+11	1.429050E+0	3.210712E+11	1.406696E+0	3.181529E+11	5.396328E-2	-1.485699E-2	7.973722E-2	6.882027E-2	6.955446E-2	-2.695896E+10	-2.697031E+10	1.016741E+8	1.134409E+7	-3.162662E+11
5.351090E+2	1.827833E+0	3.677983E+10	1.762339E+0	2.240036E+9	1.804289E+0	3.647824E+10	1.871855E+0	2.371844E+9	1.792068E+0	3.635090E+11	1.783742E+0	3.644329E+11	1.793176E+0	3.999872E+11	1.787699E+0	4.012127E+11	-6.549353E-2	6.756577E-2	-1.095158E-1	-1.330593E-1	-2.535952E-2	-3.453980E+10	-3.410639E+10	-1.318079E+8	-4.334008E+8	-3.989727E+11
5.352500E+2	2.040981E+0	4.094986E+10	2.063512E+0	2.611919E+9	2.013195E+0	4.058428E+10	2.050829E+0	2.592760E+9	1.994530E+0	4.034087E+11	1.995045E+0	4.063638E+11	1.996223E+0	4.439929E+11	1.999168E+0	4.473136E+11	2.253133E-2	3.763397E-2	1.268327E-2	-1.510264E-2	6.434443E-2	-3.833794E+10	-3.799152E+10	1.915828E+7	-3.464193E+8	-4.447017E+11
5.354110E+2	2.099357E+0	4.209193E+10	2.063095E+0	2.611404E+9	2.061533E+0	4.153437E+10	2.018146E+0	2.552418E+9	2.021971E+0	4.088164E+11	2.036074E+0	4.145054E+11	2.025559E+0	4.503508E+11	2.041753E+0	4.565973E+11	-3.626221E-2	-4.338714E-2	4.494908E-2	7.124934E-3	2.134222E-2	-3.948053E+10	-3.898195E+10	5.898548E+7	-4.985805E+8	-4.539859E+11
5.355630E+2	1.938584E+0	3.894656E+10	1.900962E+0	2.411205E+9	1.923359E+0	3.881855E+10	1.916294E+0	2.426698E+9	1.885750E+0	3.819711E+11	1.897495E+0	3.870060E+11	1.889161E+0	4.207896E+11	1.901183E+0	4.259526E+11	-3.762167E-2	-7.064200E-3	-1.533227E-2	-3.055747E-2	-2.205789E-4	-3.653536E+10	-3.639185E+10	-1.549264E+7	-1.435092E+8	-4.235414E+11
5.357040E+2	1.721518E+0	3.469988E+10	1.711813E+0	2.177647E+9	1.714783E+0	3.471898E+10	1.714528E+0	2.177646E+9	1.684347E+0	3.422801E+11	1.699378E+0	3.476917E+11	1.687107E+0	3.769991E+11	1.701364E+0	3.823916E+11	-9.704773E-3	-2.548992E-4	-2.714896E-3	-9.449874E-3	1.044832E-2	-3.252223E+10	-3.254134E+10	3.563014E+2	1.910233E+7	-3.802139E+11
5.358600E+2	1.502942E+0	3.042366E+10	1.495580E+0	1.910646E+9	1.488663E+0	3.027461E+10	1.465983E+0	1.870855E+9	1.469573E+0	2.999542E+11	1.473472E+0	3.028632E+11	1.471304E+0	3.302288E+11	1.476117E+0	3.332868E+11	-7.361853E-3	-2.268046E-2	2.959665E-2	1.531861E-2	1.946303E-2	-2.851301E+10	-2.840375E+10	3.979125E+7	-1.092601E+8	-3.313762E+11
5.360070E+2	1.271097E+0	2.588786E+10	1.267377E+0	1.628865E+9	1.254472E+0	2.567157E+10	1.230206E+0	1.579822E+9	1.250021E+0	2.566867E+11	1.252193E+0	2.589527E+11	1.250425E+0	2.823583E+11	1.253889E+0	2.848405E+11	-3.720822E-3	-2.426664E-2	3.717109E-2	2.054582E-2	1.348735E-2	-2.425900E+10	-2.409175E+10	4.904270E+7	-1.672453E+8	-2.832117E+11
5.362630E+2	9.419858E-1	1.944912E+10	9.263106E-1	1.207722E+9	9.382941E-1	1.945709E+10	9.299431E-1	1.209192E+9	9.391661E-1	1.954259E+11	9.424786E-1	1.974932E+11	9.390870E-1	2.148830E+11	9.424343E-1	2.169424E+11	-1.567519E-2	-8.350954E-3	-3.632511E-3	-7.324237E-3	-1.612374E-2	-1.824140E+10	-1.824790E+10	-1.469911E+6	6.496012E+6	-2.157346E+11
5.365090E+2	7.267860E-1	1.523895E+10	6.652384E-1	8.853551E+8	7.074593E-1	1.492003E+10	7.287091E-1	9.607987E+8	7.245650E-1	1.531340E+11	7.244492E-1	1.542277E+11	7.230137E-1	1.680540E+11	7.246589E-1	1.694666E+11	-6.154760E-2	2.124987E-2	-6.347077E-2	-8.279747E-2	-5.942052E-2	-1.435360E+10	-1.395923E+10	-7.544362E+7	-3.943704E+8	-1.685812E+11
5.367760E+2	5.847017E-1	1.245922E+10	6.205681E-1	8.301970E+8	5.889143E-1	1.259002E+10	5.934777E-1	7.938755E+8	5.938200E-1	1.273678E+11	5.924612E-1	1.280361E+11	5.933751E-1	1.399578E+11	5.917648E-1	1.404953E+11	3.586640E-2	4.563398E-3	2.709032E-2	3.130300E-2	2.880324E-2	-1.162902E+10	-1.179615E+10	3.632149E+7	1.671295E+8	-1.396651E+11
5.370230E+2	5.157123E-1	1.110951E+10	5.611383E-1	7.568142E+8	5.223607E-1	1.128191E+10	4.719054E-1	6.438123E+8	5.266268E-1	1.141259E+11	5.226952E-1	1.141918E+11	5.262399E-1	1.254078E+11	5.220686E-1	1.253013E+11	4.542599E-2	-5.045539E-2	8.923291E-2	9.588138E-2	3.906971E-2	-1.035269E+10	-1.063810E+10	1.130018E+8	2.854060E+8	-1.245444E+11
5.372640E+2	4.932401E-1	1.066986E+10	5.322386E-1	7.211293E+8	4.941333E-1	1.072710E+10	4.863607E-1	6.616553E+8	5.077151E-1	1.103990E+11	5.000333E-1	1.096947E+11	5.064834E-1	1.211261E+11	4.994237E-1	1.203646E+11	3.899849E-2	-7.772597E-3	4.587790E-2	4.677109E-2	3.281489E-2	-9.948732E+9	-1.006544E+10	5.947402E+7	1.167127E+8	-1.196435E+11
5.375060E+2	5.309842E-1	1.140829E+10	5.651479E-1	7.617652E+8	5.305035E-1	1.144196E+10	4.999073E-1	6.783766E+8	5.389771E-1	1.165598E+11	5.362134E-1	1.168743E+11	5.382086E-1	1.280018E+11	5.357441E-1	1.282826E+11	3.416369E-2	-3.059620E-2	6.524062E-2	6.475989E-2	2.940380E-2	-1.064652E+10	-1.076358E+10	8.338859E+7	1.170582E+8	-1.275208E+11
5.377690E+2	6.006702E-1	1.277162E+10	6.190614E-1	8.283366E+8	5.971008E-1	1.275093E+10	5.938257E-1	7.943050E+8	6.078186E-1	1.301266E+11	6.028033E-1	1.300883E+11	6.068466E-1	1.428775E+11	6.026119E-1	1.428600E+11	1.839122E-2	-3.275042E-3	2.523569E-2	2.166626E-2	1.644950E-2	-1.194329E+10	-1.195662E+10	3.403157E+7	1.333553E+7	-1.420316E+11
5.380160E+2	7.015775E-1	1.474578E+10	7.112773E-1	9.422032E+8	6.870100E-1	1.451810E+10	7.171266E-1	9.465017E+8	7.050154E-1	1.492813E+11	6.986021E-1	1.490986E+11	7.033825E-1	1.637994E+11	6.988692E-1	1.638444E+11	9.699762E-3	3.011656E-2	-5.849253E-3	-2.041680E-2	1.240815E-2	-1.380357E+10	-1.357159E+10	-4.298572E+6	-2.319784E+8	-1.629022E+11
5.382690E+2	8.237226E-1	1.713542E+10	8.173231E-1	1.073147E+9	8.202406E-1	1.713675E+10	8.387394E-1	1.096615E+9	8.304632E-1	1.740036E+11	8.228049E-1	1.737453E+11	8.295362E-1	1.911403E+11	8.228872E-1	1.908807E+11	-6.399537E-3	1.849874E-2	-2.141630E-2	-2.489828E-2	-5.564138E-3	-1.606227E+10	-1.604013E+10	-2.346821E+7	-2.214379E+7	-1.898076E+11
5.385110E+2	1.011103E+0	2.080133E+10	9.576789E-1	1.246456E+9	9.989035E-1	2.064837E+10	9.682707E-1	1.256502E+9	1.015561E+0	2.104812E+11	1.009823E+0	2.108570E+11	1.014050E+0	2.311295E+11	1.009938E+0	2.316583E+11	-5.342381E-2	-3.063278E-2	-1.059177E-2	-2.279104E-2	-5.225895E-2	-1.955487E+10	-1.939186E+10	-1.004661E+7	-1.630057E+8	-2.304119E+11
5.387650E+2	1.197282E+0	2.444374E+10	1.183736E+0	1.525587E+9	1.201520E+0	2.463080E+10	1.179944E+0	1.517782E+9	1.208200E+0	2.484449E+11	1.195905E+0	2.477830E+11	1.207594E+0	2.730757E+11	1.196029E+0	2.722267E+11	-1.354570E-2	-2.157586E-2	3.792197E-3	8.030162E-3	-1.229230E-2	-2.291815E+10	-2.311302E+10	7.805437E+6	1.948661E+8	-2.707011E+11
5.390340E+2	1.425745E+0	2.891338E+10	1.450052E+0	1.854429E+9	1.416638E+0	2.885895E+10	1.448620E+0	1.849422E+9	1.422382E+0	2.906542E+11	1.416917E+0	2.916404E+11	1.421861E+0	3.195131E+11	1.417709E+0	3.205538E+11	2.430726E-2	3.198157E-2	1.432229E-3	-7.674308E-3	3.234302E-2	-2.705895E+10	-2.700953E+10	5.006866E+6	-4.942474E+7	-3.186994E+11
5.392560E+2	1.649325E+0	3.328751E+10	1.574792E+0	2.008456E+9	1.646216E+0	3.337131E+10	1.634132E+0	2.078410E+9	1.622066E+0	3.300063E+11	1.624026E+0	3.327389E+11	1.624256E+0	3.633776E+11	1.626296E+0	3.660264E+11	-7.453311E-2	-1.208427E-2	-5.934017E-2	-6.244884E-2	-5.150429E-2	-3.127905E+10	-3.129290E+10	-6.995409E+7	1.385240E+7	-3.640180E+11
5.395160E+2	1.888112E+0	3.795914E+10	1.813727E+0	2.303488E+9	1.863245E+0	3.763700E+10	1.896396E+0	2.402136E+9	1.846250E+0	3.741868E+11	1.842961E+0	3.761842E+11	1.847791E+0	4.118238E+11	1.847013E+0	4.141433E+11	-7.438565E-2	3.315168E-2	-8.266944E-2	-1.075373E-1	-3.328576E-2	-3.565565E+10	-3.523487E+10	-9.864793E+7	-4.207856E+8	-4.118398E+11
5.397810E+2	2.024816E+0	4.063361E+10	2.024667E+0	2.563953E+9	2.028719E+0	4.088941E+10	2.037346E+0	2.576118E+9	1.978971E+0	4.003423E+11	1.980180E+0	4.034139E+11	1.983483E+0	4.412318E+11	1.984186E+0	4.440475E+11	-1.494032E-4	8.626636E-3	-1.267927E-2	-8.776039E-3	4.048085E-2	-3.806966E+10	-3.831330E+10	-1.216473E+7	2.436370E+8	-4.414836E+11
5.400090E+2	2.087975E+0	4.186924E+10	2.108105E+0	2.666981E+9	2.071231E+0	4.172498E+10	2.115061E+0	2.672045E+9	2.030409E+0	4.104793E+11	2.033187E+0	4.139325E+11	2.034111E+0	4.522043E+11	2.038104E+0	4.558018E+11	2.013059E-2	4.382953E-2	-6.955527E-3	-2.369894E-2	7.000158E-2	-3.920226E+10	-3.905294E+10	-5.063752E+6	-1.493236E+8	-4.531348E+11
5.402690E+2	2.088068E+0	4.187107E+10	2.067315E+0	2.616615E+9	2.046522E+0	4.123933E+10	2.002058E+0	2.532560E+9	2.018380E+0	4.081087E+11	2.018800E+0	4.110776E+11	2.020932E+0	4.493480E+11	2.025016E+0	4.529487E+11	-2.075217E-2	-4.446445E-2	6.525770E-2	2.371229E-2	4.229926E-2	-3.925445E+10	-3.870677E+10	8.405529E+7	-5.476798E+8	-4.503321E+11
5.405020E+2	1.976822E+0	3.969466E+10	1.901517E+0	2.411891E+9	1.968054E+0	3.969703E+10	1.955949E+0	2.475646E+9	1.934572E+0	3.915925E+11	1.936051E+0	3.946570E+11	1.937608E+0	4.312895E+11	1.939710E+0	4.343517E+11	-7.530477E-2	-1.210429E-2	-5.443199E-2	-6.320048E-2	-3.819271E-2	-3.728277E+10	-3.722138E+10	-6.375524E+7	-6.138461E+7	-4.319398E+11
5.407580E+2	1.893748E+0	3.806939E+10	1.885977E+0	2.392701E+9	1.888723E+0	3.813778E+10	1.848354E+0	2.342835E+9	1.850728E+0	3.750692E+11	1.852030E+0	3.779839E+11	1.854174E+0	4.132070E+11	1.855774E+0	4.160533E+11	-7.771053E-3	-4.036856E-2	3.762246E-2	3.259751E-2	3.020312E-2	-3.567669E+10	-3.579494E+10	4.986573E+7	1.182544E+8	-4.136606E+11
5.410080E+2	1.798229E+0	3.620067E+10	1.735793E+0	2.207258E+9	1.782923E+0	3.605828E+10	1.784788E+0	2.264372E+9	1.762605E+0	3.577026E+11	1.765724E+0	3.608574E+11	1.764447E+0	3.937609E+11	1.768641E+0	3.970581E+11	-6.243583E-2	1.865218E-3	-4.899441E-2	-6.430105E-2	-3.284761E-2	-3.399341E+10	-3.379390E+10	-5.711457E+7	-1.995067E+8	-3.948508E+11
5.412640E+2	1.724783E+0	3.476376E+10	1.717103E+0	2.184179E+9	1.708480E+0	3.459510E+10	1.777550E+0	2.255438E+9	1.688767E+0	3.431513E+11	1.691175E+0	3.460640E+11	1.690555E+0	3.777464E+11	1.694191E+0	3.808277E+11	-7.679891E-3	6.907042E-2	-6.044721E-2	-7.675031E-2	2.291182E-2	-3.257958E+10	-3.233966E+10	-7.125940E+7	-2.399219E+8	-3.786436E+11
5.415140E+2	1.648757E+0	3.327640E+10	1.672779E+0	2.129448E+9	1.641985E+0	3.328814E+10	1.677840E+0	2.132361E+9	1.621596E+0	3.299136E+11	1.621205E+0	3.321792E+11	1.623445E+0	3.632018E+11	1.623678E+0	3.654556E+11	2.402156E-2	3.585522E-2	-5.061252E-3	-1.183366E-2	4.910118E-2	-3.114695E+10	-3.115578E+10	-2.912651E+6	8.831087E+6	-3.633262E+11
5.417540E+2	1.511032E+0	3.058195E+10	1.536200E+0	1.960803E+9	1.498228E+0	3.046260E+10	1.506811E+0	1.921251E+9	1.491704E+0	3.043156E+11	1.495557E+0	3.072458E+11	1.492295E+0	3.347782E+11	1.496946E+0	3.378277E+11	2.516773E-2	8.583312E-3	2.938886E-2	1.658442E-2	3.925410E-2	-2.862115E+10	-2.854135E+10	3.955222E+7	-7.979894E+7	-3.358669E+11
5.420160E+2	1.344444E+0	2.732281E+10	1.375373E+0	1.762217E+9	1.342708E+0	2.740586E+10	1.348338E+0	1.725639E+9	1.334213E+0	2.732786E+11	1.335112E+0	2.754071E+11	1.334984E+0	3.006845E+11	1.335950E+0	3.027300E+11	3.092919E-2	5.629469E-3	2.703533E-2	2.529972E-2	3.942358E-2	-2.556060E+10	-2.568022E+10	3.657802E+7	1.196222E+8	-3.009677E+11
5.422670E+2	1.172239E+0	2.395379E+10	1.187104E+0	1.529745E+9	1.156864E+0	2.375308E+10	1.186649E+0	1.526059E+9	1.168350E+0	2.405917E+11	1.171336E+0	2.429074E+11	1.167308E+0	2.643447E+11	1.171417E+0	2.668612E+11	1.486503E-2	2.978566E-2	4.542676E-4	-1.492063E-2	1.568710E-2	-2.242404E+10	-2.222702E+10	3.686703E+6	-1.970233E+8	-2.653315E+11
5.425140E+2	1.050365E+0	2.156945E+10	1.087449E+0	1.406693E+9	1.051201E+0	2.167628E+10	1.049908E+0	1.357272E+9	1.052041E+0	2.176704E+11	1.047222E+0	2.182785E+11	1.051965E+0	2.393467E+11	1.047504E+0	2.398479E+11	3.708391E-2	-1.293149E-3	3.754057E-2	3.837706E-2	3.994455E-2	-2.016276E+10	-2.031901E+10	4.942144E+7	1.562540E+8	-2.384412E+11
5.427810E+2	9.775046E-1	2.014401E+10	1.016508E+0	1.319097E+9	9.737947E-1	2.015485E+10	9.502865E-1	1.234303E+9	9.846225E-1	2.043841E+11	9.807290E-1	2.050836E+11	9.836405E-1	2.245389E+11	9.804396E-1	2.252276E+11	3.900371E-2	-2.350830E-2	6.622184E-2	6.251201E-2	3.606867E-2	-1.882491E+10	-1.892055E+10	8.479375E+7	9.563664E+7	-2.239085E+11
5.430120E+2	1.010341E+0	2.078642E+10	1.005988E+0	1.306107E+9	9.922201E-1	2.051701E+10	9.995396E-1	1.295099E+9	1.004829E+0	2.083661E+11	9.930170E-1	2.075220E+11	1.003685E+0	2.288832E+11	9.945717E-1	2.283085E+11	-4.352443E-3	7.319475E-3	6.448640E-3	-1.167192E-2	1.141657E-2	-1.948031E+10	-1.922191E+10	1.100803E+7	-2.584035E+8	-2.270024E+11
5.432960E+2	1.105123E+0	2.264074E+10	1.108508E+0	1.432697E+9	1.106403E+0	2.276127E+10	1.096216E+0	1.414432E+9	1.112368E+0	2.295590E+11	1.105848E+0	2.299121E+11	1.111827E+0	2.523203E+11	1.105783E+0	2.525528E+11	3.384745E-3	-1.018675E-2	1.229207E-2	1.357150E-2	2.725283E-3	-2.120805E+10	-2.134684E+10	1.826494E+7	1.387874E+8	-2.511201E+11
5.435330E+2	1.283453E+0	2.612958E+10	1.287482E+0	1.653691E+9	1.271829E+0	2.601272E+10	1.259696E+0	1.616224E+9	1.263985E+0	2.594386E+11	1.259585E+0	2.604197E+11	1.264697E+0	2.854514E+11	1.261727E+0	2.865493E+11	4.029808E-3	-1.213278E-2	2.778624E-2	1.616259E-2	2.575515E-2	-2.447589E+10	-2.439650E+10	3.746713E+7	-7.938947E+7	-2.848956E+11
5.437640E+2	1.428388E+0	2.896510E+10	1.433430E+0	1.833904E+9	1.400675E+0	2.854520E+10	1.448603E+0	1.849401E+9	1.407735E+0	2.877676E+11	1.405453E+0	2.893656E+11	1.407094E+0	3.163128E+11	1.407512E+0	3.183307E+11	5.041244E-3	4.792741E-2	-1.517299E-2	-4.288617E-2	2.591799E-2	-2.713120E+10	-2.669579E+10	-1.549698E+7	-4.354018E+8	-3.164968E+11
5.440170E+2	1.538443E+0	3.111822E+10	1.506101E+0	1.923638E+9	1.544028E+0	3.136281E+10	1.521795E+0	1.939746E+9	1.520996E+0	3.100884E+11	1.520573E+0	3.122098E+11	1.523085E+0	3.414512E+11	1.522177E+0	3.433280E+11	-3.234236E-2	-2.223387E-2	-1.569343E-2	-1.010849E-2	-1.607546E-2	-2.919458E+10	-2.942306E+10	-1.610815E+7	2.284791E+8	-3.414044E+11
5.442920E+2	1.602678E+0	3.237491E+10	1.602996E+0	2.043282E+9	1.597555E+0	3.241487E+10	1.587232E+0	2.020519E+9	1.585986E+0	3.228959E+11	1.580056E+0	3.240135E+11	1.587035E+0	3.553108E+11	1.582086E+0	3.563884E+11	3.178987E-4	-1.032286E-2	1.576407E-2	1.064076E-2	2.091028E-2	-3.033163E+10	-3.039435E+10	2.276314E+7	6.272599E+7	-3.543452E+11
5.445070E+2	1.629344E+0	3.289661E+10	1.577261E+0	2.011505E+9	1.616116E+0	3.277969E+10	1.614641E+0	2.054351E+9	1.599881E+0	3.256342E+11	1.601240E+0	3.282174E+11	1.601353E+0	3.584139E+11	1.603763E+0	3.611140E+11	-5.208290E-2	-1.474955E-3	-3.737955E-2	-5.060794E-2	-2.650103E-2	-3.088510E+10	-3.072534E+10	-4.284587E+7	-1.597616E+8	-3.591025E+11
5.447720E+2	1.585253E+0	3.203400E+10	1.567557E+0	1.999522E+9	1.575736E+0	3.198603E+10	1.612442E+0	2.051637E+9	1.555532E+0	3.168943E+11	1.556817E+0	3.194021E+11	1.557364E+0	3.488803E+11	1.559369E+0	3.514361E+11	-1.769651E-2	3.670614E-2	-4.488596E-2	-5.440266E-2	8.187320E-3	-3.003448E+10	-2.993439E+10	-5.211560E+7	-1.000909E+8	-3.494366E+11
5.450150E+2	1.517126E+0	3.070117E+10	1.458097E+0	1.864363E+9	1.492319E+0	3.034646E+10	1.528998E+0	1.948637E+9	1.496506E+0	3.052620E+11	1.494626E+0	3.070610E+11	1.496126E+0	3.356085E+11	1.496645E+0	3.377621E+11	-5.902897E-2	3.667852E-2	-7.090044E-2	-9.570749E-2	-3.854820E-2	-2.883680E+10	-2.839782E+10	-8.427368E+7	-4.389819E+8	-3.358978E+11
5.452580E+2	1.450403E+0	2.939579E+10	1.442445E+0	1.845036E+9	1.445980E+0	2.943567E+10	1.436063E+0	1.833922E+9	1.434377E+0	2.930180E+11	1.436353E+0	2.954973E+11	1.435429E+0	3.224537E+11	1.437614E+0	3.248930E+11	-7.958335E-3	-9.917861E-3	6.381941E-3	1.959526E-3	4.830901E-3	-2.755076E+10	-2.760175E+10	1.111329E+7	5.099249E+7	-3.230480E+11
5.455130E+2	1.386492E+0	2.814543E+10	1.345159E+0	1.724908E+9	1.376765E+0	2.807525E+10	1.423611E+0	1.818552E+9	1.365949E+0	2.795329E+11	1.367563E+0	2.818466E+11	1.366930E+0	3.076082E+11	1.369261E+0	3.099920E+11	-4.133311E-2	4.684532E-2	-7.845228E-2	-8.817843E-2	-2.410292E-2	-2.642053E+10	-2.625670E+10	-9.364386E+7	-1.638267E+8	-3.082671E+11
5.457890E+2	1.304511E+0	2.654157E+10	1.293126E+0	1.660660E+9	1.301522E+0	2.659633E+10	1.300531E+0	1.666628E+9	1.300391E+0	2.666131E+11	1.297697E+0	2.679826E+11	1.300493E+0	2.932095E+11	1.298309E+0	2.945241E+11	-1.138500E-2	-9.911782E-4	-7.404509E-3	-1.039382E-2	-5.182750E-3	-2.488091E+10	-2.492971E+10	-5.968229E+6	4.879995E+7	-2.928635E+11
5.460060E+2	1.252469E+0	2.552341E+10	1.258149E+0	1.617471E+9	1.240738E+0	2.540163E+10	1.221708E+0	1.569333E+9	1.236874E+0	2.540958E+11	1.233952E+0	2.553330E+11	1.237225E+0	2.794974E+11	1.235614E+0	2.808564E+11	5.680450E-3	-1.903019E-2	3.644135E-2	2.471064E-2	2.253569E-2	-2.390594E+10	-2.383230E+10	4.813798E+7	-7.364283E+7	-2.792389E+11
5.467600E+2	1.217532E+0	2.483992E+10	1.225657E+0	1.577351E+9	1.224069E+0	2.507401E+10	1.231828E+0	1.581825E+9	1.207698E+0	2.483460E+11	1.204171E+0	2.494234E+11	1.209183E+0	2.734200E+11	1.205371E+0	2.742633E+11	8.124860E-3	7.758884E-3	-6.170985E-3	3.659757E-4	2.028681E-2	-2.326257E+10	-2.349218E+10	-4.474624E+6	2.296159E+8	-2.726859E+11
5.475230E+2	1.315940E+0	2.676515E+10	1.313060E+0	1.685273E+9	1.308174E+0	2.672709E+10	1.275136E+0	1.635282E+9	1.304487E+0	2.674205E+11	1.300358E+0	2.685106E+11	1.304822E+0	2.941476E+11	1.301756E+0	2.952757E+11	-2.880003E-3	-3.303817E-2	3.792362E-2	3.015817E-2	1.130315E-2	-2.507988E+10	-2.509180E+10	4.999123E+7	1.192436E+7	-2.935905E+11
5.482600E+2	1.405894E+0	2.852503E+10	1.441783E+0	1.844219E+9	1.399719E+0	2.852640E+10	1.399632E+0	1.788955E+9	1.393885E+0	2.850382E+11	1.392823E+0	2.868592E+11	1.394414E+0	3.135646E+11	1.393996E+0	3.153843E+11	3.588876E-2	-8.638986E-5	4.215078E-2	3.597515E-2	4.778719E-2	-2.668081E+10	-2.673744E+10	5.526436E+7	5.663311E+7	-3.135400E+11
5.490100E+2	1.412752E+0	2.865920E+10	1.407936E+0	1.802425E+9	1.407413E+0	2.867763E+10	1.413000E+0	1.805455E+9	1.398222E+0	2.858930E+11	1.398568E+0	2.879993E+11	1.399055E+0	3.145706E+11	1.399841E+0	3.166585E+11	-4.816503E-3	5.586998E-3	-5.063992E-3	-1.040350E-2	8.094924E-3	-2.685677E+10	-2.687217E+10	-3.029862E+6	1.539699E+7	-3.148560E+11
5.497680E+2	1.379111E+0	2.800105E+10	1.340957E+0	1.719721E+9	1.365304E+0	2.784998E+10	1.347236E+0	1.724279E+9	1.357318E+0	2.778319E+11	1.353026E+0	2.789620E+11	1.358042E+0	3.056819E+11	1.355367E+0	3.069630E+11	-3.815403E-2	-1.806832E-2	-6.278311E-3	-2.008572E-2	-1.440964E-2	-2.628133E+10	-2.612570E+10	-4.557546E+6	-1.556293E+8	-3.052433E+11
5.505000E+2	1.327397E+0	2.698930E+10	1.321330E+0	1.695485E+9	1.334560E+0	2.724571E+10	1.269334E+0	1.628120E+9	1.325829E+0	2.716262E+11	1.323475E+0	2.730979E+11	1.326620E+0	2.988720E+11	1.323827E+0	3.000872E+11	-6.066879E-3	-6.522637E-2	5.199575E-2	5.915949E-2	-2.497414E-3	-2.529381E+10	-2.561759E+10	6.736476E+7	3.237743E+8	-2.983917E+11
5.512620E+2	1.327503E+0	2.699137E+10	1.351340E+0	1.732541E+9	1.329286E+0	2.714203E+10	1.303279E+0	1.670021E+9	1.317762E+0	2.700366E+11	1.319312E+0	2.722717E+11	1.318807E+0	2.971786E+11	1.320047E+0	2.992631E+11	2.383705E-2	-2.600661E-2	4.806066E-2	4.984366E-2	3.129280E-2	-2.525883E+10	-2.547201E+10	6.252036E+7	2.131811E+8	-2.975306E+11
5.520100E+2	1.321384E+0	2.687167E+10	1.349482E+0	1.730247E+9	1.308406E+0	2.673165E+10	1.321986E+0	1.693112E+9	1.308182E+0	2.681486E+11	1.306948E+0	2.698183E+11	1.308203E+0	2.948803E+11	1.308243E+0	2.966899E+11	2.809791E-2	1.357976E-2	2.749588E-2	1.451815E-2	4.123855E-2	-2.514142E+10	-2.503854E+10	3.713538E+7	-1.028834E+8	-2.949597E+11
5.527590E+2	1.281271E+0	2.608689E+10	1.274693E+0	1.637898E+9	1.263809E+0	2.585509E+10	1.323833E+0	1.695392E+9	1.269291E+0	2.604842E+11	1.271711E+0	2.628259E+11	1.268794E+0	2.863393E+11	1.272569E+0	2.889127E+11	-6.578275E-3	6.002444E-2	-4.914090E-2	-6.660271E-2	2.123671E-3	-2.444900E+10	-2.415970E+10	-5.749357E+7	-2.892980E+8	-2.872748E+11
5.535160E+2	1.238402E+0	2.524820E+10	1.250344E+0	1.607833E+9	1.223684E+0	2.506643E+10	1.236174E+0	1.587189E+9	1.226078E+0	2.519682E+11	1.226663E+0	2.538866E+11	1.225861E+0	2.770346E+11	1.227716E+0	2.791348E+11	1.194235E-2	1.248998E-2	1.416995E-2	-5.476289E-4	2.262772E-2	-2.364037E+10	-2.347925E+10	2.064387E+7	-1.611244E+8	-2.775269E+11
5.542640E+2	1.149375E+0	2.350649E+10	1.184540E+0	1.526579E+9	1.145374E+0	2.352725E+10	1.099618E+0	1.418631E+9	1.143948E+0	2.357826E+11	1.145318E+0	2.377446E+11	1.144077E+0	2.593099E+11	1.145682E+0	2.612511E+11	3.516439E-2	-4.575622E-2	8.492190E-2	8.092061E-2	3.885731E-2	-2.197991E+10	-2.210862E+10	1.079484E+8	1.287059E+8	-2.597245E+11
5.550140E+2	1.043854E+0	2.144208E+10	1.050828E+0	1.361474E+9	1.050663E+0	2.166569E+10	1.044628E+0	1.350755E+9	1.050465E+0	2.173598E+11	1.052922E+0	2.194095E+11	1.050483E+0	2.390255E+11	1.052108E+0	2.408516E+11	6.973503E-3	-6.034034E-3	6.199505E-3	1.300754E-2	-1.280105E-3	-2.008061E+10	-2.031494E+10	1.071978E+7	2.343305E+8	-2.394901E+11
5.558000E+2	9.736530E-1	2.006866E+10	9.682071E-1	1.259456E+9	9.760735E-1	2.019964E+10	9.471219E-1	1.230397E+9	9.776639E-1	2.030127E+11	9.734578E-1	2.036407E+11	9.775197E-1	2.232124E+11	9.734753E-1	2.237094E+11	-5.445833E-3	-2.895160E-2	2.108521E-2	2.350576E-2	-5.268149E-3	-1.880920E+10	-1.896925E+10	2.905848E+7	1.600436E+8	-2.224499E+11
5.560080E+2	9.931005E-1	2.044913E+10	9.630595E-1	1.253099E+9	9.793886E-1	2.026480E+10	1.052815E+0	1.360860E+9	9.893675E-1	2.053192E+11	9.864568E-1	2.062202E+11	9.884625E-1	2.255840E+11	9.870530E-1	2.266694E+11	-3.004098E-2	7.342680E-2	-8.975582E-2	-1.034678E-1	-2.399345E-2	-1.919603E+10	-1.890394E+10	-1.077606E+8	-2.920902E+8	-2.254163E+11
5.565030E+2	9.744708E-1	2.008466E+10	9.896999E-1	1.285994E+9	9.835048E-1	2.034571E+10	9.802841E-1	1.271331E+9	9.764907E-1	2.027815E+11	9.763884E-1	2.042223E+11	9.771268E-1	2.231272E+11	9.762163E-1	2.243069E+11	1.522906E-2	-3.220740E-3	9.415758E-3	1.844980E-2	1.348360E-2	-1.879866E+10	-1.907438E+10	1.466350E+7	2.757113E+8	-2.230209E+11
5.570610E+2	9.766504E-1	2.012730E+10	9.572741E-1	1.245956E+9	9.776223E-1	2.023008E+10	9.315485E-1	1.211174E+9	9.758846E-1	2.026621E+11	9.757318E-1	2.040920E+11	9.760422E-1	2.228922E+11	9.758143E-1	2.242193E+11	-1.937637E-2	-4.607371E-2	2.572553E-2	2.669734E-2	-1.854018E-2	-1.888135E+10	-1.901891E+10	3.478157E+7	1.375644E+8	-2.229733E+11
5.575080E+2	9.863547E-1	2.031715E+10	9.918091E-1	1.288599E+9	9.892176E-1	2.045799E+10	1.009394E+0	1.307263E+9	9.890836E-1	2.052632E+11	9.915441E-1	2.072298E+11	9.890958E-1	2.257212E+11	9.910784E-1	2.275469E+11	5.454473E-3	2.017635E-2	-1.758480E-2	-1.472187E-2	7.307739E-4	-1.902856E+10	-1.915073E+10	-1.866380E+7	1.221723E+8	-2.262583E+11
5.580510E+2	1.006686E+0	2.071491E+10	1.014723E+0	1.316893E+9	1.002421E+0	2.071750E+10	1.078013E+0	1.391963E+9	1.003857E+0	2.081747E+11	1.007506E+0	2.103972E+11	1.003727E+0	2.288922E+11	1.007432E+0	2.311121E+11	8.037861E-3	7.559204E-2	-6.328960E-2	-6.755418E-2	7.291092E-3	-1.939802E+10	-1.932554E+10	-7.506979E+7	-7.247450E+7	-2.297952E+11
5.585390E+2	1.023887E+0	2.105143E+10	1.054108E+0	1.365525E+9	1.014600E+0	2.095689E+10	1.045848E+0	1.352260E+9	1.017519E+0	2.108670E+11	1.013851E+0	2.116563E+11	1.017254E+0	2.318239E+11	1.014751E+0	2.327077E+11	3.022141E-2	3.124747E-2	8.260365E-3	-1.026060E-3	3.935670E-2	-1.968591E+10	-1.960463E+10	1.326502E+7	-8.127852E+7	-2.313422E+11
5.590210E+2	9.924536E-1	2.043647E+10	9.704842E-1	1.262267E+9	9.934010E-1	2.054022E+10	9.627916E-1	1.249739E+9	9.857015E-1	2.045967E+11	9.860384E-1	2.061372E+11	9.863998E-1	2.251369E+11	9.866141E-1	2.265737E+11	-2.196945E-2	-3.060939E-2	7.692565E-3	8.639940E-3	-1.612993E-2	-1.917421E+10	-1.929048E+10	1.252821E+7	1.162692E+8	-2.253114E+11
5.595110E+2	1.003983E+0	2.066204E+10	1.006249E+0	1.306429E+9	1.000719E+0	2.068404E+10	9.805632E-1	1.271675E+9	1.010417E+0	2.094674E+11	1.006654E+0	2.102282E+11	1.009537E+0	2.301514E+11	1.006415E+0	2.308903E+11	2.265513E-3	-2.015532E-2	2.568552E-2	2.242083E-2	-1.659561E-4	-1.935561E+10	-1.941237E+10	3.475323E+7	5.675549E+7	-2.295839E+11
5.600470E+2	1.024282E+0	2.105917E+10	1.020688E+0	1.324259E+9	1.021991E+0	2.110215E+10	9.959812E-1	1.290707E+9	1.021334E+0	2.116188E+11	1.025268E+0	2.139218E+11	1.021393E+0	2.327210E+11	1.025179E+0	2.349810E+11	-3.593984E-3	-2.600991E-2	2.470729E-2	2.241593E-2	-4.490640E-3	-1.973492E+10	-1.981145E+10	3.355196E+7	7.653254E+7	-2.336567E+11
5.605150E+2	9.972200E-1	2.052972E+10	9.898237E-1	1.286147E+9	9.949125E-1	2.056992E+10	1.017858E+0	1.317710E+9	1.006032E+0	2.086032E+11	1.002139E+0	2.093322E+11	1.005023E+0	2.291732E+11	1.001697E+0	2.298619E+11	-7.396332E-3	2.294561E-2	-2.803439E-2	-3.034194E-2	-1.187369E-2	-1.924358E+10	-1.925221E+10	-3.156314E+7	8.636164E+6	-2.285757E+11
5.610070E+2	1.014012E+0	2.085825E+10	1.005140E+0	1.305060E+9	1.021611E+0	2.109468E+10	9.977185E-1	1.292851E+9	1.013681E+0	2.101108E+11	1.014880E+0	2.118605E+11	1.014401E+0	2.312054E+11	1.014802E+0	2.327188E+11	-8.872175E-3	-2.389239E-2	7.421766E-3	1.502022E-2	-9.661759E-3	-1.955319E+10	-1.980183E+10	1.220885E+7	2.486391E+8	-2.314137E+11
