Photon Energy (eV)	X ref norm	X ref	X pump norm	X pump	Y ref norm	Y ref	Y pump norm	Y pump	X all norm	X all	Y all norm	Y all	X all Y ref norm	X all Y ref	Y all X ref norm	Y all X ref	BC(X hist) norm	BC(Y hist) norm	StS norm	BCSC norm	BCLR norm	BC(X hist)	BC(Y hist)	StS	BCSC	BCLR	
5.290170E+2	-4.077495E-3	4.410103E+9	-3.427978E-3	2.143608E+8	-6.902368E-3	4.396248E+9	-3.118920E-3	2.166972E+8	-6.564683E-3	3.509542E+10	-7.238730E-3	3.528257E+10	-6.602507E-3	3.949167E+10	-6.883060E-3	3.969267E+10	6.495171E-4	3.783448E-3	-3.090580E-4	-3.133931E-3	3.455081E-3	-4.195742E+9	-4.179551E+9	-2.336393E+6	-1.619148E+7	-3.947831E+10
5.295110E+2	-2.010898E-3	4.446157E+9	-4.739480E-3	2.132898E+8	-7.370906E-3	4.388155E+9	1.565898E-3	2.205203E+8	-5.814348E-3	3.519817E+10	-8.635866E-3	3.509031E+10	-5.988693E-3	3.958633E+10	-7.890492E-3	3.953646E+10	-2.728581E-3	8.936804E-3	-6.305377E-3	-1.166539E-2	3.151012E-3	-4.232867E+9	-4.167635E+9	-7.230463E+6	-6.523193E+7	-3.932317E+10
5.300220E+2	-5.237403E-3	4.389868E+9	-1.263891E-3	2.161280E+8	-6.724779E-3	4.399316E+9	4.231510E-3	2.226956E+8	-3.728951E-3	3.548375E+10	-3.508256E-3	3.579593E+10	-4.064505E-3	3.988307E+10	-3.702802E-3	4.018580E+10	3.973511E-3	1.095629E-2	-5.495401E-3	-6.982777E-3	2.438911E-3	-4.173740E+9	-4.176620E+9	-6.567523E+6	2.880315E+6	-3.996967E+10
5.305230E+2	2.707416E-2	4.953566E+9	2.599771E-2	2.383904E+8	2.150130E-2	4.886870E+9	1.008477E-2	2.274721E+8	2.378740E-2	3.925189E+10	2.239590E-2	3.936070E+10	2.353134E-2	4.413876E+10	2.292225E-2	4.431426E+10	-1.076444E-3	-1.141653E-2	1.591294E-2	1.034009E-2	3.075461E-3	-4.715175E+9	-4.659398E+9	1.091821E+7	-5.577700E+7	-4.407587E+10
5.310050E+2	-1.202949E-2	4.271375E+9	-6.573930E-3	2.117918E+8	-6.556899E-3	4.402216E+9	-1.134805E-2	2.099818E+8	-8.027524E-3	3.489509E+10	-6.453288E-3	3.539066E+10	-7.862804E-3	3.929731E+10	-7.080666E-3	3.966203E+10	5.455563E-3	-4.791146E-3	4.774116E-3	1.024671E-2	5.067356E-4	-4.059583E+9	-4.192234E+9	1.809994E+6	1.326504E+8	-3.945024E+10
5.315130E+2	-5.217331E-3	4.390218E+9	1.704348E-3	2.185520E+8	-2.265478E-3	4.476342E+9	-1.604674E-2	2.061474E+8	-2.630976E-3	3.563411E+10	-3.749903E-3	3.576268E+10	-2.590038E-3	4.011045E+10	-3.915003E-3	4.015290E+10	6.921679E-3	-1.378126E-2	1.775108E-2	2.070294E-2	5.619351E-3	-4.171666E+9	-4.270195E+9	1.240458E+7	9.852863E+7	-3.993435E+10
5.320120E+2	-4.614293E-3	4.400738E+9	-1.335255E-2	2.062562E+8	-2.360861E-5	4.515066E+9	2.039490E-4	2.194088E+8	-5.106829E-3	3.529506E+10	-3.655087E-3	3.577573E+10	-4.537472E-3	3.981013E+10	-3.763007E-3	4.017647E+10	-8.738256E-3	2.275576E-4	-1.355650E-2	-8.965814E-3	-9.589543E-3	-4.194482E+9	-4.295658E+9	-1.315263E+7	1.011753E+8	-3.997021E+10
5.325120E+2	6.112758E-3	4.587879E+9	1.655769E-3	2.185123E+8	8.342740E-3	4.659580E+9	1.442758E-2	2.310161E+8	8.085908E-3	3.710170E+10	1.084523E-2	3.777117E+10	8.114675E-3	4.176128E+10	1.031278E-2	4.235905E+10	-4.456989E-3	6.084838E-3	-1.277181E-2	-1.054183E-2	-8.657009E-3	-4.369367E+9	-4.428564E+9	-1.250384E+7	5.919676E+7	-4.214054E+10
5.330130E+2	3.982856E-2	5.176075E+9	1.303423E-2	2.278041E+8	3.847256E-2	5.180018E+9	4.785848E-2	2.582976E+8	4.297332E-2	4.187925E+10	4.428587E-2	4.237306E+10	4.246921E-2	4.705927E+10	4.378438E-2	4.754913E+10	-2.679432E-2	9.385921E-3	-3.482425E-2	-3.618024E-2	-3.075015E-2	-4.948271E+9	-4.921721E+9	-3.049347E+7	-2.655019E+7	-4.732133E+10
5.332150E+2	2.498197E-3	4.524821E+9	2.129541E-2	2.345504E+8	-5.555695E-5	4.514515E+9	-6.107131E-3	2.142586E+8	5.414069E-3	3.673581E+10	5.391873E-3	3.702071E+10	4.801432E-3	4.125033E+10	5.066306E-3	4.154553E+10	1.879721E-2	-6.051574E-3	2.740254E-2	2.484879E-2	1.622910E-2	-4.290270E+9	-4.300256E+9	2.029172E+7	9.985418E+6	-4.131098E+10
5.334060E+2	2.455004E-2	4.909531E+9	1.502063E-2	2.294263E+8	2.318462E-2	4.915947E+9	3.009648E-2	2.438028E+8	2.569935E-2	3.951372E+10	2.379877E-2	3.955375E+10	2.541768E-2	4.442966E+10	2.388329E-2	4.446328E+10	-9.529412E-3	6.911859E-3	-1.507585E-2	-1.644127E-2	-8.862663E-3	-4.680104E+9	-4.672144E+9	-1.437655E+7	-7.960566E+6	-4.423386E+10
5.336130E+2	1.798696E-2	4.795033E+9	5.548948E-3	2.216915E+8	2.278593E-2	4.909060E+9	-7.953266E-3	2.127521E+8	1.909343E-2	3.860909E+10	1.662404E-2	3.856641E+10	1.950702E-2	4.351815E+10	1.677738E-2	4.336144E+10	-1.243801E-2	-3.073920E-2	1.350221E-2	1.830119E-2	-1.122843E-2	-4.573341E+9	-4.696308E+9	8.939427E+6	1.229665E+8	-4.313975E+10
5.338150E+2	5.973022E-2	5.523273E+9	6.660224E-2	2.715488E+8	5.169669E-2	5.408441E+9	1.898906E-2	2.347385E+8	5.887089E-2	4.405629E+10	5.363409E-2	4.365950E+10	5.806733E-2	4.946473E+10	5.431997E-2	4.918277E+10	6.872019E-3	-3.270763E-2	4.761318E-2	3.957965E-2	1.228228E-2	-5.251725E+9	-5.173703E+9	3.681021E+7	-7.802188E+7	-4.891122E+10
5.340020E+2	1.143590E-1	6.476310E+9	1.149076E-1	3.109958E+8	1.122715E-1	6.454762E+9	1.102407E-1	3.092050E+8	1.194541E-1	5.235267E+10	1.165058E-1	5.231150E+10	1.186496E-1	5.880743E+10	1.162643E-1	5.878781E+10	5.485740E-4	-2.030788E-3	4.666844E-3	2.579362E-3	-1.356719E-3	-6.165315E+9	-6.145557E+9	1.790732E+6	-1.975753E+7	-5.847681E+10
5.342040E+2	1.330051E-1	6.801604E+9	1.472489E-1	3.374063E+8	1.321547E-1	6.798209E+9	1.232333E-1	3.198077E+8	1.454319E-1	5.591012E+10	1.389268E-1	5.539693E+10	1.439448E-1	6.270833E+10	1.382606E-1	6.219854E+10	1.424383E-2	-8.921459E-3	2.401565E-2	2.316529E-2	8.988350E-3	-6.464198E+9	-6.478401E+9	1.759862E+7	1.420302E+7	-6.186113E+10
5.344120E+2	3.391115E-1	1.039728E+10	3.951151E-1	5.398184E+8	3.524415E-1	1.060327E+10	3.116381E-1	4.735566E+8	3.534899E-1	8.440198E+10	3.457150E-1	8.385380E+10	3.533725E-1	9.500525E+10	3.449721E-1	9.425107E+10	5.600360E-2	-4.080338E-2	8.347705E-2	9.680698E-2	5.014306E-2	-9.857457E+9	-1.012971E+10	6.626177E+7	2.722518E+8	-9.371125E+10
5.346150E+2	6.050816E-1	1.503731E+10	6.521397E-1	7.497093E+8	6.209838E-1	1.524185E+10	6.650359E-1	7.619490E+8	6.249381E-1	1.215746E+11	6.155510E-1	1.209869E+11	6.244952E-1	1.368165E+11	6.143730E-1	1.360242E+11	4.705808E-2	4.405210E-2	-1.289624E-2	3.005977E-3	3.776662E-2	-1.428760E+10	-1.447990E+10	-1.223978E+7	1.923020E+8	-1.352745E+11
5.348120E+2	1.147512E+0	2.450039E+10	1.140830E+0	1.148782E+9	1.150159E+0	2.438240E+10	1.164783E+0	1.169771E+9	1.155446E+0	1.942234E+11	1.140990E+0	1.932944E+11	1.154854E+0	2.186058E+11	1.141724E+0	2.177948E+11	-6.682756E-3	1.462358E-2	-2.395315E-2	-2.130633E-2	-8.942007E-4	-2.335161E+10	-2.321263E+10	-2.098818E+7	-1.389787E+8	-2.166460E+11
5.350100E+2	1.464601E+0	3.003223E+10	1.512490E+0	1.452287E+9	1.482115E+0	3.011635E+10	1.470811E+0	1.419507E+9	1.466431E+0	2.368103E+11	1.464226E+0	2.377760E+11	1.468188E+0	2.669266E+11	1.464268E+0	2.678083E+11	4.788894E-2	-1.130395E-2	4.167865E-2	5.919289E-2	4.822209E-2	-2.857994E+10	-2.869684E+10	3.277994E+7	1.168996E+8	-2.663560E+11
5.352340E+2	2.091112E+0	4.096215E+10	2.100404E+0	1.932389E+9	2.113680E+0	4.102549E+10	2.072078E+0	1.910175E+9	2.056685E+0	3.176408E+11	2.068020E+0	3.208664E+11	2.063069E+0	3.586663E+11	2.070618E+0	3.618285E+11	9.292281E-3	-4.160161E-2	2.832595E-2	5.089389E-2	2.978600E-2	-3.902976E+10	-3.911531E+10	2.221382E+7	8.555398E+7	-3.598961E+11
5.354060E+2	2.247437E+0	4.368934E+10	2.318072E+0	2.110140E+9	2.264551E+0	4.363151E+10	2.290760E+0	2.088631E+9	2.213038E+0	3.390521E+11	2.226515E+0	3.426774E+11	2.218808E+0	3.826836E+11	2.228869E+0	3.863667E+11	7.063541E-2	2.620940E-2	2.731188E-2	4.442601E-2	8.920317E-2	-4.157920E+10	-4.154288E+10	2.150862E+7	-3.632207E+7	-3.842566E+11
5.356250E+2	2.601195E+0	4.986090E+10	2.521904E+0	2.276593E+9	2.634145E+0	5.001557E+10	2.662747E+0	2.392193E+9	2.551003E+0	3.853336E+11	2.556224E+0	3.880498E+11	2.560315E+0	4.353492E+11	2.561284E+0	4.379107E+11	-7.929143E-2	2.860248E-2	-1.408433E-1	-1.078939E-1	-3.937984E-2	-4.758431E+10	-4.762338E+10	-1.156009E+8	3.907071E+7	-4.356341E+11
5.358080E+2	2.334316E+0	4.520501E+10	2.356328E+0	2.141380E+9	2.350303E+0	4.511271E+10	2.371208E+0	2.154281E+9	2.284418E+0	3.488271E+11	2.295720E+0	3.522010E+11	2.291798E+0	3.939398E+11	2.300063E+0	3.974060E+11	2.201134E-2	2.090564E-2	-1.488063E-2	1.105701E-3	5.626479E-2	-4.306363E+10	-4.295843E+10	-1.290133E+7	-1.051994E+8	-3.952646E+11
5.360070E+2	2.102969E+0	4.116899E+10	2.127900E+0	1.954842E+9	2.118163E+0	4.110293E+10	2.083480E+0	1.919479E+9	2.084267E+0	3.214180E+11	2.089078E+0	3.237642E+11	2.088064E+0	3.625209E+11	2.090641E+0	3.649332E+11	2.493168E-2	-3.468372E-2	4.442065E-2	5.961541E-2	3.725938E-2	-3.921415E+10	-3.918345E+10	3.536345E+7	-3.070006E+7	-3.629783E+11
5.362050E+2	1.911606E+0	3.783053E+10	1.977803E+0	1.832270E+9	1.927316E+0	3.780638E+10	1.920973E+0	1.786864E+9	1.893772E+0	2.953312E+11	1.891191E+0	2.965322E+11	1.897530E+0	3.331376E+11	1.893488E+0	3.343628E+11	6.619701E-2	-6.342543E-3	5.682935E-2	7.253955E-2	8.431490E-2	-3.599826E+10	-3.601952E+10	4.540529E+7	2.125521E+7	-3.325305E+11
5.364150E+2	1.632916E+0	3.296859E+10	1.706013E+0	1.610321E+9	1.643402E+0	3.290229E+10	1.743000E+0	1.641628E+9	1.629987E+0	2.592080E+11	1.630620E+0	2.606742E+11	1.631490E+0	2.921102E+11	1.630878E+0	2.936428E+11	7.309717E-2	9.959736E-2	-3.698681E-2	-2.650019E-2	7.513439E-2	-3.135827E+10	-3.126066E+10	-3.130672E+7	-9.761090E+7	-2.920324E+11
5.366190E+2	1.576729E+0	3.198837E+10	1.624036E+0	1.543378E+9	1.597300E+0	3.210596E+10	1.627170E+0	1.547105E+9	1.584448E+0	2.529718E+11	1.586356E+0	2.545827E+11	1.585888E+0	2.850777E+11	1.585272E+0	2.865711E+11	4.730725E-2	2.986994E-2	-3.134162E-3	1.743731E-2	3.876371E-2	-3.044500E+10	-3.055885E+10	-3.727135E+6	1.138585E+8	-2.850277E+11
5.368490E+2	1.335927E+0	2.778742E+10	1.349284E+0	1.319010E+9	1.368148E+0	2.814776E+10	1.313402E+0	1.291052E+9	1.352622E+0	2.212250E+11	1.349692E+0	2.220146E+11	1.354361E+0	2.493728E+11	1.348143E+0	2.498021E+11	1.335676E-2	-5.474609E-2	3.588259E-2	6.810285E-2	1.140863E-3	-2.646841E+10	-2.685671E+10	2.795830E+7	3.882941E+8	-2.484831E+11
5.370070E+2	1.310337E+0	2.734098E+10	1.321762E+0	1.296535E+9	1.310572E+0	2.715324E+10	1.350911E+0	1.321662E+9	1.321964E+0	2.170267E+11	1.311572E+0	2.167688E+11	1.320688E+0	2.441800E+11	1.311433E+0	2.441097E+11	1.142515E-2	4.033945E-2	-2.914918E-2	-2.891430E-2	1.032948E-2	-2.604445E+10	-2.583158E+10	-2.512674E+7	-2.128664E+8	-2.428132E+11
5.372170E+2	1.305853E+0	2.726275E+10	1.383122E+0	1.346643E+9	1.309738E+0	2.713884E+10	1.410784E+0	1.370521E+9	1.314811E+0	2.160472E+11	1.303601E+0	2.156718E+11	1.314243E+0	2.431860E+11	1.303854E+0	2.429346E+11	7.726929E-2	1.010461E-1	-2.766221E-2	-2.377682E-2	7.926784E-2	-2.591610E+10	-2.576831E+10	-2.387880E+7	-1.477889E+8	-2.415879E+11
5.374160E+2	1.417305E+0	2.920712E+10	1.472024E+0	1.419242E+9	1.432229E+0	2.925466E+10	1.475159E+0	1.423055E+9	1.429927E+0	2.318113E+11	1.420392E+0	2.317439E+11	1.430185E+0	2.610660E+11	1.420045E+0	2.609510E+11	5.471902E-2	4.292930E-2	-3.134442E-3	1.178972E-2	5.197972E-2	-2.778788E+10	-2.783160E+10	-3.812800E+6	4.372633E+7	-2.595318E+11
5.376060E+2	1.701579E+0	3.416647E+10	1.700952E+0	1.606188E+9	1.721422E+0	3.424993E+10	1.754742E+0	1.651210E+9	1.702887E+0	2.691910E+11	1.702814E+0	2.706090E+11	1.704963E+0	3.034409E+11	1.702675E+0	3.047755E+11	-6.271978E-4	3.331968E-2	-5.378957E-2	-3.394688E-2	-1.722833E-3	-3.256029E+10	-3.259872E+10	-4.502156E+7	3.843920E+7	-3.031693E+11
5.378160E+2	1.813207E+0	3.611390E+10	1.874645E+0	1.748029E+9	1.829626E+0	3.611896E+10	1.934187E+0	1.797648E+9	1.801994E+0	2.827629E+11	1.804306E+0	2.845757E+11	1.805089E+0	3.188819E+11	1.805307E+0	3.206896E+11	6.143765E-2	1.045613E-1	-5.954218E-2	-4.312366E-2	6.933756E-2	-3.436587E+10	-3.432131E+10	-4.961839E+7	-4.455978E+7	-3.189415E+11
5.380160E+2	2.046204E+0	4.017869E+10	2.142919E+0	1.967107E+9	2.093685E+0	4.068012E+10	2.008840E+0	1.858569E+9	2.027583E+0	3.136555E+11	2.044977E+0	3.176953E+11	2.034987E+0	3.543356E+11	2.045115E+0	3.578740E+11	9.671532E-2	-8.484522E-2	1.340788E-1	1.815605E-1	9.780394E-2	-3.821158E+10	-3.882155E+10	1.085380E+8	6.099651E+8	-3.559069E+11
5.382000E+2	2.119573E+0	4.145867E+10	2.045708E+0	1.887722E+9	2.142064E+0	4.151578E+10	2.156135E+0	1.978770E+9	2.084217E+0	3.214111E+11	2.091933E+0	3.241571E+11	2.090696E+0	3.629269E+11	2.095043E+0	3.656158E+11	-7.386507E-2	1.407061E-2	-1.104272E-1	-8.793568E-2	-4.933514E-2	-3.957094E+10	-3.953701E+10	-9.104727E+7	-3.393686E+7	-3.637280E+11
5.384110E+2	2.130571E+0	4.165054E+10	2.178836E+0	1.996437E+9	2.152479E+0	4.169567E+10	2.119292E+0	1.948704E+9	2.092305E+0	3.225186E+11	2.107760E+0	3.263350E+11	2.099045E+0	3.642143E+11	2.110326E+0	3.679856E+11	4.826460E-2	-3.318704E-2	5.954372E-2	8.145164E-2	6.850953E-2	-3.965410E+10	-3.974697E+10	4.773335E+7	9.286620E+7	-3.659891E+11
5.386060E+2	2.114965E+0	4.137828E+10	2.143609E+0	1.967670E+9	2.134660E+0	4.138788E+10	2.119956E+0	1.949246E+9	2.082123E+0	3.211244E+11	2.098579E+0	3.250716E+11	2.088008E+0	3.625122E+11	2.100422E+0	3.664499E+11	2.864353E-2	-1.470425E-2	2.365286E-2	4.334778E-2	4.318660E-2	-3.941061E+10	-3.943864E+10	1.842460E+7	2.802377E+7	-3.644822E+11
5.388180E+2	1.816568E+0	3.617253E+10	1.806179E+0	1.692119E+9	1.806192E+0	3.571418E+10	1.756077E+0	1.652300E+9	1.793574E+0	2.816099E+11	1.796085E+0	2.834444E+11	1.794988E+0	3.173241E+11	1.798390E+0	3.196169E+11	-1.038811E-2	-5.011523E-2	5.010272E-2	3.972713E-2	7.789925E-3	-3.448041E+10	-3.406188E+10	3.981952E+7	-4.185217E+8	-3.179248E+11
5.390180E+2	1.729359E+0	3.465111E+10	1.750955E+0	1.647022E+9	1.721886E+0	3.425794E+10	1.696639E+0	1.603795E+9	1.694851E+0	2.680905E+11	1.693358E+0	2.693077E+11	1.697879E+0	3.023484E+11	1.697408E+0	3.039588E+11	2.159568E-2	-2.524679E-2	5.431595E-2	4.684246E-2	5.354664E-2	-3.300409E+10	-3.265415E+10	4.322672E+7	-3.499424E+8	-3.023118E+11
5.392250E+2	1.444204E+0	2.967638E+10	1.414764E+0	1.372482E+9	1.446004E+0	2.949258E+10	1.488711E+0	1.434114E+9	1.431499E+0	2.320266E+11	1.438812E+0	2.342787E+11	1.433123E+0	2.615192E+11	1.439418E+0	2.639551E+11	-2.944008E-2	4.270691E-2	-7.394686E-2	-7.214699E-2	-2.465445E-2	-2.830390E+10	-2.805847E+10	-6.163189E+7	-2.454311E+8	-2.625826E+11
5.394150E+2	1.315315E+0	2.742783E+10	1.311869E+0	1.288456E+9	1.323388E+0	2.737462E+10	1.347702E+0	1.319043E+9	1.309137E+0	2.152701E+11	1.310976E+0	2.166868E+11	1.310733E+0	2.426447E+11	1.311464E+0	2.441146E+11	-3.445708E-3	2.431412E-2	-3.583294E-2	-2.775983E-2	4.052168E-4	-2.613937E+10	-2.605558E+10	-3.058663E+7	-8.379357E+7	-2.428261E+11
5.396160E+2	1.122372E+0	2.406180E+10	1.163318E+0	1.167147E+9	1.150297E+0	2.438479E+10	1.107764E+0	1.123240E+9	1.131789E+0	1.909838E+11	1.135494E+0	1.925381E+11	1.133862E+0	2.153686E+11	1.134017E+0	2.165999E+11	4.094616E-2	-4.253335E-2	5.555421E-2	8.347951E-2	2.930078E-2	-2.289465E+10	-2.326155E+10	4.390693E+7	3.668934E+8	-2.154327E+11
5.398120E+2	9.117678E-1	2.038766E+10	9.471243E-1	9.905990E+8	8.967022E-1	2.000439E+10	9.627397E-1	1.004892E+9	9.059554E-1	1.600577E+11	9.078583E-1	1.612123E+11	9.049190E-1	1.800621E+11	9.082982E-1	1.816000E+11	3.535650E-2	6.603758E-2	-1.561547E-2	-3.068108E-2	3.882608E-2	-1.939706E+10	-1.899950E+10	-1.429304E+7	-3.975679E+8	-1.806094E+11
5.400140E+2	8.061821E-1	1.854565E+10	8.010662E-1	8.713253E+8	8.042204E-1	1.840693E+10	8.099688E-1	8.802224E+8	8.077250E-1	1.466058E+11	8.078381E-1	1.474482E+11	8.073324E-1	1.650127E+11	8.076518E-1	1.659938E+11	-5.115899E-3	5.748408E-3	-8.902650E-3	-1.086431E-2	-6.585638E-3	-1.767432E+10	-1.752671E+10	-8.897087E+6	-1.476113E+8	-1.651225E+11
5.402100E+2	6.609366E-1	1.601174E+10	6.120833E-1	7.169985E+8	6.639401E-1	1.598384E+10	6.905671E-1	7.827839E+8	6.550985E-1	1.257048E+11	6.578197E-1	1.268036E+11	6.560888E-1	1.416887E+11	6.581704E-1	1.428154E+11	-4.885337E-2	2.662691E-2	-7.848378E-2	-7.548027E-2	-4.608709E-2	-1.529474E+10	-1.520106E+10	-6.578541E+7	-9.368049E+7	-1.420984E+11
5.404120E+2	6.340375E-1	1.554247E+10	6.317518E-1	7.330601E+8	6.219186E-1	1.525800E+10	6.794642E-1	7.737234E+8	6.321924E-1	1.225680E+11	6.295958E-1	1.229196E+11	6.310417E-1	1.378260E+11	6.300955E-1	1.384621E+11	-2.285775E-3	5.754558E-2	-4.771246E-2	-5.983135E-2	1.656248E-3	-1.480940E+10	-1.448427E+10	-4.066323E+7	-3.251306E+8	-1.377290E+11
5.406090E+2	4.841931E-1	1.292833E+10	5.079791E-1	6.319851E+8	4.791645E-1	1.279218E+10	4.808626E-1	6.116533E+8	4.896252E-1	1.030446E+11	4.868350E-1	1.032738E+11	4.884536E-1	1.158368E+11	4.865378E-1	1.162021E+11	2.378595E-2	1.698093E-3	2.711646E-2	2.208786E-2	2.144132E-2	-1.229634E+10	-1.218052E+10	2.033180E+7	-1.158155E+8	-1.155702E+11
5.408160E+2	4.871452E-1	1.297983E+10	5.204424E-1	6.421629E+8	4.891050E-1	1.296388E+10	5.045282E-1	6.309657E+8	4.981964E-1	1.042184E+11	4.966684E-1	1.046270E+11	4.971781E-1	1.171823E+11	4.955970E-1	1.176069E+11	3.329721E-2	1.542310E-2	1.591423E-2	1.787411E-2	2.484543E-2	-1.233766E+10	-1.233292E+10	1.119716E+7	-4.745827E+6	-1.169647E+11
5.410130E+2	4.320859E-1	1.201928E+10	4.355069E-1	5.728030E+8	4.303353E-1	1.194874E+10	4.745446E-1	6.064974E+8	4.423698E-1	9.657338E+10	4.387460E-1	9.665612E+10	4.410219E-1	1.085221E+11	4.379967E-1	1.086754E+11	3.421060E-3	4.420931E-2	-3.903765E-2	-4.078825E-2	-2.489740E-3	-1.144647E+10	-1.134224E+10	-3.369440E+7	-1.042315E+8	-1.081026E+11
5.415040E+2	5.828659E-1	1.464974E+10	5.869943E-1	6.965104E+8	5.895307E-1	1.469855E+10	5.938970E-1	7.038957E+8	5.922997E-1	1.171051E+11	5.907455E-1	1.175733E+11	5.919895E-1	1.318036E+11	5.898589E-1	1.322230E+11	4.128392E-3	4.366368E-3	-6.902691E-3	-2.379761E-4	-2.864606E-3	-1.395323E+10	-1.399466E+10	-7.385326E+6	4.142746E+7	-1.315265E+11
5.420210E+2	7.254554E-1	1.713731E+10	7.502760E-1	8.298491E+8	7.326976E-1	1.717151E+10	7.064790E-1	7.957690E+8	7.457618E-1	1.381205E+11	7.417908E-1	1.383592E+11	7.442985E-1	1.552920E+11	7.399529E-1	1.554965E+11	2.482053E-2	-2.621861E-2	4.379693E-2	5.103914E-2	1.032304E-2	-1.630746E+10	-1.637574E+10	3.408018E+7	6.827141E+7	-1.546667E+11
5.425460E+2	8.959129E-1	2.011106E+10	8.881373E-1	9.424292E+8	9.075449E-1	2.019168E+10	8.917230E-1	9.469384E+8	8.973599E-1	1.588806E+11	9.036938E-1	1.606392E+11	8.985007E-1	1.790723E+11	9.028184E-1	1.807503E+11	-7.775632E-3	-1.582192E-2	-3.585669E-3	8.046293E-3	-1.468111E-2	-1.916863E+10	-1.924474E+10	-4.509195E+6	7.610326E+7	-1.798079E+11
5.430120E+2	1.138017E+0	2.433473E+10	1.150846E+0	1.156962E+9	1.151437E+0	2.440448E+10	1.166393E+0	1.171085E+9	1.141502E+0	1.923139E+11	1.146641E+0	1.940721E+11	1.142615E+0	2.167183E+11	1.145671E+0	2.184068E+11	1.282893E-2	1.495555E-2	-1.554749E-2	-2.126625E-3	5.174905E-3	-2.317777E+10	-2.323340E+10	-1.412306E+7	5.562670E+7	-2.172498E+11
5.434950E+2	1.131379E+0	2.421894E+10	1.140511E+0	1.148522E+9	1.147505E+0	2.433656E+10	1.143608E+0	1.152491E+9	1.135587E+0	1.915039E+11	1.140971E+0	1.932918E+11	1.136922E+0	2.158405E+11	1.139892E+0	2.175107E+11	9.131952E-3	-3.897250E-3	-3.096763E-3	1.302920E-2	6.194636E-4	-2.307041E+10	-2.318407E+10	-3.968376E+6	1.136520E+8	-2.163622E+11
5.440060E+2	1.334946E+0	2.777031E+10	1.363505E+0	1.330623E+9	1.333398E+0	2.754752E+10	1.352902E+0	1.323286E+9	1.317246E+0	2.163806E+11	1.329617E+0	2.192520E+11	1.319055E+0	2.439281E+11	1.330217E+0	2.470224E+11	2.855902E-2	1.950413E-2	1.060322E-2	9.054887E-3	3.328874E-2	-2.643968E+10	-2.622423E+10	7.336909E+6	-2.154496E+8	-2.456917E+11
5.445240E+2	1.212938E+0	2.564179E+10	1.225351E+0	1.217804E+9	1.220241E+0	2.559294E+10	1.249506E+0	1.238910E+9	1.213521E+0	2.021763E+11	1.220312E+0	2.042102E+11	1.214273E+0	2.277692E+11	1.219482E+0	2.298520E+11	1.241347E-2	2.926542E-2	-2.415490E-2	-1.685195E-2	5.868878E-3	-2.442398E+10	-2.435403E+10	-2.110531E+7	-6.995558E+7	-2.286342E+11
5.450090E+2	1.100692E+0	2.368358E+10	1.141040E+0	1.148955E+9	1.114083E+0	2.375925E+10	1.151790E+0	1.159168E+9	1.115998E+0	1.888213E+11	1.115482E+0	1.897841E+11	1.115784E+0	2.125806E+11	1.113818E+0	2.134677E+11	4.034812E-2	3.770682E-2	-1.074945E-2	2.641301E-3	2.722281E-2	-2.253463E+10	-2.260008E+10	-1.021310E+7	6.545478E+7	-2.123187E+11
5.455130E+2	1.076714E+0	2.326527E+10	1.131762E+0	1.141378E+9	1.095629E+0	2.344050E+10	1.068450E+0	1.091158E+9	1.083712E+0	1.844000E+11	1.086841E+0	1.858428E+11	1.085047E+0	2.078405E+11	1.085702E+0	2.091081E+11	5.504757E-2	-2.717934E-2	6.331184E-2	8.222691E-2	4.605996E-2	-2.212389E+10	-2.234934E+10	5.021985E+7	2.254467E+8	-2.079667E+11
5.460110E+2	9.853984E-1	2.167220E+10	1.049235E+0	1.073984E+9	9.801247E-1	2.144536E+10	9.497373E-1	9.942814E+8	9.883503E-1	1.713410E+11	9.848929E-1	1.718133E+11	9.874290E-1	1.927864E+11	9.849497E-1	1.934855E+11	6.383628E-2	-3.038741E-2	9.949735E-2	9.422369E-2	6.428492E-2	-2.059822E+10	-2.045108E+10	7.970288E+7	-1.471351E+8	-1.924115E+11
5.465160E+2	1.106308E+0	2.378155E+10	1.155788E+0	1.160997E+9	1.124931E+0	2.394664E+10	1.163188E+0	1.168469E+9	1.121497E+0	1.895743E+11	1.120570E+0	1.904844E+11	1.121881E+0	2.135209E+11	1.118966E+0	2.142659E+11	4.947994E-2	3.825667E-2	-7.400514E-3	1.122327E-2	3.682191E-2	-2.262055E+10	-2.277817E+10	-7.471892E+6	1.576187E+8	-2.131049E+11
5.470110E+2	1.132476E+0	2.423807E+10	1.167405E+0	1.170484E+9	1.118726E+0	2.383946E+10	1.152933E+0	1.160100E+9	1.131440E+0	1.909360E+11	1.123652E+0	1.909085E+11	1.130016E+0	2.147755E+11	1.124645E+0	2.151465E+11	3.492894E-2	3.420645E-2	1.447213E-2	7.224950E-4	4.276026E-2	-2.306759E+10	-2.267936E+10	1.038394E+7	-3.882321E+8	-2.139761E+11
5.475120E+2	1.216936E+0	2.571154E+10	1.200364E+0	1.197400E+9	1.230479E+0	2.576978E+10	1.284826E+0	1.267733E+9	1.230400E+0	2.044878E+11	1.229974E+0	2.055398E+11	1.230409E+0	2.302576E+11	1.228507E+0	2.312513E+11	-1.657208E-2	5.434765E-2	-8.446204E-2	-7.091973E-2	-2.814242E-2	-2.451414E+10	-2.450204E+10	-7.033337E+7	-1.209960E+7	-2.300539E+11
5.480090E+2	1.351936E+0	2.806671E+10	1.358080E+0	1.326193E+9	1.358854E+0	2.798723E+10	1.364338E+0	1.332619E+9	1.346605E+0	2.204010E+11	1.349587E+0	2.220001E+11	1.347977E+0	2.483882E+11	1.349851E+0	2.500668E+11	6.143916E-3	5.483825E-3	-6.257750E-3	6.600912E-4	8.229299E-3	-2.674052E+10	-2.665461E+10	-6.425636E+6	-8.590508E+7	-2.487406E+11
5.485120E+2	1.458557E+0	2.992678E+10	1.530749E+0	1.467198E+9	1.466961E+0	2.985458E+10	1.501959E+0	1.444926E+9	1.454986E+0	2.352429E+11	1.459300E+0	2.370982E+11	1.456327E+0	2.650975E+11	1.459217E+0	2.670250E+11	7.219220E-2	3.499861E-2	2.878996E-2	3.719359E-2	7.153260E-2	-2.845959E+10	-2.840965E+10	2.227231E+7	-4.993492E+7	-2.655578E+11
5.490160E+2	1.672881E+0	3.366582E+10	1.654954E+0	1.568626E+9	1.696403E+0	3.381778E+10	1.679288E+0	1.589635E+9	1.657606E+0	2.629901E+11	1.662489E+0	2.650597E+11	1.661951E+0	2.968079E+11	1.663658E+0	2.987255E+11	-1.792702E-2	-1.711517E-2	-2.433340E-2	-8.118528E-4	-8.703835E-3	-3.209719E+10	-3.222814E+10	-2.100952E+7	1.309471E+8	-2.971569E+11
5.495100E+2	1.558769E+0	3.167506E+10	1.566843E+0	1.496673E+9	1.556884E+0	3.140784E+10	1.628889E+0	1.548507E+9	1.549566E+0	2.481950E+11	1.553233E+0	2.500246E+11	1.550386E+0	2.796028E+11	1.553856E+0	2.816997E+11	8.074172E-3	7.200507E-2	-6.204570E-2	-6.393089E-2	1.298787E-2	-3.017838E+10	-2.985933E+10	-5.183441E+7	-3.190490E+8	-2.802030E+11
5.499830E+2	1.720070E+0	3.448905E+10	1.773332E+0	1.665296E+9	1.714956E+0	3.413825E+10	1.750071E+0	1.647398E+9	1.707076E+0	2.697646E+11	1.706439E+0	2.711078E+11	1.707958E+0	3.039028E+11	1.707972E+0	3.055969E+11	5.326251E-2	3.511503E-2	2.326140E-2	1.814748E-2	6.535989E-2	-3.282376E+10	-3.249085E+10	1.789703E+7	-3.329123E+8	-3.039316E+11
5.505110E+2	1.571189E+0	3.189173E+10	1.554065E+0	1.486238E+9	1.583065E+0	3.186007E+10	1.609987E+0	1.533082E+9	1.561315E+0	2.498039E+11	1.569090E+0	2.522068E+11	1.563751E+0	2.816639E+11	1.569326E+0	2.840985E+11	-1.712406E-2	2.692163E-2	-5.592166E-2	-4.404569E-2	-1.526116E-2	-3.040549E+10	-3.032699E+10	-4.684402E+7	-7.850199E+7	-2.826123E+11
5.510190E+2	1.546316E+0	3.145779E+10	1.586685E+0	1.512876E+9	1.557989E+0	3.142692E+10	1.588714E+0	1.515722E+9	1.541899E+0	2.471450E+11	1.545757E+0	2.489959E+11	1.543701E+0	2.785719E+11	1.545820E+0	2.804537E+11	4.036900E-2	3.072558E-2	-2.029439E-3	9.643418E-3	4.086445E-2	-2.994492E+10	-2.991119E+10	-2.846612E+6	-3.372213E+7	-2.789408E+11
5.515500E+2	1.469679E+0	3.012081E+10	1.499515E+0	1.441691E+9	1.478117E+0	3.004729E+10	1.476365E+0	1.424039E+9	1.465547E+0	2.366892E+11	1.471749E+0	2.388113E+11	1.466955E+0	2.667365E+11	1.471516E+0	2.689321E+11	2.983612E-2	-1.752533E-3	2.314987E-2	3.158865E-2	2.799904E-2	-2.867912E+10	-2.862325E+10	1.765212E+7	-5.586624E+7	-2.674904E+11
5.520100E+2	1.217850E+0	2.572749E+10	1.211063E+0	1.206136E+9	1.228016E+0	2.572723E+10	1.231900E+0	1.224542E+9	1.218293E+0	2.028299E+11	1.221804E+0	2.044156E+11	1.219382E+0	2.285571E+11	1.221360E+0	2.301431E+11	-6.787274E-3	3.884426E-3	-2.083682E-2	-1.067170E-2	-1.029649E-2	-2.452135E+10	-2.450269E+10	-1.840561E+7	-1.866433E+7	-2.289369E+11
5.525040E+2	1.220295E+0	2.577014E+10	1.193735E+0	1.191986E+9	1.209287E+0	2.540373E+10	1.261289E+0	1.248525E+9	1.218847E+0	2.029057E+11	1.216704E+0	2.037137E+11	1.217777E+0	2.283094E+11	1.217108E+0	2.294839E+11	-2.655994E-2	5.200179E-2	-6.755343E-2	-7.856173E-2	-2.337308E-2	-2.457815E+10	-2.415520E+10	-5.653872E+7	-4.229520E+8	-2.282919E+11
5.530260E+2	1.031047E+0	2.246856E+10	1.075590E+0	1.095506E+9	1.051616E+0	2.268024E+10	1.039918E+0	1.067874E+9	1.045847E+0	1.792147E+11	1.049461E+0	1.806988E+11	1.046493E+0	2.018949E+11	1.047390E+0	2.031674E+11	4.454334E-2	-1.169737E-2	3.567160E-2	5.624071E-2	2.820036E-2	-2.137306E+10	-2.161236E+10	2.763229E+7	2.393074E+8	-2.020719E+11
5.535050E+2	1.045103E+0	2.271379E+10	1.093158E+0	1.109853E+9	1.062886E+0	2.287492E+10	1.040988E+0	1.068747E+9	1.052429E+0	1.801161E+11	1.052338E+0	1.810947E+11	1.053600E+0	2.029910E+11	1.051524E+0	2.038085E+11	4.805443E-2	-2.189805E-2	5.216947E-2	6.995248E-2	4.163333E-2	-2.160394E+10	-2.180617E+10	4.110536E+7	2.022308E+8	-2.026987E+11
5.540010E+2	1.024207E+0	2.234924E+10	1.068961E+0	1.090093E+9	1.031996E+0	2.234134E+10	1.019691E+0	1.051367E+9	1.034482E+0	1.776583E+11	1.029746E+0	1.779858E+11	1.034203E+0	1.999997E+11	1.029123E+0	2.003350E+11	4.475397E-2	-1.230522E-2	4.926979E-2	5.705919E-2	3.983756E-2	-2.125914E+10	-2.128998E+10	3.872545E+7	3.083401E+7	-1.992449E+11
5.550190E+2	9.897484E-1	2.174809E+10	9.891726E-1	1.024936E+9	9.988006E-1	2.176795E+10	1.042996E+0	1.070386E+9	9.920014E-1	1.718410E+11	9.933520E-1	1.729774E+11	9.927629E-1	1.936089E+11	9.929466E-1	1.947255E+11	-5.758435E-4	4.419554E-2	-5.382359E-2	-4.477139E-2	-3.773987E-3	-2.072315E+10	-2.069757E+10	-4.544938E+7	-2.558410E+7	-1.937006E+11
5.560190E+2	1.141134E+0	2.438912E+10	1.106332E+0	1.120611E+9	1.131698E+0	2.406352E+10	1.132725E+0	1.143610E+9	1.144418E+0	1.927132E+11	1.144860E+0	1.938270E+11	1.142993E+0	2.167767E+11	1.144441E+0	2.182162E+11	-3.480201E-2	1.027099E-3	-2.639301E-2	-3.582911E-2	-3.810887E-2	-2.326851E+10	-2.291991E+10	-2.299863E+7	-3.485996E+8	-2.170955E+11
5.570270E+2	1.071331E+0	2.317136E+10	1.062762E+0	1.085031E+9	1.078365E+0	2.314229E+10	1.061658E+0	1.085615E+9	1.074339E+0	1.831165E+11	1.079510E+0	1.848340E+11	1.074790E+0	2.062588E+11	1.078590E+0	2.080053E+11	-8.568624E-3	-1.670741E-2	1.104558E-3	8.138786E-3	-1.582772E-2	-2.208632E+10	-2.205668E+10	-5.835598E+5	-2.964828E+7	-2.069203E+11
5.580230E+2	1.154716E+0	2.462607E+10	1.238465E+0	1.228513E+9	1.162266E+0	2.459152E+10	1.126614E+0	1.138622E+9	1.159469E+0	1.947743E+11	1.161013E+0	1.960499E+11	1.159782E+0	2.193658E+11	1.160305E+0	2.206759E+11	8.374883E-2	-3.565190E-2	1.118516E-1	1.194007E-1	7.816065E-2	-2.339756E+10	-2.345289E+10	8.989103E+7	5.533551E+7	-2.194474E+11
5.590160E+2	1.127774E+0	2.415604E+10	1.153017E+0	1.158735E+9	1.127864E+0	2.399729E+10	1.129096E+0	1.140648E+9	1.123691E+0	1.898748E+11	1.124918E+0	1.910827E+11	1.124158E+0	2.138721E+11	1.125239E+0	2.152388E+11	2.524296E-2	1.231767E-3	2.392132E-2	2.401120E-2	2.777764E-2	-2.299731E+10	-2.285664E+10	1.808693E+7	-1.406654E+8	-2.140800E+11
5.600410E+2	1.001667E+0	2.195602E+10	1.003588E+0	1.036708E+9	1.002899E+0	2.183875E+10	1.000995E+0	1.036111E+9	9.983604E-1	1.727118E+11	1.002310E+0	1.742102E+11	9.988688E-1	1.945505E+11	1.002238E+0	1.961662E+11	1.920579E-3	-1.904056E-3	2.592338E-3	3.824634E-3	1.349878E-3	-2.091931E+10	-2.080264E+10	5.972934E+5	-1.166683E+8	-1.951295E+11
5.610300E+2	1.042345E+0	2.266567E+10	1.033539E+0	1.061167E+9	1.035215E+0	2.239694E+10	1.025084E+0	1.055768E+9	1.030993E+0	1.771806E+11	1.027588E+0	1.776887E+11	1.031466E+0	1.995775E+11	1.029248E+0	2.003544E+11	-8.805288E-3	-1.013091E-2	8.455672E-3	1.325625E-3	4.291370E-3	-2.160450E+10	-2.134117E+10	5.398937E+6	-2.633280E+8	-1.992932E+11
5.620160E+2	8.846023E-1	1.991374E+10	8.931771E-1	9.465448E+8	8.809129E-1	1.973166E+10	9.047371E-1	9.575587E+8	8.918695E-1	1.581287E+11	8.960664E-1	1.595896E+11	8.906423E-1	1.778604E+11	8.947765E-1	1.795033E+11	8.574894E-3	2.382426E-2	-1.155996E-2	-1.524936E-2	-1.599400E-3	-1.896720E+10	-1.877410E+10	-1.101383E+7	-1.930992E+8	-1.785568E+11
5.630180E+2	9.978039E-1	2.188862E+10	1.001112E+0	1.034686E+9	9.926324E-1	2.166141E+10	9.487445E-1	9.934712E+8	9.978005E-1	1.726351E+11	9.977507E-1	1.735828E+11	9.972217E-1	1.942965E+11	9.977567E-1	1.954714E+11	3.307786E-3	-4.388788E-2	5.236725E-2	4.719567E-2	3.354988E-3	-2.085394E+10	-2.066794E+10	4.121502E+7	-1.859995E+8	-1.944367E+11
5.640120E+2	9.966066E-1	2.186774E+10	9.937737E-1	1.028694E+9	9.996807E-1	2.178316E+10	1.043638E+0	1.070910E+9	9.957165E-1	1.723497E+11	9.958137E-1	1.733162E+11	9.961606E-1	1.941329E+11	9.959029E-1	1.951839E+11	-2.832944E-3	4.395769E-2	-4.986476E-2	-4.679064E-2	-2.129264E-3	-2.083904E+10	-2.071225E+10	-4.221616E+7	-1.267946E+8	-1.941552E+11
5.650260E+2	9.761980E-1	2.151169E+10	9.349216E-1	9.806341E+8	9.760183E-1	2.137443E+10	9.592547E-1	1.002048E+9	9.810264E-1	1.703380E+11	9.801058E-1	1.711546E+11	9.804654E-1	1.917125E+11	9.796661E-1	1.926663E+11	-4.127639E-2	-1.676358E-2	-2.433313E-2	-2.451281E-2	-4.474458E-2	-2.053106E+10	-2.037238E+10	-2.141399E+7	-1.586755E+8	-1.916856E+11
5.660150E+2	1.067599E+0	2.310624E+10	1.100105E+0	1.115526E+9	1.079877E+0	2.316840E+10	1.082733E+0	1.102814E+9	1.077198E+0	1.835079E+11	1.075677E+0	1.843064E+11	1.077498E+0	2.066763E+11	1.074768E+0	2.074126E+11	3.250630E-2	2.856646E-3	1.737137E-2	2.964966E-2	2.533713E-2	-2.199071E+10	-2.206559E+10	1.271206E+7	7.487286E+7	-2.062971E+11
5.670320E+2	1.033179E+0	2.250576E+10	1.039784E+0	1.066267E+9	1.032765E+0	2.235463E+10	1.034813E+0	1.063708E+9	1.027036E+0	1.766387E+11	1.024689E+0	1.772898E+11	1.027678E+0	1.989933E+11	1.025644E+0	1.997956E+11	6.605060E-3	2.047838E-3	4.971225E-3	4.557221E-3	1.413987E-2	-2.143950E+10	-2.129092E+10	2.558943E+6	-1.485793E+8	-1.987293E+11
