Photon Energy (eV)	X ref norm	X ref	X pump norm	X pump	Y ref norm	Y ref	Y pump norm	Y pump	X all norm	X all	Y all norm	Y all	X all Y ref norm	X all Y ref	Y all X ref norm	Y all X ref	BC(X hist) norm	BC(Y hist) norm	StS norm	BCSC norm	BCLR norm	BC(X hist)	BC(Y hist)	StS	BCSC	BCLR	
5.290170E+2	2.655641E-3	4.147765E+9	-6.763236E-3	1.929469E+8	-1.741740E-3	4.075462E+9	5.313237E-3	1.973450E+8	1.449648E-3	3.273413E+10	6.021392E-4	3.288460E+10	1.088325E-3	3.680959E+10	8.304419E-4	3.703236E+10	-9.418877E-3	7.054977E-3	-1.207647E-2	-1.647385E-2	-7.593678E-3	-3.954818E+9	-3.878117E+9	-4.398128E+6	-7.670105E+7	-3.683942E+10
5.295110E+2	-1.192677E-3	4.088597E+9	-1.377851E-2	1.879442E+8	2.874846E-3	4.147291E+9	1.760000E-3	1.947377E+8	-2.372927E-3	3.226829E+10	-1.859960E-3	3.258196E+10	-1.778784E-3	3.641558E+10	-1.785774E-3	3.667056E+10	-1.258584E-2	-1.114847E-3	-1.553851E-2	-1.147099E-2	-1.199274E-2	-3.900653E+9	-3.952553E+9	-6.793560E+6	5.190046E+7	-3.648262E+10
5.300160E+2	-1.173577E-2	3.926497E+9	-2.792861E-2	1.778535E+8	-1.361442E-2	3.890735E+9	-1.515232E-2	1.823278E+8	-1.370737E-2	3.088701E+10	-1.419596E-2	3.106565E+10	-1.369685E-2	3.477775E+10	-1.392245E-2	3.499215E+10	-1.619283E-2	-1.537895E-3	-1.277629E-2	-1.465494E-2	-1.400616E-2	-3.748643E+9	-3.708408E+9	-4.474327E+6	-4.023571E+7	-3.481430E+10
5.305080E+2	-9.773109E-3	3.956673E+9	-4.664416E-3	1.944436E+8	-4.281095E-3	4.035952E+9	1.390296E-2	2.036480E+8	-6.143061E-3	3.180884E+10	-5.652628E-3	3.211578E+10	-5.932252E-3	3.584479E+10	-6.110731E-3	3.607245E+10	5.108692E-3	1.818406E-2	-1.856738E-2	-1.307536E-2	1.446315E-3	-3.762229E+9	-3.832304E+9	-9.204397E+6	7.007484E+7	-3.587801E+10
5.310100E+2	-1.862259E-3	4.078302E+9	-8.412938E-3	1.917705E+8	-1.975227E-3	4.071829E+9	-2.283847E-3	1.917704E+8	-2.526315E-3	3.224960E+10	-3.668397E-3	3.235968E+10	-2.463922E-3	3.632143E+10	-3.467596E-3	3.643798E+10	-6.550679E-3	-3.086200E-4	-6.129091E-3	-6.242059E-3	-4.945342E-3	-3.886531E+9	-3.880058E+9	3.512919E+1	-6.473062E+6	-3.624621E+10
5.315080E+2	1.319837E-2	4.309859E+9	3.976661E-2	2.261283E+8	5.112775E-3	4.182111E+9	9.502147E-3	2.004188E+8	1.498371E-2	3.438346E+10	1.271828E-2	3.437388E+10	1.386614E-2	3.856557E+10	1.277165E-2	3.868374E+10	2.656824E-2	4.389372E-3	3.026446E-2	2.217887E-2	2.699496E-2	-4.083730E+9	-3.981692E+9	2.570947E+7	-1.020388E+8	-3.845762E+10
5.320070E+2	3.190399E-3	4.155986E+9	2.398108E-3	1.994801E+8	5.134320E-3	4.182446E+9	-6.705017E-3	1.885263E+8	1.483627E-3	3.273827E+10	3.389373E-3	3.322720E+10	1.896952E-3	3.692072E+10	3.367252E-3	3.738319E+10	-7.922908E-4	-1.183934E-2	9.103125E-3	1.104705E-2	-9.691436E-4	-3.956506E+9	-3.993919E+9	1.095378E+7	3.741307E+7	-3.718371E+10
5.325070E+2	5.519413E-3	4.191795E+9	1.938299E-2	2.115923E+8	8.490545E-3	4.234665E+9	-6.337161E-3	1.887962E+8	6.832689E-3	3.339013E+10	8.667158E-3	3.387593E+10	7.020388E-3	3.762480E+10	8.317201E-3	3.806773E+10	1.386358E-2	-1.482771E-2	2.572015E-2	2.869129E-2	1.106579E-2	-3.980203E+9	-4.045869E+9	2.279611E+7	6.566610E+7	-3.785613E+10
5.330130E+2	9.708661E-3	4.256205E+9	1.376007E-2	2.075825E+8	9.102935E-3	4.244193E+9	4.779188E-2	2.285151E+8	1.251183E-2	3.408223E+10	1.235392E-2	3.432910E+10	1.212588E-2	3.832642E+10	1.205983E-2	3.858530E+10	4.051410E-3	3.868894E-2	-3.403180E-2	-3.463753E-2	1.700246E-3	-4.048622E+9	-4.015678E+9	-2.093259E+7	-3.294408E+7	-3.837772E+10
5.332040E+2	1.800329E-2	4.383734E+9	-1.419388E-4	1.976687E+8	2.052139E-2	4.421852E+9	7.357913E-3	1.988454E+8	1.900945E-2	3.487406E+10	1.903103E-2	3.514983E+10	1.918063E-2	3.929591E+10	1.891677E-2	3.953357E+10	-1.814523E-2	-1.316348E-2	-7.499851E-3	-4.981747E-3	-1.905871E-2	-4.186066E+9	-4.223007E+9	-1.176696E+6	3.694100E+7	-3.933590E+10
5.334060E+2	3.732833E-2	4.680857E+9	4.027447E-2	2.264904E+8	3.962938E-2	4.719152E+9	5.230530E-2	2.318269E+8	4.107592E-2	3.756320E+10	3.961182E-2	3.767957E+10	4.091215E-2	4.228235E+10	3.935795E-2	4.236043E+10	2.946140E-3	1.267592E-2	-1.203083E-2	-9.729783E-3	9.165263E-4	-4.454366E+9	-4.487325E+9	-5.336515E+6	3.295871E+7	-4.213394E+10
5.336180E+2	2.061081E-2	4.423825E+9	2.372671E-2	2.146899E+8	2.012355E-2	4.415662E+9	3.774411E-2	2.211422E+8	2.180489E-2	3.521473E+10	2.185853E-2	3.549738E+10	2.161453E-2	3.963039E+10	2.171981E-2	3.992121E+10	3.115904E-3	1.762057E-2	-1.401740E-2	-1.450466E-2	2.006903E-3	-4.209135E+9	-4.194520E+9	-6.452322E+6	-1.461518E+7	-3.970652E+10
5.338100E+2	5.761874E-2	4.992821E+9	8.803075E-2	2.605464E+8	5.851793E-2	5.013037E+9	5.585776E-2	2.344337E+8	5.582925E-2	3.936112E+10	5.742546E-2	3.986918E+10	5.613366E-2	4.437415E+10	5.744695E-2	4.486200E+10	3.041201E-2	-2.660166E-3	3.217299E-2	3.307218E-2	3.058380E-2	-4.732275E+9	-4.778604E+9	2.611269E+7	4.632884E+7	-4.460146E+10
5.340070E+2	6.555268E-2	5.114805E+9	5.297365E-2	2.355465E+8	6.512757E-2	5.115876E+9	4.924734E-2	2.295831E+8	6.385645E-2	4.033936E+10	6.416513E-2	4.069760E+10	6.400037E-2	4.545523E+10	6.431939E-2	4.581241E+10	-1.257904E-2	-1.588024E-2	3.726310E-3	3.301199E-3	-1.134575E-2	-4.879259E+9	-4.886293E+9	5.963393E+6	7.034246E+6	-4.557686E+10
5.342090E+2	1.527398E-1	6.455306E+9	1.743977E-1	3.221364E+8	1.481444E-1	6.407528E+9	1.657158E-1	3.150454E+8	1.583443E-1	5.185415E+10	1.538590E-1	5.172255E+10	1.571895E-1	5.826167E+10	1.537346E-1	5.817786E+10	2.165791E-2	1.757140E-2	8.681981E-3	4.086515E-3	2.066316E-2	-6.133170E+9	-6.092483E+9	7.090941E+6	-4.068689E+7	-5.785572E+10
5.344120E+2	2.498384E-1	7.948195E+9	2.568007E-1	3.808995E+8	2.467199E-1	7.941257E+9	2.714229E-1	3.926114E+8	2.598574E-1	6.422507E+10	2.536618E-1	6.399007E+10	2.583700E-1	7.216633E+10	2.532367E-1	7.193826E+10	6.962277E-3	2.470307E-2	-1.462228E-2	-1.774079E-2	3.563930E-3	-7.567295E+9	-7.548646E+9	-1.171188E+7	-1.864919E+7	-7.155736E+10
5.346150E+2	4.972372E-1	1.175195E+10	4.870457E-1	5.450918E+8	4.977760E-1	1.184742E+10	4.540659E-1	5.266314E+8	5.068516E-1	9.432511E+10	4.963792E-1	9.382428E+10	5.058241E-1	1.061725E+11	4.964746E-1	1.055762E+11	-1.019149E-2	-4.371007E-2	3.297978E-2	3.351858E-2	-9.428846E-3	-1.120685E+10	-1.132079E+10	1.846037E+7	1.139345E+8	-1.050311E+11
5.348180E+2	7.982393E-1	1.637985E+10	8.300512E-1	7.896957E+8	7.799329E-1	1.623748E+10	7.580972E-1	7.497239E+8	8.035139E-1	1.304780E+11	7.915058E-1	1.301005E+11	8.008441E-1	1.467154E+11	7.922544E-1	1.464804E+11	3.181185E-2	-2.183561E-2	7.195394E-2	5.364746E-2	3.779680E-2	-1.559015E+10	-1.548775E+10	3.997180E+7	-1.023990E+8	-1.456907E+11
5.350100E+2	1.404112E+0	2.569513E+10	1.477574E+0	1.251457E+9	1.401299E+0	2.590527E+10	1.338602E+0	1.175688E+9	1.398548E+0	2.029920E+11	1.388647E+0	2.034996E+11	1.398859E+0	2.288973E+11	1.390366E+0	2.291948E+11	7.346183E-2	-6.269656E-2	1.389715E-1	1.361584E-1	8.720758E-2	-2.444367E+10	-2.472958E+10	7.576912E+7	2.859048E+8	-2.279433E+11
5.352340E+2	1.951642E+0	3.411339E+10	1.833334E+0	1.505156E+9	1.935304E+0	3.421382E+10	1.853060E+0	1.553187E+9	1.895199E+0	2.635165E+11	1.893650E+0	2.655733E+11	1.899740E+0	2.977304E+11	1.900097E+0	2.996867E+11	-1.183080E-1	-8.224400E-2	-1.972620E-2	-3.606401E-2	-6.676316E-2	-3.260824E+10	-3.266063E+10	-4.803092E+7	5.239014E+7	-2.981816E+11
5.354010E+2	2.189332E+0	3.776787E+10	2.039260E+0	1.652006E+9	2.172296E+0	3.790115E+10	2.003183E+0	1.663344E+9	2.131171E+0	2.922734E+11	2.133412E+0	2.950442E+11	2.135827E+0	3.301745E+11	2.139629E+0	3.328121E+11	-1.500721E-1	-1.691134E-1	3.607745E-2	1.904133E-2	-1.003686E-1	-3.611587E+10	-3.623781E+10	-1.133803E+7	1.219397E+8	-3.311601E+11
5.356250E+2	2.309918E+0	3.962188E+10	2.175309E+0	1.749026E+9	2.309853E+0	4.004140E+10	2.193371E+0	1.802901E+9	2.243069E+0	3.059098E+11	2.264733E+0	3.111860E+11	2.250630E+0	3.459512E+11	2.269757E+0	3.508078E+11	-1.346087E-1	-1.164823E-1	-1.806160E-2	-1.812638E-2	-9.444739E-2	-3.787285E+10	-3.823849E+10	-5.387526E+7	3.656393E+8	-3.490588E+11
5.358130E+2	2.463515E+0	4.198343E+10	2.331733E+0	1.860575E+9	2.420523E+0	4.176330E+10	2.311216E+0	1.889373E+9	2.382820E+0	3.229407E+11	2.381788E+0	3.255740E+11	2.387089E+0	3.647040E+11	2.390874E+0	3.675575E+11	-1.317818E-1	-1.093075E-1	2.051782E-2	-2.247426E-2	-5.914076E-2	-4.012286E+10	-3.987392E+10	-2.879840E+7	-2.489331E+8	-3.656969E+11
5.360070E+2	2.293959E+0	3.937652E+10	2.279661E+0	1.823441E+9	2.269236E+0	3.940943E+10	2.120149E+0	1.749172E+9	2.239513E+0	3.054765E+11	2.242116E+0	3.084059E+11	2.242878E+0	3.448860E+11	2.247880E+0	3.477824E+11	-1.429836E-2	-1.490872E-1	1.595121E-1	1.347888E-1	3.178150E-2	-3.755308E+10	-3.766026E+10	7.426895E+7	1.071873E+8	-3.459590E+11
5.362110E+2	1.770687E+0	3.133121E+10	1.672550E+0	1.390498E+9	1.749099E+0	3.131665E+10	1.623670E+0	1.384865E+9	1.733029E+0	2.437536E+11	1.736557E+0	2.462639E+11	1.734848E+0	2.750703E+11	1.740352E+0	2.775951E+11	-9.813621E-2	-1.254283E-1	4.888027E-2	2.729211E-2	-6.780139E-2	-2.994071E+10	-2.993179E+10	5.633287E+6	-8.920979E+6	-2.762046E+11
5.364150E+2	1.683775E+0	2.999495E+10	1.603427E+0	1.341205E+9	1.686603E+0	3.034428E+10	1.636001E+0	1.393913E+9	1.671620E+0	2.362701E+11	1.664555E+0	2.374136E+11	1.673317E+0	2.666144E+11	1.666692E+0	2.674085E+11	-8.034836E-2	-5.060144E-2	-3.257410E-2	-2.974692E-2	-6.326506E-2	-2.865374E+10	-2.895037E+10	-5.270819E+7	2.966269E+8	-2.660673E+11
5.366190E+2	1.377653E+0	2.528833E+10	1.354851E+0	1.163941E+9	1.375138E+0	2.549823E+10	1.295958E+0	1.144396E+9	1.371917E+0	1.997466E+11	1.359827E+0	1.999572E+11	1.372282E+0	2.252448E+11	1.361809E+0	2.252455E+11	-2.280221E-2	-7.918048E-2	5.889350E-2	5.637827E-2	-6.958122E-3	-2.412439E+10	-2.435384E+10	1.954502E+7	2.294488E+8	-2.240816E+11
5.368390E+2	1.425470E+0	2.602351E+10	1.421173E+0	1.211236E+9	1.403924E+0	2.594611E+10	1.338935E+0	1.175932E+9	1.418511E+0	2.054248E+11	1.409769E+0	2.060959E+11	1.416860E+0	2.313709E+11	1.411515E+0	2.321194E+11	-4.297681E-3	-6.498895E-2	8.223772E-2	6.069127E-2	9.658042E-3	-2.481228E+10	-2.477018E+10	3.530426E+7	-4.210150E+7	-2.309082E+11
5.370070E+2	1.326172E+0	2.449680E+10	1.266514E+0	1.100946E+9	1.322231E+0	2.467506E+10	1.260165E+0	1.118132E+9	1.312543E+0	1.925110E+11	1.307221E+0	1.934910E+11	1.313640E+0	2.171861E+11	1.309328E+0	2.179878E+11	-5.965781E-2	-6.206633E-2	6.349440E-3	2.408514E-3	-4.281388E-2	-2.339586E+10	-2.355692E+10	-1.718563E+7	1.610662E+8	-2.168868E+11
5.372170E+2	1.123828E+0	2.138577E+10	1.129163E+0	1.002998E+9	1.108497E+0	2.134958E+10	1.048811E+0	9.630443E+8	1.118014E+0	1.688046E+11	1.108370E+0	1.690487E+11	1.116936E+0	1.901542E+11	1.110089E+0	1.904344E+11	5.334994E-3	-5.968587E-2	8.035176E-2	6.502087E-2	1.907422E-2	-2.038277E+10	-2.038654E+10	3.995380E+7	3.769937E+6	-1.894314E+11
5.374110E+2	1.326768E+0	2.450596E+10	1.266890E+0	1.101214E+9	1.300311E+0	2.433400E+10	1.250759E+0	1.111230E+9	1.308466E+0	1.920142E+11	1.294862E+0	1.919718E+11	1.307543E+0	2.163482E+11	1.298409E+0	2.164778E+11	-5.987783E-2	-4.955240E-2	1.613116E-2	-1.032544E-2	-3.151969E-2	-2.340475E+10	-2.322277E+10	-1.001575E+7	-1.819740E+8	-2.153766E+11
5.376110E+2	1.314373E+0	2.431539E+10	1.312316E+0	1.133608E+9	1.299024E+0	2.431398E+10	1.223591E+0	1.091295E+9	1.298637E+0	1.908163E+11	1.295934E+0	1.921036E+11	1.298681E+0	2.151303E+11	1.297984E+0	2.164190E+11	-2.057142E-3	-7.543305E-2	8.872478E-2	7.337591E-2	1.433137E-2	-2.318178E+10	-2.322268E+10	4.231351E+7	4.089965E+7	-2.152854E+11
5.378160E+2	1.769090E+0	3.130666E+10	1.767001E+0	1.457853E+9	1.749998E+0	3.133064E+10	1.673707E+0	1.421581E+9	1.751868E+0	2.460494E+11	1.739158E+0	2.465835E+11	1.751656E+0	2.773801E+11	1.742486E+0	2.778902E+11	-2.089257E-3	-7.629071E-2	9.329385E-2	7.420145E-2	2.451512E-2	-2.984880E+10	-2.990906E+10	3.627165E+7	6.025479E+7	-2.764323E+11
5.380160E+2	1.947354E+0	3.404746E+10	1.867650E+0	1.529628E+9	1.929820E+0	3.412848E+10	1.807381E+0	1.519669E+9	1.896487E+0	2.636735E+11	1.897406E+0	2.660350E+11	1.900261E+0	2.978019E+11	1.902959E+0	3.000824E+11	-7.970413E-2	-1.224386E-1	6.026884E-2	4.273446E-2	-3.530890E-2	-3.251784E+10	-3.260881E+10	9.958923E+6	9.097382E+7	-2.985528E+11
5.382060E+2	1.862090E+0	3.273654E+10	1.842904E+0	1.511981E+9	1.827457E+0	3.253583E+10	1.736385E+0	1.467573E+9	1.808780E+0	2.529850E+11	1.810312E+0	2.553297E+11	1.810894E+0	2.855209E+11	1.816069E+0	2.880662E+11	-1.918665E-2	-9.107193E-2	1.065184E-1	7.188528E-2	2.683481E-2	-3.122456E+10	-3.106826E+10	4.440727E+7	-1.562991E+8	-2.865543E+11
5.384010E+2	2.054665E+0	3.569737E+10	1.988362E+0	1.615710E+9	2.030182E+0	3.569000E+10	1.898181E+0	1.586296E+9	1.994985E+0	2.756771E+11	1.996414E+0	2.782048E+11	1.998970E+0	3.113671E+11	2.002890E+0	3.139022E+11	-6.630290E-2	-1.320004E-1	9.018122E-2	6.569754E-2	-1.452773E-2	-3.408166E+10	-3.410371E+10	2.941394E+7	2.204449E+7	-3.122865E+11
5.386170E+2	1.786067E+0	3.156768E+10	1.752000E+0	1.447156E+9	1.774677E+0	3.171462E+10	1.700594E+0	1.441311E+9	1.760317E+0	2.470791E+11	1.763874E+0	2.496215E+11	1.761943E+0	2.787937E+11	1.766341E+0	2.811892E+11	-3.406690E-2	-7.408239E-2	5.140595E-2	4.001549E-2	-1.434068E-2	-3.012053E+10	-3.027331E+10	5.845013E+6	1.527851E+8	-2.797421E+11
5.388440E+2	1.945036E+0	3.401182E+10	1.965843E+0	1.599651E+9	1.949310E+0	3.443173E+10	1.963090E+0	1.633925E+9	1.912962E+0	2.656812E+11	1.918718E+0	2.686546E+11	1.917077E+0	3.001130E+11	1.921644E+0	3.026664E+11	2.080737E-2	1.377962E-2	2.753117E-3	7.027749E-3	4.419940E-2	-3.241217E+10	-3.279781E+10	-3.427388E+7	3.856394E+8	-3.010667E+11
5.390130E+2	1.716994E+0	3.050568E+10	1.703720E+0	1.412726E+9	1.693962E+0	3.045879E+10	1.687167E+0	1.431458E+9	1.686816E+0	2.381218E+11	1.691143E+0	2.406817E+11	1.687625E+0	2.685806E+11	1.694017E+0	2.711874E+11	-1.327352E-2	-6.794717E-3	1.655294E-2	-6.478806E-3	9.703203E-3	-2.909295E+10	-2.902733E+10	-1.873192E+7	-6.562341E+7	-2.697746E+11
5.392140E+2	1.398212E+0	2.560441E+10	1.456031E+0	1.236094E+9	1.392668E+0	2.577098E+10	1.289536E+0	1.139684E+9	1.382620E+0	2.010510E+11	1.387520E+0	2.033611E+11	1.383758E+0	2.268220E+11	1.388708E+0	2.289655E+11	5.781897E-2	-1.031320E-1	1.664943E-1	1.609509E-1	6.732228E-2	-2.436832E+10	-2.463130E+10	9.640997E+7	2.629805E+8	-2.277294E+11
5.394100E+2	1.310839E+0	2.426105E+10	1.275324E+0	1.107228E+9	1.303520E+0	2.438393E+10	1.328642E+0	1.168379E+9	1.288462E+0	1.895764E+11	1.289366E+0	1.912963E+11	1.290167E+0	2.139603E+11	1.291754E+0	2.155573E+11	-3.551510E-2	2.512248E-2	-5.331885E-2	-6.063758E-2	-1.642999E-2	-2.315382E+10	-2.321555E+10	-6.115113E+7	6.172524E+7	-2.144501E+11
5.396110E+2	1.057790E+0	2.037044E+10	1.042156E+0	9.409518E+8	1.040927E+0	2.029826E+10	1.044111E+0	9.595954E+8	1.046884E+0	1.601363E+11	1.048289E+0	1.616637E+11	1.046209E+0	1.804346E+11	1.049346E+0	1.820341E+11	-1.563447E-2	3.183964E-3	-1.954869E-3	-1.881844E-2	-7.189620E-3	-1.942949E+10	-1.933867E+10	-1.864355E+7	-9.082131E+7	-1.810932E+11
5.398280E+2	1.013911E+0	1.969580E+10	9.610781E-1	8.831335E+8	9.947931E-1	1.958047E+10	9.644550E-1	9.011453E+8	1.006473E+0	1.552117E+11	1.009270E+0	1.568675E+11	1.005151E+0	1.747921E+11	1.009786E+0	1.765633E+11	-5.283293E-2	-3.033809E-2	-3.376923E-3	-2.249484E-2	-4.870773E-2	-1.881266E+10	-1.867933E+10	-1.801182E+7	-1.333362E+8	-1.756802E+11
5.400090E+2	8.415888E-1	1.704635E+10	8.801865E-1	8.254482E+8	8.325248E-1	1.705575E+10	8.461948E-1	8.143683E+8	8.361920E-1	1.344603E+11	8.374255E-1	1.357448E+11	8.357768E-1	1.515160E+11	8.378884E-1	1.527912E+11	3.859775E-2	1.367006E-2	3.399168E-2	2.492769E-2	4.229814E-2	-1.622090E+10	-1.624138E+10	1.107992E+7	2.048621E+7	-1.519657E+11
5.402160E+2	6.637736E-1	1.431244E+10	6.681915E-1	6.742704E+8	6.659120E-1	1.446344E+10	6.440065E-1	6.660062E+8	6.693323E-1	1.141259E+11	6.684885E-1	1.149795E+11	6.689451E-1	1.285893E+11	6.679643E-1	1.292920E+11	4.417869E-3	-2.190549E-2	2.418500E-2	2.632335E-2	2.272106E-4	-1.363817E+10	-1.379743E+10	8.264139E+6	1.592589E+8	-1.286177E+11
5.404070E+2	6.016640E-1	1.335751E+10	5.971458E-1	6.236063E+8	5.974930E-1	1.339891E+10	5.824367E-1	6.208275E+8	5.998637E-1	1.056601E+11	6.039933E-1	1.070519E+11	5.995953E-1	1.190590E+11	6.037343E-1	1.204094E+11	-4.518183E-3	-1.505634E-2	1.470912E-2	1.053816E-2	-6.588489E-3	-1.273390E+10	-1.277808E+10	2.778845E+6	4.418264E+7	-1.197858E+11
5.406140E+2	5.003175E-1	1.179931E+10	5.328811E-1	5.777779E+8	4.871127E-1	1.168151E+10	4.942424E-1	5.561121E+8	4.927869E-1	9.261112E+10	4.924783E-1	9.334480E+10	4.921445E-1	1.042926E+11	4.933499E-1	1.051441E+11	3.256358E-2	7.129709E-3	3.863870E-2	2.543387E-2	3.953121E-2	-1.122153E+10	-1.112540E+10	2.166574E+7	-9.612963E+7	-1.045663E+11
5.408220E+2	5.052383E-1	1.187496E+10	4.933174E-1	5.495642E+8	5.054684E-1	1.196711E+10	4.929763E-1	5.551831E+8	5.071868E-1	9.436596E+10	5.065990E-1	9.508048E+10	5.069923E-1	1.063331E+11	5.064477E-1	1.069554E+11	-1.192096E-2	-1.249206E-2	3.410742E-4	5.710969E-4	-1.313034E-2	-1.132540E+10	-1.141192E+10	-5.618887E+6	8.652265E+7	-1.064059E+11
5.410080E+2	4.260353E-1	1.065722E+10	4.457479E-1	5.156415E+8	4.201151E-1	1.063910E+10	4.412920E-1	5.172581E+8	4.285057E-1	8.477746E+10	4.270032E-1	8.529675E+10	4.275557E-1	9.541656E+10	4.268956E-1	9.595397E+10	1.971256E-2	2.117688E-2	4.455841E-3	-1.464325E-3	1.885230E-2	-1.014158E+10	-1.012184E+10	-1.616680E+6	-1.973439E+7	-9.543833E+10
5.415040E+2	5.400752E-1	1.241058E+10	5.191538E-1	5.679887E+8	5.368813E-1	1.245586E+10	5.230332E-1	5.772383E+8	5.391719E-1	9.826383E+10	5.359452E-1	9.868763E+10	5.389125E-1	1.107197E+11	5.364043E-1	1.110982E+11	-2.092139E-2	-1.384814E-2	-3.879406E-3	-7.073250E-3	-1.725054E-2	-1.184259E+10	-1.187862E+10	-9.249621E+6	3.602826E+7	-1.105302E+11
5.420110E+2	6.623938E-1	1.429123E+10	6.364377E-1	6.516261E+8	6.444005E-1	1.412874E+10	6.095716E-1	6.407385E+8	6.549616E-1	1.123746E+11	6.509246E-1	1.128206E+11	6.537659E-1	1.265033E+11	6.521997E-1	1.271118E+11	-2.595605E-2	-3.482896E-2	2.686614E-2	8.872909E-3	-1.576198E-2	-1.363960E+10	-1.348800E+10	1.088760E+7	-1.515973E+8	-1.264602E+11
5.424870E+2	9.026736E-1	1.798552E+10	8.831785E-1	8.275818E+8	8.821112E-1	1.782726E+10	8.322481E-1	8.041344E+8	8.965170E-1	1.418118E+11	8.934597E-1	1.426324E+11	8.948860E-1	1.596391E+11	8.944841E-1	1.606180E+11	-1.949515E-2	-4.986315E-2	5.093038E-2	3.036799E-2	-1.130564E-2	-1.715794E+10	-1.702313E+10	2.344740E+7	-1.348127E+8	-1.597904E+11
5.430120E+2	1.098301E+0	2.099329E+10	1.042378E+0	9.411099E+8	1.072277E+0	2.078604E+10	1.032804E+0	9.512984E+8	1.076345E+0	1.637266E+11	1.076048E+0	1.650757E+11	1.075884E+0	1.845127E+11	1.078522E+0	1.860690E+11	-5.592350E-2	-3.947312E-2	9.573921E-3	-1.645038E-2	-3.614443E-2	-2.005218E+10	-1.983474E+10	-1.018852E+7	-2.174458E+8	-1.851279E+11
5.435110E+2	1.134838E+0	2.155505E+10	1.120832E+0	9.970575E+8	1.109893E+0	2.137130E+10	1.084981E+0	9.895850E+8	1.115366E+0	1.684820E+11	1.112644E+0	1.695740E+11	1.114747E+0	1.898533E+11	1.115112E+0	1.911291E+11	-1.400554E-2	-2.491209E-2	3.585162E-2	1.090655E-2	5.720911E-3	-2.055799E+10	-2.038172E+10	7.472548E+6	-1.762722E+8	-1.901320E+11
5.440170E+2	1.269576E+0	2.362664E+10	1.259941E+0	1.096258E+9	1.254531E+0	2.362172E+10	1.200137E+0	1.074084E+9	1.250356E+0	1.849325E+11	1.257462E+0	1.873747E+11	1.250828E+0	2.085542E+11	1.258809E+0	2.110013E+11	-9.635469E-3	-5.439427E-2	5.980378E-2	4.475880E-2	1.131778E-3	-2.253038E+10	-2.254763E+10	2.217399E+7	1.724810E+7	-2.099051E+11
5.445240E+2	1.154546E+0	2.185805E+10	1.171886E+0	1.033465E+9	1.157416E+0	2.211071E+10	1.154960E+0	1.040934E+9	1.147486E+0	1.723963E+11	1.144704E+0	1.735147E+11	1.148611E+0	1.945070E+11	1.145798E+0	1.953728E+11	1.734060E-2	-2.455758E-3	1.692627E-2	1.979635E-2	2.608835E-2	-2.082459E+10	-2.106977E+10	-7.469384E+6	2.451849E+8	-1.943393E+11
5.450150E+2	1.179984E+0	2.224917E+10	1.147212E+0	1.015869E+9	1.171060E+0	2.232300E+10	1.199276E+0	1.073453E+9	1.174232E+0	1.756556E+11	1.176526E+0	1.774263E+11	1.173872E+0	1.979786E+11	1.176911E+0	1.996755E+11	-3.277261E-2	2.821572E-2	-5.206456E-2	-6.098833E-2	-2.969934E-2	-2.123330E+10	-2.124955E+10	-5.758374E+7	1.625012E+7	-1.986596E+11
5.455180E+2	1.084038E+0	2.077400E+10	1.075059E+0	9.644156E+8	1.073735E+0	2.080872E+10	1.056498E+0	9.686851E+8	1.074829E+0	1.635418E+11	1.070317E+0	1.643713E+11	1.074705E+0	1.843505E+11	1.071843E+0	1.851453E+11	-8.979442E-3	-1.723630E-2	1.856057E-2	8.256859E-3	3.216259E-3	-1.980959E+10	-1.984003E+10	-4.269538E+6	3.044514E+7	-1.841809E+11
5.460160E+2	9.854736E-1	1.925857E+10	9.246743E-1	8.571733E+8	9.818637E-1	1.937931E+10	9.367921E-1	8.808468E+8	9.824489E-1	1.522839E+11	9.827984E-1	1.536137E+11	9.823827E-1	1.716632E+11	9.830958E-1	1.728723E+11	-6.079932E-2	-4.507166E-2	-1.211775E-2	-1.572766E-2	-5.842149E-2	-1.840140E+10	-1.849846E+10	-2.367351E+7	9.705916E+7	-1.720151E+11
5.465100E+2	1.041781E+0	2.012430E+10	9.923331E-1	9.054221E+8	1.038327E+0	2.025781E+10	1.045176E+0	9.603770E+8	1.032347E+0	1.583648E+11	1.033083E+0	1.597945E+11	1.033024E+0	1.786226E+11	1.034050E+0	1.799188E+11	-4.944808E-2	6.849173E-3	-5.284302E-2	-5.629726E-2	-4.171657E-2	-1.921888E+10	-1.929744E+10	-5.495490E+7	7.855730E+7	-1.790134E+11
5.470110E+2	1.101890E+0	2.104848E+10	1.058368E+0	9.525132E+8	1.087028E+0	2.101554E+10	1.041316E+0	9.575445E+8	1.095963E+0	1.661174E+11	1.088175E+0	1.665664E+11	1.094951E+0	1.871329E+11	1.089700E+0	1.876149E+11	-4.352197E-2	-4.571185E-2	1.705247E-2	2.189877E-3	-3.133179E-2	-2.009596E+10	-2.005800E+10	-5.031302E+6	-3.796408E+7	-1.866624E+11
5.475180E+2	1.281225E+0	2.380575E+10	1.222503E+0	1.069561E+9	1.262193E+0	2.374092E+10	1.281204E+0	1.133570E+9	1.270187E+0	1.873492E+11	1.270132E+0	1.889321E+11	1.269282E+0	2.110901E+11	1.271365E+0	2.127378E+11	-5.872203E-2	1.901152E-2	-5.870099E-2	-7.773356E-2	-4.886195E-2	-2.273619E+10	-2.260735E+10	-6.400908E+7	-1.288346E+8	-2.116682E+11
5.480360E+2	1.322350E+0	2.443803E+10	1.298744E+0	1.123930E+9	1.316070E+0	2.457919E+10	1.280344E+0	1.132939E+9	1.308048E+0	1.919632E+11	1.311195E+0	1.939795E+11	1.308956E+0	2.165424E+11	1.312435E+0	2.184175E+11	-2.360561E-2	-3.572568E-2	1.839990E-2	1.212007E-2	-1.369149E-2	-2.331410E+10	-2.344625E+10	-9.009156E+6	1.321488E+8	-2.172936E+11
5.485120E+2	1.413048E+0	2.583251E+10	1.394919E+0	1.192514E+9	1.377460E+0	2.553436E+10	1.343408E+0	1.179214E+9	1.375052E+0	2.001287E+11	1.373437E+0	2.016301E+11	1.375325E+0	2.256630E+11	1.377841E+0	2.274626E+11	-1.812838E-2	-3.405200E-2	5.151084E-2	1.592361E-2	1.707817E-2	-2.464000E+10	-2.435515E+10	1.329989E+7	-2.848505E+8	-2.262701E+11
5.490320E+2	1.609132E+0	2.884731E+10	1.583950E+0	1.327316E+9	1.599868E+0	2.899478E+10	1.603718E+0	1.370225E+9	1.572172E+0	2.241508E+11	1.578452E+0	2.268299E+11	1.575308E+0	2.531456E+11	1.581863E+0	2.556772E+11	-2.518228E-2	3.850564E-3	-1.976822E-2	-2.903284E-2	2.087592E-3	-2.752000E+10	-2.762456E+10	-4.290906E+7	1.045607E+8	-2.543499E+11
5.495040E+2	1.589388E+0	2.854374E+10	1.496368E+0	1.264859E+9	1.566994E+0	2.848330E+10	1.518672E+0	1.307820E+9	1.558261E+0	2.224555E+11	1.559961E+0	2.245571E+11	1.559250E+0	2.509388E+11	1.563232E+0	2.531008E+11	-9.302027E-2	-4.832158E-2	-2.230450E-2	-4.469869E-2	-6.686461E-2	-2.727888E+10	-2.717548E+10	-4.296053E+7	-1.034047E+8	-2.518359E+11
5.499940E+2	1.797929E+0	3.175005E+10	1.757587E+0	1.451140E+9	1.770047E+0	3.164259E+10	1.679878E+0	1.426109E+9	1.747425E+0	2.455080E+11	1.749440E+0	2.478474E+11	1.749986E+0	2.771506E+11	1.754831E+0	2.795975E+11	-4.034146E-2	-9.016933E-2	7.770928E-2	4.982786E-2	2.756412E-3	-3.029891E+10	-3.021649E+10	2.503048E+7	-8.242928E+7	-2.781463E+11
5.505060E+2	1.616816E+0	2.896544E+10	1.598065E+0	1.337381E+9	1.606874E+0	2.910380E+10	1.524293E+0	1.311944E+9	1.580575E+0	2.251748E+11	1.585003E+0	2.276352E+11	1.583553E+0	2.542786E+11	1.588540E+0	2.566007E+11	-1.875094E-2	-8.258075E-2	7.377118E-2	6.382981E-2	9.524672E-3	-2.762806E+10	-2.779185E+10	2.543678E+7	1.637903E+8	-2.552633E+11
5.510250E+2	1.507044E+0	2.727770E+10	1.400137E+0	1.196235E+9	1.501644E+0	2.746653E+10	1.400997E+0	1.221472E+9	1.479145E+0	2.128140E+11	1.481876E+0	2.149591E+11	1.481693E+0	2.402806E+11	1.484674E+0	2.422368E+11	-1.069071E-1	-1.006473E-1	-8.603678E-4	-6.259748E-3	-8.453755E-2	-2.608147E+10	-2.624506E+10	-2.523692E+7	1.635932E+8	-2.410406E+11
5.515000E+2	1.355747E+0	2.495152E+10	1.268605E+0	1.102437E+9	1.341422E+0	2.497364E+10	1.297590E+0	1.145593E+9	1.333817E+0	1.951036E+11	1.338200E+0	1.972988E+11	1.334678E+0	2.200772E+11	1.340151E+0	2.222503E+11	-8.714164E-2	-4.383200E-2	-2.898428E-2	-4.330964E-2	-7.154519E-2	-2.384908E+10	-2.382805E+10	-4.315607E+7	-2.103472E+7	-2.211478E+11
5.520100E+2	1.302342E+0	2.413042E+10	1.279396E+0	1.110132E+9	1.293406E+0	2.422658E+10	1.235482E+0	1.100020E+9	1.282100E+0	1.888011E+11	1.278859E+0	1.900047E+11	1.283381E+0	2.130277E+11	1.281470E+0	2.141352E+11	-2.294648E-2	-5.792475E-2	4.391391E-2	3.497827E-2	-2.073988E-3	-2.302029E+10	-2.312656E+10	1.011232E+7	1.062684E+8	-2.130250E+11
5.525090E+2	1.221847E+0	2.289281E+10	1.230222E+0	1.075065E+9	1.212292E+0	2.296452E+10	1.145710E+0	1.034147E+9	1.209857E+0	1.799971E+11	1.209039E+0	1.814226E+11	1.210133E+0	2.029616E+11	1.210463E+0	2.043154E+11	8.374947E-3	-6.658171E-2	8.451191E-2	7.495665E-2	1.975925E-2	-2.181774E+10	-2.193037E+10	4.091839E+7	1.126273E+8	-2.032404E+11
5.530200E+2	1.009083E+0	1.962157E+10	1.021367E+0	9.261265E+8	1.000398E+0	1.966769E+10	9.815166E-1	9.136649E+8	1.000822E+0	1.545230E+11	1.000538E+0	1.557942E+11	1.000774E+0	1.741907E+11	1.001488E+0	1.754158E+11	1.228342E-2	-1.888183E-2	3.984994E-2	3.116525E-2	1.987876E-2	-1.869544E+10	-1.875402E+10	1.246158E+7	5.857892E+7	-1.744896E+11
5.535050E+2	1.026919E+0	1.989579E+10	9.775078E-1	8.948499E+8	1.016409E+0	1.991680E+10	9.934802E-1	9.224435E+8	1.020026E+0	1.568632E+11	1.019843E+0	1.581671E+11	1.019616E+0	1.767800E+11	1.020629E+0	1.780629E+11	-4.941079E-2	-2.292921E-2	-1.597239E-2	-2.648158E-2	-4.312164E-2	-1.900094E+10	-1.899435E+10	-2.759360E+7	-6.582820E+6	-1.771681E+11
5.540130E+2	9.078920E-1	1.806576E+10	9.240934E-1	8.567591E+8	9.023883E-1	1.814275E+10	8.636247E-1	8.271580E+8	9.082141E-1	1.432373E+11	9.063926E-1	1.442221E+11	9.075545E-1	1.613800E+11	9.065593E-1	1.622879E+11	1.620145E-2	-3.876355E-2	6.046871E-2	5.496500E-2	1.753408E-2	-1.720900E+10	-1.731559E+10	2.960108E+7	1.065976E+8	-1.614311E+11
5.550190E+2	1.017637E+0	1.975308E+10	1.007942E+0	9.165529E+8	1.015135E+0	1.989697E+10	9.846736E-1	9.159814E+8	1.010885E+0	1.557493E+11	1.013671E+0	1.574085E+11	1.011366E+0	1.756463E+11	1.014112E+0	1.771616E+11	-9.694885E-3	-3.046139E-2	2.326798E-2	2.076651E-2	-6.170144E-3	-1.883652E+10	-1.898099E+10	5.714294E+5	1.444664E+8	-1.762450E+11
5.560130E+2	1.139510E+0	2.162688E+10	1.151298E+0	1.018783E+9	1.119407E+0	2.151933E+10	1.139558E+0	1.029633E+9	1.114228E+0	1.683433E+11	1.115562E+0	1.699327E+11	1.114815E+0	1.898626E+11	1.118225E+0	1.915596E+11	1.178792E-2	2.015137E-2	1.173938E-2	-8.363455E-3	3.307317E-2	-2.060809E+10	-2.048970E+10	-1.085002E+7	-1.183956E+8	-1.905408E+11
5.570390E+2	1.044679E+0	2.016886E+10	1.037577E+0	9.376868E+8	1.037890E+0	2.025101E+10	1.042979E+0	9.587650E+8	1.025469E+0	1.575265E+11	1.029580E+0	1.593640E+11	1.026875E+0	1.777775E+11	1.031258E+0	1.795328E+11	-7.101652E-3	5.089490E-3	-5.401764E-3	-1.219114E-2	6.319052E-3	-1.923117E+10	-1.929224E+10	-2.107822E+7	6.107584E+7	-1.785951E+11
5.580230E+2	1.128761E+0	2.146162E+10	1.169342E+0	1.031650E+9	1.125158E+0	2.160881E+10	1.161169E+0	1.045490E+9	1.120052E+0	1.690530E+11	1.121104E+0	1.706139E+11	1.120630E+0	1.906618E+11	1.121955E+0	1.920755E+11	4.058065E-2	3.601035E-2	8.173306E-3	4.570298E-3	4.738677E-2	-2.042996E+10	-2.056332E+10	-1.383957E+7	1.333574E+8	-1.910438E+11
5.590160E+2	1.029847E+0	1.994081E+10	1.061603E+0	9.548196E+8	1.019032E+0	1.995760E+10	1.001105E+0	9.280385E+8	1.027990E+0	1.578338E+11	1.022099E+0	1.584444E+11	1.026976E+0	1.777914E+11	1.022960E+0	1.783853E+11	3.175547E-2	-1.792676E-2	6.049757E-2	4.968223E-2	3.864231E-2	-1.898599E+10	-1.902956E+10	2.678108E+7	4.356717E+7	-1.774304E+11
5.600180E+2	1.063295E+0	2.045507E+10	1.071341E+0	9.617643E+8	1.064756E+0	2.066902E+10	1.055117E+0	9.676711E+8	1.066563E+0	1.625345E+11	1.069767E+0	1.643037E+11	1.066358E+0	1.832035E+11	1.069047E+0	1.847587E+11	8.046158E-3	-9.639488E-3	1.622461E-2	1.768565E-2	2.293933E-3	-1.949331E+10	-1.970135E+10	-5.906806E+6	2.080391E+8	-1.837970E+11
5.610010E+2	1.018102E+0	1.976023E+10	1.031152E+0	9.331045E+8	1.030711E+0	2.013931E+10	9.947977E-1	9.234103E+8	1.023335E+0	1.572665E+11	1.022839E+0	1.585354E+11	1.024170E+0	1.774059E+11	1.022312E+0	1.782956E+11	1.305007E-2	-3.591280E-2	3.635404E-2	4.896287E-2	8.839734E-3	-1.882712E+10	-1.921590E+10	9.694171E+6	3.887748E+8	-1.773625E+11
5.620390E+2	9.010081E-1	1.795992E+10	9.096984E-1	8.464937E+8	8.922749E-1	1.798540E+10	9.865257E-1	9.173404E+8	8.951784E-1	1.416487E+11	8.972953E-1	1.431039E+11	8.948497E-1	1.596341E+11	8.977081E-1	1.610638E+11	8.690382E-3	9.425077E-2	-7.682726E-2	-8.556039E-2	1.199035E-2	-1.711342E+10	-1.706806E+10	-7.084671E+7	-4.536277E+7	-1.602173E+11
5.630240E+2	9.780995E-1	1.914519E+10	1.041763E+0	9.406717E+8	9.724969E-1	1.923357E+10	9.643799E-1	9.010902E+8	9.812753E-1	1.521409E+11	9.743020E-1	1.525694E+11	9.802814E-1	1.713745E+11	9.747242E-1	1.717146E+11	6.366372E-2	-8.117012E-3	7.738333E-2	7.178073E-2	6.703898E-2	-1.820452E+10	-1.833248E+10	3.958145E+7	1.279536E+8	-1.707739E+11
5.640230E+2	8.955903E-1	1.787662E+10	9.056445E-1	8.436028E+8	9.007091E-1	1.811663E+10	9.480599E-1	8.891150E+8	9.034908E-1	1.426617E+11	9.052001E-1	1.440755E+11	9.031758E-1	1.607783E+11	9.041317E-1	1.619521E+11	1.005424E-2	4.735085E-2	-4.241536E-2	-3.729661E-2	1.512853E-3	-1.703302E+10	-1.722751E+10	-4.551215E+7	1.944956E+8	-1.611085E+11
5.650150E+2	1.057986E+0	2.037345E+10	1.013567E+0	9.205648E+8	1.051176E+0	2.045773E+10	1.014032E+0	9.375240E+8	1.049880E+0	1.605015E+11	1.043177E+0	1.610353E+11	1.050027E+0	1.809592E+11	1.044823E+0	1.814087E+11	-4.441863E-2	-3.714399E-2	-4.644305E-4	-7.274639E-3	-3.125558E-2	-1.945289E+10	-1.952020E+10	-1.695921E+7	6.731850E+7	-1.804881E+11
5.660270E+2	1.061589E+0	2.042885E+10	1.054885E+0	9.500292E+8	1.062423E+0	2.063272E+10	1.031800E+0	9.505618E+8	1.051936E+0	1.607520E+11	1.055683E+0	1.625725E+11	1.053123E+0	1.813847E+11	1.056339E+0	1.830013E+11	-6.704290E-3	-3.062318E-2	2.308511E-2	2.391889E-2	-1.454394E-3	-1.947882E+10	-1.968216E+10	-5.326891E+5	2.033400E+8	-1.820513E+11
5.670320E+2	1.024330E+0	1.985599E+10	9.719484E-1	8.908854E+8	1.025454E+0	2.005752E+10	1.005288E+0	9.311082E+8	1.028342E+0	1.578767E+11	1.031738E+0	1.596292E+11	1.028015E+0	1.779342E+11	1.030914E+0	1.794852E+11	-5.238163E-2	-2.016514E-2	-3.334003E-2	-3.221649E-2	-5.896587E-2	-1.896510E+10	-1.912641E+10	-4.022279E+7	1.613047E+8	-1.785943E+11
