Photon Energy (eV)	X ref norm	X ref	X pump norm	X pump	Y ref norm	Y ref	Y pump norm	Y pump	X all norm	X all	Y all norm	Y all	X all Y ref norm	X all Y ref	Y all X ref norm	Y all X ref	BC(X hist) norm	BC(Y hist) norm	StS norm	BCSC norm	BCLR norm	BC(X hist)	BC(Y hist)	StS	BCSC	BCLR	
5.290170E+2	2.655641E-3	4.147765E+9	-5.783770E-3	1.876373E+8	-1.741740E-3	4.075462E+9	3.254764E-3	1.992071E+8	1.449648E-3	3.273413E+10	6.021392E-4	3.288460E+10	1.088325E-3	3.680959E+10	8.304419E-4	3.703236E+10	-8.439411E-3	4.996504E-3	-9.038534E-3	-1.343592E-2	-6.614212E-3	-3.960127E+9	-3.876255E+9	-1.156985E+7	-8.387277E+7	-3.684473E+10
5.295110E+2	-1.192677E-3	4.088597E+9	-3.734813E-3	1.891672E+8	2.874846E-3	4.147291E+9	1.053204E-2	2.047151E+8	-2.372927E-3	3.226829E+10	-1.859960E-3	3.258196E+10	-1.778784E-3	3.641558E+10	-1.785774E-3	3.667056E+10	-2.542136E-3	7.657189E-3	-1.426685E-2	-1.019933E-2	-1.949039E-3	-3.899430E+9	-3.942576E+9	-1.554791E+7	4.314611E+7	-3.648139E+10
5.300160E+2	-1.173577E-2	3.926497E+9	-7.346694E-3	1.864702E+8	-1.361442E-2	3.890735E+9	4.024790E-3	1.997899E+8	-1.370737E-2	3.088701E+10	-1.419596E-2	3.106565E+10	-1.369685E-2	3.477775E+10	-1.392245E-2	3.499215E+10	4.389080E-3	1.763921E-2	-1.137148E-2	-1.325013E-2	6.575751E-3	-3.740027E+9	-3.690946E+9	-1.331969E+7	-4.908107E+7	-3.480568E+10
5.305080E+2	-9.773109E-3	3.956673E+9	1.783603E-3	1.932878E+8	-4.281095E-3	4.035952E+9	1.001202E-3	1.975014E+8	-6.143061E-3	3.180884E+10	-5.652628E-3	3.211578E+10	-5.932252E-3	3.584479E+10	-6.110731E-3	3.607245E+10	1.155671E-2	5.282298E-3	7.824007E-4	6.274414E-3	7.894334E-3	-3.763385E+9	-3.838451E+9	-4.213671E+6	7.506556E+7	-3.587916E+10
5.310100E+2	-1.862259E-3	4.078302E+9	-1.023875E-3	1.911914E+8	-1.975227E-3	4.071829E+9	-1.354776E-2	1.864897E+8	-2.526315E-3	3.224960E+10	-3.668397E-3	3.235968E+10	-2.463922E-3	3.632143E+10	-3.467596E-3	3.643798E+10	8.383838E-4	-1.157253E-2	1.252388E-2	1.241092E-2	2.443721E-3	-3.887110E+9	-3.885339E+9	4.701776E+6	-1.771321E+6	-3.624679E+10
5.315080E+2	1.319837E-2	4.309859E+9	2.337758E-2	2.094119E+8	5.112775E-3	4.182111E+9	4.830470E-3	2.003997E+8	1.498371E-2	3.438346E+10	1.271828E-2	3.437388E+10	1.386614E-2	3.856557E+10	1.277165E-2	3.868374E+10	1.017921E-2	-2.823041E-4	1.854711E-2	1.046152E-2	1.060593E-2	-4.100447E+9	-3.981711E+9	9.012135E+6	-1.187361E+8	-3.847433E+10
5.320070E+2	3.190399E-3	4.155986E+9	-3.393817E-3	1.894218E+8	5.134320E-3	4.182446E+9	-3.451731E-3	1.941311E+8	1.483627E-3	3.273827E+10	3.389373E-3	3.322720E+10	1.896952E-3	3.692072E+10	3.367252E-3	3.738319E+10	-6.584216E-3	-8.586051E-3	5.791385E-5	2.001835E-3	-6.761069E-3	-3.966565E+9	-3.988315E+9	-4.709296E+6	2.174999E+7	-3.719376E+10
5.325070E+2	5.519413E-3	4.191795E+9	-3.878211E-3	1.890601E+8	8.490545E-3	4.234665E+9	-6.643772E-3	1.917151E+8	6.832689E-3	3.339013E+10	8.667158E-3	3.387593E+10	7.020388E-3	3.762480E+10	8.317201E-3	3.806773E+10	-9.397624E-3	-1.513432E-2	2.765561E-3	5.736693E-3	-1.219541E-2	-4.002735E+9	-4.042950E+9	-2.655008E+6	4.021499E+7	-3.787867E+10
5.330130E+2	9.708661E-3	4.256205E+9	1.130587E-2	2.003980E+8	9.102935E-3	4.244193E+9	1.251270E-2	2.062142E+8	1.251183E-2	3.408223E+10	1.235392E-2	3.432910E+10	1.212588E-2	3.832642E+10	1.205983E-2	3.858530E+10	1.597211E-3	3.409768E-3	-1.206831E-3	-1.812557E-3	-7.539527E-4	-4.055807E+9	-4.037979E+9	-5.816239E+6	-1.782773E+7	-3.838491E+10
5.332040E+2	1.800329E-2	4.383734E+9	2.590582E-2	2.112997E+8	2.052139E-2	4.421852E+9	1.711150E-2	2.096950E+8	1.900945E-2	3.487406E+10	1.903103E-2	3.514983E+10	1.918063E-2	3.929591E+10	1.891677E-2	3.953357E+10	7.902531E-3	-3.409890E-3	8.794318E-3	1.131242E-2	6.989048E-3	-4.172435E+9	-4.212157E+9	1.604728E+6	3.972243E+7	-3.932227E+10
5.334060E+2	3.732833E-2	4.680857E+9	2.377354E-2	2.097075E+8	3.962938E-2	4.719152E+9	4.775883E-2	2.328912E+8	4.107592E-2	3.756320E+10	3.961182E-2	3.767957E+10	4.091215E-2	4.228235E+10	3.935795E-2	4.236043E+10	-1.355479E-2	8.129450E-3	-2.398528E-2	-2.168424E-2	-1.558440E-2	-4.471149E+9	-4.486261E+9	-2.318368E+7	1.511154E+7	-4.215072E+10
5.336180E+2	2.061081E-2	4.423825E+9	3.272115E-2	2.163887E+8	2.012355E-2	4.415662E+9	2.188122E-2	2.133051E+8	2.180489E-2	3.521473E+10	2.185853E-2	3.549738E+10	2.161453E-2	3.963039E+10	2.171981E-2	3.992121E+10	1.211034E-2	1.757674E-3	1.083993E-2	1.035267E-2	1.100134E-2	-4.207436E+9	-4.202357E+9	3.083603E+6	-5.079258E+6	-3.970482E+10
5.338100E+2	5.761874E-2	4.992821E+9	4.229126E-2	2.235346E+8	5.851793E-2	5.013037E+9	5.438210E-2	2.379042E+8	5.582925E-2	3.936112E+10	5.742546E-2	3.986918E+10	5.613366E-2	4.437415E+10	5.744695E-2	4.486200E+10	-1.532748E-2	-4.135826E-3	-1.209084E-2	-1.119165E-2	-1.515569E-2	-4.769287E+9	-4.775133E+9	-1.436962E+7	5.846530E+6	-4.463847E+10
5.340070E+2	6.555268E-2	5.114805E+9	6.633117E-2	2.414851E+8	6.512757E-2	5.115876E+9	5.705928E-2	2.399305E+8	6.385645E-2	4.033936E+10	6.416513E-2	4.069760E+10	6.400037E-2	4.545523E+10	6.431939E-2	4.581241E+10	7.784886E-4	-8.068292E-3	9.271892E-3	8.846781E-3	2.011780E-3	-4.873320E+9	-4.875946E+9	1.554542E+6	2.625395E+6	-4.557092E+10
5.342090E+2	1.527398E-1	6.455306E+9	1.526128E-1	3.059110E+8	1.481444E-1	6.407528E+9	1.212376E-1	2.885056E+8	1.583443E-1	5.185415E+10	1.538590E-1	5.172255E+10	1.571895E-1	5.826167E+10	1.537346E-1	5.817786E+10	-1.270013E-4	-2.690672E-2	3.137518E-2	2.677972E-2	-1.121755E-3	-6.149395E+9	-6.119022E+9	1.740541E+7	-3.037242E+7	-5.787195E+10
5.344120E+2	2.498384E-1	7.948195E+9	2.763304E-1	3.982902E+8	2.467199E-1	7.941257E+9	2.494702E-1	3.855619E+8	2.598574E-1	6.422507E+10	2.536618E-1	6.399007E+10	2.583700E-1	7.216633E+10	2.532367E-1	7.193826E+10	2.649198E-2	2.750370E-3	2.686012E-2	2.374161E-2	2.309363E-2	-7.549904E+9	-7.555695E+9	1.272825E+7	5.790930E+6	-7.153997E+10
5.346150E+2	4.972372E-1	1.175195E+10	4.969292E-1	5.630100E+8	4.977760E-1	1.184742E+10	4.528053E-1	5.394616E+8	5.068516E-1	9.432511E+10	4.963792E-1	9.382428E+10	5.058241E-1	1.061725E+11	4.964746E-1	1.055762E+11	-3.080306E-4	-4.497066E-2	4.412383E-2	4.466263E-2	4.546139E-4	-1.118894E+10	-1.130796E+10	2.354839E+7	1.190225E+8	-1.050132E+11
5.348180E+2	7.982393E-1	1.637985E+10	8.116280E-1	7.979937E+8	7.799329E-1	1.623748E+10	7.562494E-1	7.691314E+8	8.035139E-1	1.304780E+11	7.915058E-1	1.301005E+11	8.008441E-1	1.467154E+11	7.922544E-1	1.464804E+11	1.338870E-2	-2.368346E-2	5.537864E-2	3.707216E-2	1.937364E-2	-1.558185E+10	-1.546835E+10	2.886232E+7	-1.135084E+8	-1.456824E+11
5.350100E+2	1.404112E+0	2.569513E+10	1.361352E+0	1.208469E+9	1.401299E+0	2.590527E+10	1.276540E+0	1.162927E+9	1.398548E+0	2.029920E+11	1.388647E+0	2.034996E+11	1.398859E+0	2.288973E+11	1.390366E+0	2.291948E+11	-4.275994E-2	-1.247592E-1	8.481242E-2	8.199929E-2	-2.901420E-2	-2.448666E+10	-2.474234E+10	4.554223E+7	2.556779E+8	-2.279863E+11
5.352340E+2	1.951642E+0	3.411339E+10	1.896901E+0	1.608361E+9	1.935304E+0	3.421382E+10	1.858582E+0	1.603462E+9	1.895199E+0	2.635165E+11	1.893650E+0	2.655733E+11	1.899740E+0	2.977304E+11	1.900097E+0	2.996867E+11	-5.474091E-2	-7.672223E-2	3.831913E-2	2.198132E-2	-3.196060E-3	-3.250503E+10	-3.261035E+10	4.899030E+6	1.053201E+8	-2.980784E+11
5.354010E+2	2.189332E+0	3.776787E+10	2.086442E+0	1.749889E+9	2.172296E+0	3.790115E+10	2.079763E+0	1.770868E+9	2.131171E+0	2.922734E+11	2.133412E+0	2.950442E+11	2.135827E+0	3.301745E+11	2.139629E+0	3.328121E+11	-1.028903E-1	-9.253325E-2	6.679073E-3	-1.035705E-2	-5.318687E-2	-3.601798E+10	-3.613028E+10	-2.097869E+7	1.122990E+8	-3.310622E+11
5.356250E+2	2.309918E+0	3.962188E+10	2.151308E+0	1.798325E+9	2.309853E+0	4.004140E+10	2.195964E+0	1.858818E+9	2.243069E+0	3.059098E+11	2.264733E+0	3.111860E+11	2.250630E+0	3.459512E+11	2.269757E+0	3.508078E+11	-1.586096E-1	-1.138895E-1	-4.465530E-2	-4.472009E-2	-1.184483E-1	-3.782356E+10	-3.818258E+10	-6.049304E+7	3.590215E+8	-3.490095E+11
5.358130E+2	2.463515E+0	4.198343E+10	2.312883E+0	1.918972E+9	2.420523E+0	4.176330E+10	2.300277E+0	1.937770E+9	2.382820E+0	3.229407E+11	2.381788E+0	3.255740E+11	2.387089E+0	3.647040E+11	2.390874E+0	3.675575E+11	-1.506320E-1	-1.202464E-1	1.260642E-2	-3.038566E-2	-7.799099E-2	-4.006446E+10	-3.982553E+10	-1.879827E+7	-2.389330E+8	-3.656385E+11
5.360070E+2	2.293959E+0	3.937652E+10	2.275445E+0	1.891017E+9	2.269236E+0	3.940943E+10	2.144371E+0	1.819768E+9	2.239513E+0	3.054765E+11	2.242116E+0	3.084059E+11	2.242878E+0	3.448860E+11	2.247880E+0	3.477824E+11	-1.851474E-2	-1.248654E-1	1.310740E-1	1.063507E-1	2.756512E-2	-3.748550E+10	-3.758967E+10	7.124834E+7	1.041667E+8	-3.458914E+11
5.362110E+2	1.770687E+0	3.133121E+10	1.641852E+0	1.417917E+9	1.749099E+0	3.131665E+10	1.744222E+0	1.516905E+9	1.733029E+0	2.437536E+11	1.736557E+0	2.462639E+11	1.734848E+0	2.750703E+11	1.740352E+0	2.775951E+11	-1.288349E-1	-4.876158E-3	-1.023706E-1	-1.239587E-1	-9.850007E-2	-2.991329E+10	-2.979975E+10	-9.898860E+7	-1.135429E+8	-2.761772E+11
5.364150E+2	1.683775E+0	2.999495E+10	1.647236E+0	1.421937E+9	1.686603E+0	3.034428E+10	1.616629E+0	1.420333E+9	1.671620E+0	2.362701E+11	1.664555E+0	2.374136E+11	1.673317E+0	2.666144E+11	1.666692E+0	2.674085E+11	-3.653950E-2	-6.997391E-2	3.060724E-2	3.343441E-2	-1.945619E-2	-2.857301E+10	-2.892395E+10	1.604416E+6	3.509396E+8	-2.659866E+11
5.366190E+2	1.377653E+0	2.528833E+10	1.345907E+0	1.196937E+9	1.375138E+0	2.549823E+10	1.381780E+0	1.242581E+9	1.371917E+0	1.997466E+11	1.359827E+0	1.999572E+11	1.372282E+0	2.252448E+11	1.361809E+0	2.252455E+11	-3.174599E-2	6.641746E-3	-3.587250E-2	-3.838773E-2	-1.590190E-2	-2.409139E+10	-2.425565E+10	-4.564414E+7	1.642596E+8	-2.240486E+11
5.368390E+2	1.425470E+0	2.602351E+10	1.402408E+0	1.239126E+9	1.403924E+0	2.594611E+10	1.387943E+0	1.247245E+9	1.418511E+0	2.054248E+11	1.409769E+0	2.060959E+11	1.416860E+0	2.313709E+11	1.411515E+0	2.321194E+11	-2.306213E-2	-1.598132E-2	1.446563E-2	-7.080809E-3	-9.106403E-3	-2.478439E+10	-2.469886E+10	-8.119710E+6	-8.552546E+7	-2.308803E+11
5.370070E+2	1.326172E+0	2.449680E+10	1.272717E+0	1.142286E+9	1.322231E+0	2.467506E+10	1.267936E+0	1.156415E+9	1.312543E+0	1.925110E+11	1.307221E+0	1.934910E+11	1.313640E+0	2.171861E+11	1.309328E+0	2.179878E+11	-5.345488E-2	-5.429481E-2	4.780860E-3	8.399336E-4	-3.661094E-2	-2.335452E+10	-2.351864E+10	-1.412925E+7	1.641226E+8	-2.168455E+11
5.372170E+2	1.123828E+0	2.138577E+10	1.122138E+0	1.029850E+9	1.108497E+0	2.134958E+10	1.070654E+0	1.007097E+9	1.118014E+0	1.688046E+11	1.108370E+0	1.690487E+11	1.116936E+0	1.901542E+11	1.110089E+0	1.904344E+11	-1.689645E-3	-3.784300E-2	5.148425E-2	3.615336E-2	1.204958E-2	-2.035592E+10	-2.034248E+10	2.275282E+7	-1.343105E+7	-1.894046E+11
5.374110E+2	1.326768E+0	2.450596E+10	1.275863E+0	1.144635E+9	1.300311E+0	2.433400E+10	1.189117E+0	1.096759E+9	1.308466E+0	1.920142E+11	1.294862E+0	1.919718E+11	1.307543E+0	2.163482E+11	1.298409E+0	2.164778E+11	-5.090450E-2	-1.111939E-1	8.674601E-2	6.028941E-2	-2.254635E-2	-2.336132E+10	-2.323724E+10	4.787625E+7	-1.240820E+8	-2.153332E+11
5.376110E+2	1.314373E+0	2.431539E+10	1.319794E+0	1.177438E+9	1.299024E+0	2.431398E+10	1.287066E+0	1.170895E+9	1.298637E+0	1.908163E+11	1.295934E+0	1.921036E+11	1.298681E+0	2.151303E+11	1.297984E+0	2.164190E+11	5.421295E-3	-1.195770E-2	3.272786E-2	1.737899E-2	2.180980E-2	-2.313795E+10	-2.314308E+10	6.543805E+6	5.129949E+6	-2.152416E+11
5.378160E+2	1.769090E+0	3.130666E+10	1.728712E+0	1.482775E+9	1.749998E+0	3.133064E+10	1.716776E+0	1.496132E+9	1.751868E+0	2.460494E+11	1.739158E+0	2.465835E+11	1.751656E+0	2.773801E+11	1.742486E+0	2.778902E+11	-4.037822E-2	-3.322149E-2	1.193568E-2	-7.156729E-3	-1.377384E-2	-2.982388E+10	-2.983451E+10	-1.335732E+7	1.062582E+7	-2.764074E+11
5.380160E+2	1.947354E+0	3.404746E+10	1.891699E+0	1.604476E+9	1.929820E+0	3.412848E+10	1.819451E+0	1.573844E+9	1.896487E+0	2.636735E+11	1.897406E+0	2.660350E+11	1.900261E+0	2.978019E+11	1.902959E+0	3.000824E+11	-5.565489E-2	-1.103684E-1	7.224785E-2	5.471347E-2	-1.125966E-2	-3.244299E+10	-3.255463E+10	3.063187E+7	1.116468E+8	-2.984780E+11
5.382060E+2	1.862090E+0	3.273654E+10	1.788758E+0	1.527611E+9	1.827457E+0	3.253583E+10	1.779467E+0	1.543581E+9	1.808780E+0	2.529850E+11	1.810312E+0	2.553297E+11	1.810894E+0	2.855209E+11	1.816069E+0	2.880662E+11	-7.333230E-2	-4.799063E-2	9.291422E-3	-2.534167E-2	-2.731084E-2	-3.120893E+10	-3.099225E+10	-1.597015E+7	-2.166765E+8	-2.865386E+11
5.384010E+2	2.054665E+0	3.569737E+10	1.980008E+0	1.670416E+9	2.030182E+0	3.569000E+10	1.895163E+0	1.631149E+9	1.994985E+0	2.756771E+11	1.996414E+0	2.782048E+11	1.998970E+0	3.113671E+11	2.002890E+0	3.139022E+11	-7.465750E-2	-1.350186E-1	8.484480E-2	6.036112E-2	-2.288232E-2	-3.402696E+10	-3.405885E+10	3.926696E+7	3.189751E+7	-3.122318E+11
5.386170E+2	1.786067E+0	3.156768E+10	1.787263E+0	1.526494E+9	1.774677E+0	3.171462E+10	1.748828E+0	1.520391E+9	1.760317E+0	2.470791E+11	1.763874E+0	2.496215E+11	1.761943E+0	2.787937E+11	1.766341E+0	2.811892E+11	1.195622E-3	-2.584906E-2	3.843513E-2	2.704468E-2	2.092184E-2	-3.004119E+10	-3.019423E+10	6.103277E+6	1.530434E+8	-2.796627E+11
5.388440E+2	1.945036E+0	3.401182E+10	1.898641E+0	1.609659E+9	1.949310E+0	3.443173E+10	1.917000E+0	1.647677E+9	1.912962E+0	2.656812E+11	1.918718E+0	2.686546E+11	1.917077E+0	3.001130E+11	1.921644E+0	3.026664E+11	-4.639487E-2	-3.230983E-2	-1.835967E-2	-1.408504E-2	-2.300284E-2	-3.240216E+10	-3.278405E+10	-3.801756E+7	3.818957E+8	-3.010567E+11
5.390130E+2	1.716994E+0	3.050568E+10	1.642816E+0	1.418637E+9	1.693962E+0	3.045879E+10	1.649795E+0	1.445436E+9	1.686816E+0	2.381218E+11	1.691143E+0	2.406817E+11	1.687625E+0	2.685806E+11	1.694017E+0	2.711874E+11	-7.417802E-2	-4.416666E-2	-6.979624E-3	-3.001137E-2	-5.120130E-2	-2.908704E+10	-2.901335E+10	-2.679920E+7	-7.369069E+7	-2.697687E+11
5.392140E+2	1.398212E+0	2.560441E+10	1.389206E+0	1.229268E+9	1.392668E+0	2.577098E+10	1.382721E+0	1.243294E+9	1.382620E+0	2.010510E+11	1.387520E+0	2.033611E+11	1.383758E+0	2.268220E+11	1.388708E+0	2.289655E+11	-9.005255E-3	-9.946865E-3	6.484996E-3	9.416091E-4	4.980548E-4	-2.437514E+10	-2.452769E+10	-1.402564E+7	1.525449E+8	-2.277362E+11
5.394100E+2	1.310839E+0	2.426105E+10	1.283723E+0	1.150504E+9	1.303520E+0	2.438393E+10	1.289903E+0	1.173041E+9	1.288462E+0	1.895764E+11	1.289366E+0	1.912963E+11	1.290167E+0	2.139603E+11	1.291754E+0	2.155573E+11	-2.711578E-2	-1.361705E-2	-6.179996E-3	-1.349872E-2	-8.030673E-3	-2.311055E+10	-2.321089E+10	-2.253734E+7	1.003390E+8	-2.144068E+11
5.396110E+2	1.057790E+0	2.037044E+10	1.069275E+0	9.903772E+8	1.040927E+0	2.029826E+10	1.029709E+0	9.761067E+8	1.046884E+0	1.601363E+11	1.048289E+0	1.616637E+11	1.046209E+0	1.804346E+11	1.049346E+0	1.820341E+11	1.148456E-2	-1.121791E-2	3.956604E-2	2.270247E-2	1.992942E-2	-1.938007E+10	-1.932216E+10	1.427050E+7	-5.790725E+7	-1.810438E+11
5.398280E+2	1.013911E+0	1.969580E+10	1.024801E+0	9.571690E+8	9.947931E-1	1.958047E+10	9.384060E-1	9.070016E+8	1.006473E+0	1.552117E+11	1.009270E+0	1.568675E+11	1.005151E+0	1.747921E+11	1.009786E+0	1.765633E+11	1.089039E-2	-5.638703E-2	8.639534E-2	6.727742E-2	1.501559E-2	-1.873863E+10	-1.867347E+10	5.016740E+7	-6.515700E+7	-1.756061E+11
5.400090E+2	8.415888E-1	1.704635E+10	8.833008E-1	8.515113E+8	8.325248E-1	1.705575E+10	8.375204E-1	8.306436E+8	8.361920E-1	1.344603E+11	8.374255E-1	1.357448E+11	8.357768E-1	1.515160E+11	8.378884E-1	1.527912E+11	4.171202E-2	4.995649E-3	4.578036E-2	3.671637E-2	4.541241E-2	-1.619483E+10	-1.622511E+10	2.086776E+7	3.027404E+7	-1.519397E+11
5.402160E+2	6.637736E-1	1.431244E+10	6.653059E-1	6.887358E+8	6.659120E-1	1.446344E+10	6.424281E-1	6.829827E+8	6.693323E-1	1.141259E+11	6.684885E-1	1.149795E+11	6.689451E-1	1.285893E+11	6.679643E-1	1.292920E+11	1.532246E-3	-2.348385E-2	2.287774E-2	2.501610E-2	-2.658413E-3	-1.362371E+10	-1.378045E+10	5.753135E+6	1.567479E+8	-1.286032E+11
5.404070E+2	6.016640E-1	1.335751E+10	5.495722E-1	6.023182E+8	5.974930E-1	1.339891E+10	5.331270E-1	6.002552E+8	5.998637E-1	1.056601E+11	6.039933E-1	1.070519E+11	5.995953E-1	1.190590E+11	6.037343E-1	1.204094E+11	-5.209178E-2	-6.436604E-2	1.644522E-2	1.227426E-2	-5.416209E-2	-1.275519E+10	-1.279866E+10	2.063027E+6	4.346683E+7	-1.198071E+11
5.406140E+2	5.003175E-1	1.179931E+10	4.751193E-1	5.467247E+8	4.871127E-1	1.168151E+10	4.995618E-1	5.748505E+8	4.927869E-1	9.261112E+10	4.924783E-1	9.334480E+10	4.921445E-1	1.042926E+11	4.933499E-1	1.051441E+11	-2.519818E-2	1.244917E-2	-2.444253E-2	-3.764736E-2	-1.823056E-2	-1.125258E+10	-1.110666E+10	-2.812582E+7	-1.459212E+8	-1.045974E+11
5.408220E+2	5.052383E-1	1.187496E+10	4.706192E-1	5.433645E+8	5.054684E-1	1.196711E+10	4.857260E-1	5.643785E+8	5.071868E-1	9.436596E+10	5.065990E-1	9.508048E+10	5.069923E-1	1.063331E+11	5.064477E-1	1.069554E+11	-3.461909E-2	-1.974237E-2	-1.510674E-2	-1.487671E-2	-3.582847E-2	-1.133160E+10	-1.140273E+10	-2.101395E+7	7.112759E+7	-1.064121E+11
5.410080E+2	4.260353E-1	1.065722E+10	4.103520E-1	4.983633E+8	4.201151E-1	1.063910E+10	3.998130E-1	4.993529E+8	4.285057E-1	8.477746E+10	4.270032E-1	8.529675E+10	4.275557E-1	9.541656E+10	4.268956E-1	9.595397E+10	-1.568333E-2	-2.030215E-2	1.053899E-2	4.618822E-3	-1.654358E-2	-1.015886E+10	-1.013975E+10	-9.895866E+5	-1.910729E+7	-9.545561E+10
5.415040E+2	5.400752E-1	1.241058E+10	5.314516E-1	5.887876E+8	5.368813E-1	1.245586E+10	5.159941E-1	5.872877E+8	5.391719E-1	9.826383E+10	5.359452E-1	9.868763E+10	5.389125E-1	1.107197E+11	5.364043E-1	1.110982E+11	-8.623612E-3	-2.088726E-2	1.545749E-2	1.226364E-2	-4.952762E-3	-1.182179E+10	-1.186857E+10	1.499955E+6	4.677784E+7	-1.105094E+11
5.420110E+2	6.623938E-1	1.429123E+10	6.079376E-1	6.458993E+8	6.444005E-1	1.412874E+10	6.284668E-1	6.724157E+8	6.549616E-1	1.123746E+11	6.509246E-1	1.128206E+11	6.537659E-1	1.265033E+11	6.521997E-1	1.271118E+11	-5.445621E-2	-1.593375E-2	-2.052923E-2	-3.852246E-2	-4.426214E-2	-1.364533E+10	-1.345633E+10	-2.651642E+7	-1.890013E+8	-1.264659E+11
5.424870E+2	9.026736E-1	1.798552E+10	8.613149E-1	8.350946E+8	8.821112E-1	1.782726E+10	9.009948E-1	8.786858E+8	8.965170E-1	1.418118E+11	8.934597E-1	1.426324E+11	8.948860E-1	1.596391E+11	8.944841E-1	1.606180E+11	-4.135873E-2	1.888355E-2	-3.967989E-2	-6.024228E-2	-3.316922E-2	-1.715043E+10	-1.694858E+10	-4.359126E+7	-2.018514E+8	-1.597829E+11
5.430120E+2	1.098301E+0	2.099329E+10	1.062884E+0	9.856050E+8	1.072277E+0	2.078604E+10	1.023377E+0	9.713138E+8	1.076345E+0	1.637266E+11	1.076048E+0	1.650757E+11	1.075884E+0	1.845127E+11	1.078522E+0	1.860690E+11	-3.541717E-2	-4.890032E-2	3.950746E-2	1.348315E-2	-1.563810E-2	-2.000769E+10	-1.981472E+10	1.429124E+7	-1.929660E+8	-1.850834E+11
5.435110E+2	1.134838E+0	2.155505E+10	1.096417E+0	1.010644E+9	1.109893E+0	2.137130E+10	1.067562E+0	1.004757E+9	1.115366E+0	1.684820E+11	1.112644E+0	1.695740E+11	1.114747E+0	1.898533E+11	1.115112E+0	1.911291E+11	-3.842070E-2	-4.233047E-2	2.885484E-2	3.909773E-3	-1.869425E-2	-2.054440E+10	-2.036654E+10	5.887055E+6	-1.778577E+8	-1.901184E+11
5.440170E+2	1.269576E+0	2.362664E+10	1.179645E+0	1.072789E+9	1.254531E+0	2.362172E+10	1.234330E+0	1.130980E+9	1.250356E+0	1.849325E+11	1.257462E+0	1.873747E+11	1.250828E+0	2.085542E+11	1.258809E+0	2.110013E+11	-8.993139E-2	-2.020100E-2	-5.468540E-2	-6.973039E-2	-7.916414E-2	-2.255385E+10	-2.249074E+10	-5.819013E+7	-6.311602E+7	-2.099285E+11
5.445240E+2	1.154546E+0	2.185805E+10	1.228184E+0	1.109034E+9	1.157416E+0	2.211071E+10	1.083499E+0	1.016819E+9	1.147486E+0	1.723963E+11	1.144704E+0	1.735147E+11	1.148611E+0	1.945070E+11	1.145798E+0	1.953728E+11	7.363832E-2	-7.391730E-2	1.446855E-1	1.475556E-1	8.238607E-2	-2.074902E+10	-2.109389E+10	9.221485E+7	3.448692E+8	-1.942638E+11
5.450150E+2	1.179984E+0	2.224917E+10	1.157015E+0	1.055892E+9	1.171060E+0	2.232300E+10	1.033495E+0	9.789725E+8	1.174232E+0	1.756556E+11	1.176526E+0	1.774263E+11	1.173872E+0	1.979786E+11	1.176911E+0	1.996755E+11	-2.296911E-2	-1.375650E-1	1.235197E-1	1.145959E-1	-1.989584E-2	-2.119328E+10	-2.134403E+10	7.691963E+7	1.507535E+8	-1.986196E+11
5.455180E+2	1.084038E+0	2.077400E+10	1.060377E+0	9.837329E+8	1.073735E+0	2.080872E+10	1.043670E+0	9.866735E+8	1.074829E+0	1.635418E+11	1.070317E+0	1.643713E+11	1.074705E+0	1.843505E+11	1.071843E+0	1.851453E+11	-2.366167E-2	-3.006457E-2	1.670662E-2	6.402909E-3	-1.146596E-2	-1.979027E+10	-1.982205E+10	-2.940649E+6	3.177403E+7	-1.841616E+11
5.460160E+2	9.854736E-1	1.925857E+10	9.779434E-1	9.221804E+8	9.818637E-1	1.937931E+10	9.050217E-1	8.817337E+8	9.824489E-1	1.522839E+11	9.827984E-1	1.536137E+11	9.823827E-1	1.716632E+11	9.830958E-1	1.728723E+11	-7.530280E-3	-7.684204E-2	7.292167E-2	6.931176E-2	-5.152448E-3	-1.833639E+10	-1.849757E+10	4.044664E+7	1.611793E+8	-1.719501E+11
5.465100E+2	1.041781E+0	2.012430E+10	9.769761E-1	9.214581E+8	1.038327E+0	2.025781E+10	9.665722E-1	9.283199E+8	1.032347E+0	1.583648E+11	1.033083E+0	1.597945E+11	1.033024E+0	1.786226E+11	1.034050E+0	1.799188E+11	-6.480512E-2	-7.175476E-2	1.040388E-2	6.949639E-3	-5.707361E-2	-1.920284E+10	-1.932949E+10	-6.861784E+6	1.266504E+8	-1.789974E+11
5.470110E+2	1.101890E+0	2.104848E+10	1.073798E+0	9.937542E+8	1.087028E+0	2.101554E+10	1.040799E+0	9.845002E+8	1.095963E+0	1.661174E+11	1.088175E+0	1.665664E+11	1.094951E+0	1.871329E+11	1.089700E+0	1.876149E+11	-2.809266E-2	-4.622910E-2	3.299903E-2	1.813644E-2	-1.590248E-2	-2.005472E+10	-2.003104E+10	9.254030E+6	-2.367875E+7	-1.866211E+11
5.475180E+2	1.281225E+0	2.380575E+10	1.222181E+0	1.104551E+9	1.262193E+0	2.374092E+10	1.282481E+0	1.167424E+9	1.270187E+0	1.873492E+11	1.270132E+0	1.889321E+11	1.269282E+0	2.110901E+11	1.271365E+0	2.127378E+11	-5.904478E-2	2.028793E-2	-6.030014E-2	-7.933271E-2	-4.918469E-2	-2.270120E+10	-2.257350E+10	-6.287294E+7	-1.276985E+8	-2.116333E+11
5.480360E+2	1.322350E+0	2.443803E+10	1.290346E+0	1.155449E+9	1.316070E+0	2.457919E+10	1.237250E+0	1.133189E+9	1.308048E+0	1.919632E+11	1.311195E+0	1.939795E+11	1.308956E+0	2.165424E+11	1.312435E+0	2.184175E+11	-3.200375E-2	-7.882008E-2	5.309616E-2	4.681633E-2	-2.208962E-2	-2.328258E+10	-2.344600E+10	2.225998E+7	1.634179E+8	-2.172621E+11
5.485120E+2	1.413048E+0	2.583251E+10	1.335572E+0	1.189219E+9	1.377460E+0	2.553436E+10	1.354363E+0	1.221830E+9	1.375052E+0	2.001287E+11	1.373437E+0	2.016301E+11	1.375325E+0	2.256630E+11	1.377841E+0	2.274626E+11	-7.747560E-2	-2.309699E-2	-1.879138E-2	-5.437861E-2	-4.226905E-2	-2.464329E+10	-2.431253E+10	-3.261059E+7	-3.307609E+8	-2.262734E+11
5.490320E+2	1.609132E+0	2.884731E+10	1.570582E+0	1.364700E+9	1.599868E+0	2.899478E+10	1.492374E+0	1.326287E+9	1.572172E+0	2.241508E+11	1.578452E+0	2.268299E+11	1.575308E+0	2.531456E+11	1.581863E+0	2.556772E+11	-3.855005E-2	-1.074941E-1	7.820870E-2	6.894408E-2	-1.128018E-2	-2.748261E+10	-2.766850E+10	3.841343E+7	1.858832E+8	-2.543125E+11
5.495040E+2	1.589388E+0	2.854374E+10	1.527741E+0	1.332711E+9	1.566994E+0	2.848330E+10	1.501539E+0	1.333224E+9	1.558261E+0	2.224555E+11	1.559961E+0	2.245571E+11	1.559250E+0	2.509388E+11	1.563232E+0	2.531008E+11	-6.164707E-2	-6.545453E-2	2.620166E-2	3.807467E-3	-3.549141E-2	-2.721103E+10	-2.715007E+10	-5.132465E+5	-6.095741E+7	-2.517681E+11
5.499940E+2	1.797929E+0	3.175005E+10	1.702153E+0	1.462944E+9	1.770047E+0	3.164259E+10	1.670849E+0	1.461370E+9	1.747425E+0	2.455080E+11	1.749440E+0	2.478474E+11	1.749986E+0	2.771506E+11	1.754831E+0	2.795975E+11	-9.577537E-2	-9.919878E-2	3.130484E-2	3.423416E-3	-5.267749E-2	-3.028711E+10	-3.018122E+10	1.573190E+6	-1.058866E+8	-2.781345E+11
5.505060E+2	1.616816E+0	2.896544E+10	1.560833E+0	1.357420E+9	1.606874E+0	2.910380E+10	1.525955E+0	1.351704E+9	1.580575E+0	2.251748E+11	1.585003E+0	2.276352E+11	1.583553E+0	2.542786E+11	1.588540E+0	2.566007E+11	-5.598297E-2	-8.091910E-2	3.487750E-2	2.493613E-2	-2.770736E-2	-2.760802E+10	-2.775209E+10	5.716325E+6	1.440698E+8	-2.552433E+11
5.510250E+2	1.507044E+0	2.727770E+10	1.371222E+0	1.215839E+9	1.501644E+0	2.746653E+10	1.446848E+0	1.291830E+9	1.479145E+0	2.128140E+11	1.481876E+0	2.149591E+11	1.481693E+0	2.402806E+11	1.484674E+0	2.422368E+11	-1.358214E-1	-5.479594E-2	-7.562609E-2	-8.102547E-2	-1.134519E-1	-2.606186E+10	-2.617470E+10	-7.599049E+7	1.128396E+8	-2.410210E+11
5.515000E+2	1.355747E+0	2.495152E+10	1.284208E+0	1.150866E+9	1.341422E+0	2.497364E+10	1.255838E+0	1.147258E+9	1.333817E+0	1.951036E+11	1.338200E+0	1.972988E+11	1.334678E+0	2.200772E+11	1.340151E+0	2.222503E+11	-7.153886E-2	-8.558409E-2	2.837059E-2	1.404523E-2	-5.594240E-2	-2.380065E+10	-2.382638E+10	3.608265E+6	2.572961E+7	-2.210994E+11
5.520100E+2	1.302342E+0	2.413042E+10	1.215511E+0	1.099570E+9	1.293406E+0	2.422658E+10	1.219469E+0	1.119732E+9	1.282100E+0	1.888011E+11	1.278859E+0	1.900047E+11	1.283381E+0	2.130277E+11	1.281470E+0	2.141352E+11	-8.683140E-2	-7.393718E-2	-3.958582E-3	-1.289422E-2	-6.595891E-2	-2.303085E+10	-2.310684E+10	-2.016140E+7	7.599473E+7	-2.130356E+11
5.525090E+2	1.221847E+0	2.289281E+10	1.164645E+0	1.061589E+9	1.212292E+0	2.296452E+10	1.168511E+0	1.081163E+9	1.209857E+0	1.799971E+11	1.209039E+0	1.814226E+11	1.210133E+0	2.029616E+11	1.210463E+0	2.043154E+11	-5.720172E-2	-4.378050E-2	-3.865960E-3	-1.342122E-2	-4.581742E-2	-2.183122E+10	-2.188335E+10	-1.957333E+7	5.213558E+7	-2.032538E+11
5.530200E+2	1.009083E+0	1.962157E+10	9.796706E-1	9.234701E+8	1.000398E+0	1.966769E+10	9.794441E-1	9.380623E+8	1.000822E+0	1.545230E+11	1.000538E+0	1.557942E+11	1.000774E+0	1.741907E+11	1.001488E+0	1.754158E+11	-2.941255E-2	-2.095436E-2	2.265023E-4	-8.458191E-3	-2.181721E-2	-1.869810E+10	-1.872962E+10	-1.459224E+7	3.152510E+7	-1.744923E+11
5.535050E+2	1.026919E+0	1.989579E+10	1.017653E+0	9.518311E+8	1.016409E+0	1.991680E+10	9.496886E-1	9.155411E+8	1.020026E+0	1.568632E+11	1.019843E+0	1.581671E+11	1.019616E+0	1.767800E+11	1.020629E+0	1.780629E+11	-9.265863E-3	-6.672075E-2	6.796408E-2	5.745489E-2	-2.976710E-3	-1.894396E+10	-1.900126E+10	3.629000E+7	5.730078E+7	-1.771111E+11
5.540130E+2	9.078920E-1	1.806576E+10	9.236519E-1	8.816413E+8	9.023883E-1	1.814275E+10	8.668642E-1	8.528532E+8	9.082141E-1	1.432373E+11	9.063926E-1	1.442221E+11	9.075545E-1	1.613800E+11	9.065593E-1	1.622879E+11	1.575996E-2	-3.552408E-2	5.678775E-2	5.128404E-2	1.709258E-2	-1.718411E+10	-1.728990E+10	2.878810E+7	1.057846E+8	-1.614062E+11
5.550190E+2	1.017637E+0	1.975308E+10	9.790897E-1	9.230363E+8	1.015135E+0	1.989697E+10	9.913755E-1	9.470930E+8	1.010885E+0	1.557493E+11	1.013671E+0	1.574085E+11	1.011366E+0	1.756463E+11	1.014112E+0	1.771616E+11	-3.854678E-2	-2.375950E-2	-1.228581E-2	-1.478728E-2	-3.502204E-2	-1.883004E+10	-1.894988E+10	-2.405661E+7	1.198383E+8	-1.762385E+11
5.560130E+2	1.139510E+0	2.162688E+10	1.065749E+0	9.877443E+8	1.119407E+0	2.151933E+10	1.103653E+0	1.032073E+9	1.114228E+0	1.683433E+11	1.115562E+0	1.699327E+11	1.114815E+0	1.898626E+11	1.118225E+0	1.915596E+11	-7.376077E-2	-1.575421E-2	-3.790372E-2	-5.800656E-2	-5.247552E-2	-2.063913E+10	-2.048726E+10	-4.432867E+7	-1.518742E+8	-1.905718E+11
5.570390E+2	1.044679E+0	2.016886E+10	9.934251E-1	9.337405E+8	1.037890E+0	2.025101E+10	1.016441E+0	9.660641E+8	1.025469E+0	1.575265E+11	1.029580E+0	1.593640E+11	1.026875E+0	1.777775E+11	1.031258E+0	1.795328E+11	-5.125404E-2	-2.144914E-2	-2.301553E-2	-2.980491E-2	-3.783334E-2	-1.923512E+10	-1.928495E+10	-3.232366E+7	4.983040E+7	-1.785991E+11
5.580230E+2	1.128761E+0	2.146162E+10	1.098054E+0	1.011866E+9	1.125158E+0	2.160881E+10	1.103524E+0	1.031976E+9	1.120052E+0	1.690530E+11	1.121104E+0	1.706139E+11	1.120630E+0	1.906618E+11	1.121955E+0	1.920755E+11	-3.070756E-2	-2.163367E-2	-5.470876E-3	-9.073885E-3	-2.390144E-2	-2.044975E+10	-2.057684E+10	-2.010995E+7	1.270870E+8	-1.910636E+11
5.590160E+2	1.029847E+0	1.994081E+10	1.060776E+0	9.840309E+8	1.019032E+0	1.995760E+10	1.041591E+0	9.851001E+8	1.027990E+0	1.578338E+11	1.022099E+0	1.584444E+11	1.026976E+0	1.777914E+11	1.022960E+0	1.783853E+11	3.092869E-2	2.255945E-2	1.918459E-2	8.369240E-3	3.781553E-2	-1.895678E+10	-1.897250E+10	-1.069201E+6	1.571689E+7	-1.774012E+11
5.600180E+2	1.063295E+0	2.045507E+10	1.055365E+0	9.799904E+8	1.064756E+0	2.066902E+10	1.081415E+0	1.015242E+9	1.066563E+0	1.625345E+11	1.069767E+0	1.643037E+11	1.066358E+0	1.832035E+11	1.069047E+0	1.847587E+11	-7.930242E-3	1.665942E-2	-2.605070E-2	-2.458967E-2	-1.368247E-2	-1.947508E+10	-1.965378E+10	-3.525164E+7	1.786942E+8	-1.837787E+11
5.610010E+2	1.018102E+0	1.976023E+10	1.009864E+0	9.460153E+8	1.030711E+0	2.013931E+10	1.027542E+0	9.744663E+8	1.023335E+0	1.572665E+11	1.022839E+0	1.585354E+11	1.024170E+0	1.774059E+11	1.022312E+0	1.782956E+11	-8.237706E-3	-3.168842E-3	-1.767770E-2	-5.068864E-3	-1.244804E-2	-1.881421E+10	-1.916484E+10	-2.845098E+7	3.506297E+8	-1.773496E+11
5.620390E+2	9.010081E-1	1.795992E+10	9.399314E-1	8.937971E+8	8.922749E-1	1.798540E+10	8.917761E-1	8.717084E+8	8.951784E-1	1.416487E+11	8.972953E-1	1.431039E+11	8.948497E-1	1.596341E+11	8.977081E-1	1.610638E+11	3.892339E-2	-4.988234E-4	4.815535E-2	3.942221E-2	4.222336E-2	-1.706612E+10	-1.711369E+10	2.208866E+7	4.757260E+7	-1.601700E+11
5.630240E+2	9.780995E-1	1.914519E+10	9.991442E-1	9.380109E+8	9.724969E-1	1.923357E+10	9.887478E-1	9.451041E+8	9.812753E-1	1.521409E+11	9.743020E-1	1.525694E+11	9.802814E-1	1.713745E+11	9.747242E-1	1.717146E+11	2.104469E-2	1.625092E-2	1.039637E-2	4.793771E-3	2.441996E-2	-1.820718E+10	-1.828846E+10	-7.093202E+6	8.127893E+7	-1.707766E+11
5.640230E+2	8.955903E-1	1.787662E+10	8.882942E-1	8.552399E+8	9.007091E-1	1.811663E+10	8.902859E-1	8.705805E+8	9.034908E-1	1.426617E+11	9.052001E-1	1.440755E+11	9.031758E-1	1.607783E+11	9.041317E-1	1.619521E+11	-7.296073E-3	-1.042320E-2	-1.991622E-3	3.127130E-3	-1.583746E-2	-1.702138E+10	-1.724605E+10	-1.534060E+7	2.246672E+8	-1.610969E+11
5.650150E+2	1.057986E+0	2.037345E+10	1.013559E+0	9.487746E+8	1.051176E+0	2.045773E+10	1.016349E+0	9.659948E+8	1.049880E+0	1.605015E+11	1.043177E+0	1.610353E+11	1.050027E+0	1.809592E+11	1.044823E+0	1.814087E+11	-4.442674E-2	-3.482689E-2	-2.789637E-3	-9.599845E-3	-3.126369E-2	-1.942468E+10	-1.949173E+10	-1.722018E+7	6.705754E+7	-1.804599E+11
5.660270E+2	1.061589E+0	2.042885E+10	1.035993E+0	9.655256E+8	1.062423E+0	2.063272E+10	1.067347E+0	1.004594E+9	1.051936E+0	1.607520E+11	1.055683E+0	1.625725E+11	1.053123E+0	1.813847E+11	1.056339E+0	1.830013E+11	-2.559646E-2	4.923682E-3	-3.135392E-2	-3.052015E-2	-2.034657E-2	-1.946332E+10	-1.962813E+10	-3.906827E+7	1.648044E+8	-1.820358E+11
5.670320E+2	1.024330E+0	1.985599E+10	1.057849E+0	9.818455E+8	1.025454E+0	2.005752E+10	1.036537E+0	9.812749E+8	1.028342E+0	1.578767E+11	1.031738E+0	1.596292E+11	1.028015E+0	1.779342E+11	1.030914E+0	1.794852E+11	3.351914E-2	1.108374E-2	2.131186E-2	2.243541E-2	2.693491E-2	-1.887414E+10	-1.907624E+10	5.706883E+5	2.020982E+8	-1.785034E+11
