Photon Energy (eV)	X ref norm	X ref	X pump norm	X pump	Y ref norm	Y ref	Y pump norm	Y pump	X all norm	X all	Y all norm	Y all	X all Y ref norm	X all Y ref	Y all X ref norm	Y all X ref	BC(X hist) norm	BC(Y hist) norm	StS norm	BCSC norm	BCLR norm	BC(X hist)	BC(Y hist)	StS	BCSC	BCLR	
5.290170E+2	2.655641E-3	4.147765E+9	5.430655E-3	1.976030E+8	-1.741740E-3	4.075462E+9	-2.497976E-2	1.759556E+8	1.449648E-3	3.273413E+10	6.021392E-4	3.288460E+10	1.088325E-3	3.680959E+10	8.304419E-4	3.703236E+10	2.775014E-3	-2.323802E-2	3.041042E-2	2.601303E-2	4.600213E-3	-3.950162E+9	-3.899506E+9	2.164741E+7	-5.065551E+7	-3.683476E+10
5.295110E+2	-1.192677E-3	4.088597E+9	1.214480E-2	2.024864E+8	2.874846E-3	4.147291E+9	5.453273E-3	1.986347E+8	-2.372927E-3	3.226829E+10	-1.859960E-3	3.258196E+10	-1.778784E-3	3.641558E+10	-1.785774E-3	3.667056E+10	1.333748E-2	2.578427E-3	6.691531E-3	1.075905E-2	1.393058E-2	-3.886110E+9	-3.948656E+9	3.851757E+6	6.254577E+7	-3.646807E+10
5.300160E+2	-1.173577E-2	3.926497E+9	-1.502843E-2	1.827223E+8	-1.361442E-2	3.890735E+9	-2.055106E-2	1.792559E+8	-1.370737E-2	3.088701E+10	-1.419596E-2	3.106565E+10	-1.369685E-2	3.477775E+10	-1.392245E-2	3.499215E+10	-3.292658E-3	-6.936640E-3	5.522631E-3	3.643982E-3	-1.105987E-3	-3.743775E+9	-3.711480E+9	3.466409E+6	-3.229497E+7	-3.480943E+10
5.305080E+2	-9.773109E-3	3.956673E+9	-2.458673E-3	1.918648E+8	-4.281095E-3	4.035952E+9	-4.997150E-3	1.908469E+8	-6.143061E-3	3.180884E+10	-5.652628E-3	3.211578E+10	-5.932252E-3	3.584479E+10	-6.110731E-3	3.607245E+10	7.314436E-3	-7.160545E-4	2.538477E-3	8.030490E-3	3.652058E-3	-3.764808E+9	-3.845105E+9	1.017888E+6	8.029712E+7	-3.588059E+10
5.310100E+2	-1.862259E-3	4.078302E+9	-7.325546E-3	1.883249E+8	-1.975227E-3	4.071829E+9	-1.786697E-2	1.812561E+8	-2.526315E-3	3.224960E+10	-3.668397E-3	3.235968E+10	-2.463922E-3	3.632143E+10	-3.467596E-3	3.643798E+10	-5.463287E-3	-1.589174E-2	1.054142E-2	1.042846E-2	-3.857950E-3	-3.889977E+9	-3.890573E+9	7.068789E+6	5.956915E+5	-3.624965E+10
5.315080E+2	1.319837E-2	4.309859E+9	-1.934902E-3	1.922457E+8	5.112775E-3	4.182111E+9	3.677983E-2	2.219796E+8	1.498371E-2	3.438346E+10	1.271828E-2	3.437388E+10	1.386614E-2	3.856557E+10	1.277165E-2	3.868374E+10	-1.513327E-2	3.166705E-2	-3.871473E-2	-4.680032E-2	-1.470655E-2	-4.117613E+9	-3.960131E+9	-2.973392E+7	-1.574821E+8	-3.849150E+10
5.320070E+2	3.190399E-3	4.155986E+9	2.156006E-4	1.938099E+8	5.134320E-3	4.182446E+9	2.002930E-2	2.094969E+8	1.483627E-3	3.273827E+10	3.389373E-3	3.322720E+10	1.896952E-3	3.692072E+10	3.367252E-3	3.738319E+10	-2.974798E-3	1.489498E-2	-1.981370E-2	-1.786978E-2	-3.151651E-3	-3.962177E+9	-3.972949E+9	-1.568706E+7	1.077223E+7	-3.718938E+10
5.325070E+2	5.519413E-3	4.191795E+9	8.956493E-3	2.001675E+8	8.490545E-3	4.234665E+9	6.132539E-3	1.991409E+8	6.832689E-3	3.339013E+10	8.667158E-3	3.387593E+10	7.020388E-3	3.762480E+10	8.317201E-3	3.806773E+10	3.437080E-3	-2.358006E-3	2.823954E-3	5.795086E-3	6.392921E-4	-3.991628E+9	-4.035524E+9	1.026578E+6	4.389657E+7	-3.786756E+10
5.330130E+2	9.708661E-3	4.256205E+9	1.536406E-2	2.048279E+8	9.102935E-3	4.244193E+9	-1.365330E-2	1.843962E+8	1.251183E-2	3.408223E+10	1.235392E-2	3.432910E+10	1.212588E-2	3.832642E+10	1.205983E-2	3.858530E+10	5.655397E-3	-2.275623E-2	2.901736E-2	2.841163E-2	3.304233E-3	-4.051377E+9	-4.059797E+9	2.043172E+7	8.420229E+6	-3.838048E+10
5.332040E+2	1.800329E-2	4.383734E+9	1.723392E-2	2.061879E+8	2.052139E-2	4.421852E+9	2.460434E-2	2.129063E+8	1.900945E-2	3.487406E+10	1.903103E-2	3.514983E+10	1.918063E-2	3.929591E+10	1.891677E-2	3.953357E+10	-7.693737E-4	4.082951E-3	-7.370428E-3	-4.852324E-3	-1.682857E-3	-4.177546E+9	-4.208946E+9	-6.718375E+6	3.139932E+7	-3.932738E+10
5.334060E+2	3.732833E-2	4.680857E+9	6.009564E-2	2.373629E+8	3.962938E-2	4.719152E+9	4.624630E-2	2.290342E+8	4.107592E-2	3.756320E+10	3.961182E-2	3.767957E+10	4.091215E-2	4.228235E+10	3.935795E-2	4.236043E+10	2.276730E-2	6.616922E-3	1.384934E-2	1.615038E-2	2.073769E-2	-4.443494E+9	-4.490118E+9	8.328710E+6	4.662394E+7	-4.212307E+10
5.336180E+2	2.061081E-2	4.423825E+9	1.944158E-2	2.077937E+8	2.012355E-2	4.415662E+9	9.440313E-3	2.016059E+8	2.180489E-2	3.521473E+10	2.185853E-2	3.549738E+10	2.161453E-2	3.963039E+10	2.171981E-2	3.992121E+10	-1.169227E-3	-1.068323E-2	1.000127E-2	9.514007E-3	-2.278229E-3	-4.216031E+9	-4.214056E+9	6.187783E+6	-1.975078E+6	-3.971341E+10
5.338100E+2	5.761874E-2	4.992821E+9	6.734996E-2	2.426392E+8	5.851793E-2	5.013037E+9	5.087662E-2	2.324848E+8	5.582925E-2	3.936112E+10	5.742546E-2	3.986918E+10	5.613366E-2	4.437415E+10	5.744695E-2	4.486200E+10	9.731220E-3	-7.641305E-3	1.647334E-2	1.737253E-2	9.903006E-3	-4.750182E+9	-4.780552E+9	1.015448E+7	3.037063E+7	-4.461936E+10
5.340070E+2	6.555268E-2	5.114805E+9	8.977305E-2	2.589484E+8	6.512757E-2	5.115876E+9	5.289621E-2	2.339898E+8	6.385645E-2	4.033936E+10	6.416513E-2	4.069760E+10	6.400037E-2	4.545523E+10	6.431939E-2	4.581241E+10	2.422036E-2	-1.223136E-2	3.687684E-2	3.645172E-2	2.545365E-2	-4.855857E+9	-4.881886E+9	2.495862E+7	2.602947E+7	-4.555346E+10
5.342090E+2	1.527398E-1	6.455306E+9	1.539502E-1	3.056269E+8	1.481444E-1	6.407528E+9	1.433400E-1	3.013898E+8	1.583443E-1	5.185415E+10	1.538590E-1	5.172255E+10	1.571895E-1	5.826167E+10	1.537346E-1	5.817786E+10	1.210391E-3	-4.804311E-3	1.061017E-2	6.014702E-3	2.156370E-4	-6.149679E+9	-6.106138E+9	4.237153E+6	-4.354068E+7	-5.787223E+10
5.344120E+2	2.498384E-1	7.948195E+9	2.681725E-1	3.887051E+8	2.467199E-1	7.941257E+9	2.547924E-1	3.844456E+8	2.598574E-1	6.422507E+10	2.536618E-1	6.399007E+10	2.583700E-1	7.216633E+10	2.532367E-1	7.193826E+10	1.833410E-2	8.072566E-3	1.338005E-2	1.026154E-2	1.493576E-2	-7.559489E+9	-7.556812E+9	4.259538E+6	-2.677777E+6	-7.154956E+10
5.346150E+2	4.972372E-1	1.175195E+10	4.941296E-1	5.530524E+8	4.977760E-1	1.184742E+10	5.379119E-1	5.954301E+8	5.068516E-1	9.432511E+10	4.963792E-1	9.382428E+10	5.058241E-1	1.061725E+11	4.964746E-1	1.055762E+11	-3.107599E-3	4.013594E-2	-4.378234E-2	-4.324353E-2	-2.344954E-3	-1.119889E+10	-1.125199E+10	-4.237772E+7	5.309640E+7	-1.050232E+11
5.348180E+2	7.982393E-1	1.637985E+10	8.421000E-1	8.061445E+8	7.799329E-1	1.623748E+10	7.602512E-1	7.611203E+8	8.035139E-1	1.304780E+11	7.915058E-1	1.301005E+11	8.008441E-1	1.467154E+11	7.922544E-1	1.464804E+11	4.386066E-2	-1.968164E-2	8.184878E-2	6.354230E-2	4.984560E-2	-1.557370E+10	-1.547636E+10	4.502419E+7	-9.734656E+7	-1.456742E+11
5.350100E+2	1.404112E+0	2.569513E+10	1.408500E+0	1.218109E+9	1.401299E+0	2.590527E+10	1.316455E+0	1.175611E+9	1.398548E+0	2.029920E+11	1.388647E+0	2.034996E+11	1.398859E+0	2.288973E+11	1.390366E+0	2.291948E+11	4.388312E-3	-8.484407E-2	9.204552E-2	8.923238E-2	1.813406E-2	-2.447702E+10	-2.472966E+10	4.249831E+7	2.526340E+8	-2.279766E+11
5.352340E+2	1.951642E+0	3.411339E+10	1.959029E+0	1.618529E+9	1.935304E+0	3.421382E+10	1.871263E+0	1.589062E+9	1.895199E+0	2.635165E+11	1.893650E+0	2.655733E+11	1.899740E+0	2.977304E+11	1.900097E+0	2.996867E+11	7.386443E-3	-6.404099E-2	8.776525E-2	7.142744E-2	5.893129E-2	-3.249487E+10	-3.262475E+10	2.946770E+7	1.298888E+8	-2.980682E+11
5.354010E+2	2.189332E+0	3.776787E+10	2.129173E+0	1.742282E+9	2.172296E+0	3.790115E+10	2.077589E+0	1.742819E+9	2.131171E+0	2.922734E+11	2.133412E+0	2.950442E+11	2.135827E+0	3.301745E+11	2.139629E+0	3.328121E+11	-6.015908E-2	-9.470653E-2	5.158357E-2	3.454744E-2	-1.045566E-2	-3.602559E+10	-3.615833E+10	-5.367787E+5	1.327409E+8	-3.310698E+11
5.356250E+2	2.309918E+0	3.962188E+10	2.296173E+0	1.863747E+9	2.309853E+0	4.004140E+10	2.269876E+0	1.886113E+9	2.243069E+0	3.059098E+11	2.264733E+0	3.111860E+11	2.250630E+0	3.459512E+11	2.269757E+0	3.508078E+11	-1.374491E-2	-3.997714E-2	2.629702E-2	2.623223E-2	2.641643E-2	-3.775813E+10	-3.815528E+10	-2.236585E+7	3.971487E+8	-3.489441E+11
5.358130E+2	2.463515E+0	4.198343E+10	2.482513E+0	1.999280E+9	2.420523E+0	4.176330E+10	2.410164E+0	1.990657E+9	2.382820E+0	3.229407E+11	2.381788E+0	3.255740E+11	2.387089E+0	3.647040E+11	2.390874E+0	3.675575E+11	1.899834E-2	-1.035943E-2	7.234984E-2	2.935777E-2	9.163936E-2	-3.998415E+10	-3.977264E+10	8.622437E+6	-2.115123E+8	-3.655582E+11
5.360070E+2	2.293959E+0	3.937652E+10	2.293952E+0	1.862132E+9	2.269236E+0	3.940943E+10	2.334380E+0	1.934182E+9	2.239513E+0	3.054765E+11	2.242116E+0	3.084059E+11	2.242878E+0	3.448860E+11	2.247880E+0	3.477824E+11	-6.992236E-6	6.514369E-2	-4.042734E-2	-6.515068E-2	4.607287E-2	-3.751438E+10	-3.747525E+10	-7.205004E+7	-3.913166E+7	-3.459203E+11
5.362110E+2	1.770687E+0	3.133121E+10	1.751437E+0	1.467540E+9	1.749099E+0	3.131665E+10	1.767298E+0	1.511585E+9	1.733029E+0	2.437536E+11	1.736557E+0	2.462639E+11	1.734848E+0	2.750703E+11	1.740352E+0	2.775951E+11	-1.924985E-2	1.819905E-2	-1.586075E-2	-3.744890E-2	1.108497E-2	-2.986367E+10	-2.980507E+10	-4.404502E+7	-5.859928E+7	-2.761276E+11
5.364150E+2	1.683775E+0	2.999495E+10	1.759325E+0	1.473277E+9	1.686603E+0	3.034428E+10	1.650407E+0	1.424477E+9	1.671620E+0	2.362701E+11	1.664555E+0	2.374136E+11	1.673317E+0	2.666144E+11	1.666692E+0	2.674085E+11	7.554988E-2	-3.619543E-2	1.089181E-1	1.117453E-1	9.263319E-2	-2.852167E+10	-2.891981E+10	4.880089E+7	3.981360E+8	-2.659352E+11
5.366190E+2	1.377653E+0	2.528833E+10	1.391279E+0	1.205584E+9	1.375138E+0	2.549823E+10	1.357400E+0	1.206124E+9	1.371917E+0	1.997466E+11	1.359827E+0	1.999572E+11	1.372282E+0	2.252448E+11	1.361809E+0	2.252455E+11	1.362597E-2	-1.773837E-2	3.387958E-2	3.136434E-2	2.947006E-2	-2.408275E+10	-2.429211E+10	-5.398991E+5	2.093638E+8	-2.240399E+11
5.368390E+2	1.425470E+0	2.602351E+10	1.471719E+0	1.264090E+9	1.403924E+0	2.594611E+10	1.366545E+0	1.212939E+9	1.418511E+0	2.054248E+11	1.409769E+0	2.060959E+11	1.416860E+0	2.313709E+11	1.411515E+0	2.321194E+11	4.624830E-2	-3.737907E-2	1.051738E-1	8.362737E-2	6.020402E-2	-2.475942E+10	-2.473317E+10	5.115165E+7	-2.625411E+7	-2.308553E+11
5.370070E+2	1.326172E+0	2.449680E+10	1.355523E+0	1.179577E+9	1.322231E+0	2.467506E+10	1.249994E+0	1.126083E+9	1.312543E+0	1.925110E+11	1.307221E+0	1.934910E+11	1.313640E+0	2.171861E+11	1.309328E+0	2.179878E+11	2.935080E-2	-7.223748E-2	1.055292E-1	1.015883E-1	4.619473E-2	-2.331723E+10	-2.354897E+10	5.349354E+7	2.317454E+8	-2.168082E+11
5.372170E+2	1.123828E+0	2.138577E+10	1.091327E+0	9.874165E+8	1.108497E+0	2.134958E+10	1.093865E+0	1.009734E+9	1.118014E+0	1.688046E+11	1.108370E+0	1.690487E+11	1.116936E+0	1.901542E+11	1.110089E+0	1.904344E+11	-3.250130E-2	-1.463167E-2	-2.538727E-3	-1.786962E-2	-1.876207E-2	-2.039835E+10	-2.033985E+10	-2.231754E+7	-5.850141E+7	-1.894470E+11
5.374110E+2	1.326768E+0	2.450596E+10	1.360385E+0	1.183113E+9	1.300311E+0	2.433400E+10	1.287891E+0	1.154325E+9	1.308466E+0	1.920142E+11	1.294862E+0	1.919718E+11	1.307543E+0	2.163482E+11	1.298409E+0	2.164778E+11	3.361748E-2	-1.241993E-2	7.249401E-2	4.603741E-2	6.197563E-2	-2.332285E+10	-2.317968E+10	2.878835E+7	-1.431699E+8	-2.152947E+11
5.376110E+2	1.314373E+0	2.431539E+10	1.363196E+0	1.185157E+9	1.299024E+0	2.431398E+10	1.299815E+0	1.163211E+9	1.298637E+0	1.908163E+11	1.295934E+0	1.921036E+11	1.298681E+0	2.151303E+11	1.297984E+0	2.164190E+11	4.882307E-2	7.913293E-4	6.338060E-2	4.803174E-2	6.521158E-2	-2.313024E+10	-2.315077E+10	2.194667E+7	2.053281E+7	-2.152339E+11
5.378160E+2	1.769090E+0	3.130666E+10	1.795985E+0	1.499942E+9	1.749998E+0	3.133064E+10	1.711838E+0	1.470255E+9	1.751868E+0	2.460494E+11	1.739158E+0	2.465835E+11	1.751656E+0	2.773801E+11	1.742486E+0	2.778902E+11	2.689550E-2	-3.815974E-2	8.414764E-2	6.505524E-2	5.349987E-2	-2.980672E+10	-2.986039E+10	2.968627E+7	5.366942E+7	-2.763903E+11
5.380160E+2	1.947354E+0	3.404746E+10	1.884547E+0	1.564356E+9	1.929820E+0	3.412848E+10	1.940114E+0	1.640370E+9	1.896487E+0	2.636735E+11	1.897406E+0	2.660350E+11	1.900261E+0	2.978019E+11	1.902959E+0	3.000824E+11	-6.280652E-2	1.029461E-2	-5.556674E-2	-7.310113E-2	-1.841129E-2	-3.248311E+10	-3.248811E+10	-7.601386E+7	5.001038E+6	-2.985181E+11
5.382060E+2	1.862090E+0	3.273654E+10	1.815411E+0	1.514070E+9	1.827457E+0	3.253583E+10	1.825699E+0	1.555107E+9	1.808780E+0	2.529850E+11	1.810312E+0	2.553297E+11	1.810894E+0	2.855209E+11	1.816069E+0	2.880662E+11	-4.667991E-2	-1.757841E-3	-1.028898E-2	-4.492207E-2	-6.584534E-4	-3.122247E+10	-3.098073E+10	-4.103641E+7	-2.417428E+8	-2.865522E+11
5.384010E+2	2.054665E+0	3.569737E+10	2.104407E+0	1.724269E+9	2.030182E+0	3.569000E+10	1.962628E+0	1.657148E+9	1.994985E+0	2.756771E+11	1.996414E+0	2.782048E+11	1.998970E+0	3.113671E+11	2.002890E+0	3.139022E+11	4.974224E-2	-6.755379E-2	1.417797E-1	1.172960E-1	1.015174E-1	-3.397310E+10	-3.403285E+10	6.712131E+7	5.975186E+7	-3.121779E+11
5.386170E+2	1.786067E+0	3.156768E+10	1.809142E+0	1.509511E+9	1.774677E+0	3.171462E+10	1.703023E+0	1.463687E+9	1.760317E+0	2.470791E+11	1.763874E+0	2.496215E+11	1.761943E+0	2.787937E+11	1.766341E+0	2.811892E+11	2.307433E-2	-7.165371E-2	1.061185E-1	9.472804E-2	4.280055E-2	-3.005817E+10	-3.025094E+10	4.582407E+7	1.927642E+8	-2.796797E+11
5.388440E+2	1.945036E+0	3.401182E+10	1.898721E+0	1.574666E+9	1.949310E+0	3.443173E+10	1.902819E+0	1.612577E+9	1.912962E+0	2.656812E+11	1.918718E+0	2.686546E+11	1.917077E+0	3.001130E+11	1.921644E+0	3.026664E+11	-4.631412E-2	-4.649166E-2	-4.097093E-3	1.775381E-4	-2.292209E-2	-3.243715E+10	-3.281915E+10	-3.791135E+7	3.820019E+8	-3.010917E+11
5.390130E+2	1.716994E+0	3.050568E+10	1.723457E+0	1.447189E+9	1.693962E+0	3.045879E+10	1.690900E+0	1.454652E+9	1.686816E+0	2.381218E+11	1.691143E+0	2.406817E+11	1.687625E+0	2.685806E+11	1.694017E+0	2.711874E+11	6.462851E-3	-3.062514E-3	3.255711E-2	9.525364E-3	2.943958E-2	-2.905849E+10	-2.900414E+10	-7.463217E+6	-5.435470E+7	-2.697402E+11
5.392140E+2	1.398212E+0	2.560441E+10	1.458457E+0	1.254445E+9	1.392668E+0	2.577098E+10	1.387007E+0	1.228188E+9	1.382620E+0	2.010510E+11	1.387520E+0	2.033611E+11	1.383758E+0	2.268220E+11	1.388708E+0	2.289655E+11	6.024573E-2	-5.660814E-3	7.144993E-2	6.590655E-2	6.974904E-2	-2.434997E+10	-2.454279E+10	2.625721E+7	1.928277E+8	-2.277110E+11
5.394100E+2	1.310839E+0	2.426105E+10	1.329765E+0	1.160842E+9	1.303520E+0	2.438393E+10	1.245362E+0	1.122632E+9	1.288462E+0	1.895764E+11	1.289366E+0	1.912963E+11	1.290167E+0	2.139603E+11	1.291754E+0	2.155573E+11	1.892630E-2	-5.815771E-2	8.440274E-2	7.708401E-2	3.801141E-2	-2.310021E+10	-2.326130E+10	3.821024E+7	1.610866E+8	-2.143965E+11
5.396110E+2	1.057790E+0	2.037044E+10	1.056221E+0	9.618830E+8	1.040927E+0	2.029826E+10	9.872148E-1	9.302566E+8	1.046884E+0	1.601363E+11	1.048289E+0	1.616637E+11	1.046209E+0	1.804346E+11	1.049346E+0	1.820341E+11	-1.569313E-3	-5.371212E-2	6.900638E-2	5.214281E-2	6.875541E-3	-1.940856E+10	-1.936801E+10	3.162636E+7	-4.055139E+7	-1.810723E+11
5.398280E+2	1.013911E+0	1.969580E+10	1.001106E+0	9.217957E+8	9.947931E-1	1.958047E+10	9.889742E-1	9.315678E+8	1.006473E+0	1.552117E+11	1.009270E+0	1.568675E+11	1.005151E+0	1.747921E+11	1.009786E+0	1.765633E+11	-1.280490E-2	-5.818859E-3	1.213188E-2	-6.986043E-3	-8.679706E-3	-1.877400E+10	-1.864890E+10	-9.772084E+6	-1.250965E+8	-1.756415E+11
5.400090E+2	8.415888E-1	1.704635E+10	8.309246E-1	7.980162E+8	8.325248E-1	1.705575E+10	8.445207E-1	8.239190E+8	8.361920E-1	1.344603E+11	8.374255E-1	1.357448E+11	8.357768E-1	1.515160E+11	8.378884E-1	1.527912E+11	-1.066411E-2	1.199589E-2	-1.359601E-2	-2.266000E-2	-6.963722E-3	-1.624833E+10	-1.623183E+10	-2.590280E+7	-1.649651E+7	-1.519932E+11
5.402160E+2	6.637736E-1	1.431244E+10	6.625582E-1	6.755569E+8	6.659120E-1	1.446344E+10	6.645498E-1	6.898023E+8	6.693323E-1	1.141259E+11	6.684885E-1	1.149795E+11	6.689451E-1	1.285893E+11	6.679643E-1	1.292920E+11	-1.215470E-3	-1.362233E-3	-1.991594E-3	1.467628E-4	-5.406128E-3	-1.363688E+10	-1.377363E+10	-1.424541E+7	1.367494E+8	-1.286164E+11
5.404070E+2	6.016640E-1	1.335751E+10	6.553171E-1	6.702902E+8	5.974930E-1	1.339891E+10	6.034861E-1	6.442968E+8	5.998637E-1	1.056601E+11	6.039933E-1	1.070519E+11	5.995953E-1	1.190590E+11	6.037343E-1	1.204094E+11	5.365312E-2	5.993029E-3	5.183106E-2	4.766009E-2	5.158282E-2	-1.268722E+10	-1.275461E+10	2.599339E+7	6.739719E+7	-1.197392E+11
5.406140E+2	5.003175E-1	1.179931E+10	4.664560E-1	5.329243E+8	4.871127E-1	1.168151E+10	4.874186E-1	5.578018E+8	4.927869E-1	9.261112E+10	4.924783E-1	9.334480E+10	4.921445E-1	1.042926E+11	4.933499E-1	1.051441E+11	-3.386154E-2	3.059621E-4	-2.096267E-2	-3.416750E-2	-2.689391E-2	-1.126638E+10	-1.112371E+10	-2.487752E+7	-1.426729E+8	-1.046112E+11
5.408220E+2	5.052383E-1	1.187496E+10	5.466250E-1	5.912342E+8	5.054684E-1	1.196711E+10	5.849227E-1	6.304631E+8	5.071868E-1	9.436596E+10	5.065990E-1	9.508048E+10	5.069923E-1	1.063331E+11	5.064477E-1	1.069554E+11	4.138663E-2	7.945432E-2	-3.829771E-2	-3.806769E-2	4.017725E-2	-1.128373E+10	-1.133664E+10	-3.922887E+7	5.291267E+7	-1.063642E+11
5.410080E+2	4.260353E-1	1.065722E+10	4.399388E-1	5.136373E+8	4.201151E-1	1.063910E+10	4.051060E-1	4.964613E+8	4.285057E-1	8.477746E+10	4.270032E-1	8.529675E+10	4.275557E-1	9.541656E+10	4.268956E-1	9.595397E+10	1.390351E-2	-1.500910E-2	3.483278E-2	2.891261E-2	1.304326E-2	-1.014358E+10	-1.014264E+10	1.717601E+7	-9.416925E+5	-9.544034E+10
5.415040E+2	5.400752E-1	1.241058E+10	5.221285E-1	5.734170E+8	5.368813E-1	1.245586E+10	5.676773E-1	6.176116E+8	5.391719E-1	9.826383E+10	5.359452E-1	9.868763E+10	5.389125E-1	1.107197E+11	5.364043E-1	1.110982E+11	-1.794671E-2	3.079592E-2	-4.554879E-2	-4.874263E-2	-1.427586E-2	-1.183716E+10	-1.183825E+10	-4.419459E+7	1.083300E+6	-1.105248E+11
5.420110E+2	6.623938E-1	1.429123E+10	6.519686E-1	6.678547E+8	6.444005E-1	1.412874E+10	6.636447E-1	6.891278E+8	6.549616E-1	1.123746E+11	6.509246E-1	1.128206E+11	6.537659E-1	1.265033E+11	6.521997E-1	1.271118E+11	-1.042516E-2	1.924415E-2	-1.167608E-2	-2.966931E-2	-2.310901E-4	-1.362337E+10	-1.343961E+10	-2.127313E+7	-1.837580E+8	-1.264440E+11
5.424870E+2	9.026736E-1	1.798552E+10	9.701250E-1	8.992620E+8	8.821112E-1	1.782726E+10	8.934131E-1	8.603544E+8	8.965170E-1	1.418118E+11	8.934597E-1	1.426324E+11	8.948860E-1	1.596391E+11	8.944841E-1	1.606180E+11	6.745140E-2	1.130188E-2	7.671190E-2	5.614951E-2	7.564091E-2	-1.708626E+10	-1.696691E+10	3.890762E+7	-1.193525E+8	-1.597187E+11
5.430120E+2	1.098301E+0	2.099329E+10	1.103647E+0	9.963777E+8	1.072277E+0	2.078604E+10	1.078902E+0	9.985829E+8	1.076345E+0	1.637266E+11	1.076048E+0	1.650757E+11	1.075884E+0	1.845127E+11	1.078522E+0	1.860690E+11	5.345932E-3	6.624702E-3	2.474554E-2	-1.278770E-3	2.512500E-2	-1.999692E+10	-1.978745E+10	-2.205175E+6	-2.094624E+8	-1.850727E+11
5.435110E+2	1.134838E+0	2.155505E+10	1.177321E+0	1.049964E+9	1.109893E+0	2.137130E+10	1.105868E+0	1.018679E+9	1.115366E+0	1.684820E+11	1.112644E+0	1.695740E+11	1.114747E+0	1.898533E+11	1.115112E+0	1.911291E+11	4.248322E-2	-4.024640E-3	7.145293E-2	4.650786E-2	6.220967E-2	-2.050508E+10	-2.035262E+10	3.128486E+7	-1.524599E+8	-1.900791E+11
5.440170E+2	1.269576E+0	2.362664E+10	1.235479E+0	1.092264E+9	1.254531E+0	2.362172E+10	1.263599E+0	1.136222E+9	1.250356E+0	1.849325E+11	1.257462E+0	1.873747E+11	1.250828E+0	2.085542E+11	1.258809E+0	2.110013E+11	-3.409671E-2	9.067758E-3	-2.811948E-2	-4.316446E-2	-2.332946E-2	-2.253438E+10	-2.248549E+10	-4.395745E+7	-4.888334E+7	-2.099091E+11
5.445240E+2	1.154546E+0	2.185805E+10	1.169169E+0	1.044034E+9	1.157416E+0	2.211071E+10	1.127370E+0	1.034702E+9	1.147486E+0	1.723963E+11	1.144704E+0	1.735147E+11	1.148611E+0	1.945070E+11	1.145798E+0	1.953728E+11	1.462315E-2	-3.004550E-2	4.179856E-2	4.466865E-2	2.337090E-2	-2.081402E+10	-2.107601E+10	9.331743E+6	2.619860E+8	-1.943288E+11
5.450150E+2	1.179984E+0	2.224917E+10	1.264245E+0	1.113186E+9	1.171060E+0	2.232300E+10	1.211690E+0	1.097539E+9	1.174232E+0	1.756556E+11	1.176526E+0	1.774263E+11	1.173872E+0	1.979786E+11	1.176911E+0	1.996755E+11	8.426041E-2	4.062987E-2	5.255430E-2	4.363054E-2	8.733368E-2	-2.113598E+10	-2.122546E+10	1.564755E+7	8.948141E+7	-1.985623E+11
5.455180E+2	1.084038E+0	2.077400E+10	1.132884E+0	1.017643E+9	1.073735E+0	2.080872E+10	1.041203E+0	9.704895E+8	1.074829E+0	1.635418E+11	1.070317E+0	1.643713E+11	1.074705E+0	1.843505E+11	1.071843E+0	1.851453E+11	4.884588E-2	-3.253162E-2	9.168121E-2	8.137750E-2	6.104158E-2	-1.975636E+10	-1.983823E+10	4.715357E+7	8.186825E+7	-1.841277E+11
5.460160E+2	9.854736E-1	1.925857E+10	1.018242E+0	9.342589E+8	9.818637E-1	1.937931E+10	9.948614E-1	9.359550E+8	9.824489E-1	1.522839E+11	9.827984E-1	1.536137E+11	9.823827E-1	1.716632E+11	9.830958E-1	1.728723E+11	3.276786E-2	1.299769E-2	2.338008E-2	1.977017E-2	3.514570E-2	-1.832431E+10	-1.844335E+10	-1.696071E+6	1.190366E+8	-1.719380E+11
5.465100E+2	1.041781E+0	2.012430E+10	1.035928E+0	9.471228E+8	1.038327E+0	2.025781E+10	1.040002E+0	9.695945E+8	1.032347E+0	1.583648E+11	1.033083E+0	1.597945E+11	1.033024E+0	1.786226E+11	1.034050E+0	1.799188E+11	-5.853498E-3	1.675224E-3	-4.074484E-3	-7.528722E-3	1.878011E-3	-1.917718E+10	-1.928822E+10	-2.247173E+7	1.110405E+8	-1.789717E+11
5.470110E+2	1.101890E+0	2.104848E+10	1.121592E+0	1.009430E+9	1.087028E+0	2.101554E+10	1.099624E+0	1.014026E+9	1.095963E+0	1.661174E+11	1.088175E+0	1.665664E+11	1.094951E+0	1.871329E+11	1.089700E+0	1.876149E+11	1.970179E-2	1.259634E-2	2.196805E-2	7.105457E-3	3.189197E-2	-2.003905E+10	-2.000152E+10	-4.595771E+6	-3.752855E+7	-1.866054E+11
5.475180E+2	1.281225E+0	2.380575E+10	1.333485E+0	1.163547E+9	1.262193E+0	2.374092E+10	1.233857E+0	1.114058E+9	1.270187E+0	1.873492E+11	1.270132E+0	1.889321E+11	1.269282E+0	2.110901E+11	1.271365E+0	2.127378E+11	5.225930E-2	-2.833546E-2	9.962733E-2	8.059476E-2	6.211939E-2	-2.264220E+10	-2.262687E+10	4.948932E+7	-1.533624E+7	-2.115743E+11
5.480360E+2	1.322350E+0	2.443803E+10	1.314257E+0	1.149562E+9	1.316070E+0	2.457919E+10	1.318007E+0	1.176767E+9	1.308048E+0	1.919632E+11	1.311195E+0	1.939795E+11	1.308956E+0	2.165424E+11	1.312435E+0	2.184175E+11	-8.092831E-3	1.937005E-3	-3.750010E-3	-1.002984E-2	1.821295E-3	-2.328847E+10	-2.340242E+10	-2.720517E+7	1.139528E+8	-2.172679E+11
5.485120E+2	1.413048E+0	2.583251E+10	1.407429E+0	1.217330E+9	1.377460E+0	2.553436E+10	1.381637E+0	1.224185E+9	1.375052E+0	2.001287E+11	1.373437E+0	2.016301E+11	1.375325E+0	2.256630E+11	1.377841E+0	2.274626E+11	-5.618701E-3	4.176177E-3	2.579235E-2	-9.794878E-3	2.958786E-2	-2.461518E+10	-2.431018E+10	-6.855290E+6	-3.050056E+8	-2.262453E+11
5.490320E+2	1.609132E+0	2.884731E+10	1.625516E+0	1.375952E+9	1.599868E+0	2.899478E+10	1.641624E+0	1.417931E+9	1.572172E+0	2.241508E+11	1.578452E+0	2.268299E+11	1.575308E+0	2.531456E+11	1.581863E+0	2.556772E+11	1.638308E-2	4.175624E-2	-1.610855E-2	-2.537317E-2	4.365294E-2	-2.747136E+10	-2.757685E+10	-4.197879E+7	1.054910E+8	-2.543013E+11
5.495040E+2	1.589388E+0	2.854374E+10	1.624835E+0	1.375457E+9	1.566994E+0	2.848330E+10	1.587723E+0	1.377764E+9	1.558261E+0	2.224555E+11	1.559961E+0	2.245571E+11	1.559250E+0	2.509388E+11	1.563232E+0	2.531008E+11	3.544671E-2	2.072973E-2	3.711118E-2	1.471699E-2	6.160237E-2	-2.716829E+10	-2.710553E+10	-2.306556E+6	-6.275072E+7	-2.517254E+11
5.499940E+2	1.797929E+0	3.175005E+10	1.783310E+0	1.490723E+9	1.770047E+0	3.164259E+10	1.739304E+0	1.490724E+9	1.747425E+0	2.455080E+11	1.749440E+0	2.478474E+11	1.749986E+0	2.771506E+11	1.754831E+0	2.795975E+11	-1.461859E-2	-3.074311E-2	4.400595E-2	1.612453E-2	2.847929E-2	-3.025933E+10	-3.015187E+10	-1.292393E+3	-1.074611E+8	-2.781067E+11
5.505060E+2	1.616816E+0	2.896544E+10	1.604316E+0	1.360533E+9	1.606874E+0	2.910380E+10	1.583440E+0	1.374572E+9	1.580575E+0	2.251748E+11	1.585003E+0	2.276352E+11	1.583553E+0	2.542786E+11	1.588540E+0	2.566007E+11	-1.249956E-2	-2.343397E-2	2.087578E-2	1.093441E-2	1.577605E-2	-2.760491E+10	-2.772922E+10	-1.403861E+7	1.243149E+8	-2.552401E+11
5.510250E+2	1.507044E+0	2.727770E+10	1.484335E+0	1.273267E+9	1.501644E+0	2.746653E+10	1.577670E+0	1.370272E+9	1.479145E+0	2.128140E+11	1.481876E+0	2.149591E+11	1.481693E+0	2.402806E+11	1.484674E+0	2.422368E+11	-2.270843E-2	7.602538E-2	-9.333443E-2	-9.873381E-2	-3.389238E-4	-2.600443E+10	-2.609626E+10	-9.700491E+7	9.182518E+7	-2.409635E+11
5.515000E+2	1.355747E+0	2.495152E+10	1.396917E+0	1.209684E+9	1.341422E+0	2.497364E+10	1.343493E+0	1.195760E+9	1.333817E+0	1.951036E+11	1.338200E+0	1.972988E+11	1.334678E+0	2.200772E+11	1.340151E+0	2.222503E+11	4.116973E-2	2.071225E-3	5.342387E-2	3.909851E-2	5.676618E-2	-2.374183E+10	-2.377788E+10	1.392400E+7	3.604535E+7	-2.210406E+11
5.520100E+2	1.302342E+0	2.413042E+10	1.307802E+0	1.144867E+9	1.293406E+0	2.422658E+10	1.272075E+0	1.142538E+9	1.282100E+0	1.888011E+11	1.278859E+0	1.900047E+11	1.283381E+0	2.130277E+11	1.281470E+0	2.141352E+11	5.460082E-3	-2.133147E-2	3.572719E-2	2.679155E-2	2.633257E-2	-2.298555E+10	-2.308404E+10	2.329151E+6	9.848528E+7	-2.129903E+11
5.525090E+2	1.221847E+0	2.289281E+10	1.271670E+0	1.118587E+9	1.212292E+0	2.296452E+10	1.213450E+0	1.098851E+9	1.209857E+0	1.799971E+11	1.209039E+0	1.814226E+11	1.210133E+0	2.029616E+11	1.210463E+0	2.043154E+11	4.982266E-2	1.158786E-3	5.821913E-2	4.866387E-2	6.120696E-2	-2.177422E+10	-2.186567E+10	1.973633E+7	9.144525E+7	-2.031968E+11
5.530200E+2	1.009083E+0	1.962157E+10	1.037555E+0	9.483061E+8	1.000398E+0	1.966769E+10	1.004986E+0	9.435002E+8	1.000822E+0	1.545230E+11	1.000538E+0	1.557942E+11	1.000774E+0	1.741907E+11	1.001488E+0	1.754158E+11	2.847149E-2	4.587767E-3	3.256841E-2	2.388372E-2	3.606683E-2	-1.867326E+10	-1.872419E+10	4.805966E+6	5.092330E+7	-1.744675E+11
5.535050E+2	1.026919E+0	1.989579E+10	9.867143E-1	9.113280E+8	1.016409E+0	1.991680E+10	9.919938E-1	9.338181E+8	1.020026E+0	1.568632E+11	1.019843E+0	1.581671E+11	1.019616E+0	1.767800E+11	1.020629E+0	1.780629E+11	-4.020426E-2	-2.441555E-2	-5.279524E-3	-1.578872E-2	-3.391511E-2	-1.898446E+10	-1.898298E+10	-2.249004E+7	-1.479253E+6	-1.771516E+11
5.540130E+2	9.078920E-1	1.806576E+10	9.721995E-1	9.007708E+8	9.023883E-1	1.814275E+10	9.450440E-1	8.988304E+8	9.082141E-1	1.432373E+11	9.063926E-1	1.442221E+11	9.075545E-1	1.613800E+11	9.065593E-1	1.622879E+11	6.430749E-2	4.265575E-2	2.715545E-2	2.165174E-2	6.564012E-2	-1.716498E+10	-1.724392E+10	1.940402E+6	7.893688E+7	-1.613871E+11
5.550190E+2	1.017637E+0	1.975308E+10	1.052661E+0	9.592937E+8	1.015135E+0	1.989697E+10	1.017572E+0	9.528792E+8	1.010885E+0	1.557493E+11	1.013671E+0	1.574085E+11	1.011366E+0	1.756463E+11	1.014112E+0	1.771616E+11	3.502465E-2	2.436970E-3	3.508915E-2	3.258768E-2	3.854939E-2	-1.879378E+10	-1.894409E+10	6.414422E+6	1.503094E+8	-1.762023E+11
5.560130E+2	1.139510E+0	2.162688E+10	1.142998E+0	1.024999E+9	1.119407E+0	2.151933E+10	1.088596E+0	1.005807E+9	1.114228E+0	1.683433E+11	1.115562E+0	1.699327E+11	1.114815E+0	1.898626E+11	1.118225E+0	1.915596E+11	3.487864E-3	-3.081068E-2	5.440139E-2	3.429855E-2	2.477311E-2	-2.060188E+10	-2.051352E+10	1.919136E+7	-8.835419E+7	-1.905346E+11
5.570390E+2	1.044679E+0	2.016886E+10	1.012657E+0	9.301970E+8	1.037890E+0	2.025101E+10	1.037250E+0	9.675433E+8	1.025469E+0	1.575265E+11	1.029580E+0	1.593640E+11	1.026875E+0	1.777775E+11	1.031258E+0	1.795328E+11	-3.202232E-2	-6.401174E-4	-2.459283E-2	-3.138221E-2	-1.860162E-2	-1.923866E+10	-1.928347E+10	-3.734630E+7	4.480776E+7	-1.786026E+11
5.580230E+2	1.128761E+0	2.146162E+10	1.132462E+0	1.017336E+9	1.125158E+0	2.160881E+10	1.075319E+0	9.959132E+8	1.120052E+0	1.690530E+11	1.121104E+0	1.706139E+11	1.120630E+0	1.906618E+11	1.121955E+0	1.920755E+11	3.701321E-3	-4.983900E-2	5.714333E-2	5.354032E-2	1.050744E-2	-2.044428E+10	-2.061290E+10	2.142301E+7	1.686199E+8	-1.910581E+11
5.590160E+2	1.029847E+0	1.994081E+10	1.020407E+0	9.358338E+8	1.019032E+0	1.995760E+10	1.010912E+0	9.479160E+8	1.027990E+0	1.578338E+11	1.022099E+0	1.584444E+11	1.026976E+0	1.777914E+11	1.022960E+0	1.783853E+11	-9.440381E-3	-8.119947E-3	9.494911E-3	-1.320434E-3	-2.553539E-3	-1.900498E+10	-1.900968E+10	-1.208219E+7	4.703900E+6	-1.774494E+11
5.600180E+2	1.063295E+0	2.045507E+10	1.054686E+0	9.607665E+8	1.064756E+0	2.066902E+10	1.077558E+0	9.975817E+8	1.066563E+0	1.625345E+11	1.069767E+0	1.643037E+11	1.066358E+0	1.832035E+11	1.069047E+0	1.847587E+11	-8.608882E-3	1.280205E-2	-2.287197E-2	-2.141094E-2	-1.436111E-2	-1.949431E+10	-1.967144E+10	-3.681519E+7	1.771307E+8	-1.837980E+11
5.610010E+2	1.018102E+0	1.976023E+10	1.051602E+0	9.585236E+8	1.030711E+0	2.013931E+10	1.011791E+0	9.485712E+8	1.023335E+0	1.572665E+11	1.022839E+0	1.585354E+11	1.024170E+0	1.774059E+11	1.022312E+0	1.782956E+11	3.350072E-2	-1.891953E-2	3.981143E-2	5.242026E-2	2.929039E-2	-1.880170E+10	-1.919074E+10	9.952449E+6	3.890331E+8	-1.773371E+11
5.620390E+2	9.010081E-1	1.795992E+10	9.055407E-1	8.522874E+8	8.922749E-1	1.798540E+10	8.740794E-1	8.459466E+8	8.951784E-1	1.416487E+11	8.972953E-1	1.431039E+11	8.948497E-1	1.596341E+11	8.977081E-1	1.610638E+11	4.532678E-3	-1.819554E-2	3.146134E-2	2.272821E-2	7.832643E-3	-1.710763E+10	-1.713945E+10	6.340764E+6	3.182471E+7	-1.602115E+11
5.630240E+2	9.780995E-1	1.914519E+10	9.658058E-1	8.961205E+8	9.724969E-1	1.923357E+10	9.672835E-1	9.154036E+8	9.812753E-1	1.521409E+11	9.743020E-1	1.525694E+11	9.802814E-1	1.713745E+11	9.747242E-1	1.717146E+11	-1.229367E-2	-5.213329E-3	-1.477740E-3	-7.080340E-3	-8.918402E-3	-1.824907E+10	-1.831816E+10	-1.928315E+7	6.908898E+7	-1.708184E+11
5.640230E+2	8.955903E-1	1.787662E+10	8.717682E-1	8.277234E+8	9.007091E-1	1.811663E+10	9.551328E-1	9.063487E+8	9.034908E-1	1.426617E+11	9.052001E-1	1.440755E+11	9.031758E-1	1.607783E+11	9.041317E-1	1.619521E+11	-2.382206E-2	5.442373E-2	-8.336455E-2	-7.824580E-2	-3.236345E-2	-1.704889E+10	-1.721028E+10	-7.862535E+7	1.613824E+8	-1.611244E+11
5.650150E+2	1.057986E+0	2.037345E+10	1.096809E+0	9.914040E+8	1.051176E+0	2.045773E+10	1.045093E+0	9.733881E+8	1.049880E+0	1.605015E+11	1.043177E+0	1.610353E+11	1.050027E+0	1.809592E+11	1.044823E+0	1.814087E+11	3.882277E-2	-6.083161E-3	5.171614E-2	4.490594E-2	5.198582E-2	-1.938205E+10	-1.948434E+10	1.801592E+7	1.022936E+8	-1.804173E+11
5.660270E+2	1.061589E+0	2.042885E+10	1.061975E+0	9.660679E+8	1.062423E+0	2.063272E+10	1.064700E+0	9.879994E+8	1.051936E+0	1.607520E+11	1.055683E+0	1.625725E+11	1.053123E+0	1.813847E+11	1.056339E+0	1.830013E+11	3.854807E-4	2.276503E-3	-2.724798E-3	-1.891023E-3	5.635377E-3	-1.946278E+10	-1.964472E+10	-2.193153E+7	1.819411E+8	-1.820353E+11
5.670320E+2	1.024330E+0	1.985599E+10	9.918130E-1	9.150365E+8	1.025454E+0	2.005752E+10	1.004363E+0	9.430356E+8	1.028342E+0	1.578767E+11	1.031738E+0	1.596292E+11	1.028015E+0	1.779342E+11	1.030914E+0	1.794852E+11	-3.251704E-2	-2.109073E-2	-1.254986E-2	-1.142631E-2	-3.910128E-2	-1.894095E+10	-1.911448E+10	-2.799913E+7	1.735284E+8	-1.785702E+11
