Photon Energy (eV)	X ref norm	X ref	X pump norm	X pump	Y ref norm	Y ref	Y pump norm	Y pump	X all norm	X all	Y all norm	Y all	X all Y ref norm	X all Y ref	Y all X ref norm	Y all X ref	BC(X hist) norm	BC(Y hist) norm	StS norm	BCSC norm	BCLR norm	BC(X hist)	BC(Y hist)	StS	BCSC	BCLR	
1.130000E+3	1.186311E+1	2.582498E+10	-1.005688E+0	1.059715E+9	-1.334156E+0	2.626371E+10	-6.014026E+0	9.901374E+8	5.120107E+0	1.873776E+11	-7.678130E+0	1.805525E+11	6.298138E+0	2.136413E+11	-1.089716E+1	2.063775E+11	-1.286880E+1	-4.679870E+0	5.008338E+0	-8.188929E+0	9.891469E+0	-2.476527E+10	-2.527357E+10	6.957779E+7	5.083060E+8	-2.053178E+11
1.430000E+3	1.175460E+1	2.582975E+10	-4.195480E+0	1.023391E+9	-7.049354E+0	2.590915E+10	1.838435E+0	1.084282E+9	8.632315E+0	1.859659E+11	-7.828919E+0	1.805058E+11	1.149453E+1	2.118750E+11	-1.105491E+1	2.063355E+11	-1.595008E+1	8.887789E+0	-6.033914E+0	-2.483786E+1	6.859431E+0	-2.480635E+10	-2.482486E+10	-6.089055E+7	1.850956E+7	-2.053121E+11
1.730000E+3	-8.088634E+0	2.670045E+10	-2.661942E+0	1.040855E+9	2.250834E+0	2.648612E+10	6.010859E+0	1.134306E+9	-3.949453E+0	1.910230E+11	3.203562E+0	1.839286E+11	-5.081128E+0	2.175091E+11	5.063725E+0	2.106290E+11	5.426692E+0	3.760025E+0	-8.672802E+0	1.666667E+0	-7.725667E+0	-2.565959E+10	-2.535182E+10	-9.345144E+7	-3.077788E+8	-2.095882E+11
1.780000E+3	-1.091160E+1	2.682432E+10	5.948309E+0	1.138904E+9	5.651291E+0	2.669708E+10	-8.991804E-1	1.051460E+9	-5.255107E+0	1.915478E+11	6.246164E+0	1.848725E+11	-7.245740E+0	2.182449E+11	9.072561E+0	2.116969E+11	1.685991E+1	-6.550472E+0	6.847489E+0	2.341038E+1	-3.124252E+0	-2.568542E+10	-2.564562E+10	8.744337E+7	-3.979143E+7	-2.105580E+11
1.880000E+3	-4.617475E+0	2.654814E+10	1.914801E+0	1.092972E+9	4.813846E-1	2.637635E+10	-9.360878E-1	1.051018E+9	-4.547863E+0	1.912635E+11	6.057323E+0	1.848140E+11	-5.465800E+0	2.176399E+11	7.815782E+0	2.113621E+11	6.532276E+0	-1.417472E+0	2.850889E+0	7.949748E+0	-5.900981E+0	-2.545517E+10	-2.532533E+10	4.195439E+7	-1.298367E+8	-2.102691E+11
1.980000E+3	-8.805443E+0	2.673190E+10	1.570066E+0	1.089046E+9	8.723319E+0	2.688767E+10	4.923248E+0	1.121266E+9	-9.279571E+0	1.931654E+11	1.240421E+1	1.867831E+11	-1.256545E+1	2.200531E+11	1.589807E+1	2.135150E+11	1.037551E+1	-3.800071E+0	-3.353182E+0	1.417558E+1	-1.432801E+1	-2.564286E+10	-2.576640E+10	-3.221998E+7	1.235477E+8	-2.124259E+11
2.030000E+3	-8.149159E+0	2.670311E+10	6.600147E+0	1.146326E+9	5.270873E-1	2.637918E+10	7.728950E+0	1.154905E+9	-4.697430E+0	1.913237E+11	6.193087E+0	1.848561E+11	-5.651008E+0	2.177028E+11	8.555685E+0	2.115592E+11	1.474931E+1	7.201863E+0	-1.128803E+0	7.547443E+0	-1.955538E+0	-2.555678E+10	-2.522428E+10	-8.578175E+6	-3.325012E+8	-2.104129E+11
2.055000E+3	-6.200156E+0	2.661758E+10	4.137014E+0	1.118278E+9	9.247873E+0	2.692021E+10	2.702748E+0	1.094644E+9	-8.093606E+0	1.926887E+11	1.245924E+1	1.868002E+11	-1.125877E+1	2.196089E+11	1.553300E+1	2.134177E+11	1.033717E+1	-6.545126E+0	1.434267E+0	1.688230E+1	-1.139599E+1	-2.549931E+10	-2.582557E+10	2.363308E+7	3.262614E+8	-2.122995E+11
2.080000E+3	5.841469E+0	2.608921E+10	1.004167E+0	1.082602E+9	-8.146081E+0	2.584111E+10	-3.492273E+0	1.020371E+9	3.215674E+0	1.881430E+11	-7.592389E+0	1.805791E+11	5.289420E+0	2.139841E+11	-9.805347E+0	2.066684E+11	-4.837302E+0	4.653808E+0	4.496439E+0	-9.491111E+0	1.080951E+1	-2.500661E+10	-2.482073E+10	6.223116E+7	-1.858717E+8	-2.055858E+11
2.105000E+3	1.337214E+1	2.575877E+10	-2.007634E-1	1.068881E+9	-9.979496E+0	2.572736E+10	2.625099E+0	1.093714E+9	1.049866E+1	1.852157E+11	-1.555606E+1	1.781084E+11	1.423633E+1	2.109431E+11	-2.032141E+1	2.038672E+11	-1.357291E+1	1.260460E+1	-2.825863E+0	-2.617750E+1	2.012064E+1	-2.468989E+10	-2.463365E+10	-2.483230E+7	-5.623930E+7	-2.027983E+11
2.130000E+3	1.389719E+1	2.573573E+10	7.033521E+0	1.151261E+9	-8.399781E+0	2.582537E+10	-1.090300E+0	1.049169E+9	6.876698E+0	1.866715E+11	-9.542494E+0	1.799741E+11	9.664958E+0	2.124969E+11	-1.340371E+1	2.057099E+11	-6.863667E+0	7.309481E+0	8.123821E+0	-1.417315E+1	2.043723E+1	-2.458447E+10	-2.477620E+10	1.020926E+8	1.917283E+8	-2.045586E+11
2.155000E+3	1.603762E+1	2.564181E+10	-1.791520E-1	1.069127E+9	-8.904789E+0	2.579404E+10	2.469824E+0	1.091852E+9	1.021577E+1	1.853294E+11	-1.164346E+1	1.793223E+11	1.370565E+1	2.111234E+11	-1.620337E+1	2.049641E+11	-1.621677E+1	1.137461E+1	-2.648977E+0	-2.759138E+1	1.602421E+1	-2.457268E+10	-2.470218E+10	-2.272458E+7	1.295012E+8	-2.038950E+11
2.180000E+3	2.215582E+1	2.537335E+10	-4.314997E+0	1.022030E+9	-1.681136E+1	2.530352E+10	-3.627097E+0	1.018755E+9	1.257322E+1	1.843818E+11	-1.813375E+1	1.773087E+11	1.793649E+1	2.096854E+11	-2.477065E+1	2.026820E+11	-2.647081E+1	1.318427E+1	-6.878992E-1	-3.965508E+1	2.045565E+1	-2.435132E+10	-2.428476E+10	3.275773E+6	-6.655495E+7	-2.016600E+11
2.205000E+3	1.234839E+1	2.580369E+10	1.650063E+0	1.089957E+9	-1.022692E+1	2.571201E+10	2.208264E-1	1.064888E+9	1.009211E+1	1.853791E+11	-1.403106E+1	1.785816E+11	1.380074E+1	2.110911E+11	-1.837654E+1	2.043852E+11	-1.069832E+1	1.044775E+1	1.429237E+0	-2.114607E+1	2.002661E+1	-2.471373E+10	-2.464712E+10	2.506923E+7	-6.660927E+7	-2.032953E+11
2.230000E+3	-8.759200E-1	2.638396E+10	-5.639945E-2	1.070525E+9	6.228433E+0	2.673289E+10	1.242687E+0	1.077140E+9	-2.368266E+0	1.903875E+11	7.663307E+0	1.853122E+11	-3.937334E+0	2.171204E+11	9.069973E+0	2.116962E+11	8.195205E-1	-4.985746E+0	-1.299087E+0	5.805266E+0	-9.126372E+0	-2.531344E+10	-2.565575E+10	-6.614357E+6	3.423132E+8	-2.106257E+11
2.280000E+3	-6.284210E+0	2.662127E+10	-3.202903E+0	1.034694E+9	4.821385E+0	2.664560E+10	-2.841692E-1	1.058834E+9	-4.857655E+0	1.913881E+11	8.250211E+0	1.854943E+11	-6.624271E+0	2.180337E+11	1.064447E+1	2.121156E+11	3.081307E+0	-5.105554E+0	-2.918734E+0	8.186861E+0	-1.384737E+1	-2.558658E+10	-2.558676E+10	-2.413931E+7	1.849254E+5	-2.110809E+11
2.380000E+3	-5.906239E+0	2.660469E+10	1.376116E+0	1.086838E+9	2.445714E+0	2.649821E+10	3.248065E+0	1.101182E+9	-3.611348E+0	1.908871E+11	5.903514E+0	1.847662E+11	-4.716882E+0	2.173853E+11	7.848934E+0	2.113709E+11	7.282355E+0	8.023509E-1	-1.871949E+0	6.480004E+0	-6.472818E+0	-2.551785E+10	-2.539703E+10	-1.434448E+7	-1.208200E+8	-2.102841E+11
2.480000E+3	-8.270346E+0	2.670842E+10	3.115684E+0	1.106647E+9	7.928906E+0	2.683839E+10	2.156326E+0	1.088093E+9	-4.987879E+0	1.914404E+11	9.081673E+0	1.857523E+11	-7.345448E+0	2.182788E+11	1.194007E+1	2.124607E+11	1.138603E+1	-5.772580E+0	9.593574E-1	1.715861E+1	-8.824387E+0	-2.560178E+10	-2.575029E+10	1.855386E+7	1.485164E+8	-2.113540E+11
2.530000E+3	-1.771771E+0	2.642327E+10	5.795351E+0	1.137162E+9	1.872496E+0	2.646265E+10	2.121260E+0	1.087673E+9	-3.106080E+0	1.906840E+11	2.876593E+0	1.838271E+11	-4.014769E+0	2.171467E+11	3.642317E+0	2.102504E+11	7.567122E+0	2.487642E-1	3.674090E+0	7.318357E+0	2.153033E+0	-2.528611E+10	-2.537498E+10	4.948891E+7	8.886834E+7	-2.091133E+11
2.830000E+3	1.671670E+0	2.627218E+10	-1.587569E+0	1.053089E+9	2.354277E+0	2.649254E+10	-9.471019E-1	1.050886E+9	1.925569E+0	1.886616E+11	2.004104E+0	1.835565E+11	1.847321E+0	2.151541E+11	2.058865E+0	2.098286E+11	-3.259239E+0	-3.301378E+0	-6.404670E-1	4.213921E-2	-3.646434E+0	-2.521909E+10	-2.544165E+10	2.203298E+6	2.225673E+8	-2.087755E+11
3.130000E+3	1.927669E+1	2.549968E+10	-3.699581E+0	1.029039E+9	-9.601392E+0	2.575082E+10	-1.578549E+0	1.043315E+9	1.477974E+1	1.834949E+11	-1.486588E+1	1.783226E+11	1.922978E+1	2.092458E+11	-2.049019E+1	2.038222E+11	-2.297627E+1	8.022843E+0	-2.121032E+0	-3.099911E+1	1.679061E+1	-2.447064E+10	-2.470750E+10	-1.427664E+7	2.368599E+8	-2.027932E+11
