Photon Energy (eV)	X ref norm	X ref	X pump norm	X pump	Y ref norm	Y ref	Y pump norm	Y pump	X all norm	X all	Y all norm	Y all	X all Y ref norm	X all Y ref	Y all X ref norm	Y all X ref	BC(X hist) norm	BC(Y hist) norm	StS norm	BCSC norm	BCLR norm	BC(X hist)	BC(Y hist)	StS	BCSC	BCLR	
1.130000E+3	1.186311E+1	2.582498E+10	-9.791344E+0	1.171593E+9	-1.334156E+0	2.626371E+10	1.301879E-1	1.077110E+9	5.120107E+0	1.873776E+11	-7.678130E+0	1.805525E+11	6.298138E+0	2.136413E+11	-1.089716E+1	2.063775E+11	-2.165446E+1	1.464344E+0	-9.921532E+0	-2.311880E+1	1.105813E+0	-2.465339E+10	-2.518660E+10	9.448326E+7	5.332114E+8	-2.052059E+11
1.430000E+3	1.175460E+1	2.582975E+10	1.133789E+1	1.112578E+9	-7.049354E+0	2.590915E+10	-1.348523E-1	1.058364E+9	8.632315E+0	1.859659E+11	-7.828919E+0	1.805058E+11	1.149453E+1	2.118750E+11	-1.105491E+1	2.063355E+11	-4.167047E-1	6.914502E+0	1.147274E+1	-7.331207E+0	2.239280E+1	-2.471717E+10	-2.485078E+10	5.421482E+7	1.336149E+8	-2.052229E+11
1.730000E+3	-8.088634E+0	2.670045E+10	2.829448E+0	1.136343E+9	2.250834E+0	2.648612E+10	-4.563420E-1	1.035624E+9	-3.949453E+0	1.910230E+11	3.203562E+0	1.839286E+11	-5.081128E+0	2.175091E+11	5.063725E+0	2.106290E+11	1.091808E+1	-2.707176E+0	3.285790E+0	1.362526E+1	-2.234277E+0	-2.556411E+10	-2.545050E+10	1.007184E+8	-1.136089E+8	-2.094927E+11
1.780000E+3	-1.091160E+1	2.682432E+10	2.344607E+0	1.137697E+9	5.651291E+0	2.669708E+10	-1.125487E-2	1.067106E+9	-5.255107E+0	1.915478E+11	6.246164E+0	1.848725E+11	-7.245740E+0	2.182449E+11	9.072561E+0	2.116969E+11	1.325620E+1	-5.662546E+0	2.355862E+0	1.891875E+1	-6.727954E+0	-2.568662E+10	-2.562998E+10	7.059134E+7	-5.664345E+7	-2.105592E+11
1.880000E+3	-4.617475E+0	2.654814E+10	-6.720601E+0	1.163016E+9	4.813846E-1	2.637635E+10	4.722613E-1	1.101305E+9	-4.547863E+0	1.912635E+11	6.057323E+0	1.848140E+11	-5.465800E+0	2.176399E+11	7.815782E+0	2.113621E+11	-2.103127E+0	-9.123330E-3	-7.192863E+0	-2.094003E+0	-1.453638E+1	-2.538512E+10	-2.527504E+10	6.171152E+7	-1.100796E+8	-2.101991E+11
1.980000E+3	-8.805443E+0	2.673190E+10	-1.673863E+0	1.148921E+9	8.723319E+0	2.688767E+10	5.922731E-1	1.109793E+9	-9.279571E+0	1.931654E+11	1.240421E+1	1.867831E+11	-1.256545E+1	2.200531E+11	1.589807E+1	2.135150E+11	7.131580E+0	-8.131046E+0	-2.266136E+0	1.526263E+1	-1.757194E+1	-2.558298E+10	-2.577788E+10	3.912726E+7	1.948950E+8	-2.123661E+11
2.030000E+3	-8.149159E+0	2.670311E+10	9.609342E-1	1.141562E+9	5.270873E-1	2.637918E+10	8.067798E-1	1.124966E+9	-4.697430E+0	1.913237E+11	6.193087E+0	1.848561E+11	-5.651008E+0	2.177028E+11	8.555685E+0	2.115592E+11	9.110093E+0	2.796925E-1	1.541543E-1	8.830401E+0	-7.594750E+0	-2.556154E+10	-2.525422E+10	1.659599E+7	-3.073270E+8	-2.104176E+11
2.055000E+3	-6.200156E+0	2.661758E+10	-2.150751E+1	1.204317E+9	9.247873E+0	2.692021E+10	-2.374765E-1	1.051105E+9	-8.093606E+0	1.926887E+11	1.245924E+1	1.868002E+11	-1.125877E+1	2.196089E+11	1.553300E+1	2.134177E+11	-1.530736E+1	-9.485350E+0	-2.127004E+1	-5.822006E+0	-3.704051E+1	-2.541327E+10	-2.586911E+10	1.532121E+8	4.558405E+8	-2.122134E+11
2.080000E+3	5.841469E+0	2.608921E+10	-1.728794E+1	1.192531E+9	-8.146081E+0	2.584111E+10	7.554574E-1	1.121336E+9	3.215674E+0	1.881430E+11	-7.592389E+0	1.805791E+11	5.289420E+0	2.139841E+11	-9.805347E+0	2.066684E+11	-2.312941E+1	8.901539E+0	-1.804340E+1	-3.203095E+1	-7.482592E+0	-2.489668E+10	-2.471977E+10	7.119593E+7	-1.769070E+8	-2.054758E+11
2.105000E+3	1.337214E+1	2.575877E+10	1.038313E+1	1.115245E+9	-9.979496E+0	2.572736E+10	2.814857E-1	1.087811E+9	1.049866E+1	1.852157E+11	-1.555606E+1	1.781084E+11	1.423633E+1	2.109431E+11	-2.032141E+1	2.038672E+11	-2.989016E+0	1.026098E+1	1.010164E+1	-1.325000E+1	3.070453E+1	-2.464352E+10	-2.463955E+10	2.743373E+7	-3.973269E+6	-2.027519E+11
2.130000E+3	1.389719E+1	2.573573E+10	-1.014619E+1	1.172584E+9	-8.399781E+0	2.582537E+10	6.155146E-1	1.111437E+9	6.876698E+0	1.866715E+11	-9.542494E+0	1.799741E+11	9.664958E+0	2.124969E+11	-1.340371E+1	2.057099E+11	-2.404338E+1	9.015296E+0	-1.076170E+1	-3.305867E+1	3.257522E+0	-2.456315E+10	-2.471393E+10	6.114695E+7	1.507827E+8	-2.045373E+11
2.155000E+3	1.603762E+1	2.564181E+10	-3.017226E+0	1.152673E+9	-8.904789E+0	2.579404E+10	3.372401E-1	1.091755E+9	1.021577E+1	1.853294E+11	-1.164346E+1	1.793223E+11	1.370565E+1	2.111234E+11	-1.620337E+1	2.049641E+11	-1.905484E+1	9.242029E+0	-3.354466E+0	-2.829687E+1	1.318614E+1	-2.448914E+10	-2.470228E+10	6.091795E+7	2.131437E+8	-2.038114E+11
2.180000E+3	2.215582E+1	2.537335E+10	2.782697E+1	1.066524E+9	-1.681136E+1	2.530352E+10	-1.046745E-1	1.060498E+9	1.257322E+1	1.843818E+11	-1.813375E+1	1.773087E+11	1.793649E+1	2.096854E+11	-2.477065E+1	2.026820E+11	5.671151E+0	1.670669E+1	2.793164E+1	-1.103554E+1	5.259761E+1	-2.430683E+10	-2.424302E+10	6.025642E+6	-6.380508E+7	-2.016155E+11
2.205000E+3	1.234839E+1	2.580369E+10	3.987013E+0	1.133110E+9	-1.022692E+1	2.571201E+10	-6.256684E-1	1.023648E+9	1.009211E+1	1.853791E+11	-1.403106E+1	1.785816E+11	1.380074E+1	2.110911E+11	-1.837654E+1	2.043852E+11	-8.361374E+0	9.601252E+0	4.612682E+0	-1.796263E+1	2.236356E+1	-2.467058E+10	-2.468836E+10	1.094618E+8	1.778332E+7	-2.032521E+11
2.230000E+3	-8.759200E-1	2.638396E+10	-2.280307E+1	1.207936E+9	6.228433E+0	2.673289E+10	8.619298E-1	1.128866E+9	-2.368266E+0	1.903875E+11	7.663307E+0	1.853122E+11	-3.937334E+0	2.171204E+11	9.069973E+0	2.116962E+11	-2.192715E+1	-5.366503E+0	-2.366500E+1	-1.656065E+1	-3.187305E+1	-2.517603E+10	-2.560402E+10	7.906909E+7	4.279966E+8	-2.104882E+11
2.280000E+3	-6.284210E+0	2.662127E+10	-1.060343E+1	1.173861E+9	4.821385E+0	2.664560E+10	1.361203E+0	1.164180E+9	-4.857655E+0	1.913881E+11	8.250211E+0	1.854943E+11	-6.624271E+0	2.180337E+11	1.064447E+1	2.121156E+11	-4.319216E+0	-3.460182E+0	-1.196463E+1	-8.590342E-1	-2.124789E+1	-2.544741E+10	-2.548142E+10	9.681141E+6	3.400537E+7	-2.109417E+11
2.380000E+3	-5.906239E+0	2.660469E+10	3.074913E+0	1.135657E+9	2.445714E+0	2.649821E+10	1.078409E+0	1.144178E+9	-3.611348E+0	1.908871E+11	5.903514E+0	1.847662E+11	-4.716882E+0	2.173853E+11	7.848934E+0	2.113709E+11	8.981152E+0	-1.367305E+0	1.996504E+0	1.034846E+1	-4.774021E+0	-2.546903E+10	-2.535403E+10	-8.520921E+6	-1.149964E+8	-2.102353E+11
2.480000E+3	-8.270346E+0	2.670842E+10	-2.268242E+1	1.207599E+9	7.928906E+0	2.683839E+10	1.089901E+0	1.144991E+9	-4.987879E+0	1.914404E+11	9.081673E+0	1.857523E+11	-7.345448E+0	2.182788E+11	1.194007E+1	2.124607E+11	-1.441208E+1	-6.839005E+0	-2.377232E+1	-7.573072E+0	-3.462249E+1	-2.550082E+10	-2.569339E+10	6.260761E+7	1.925701E+8	-2.112531E+11
2.530000E+3	-1.771771E+0	2.642327E+10	-5.243090E+0	1.158890E+9	1.872496E+0	2.646265E+10	4.114253E-1	1.097002E+9	-3.106080E+0	1.906840E+11	2.876593E+0	1.838271E+11	-4.014769E+0	2.171467E+11	3.642317E+0	2.102504E+11	-3.471319E+0	-1.461071E+0	-5.654515E+0	-2.010248E+0	-8.885407E+0	-2.526438E+10	-2.536565E+10	6.188772E+7	1.012672E+8	-2.090915E+11
2.830000E+3	1.671670E+0	2.627218E+10	1.797159E+1	1.094050E+9	2.354277E+0	2.649254E+10	7.821640E-1	1.123225E+9	1.925569E+0	1.886616E+11	2.004104E+0	1.835565E+11	1.847321E+0	2.151541E+11	2.058865E+0	2.098286E+11	1.629992E+1	-1.572113E+0	1.718943E+1	1.787203E+1	1.591272E+1	-2.517813E+10	-2.536932E+10	-2.917440E+7	1.911896E+8	-2.087346E+11
3.130000E+3	1.927669E+1	2.549968E+10	1.187901E+1	1.111067E+9	-9.601392E+0	2.575082E+10	1.638101E+0	1.183765E+9	1.477974E+1	1.834949E+11	-1.486588E+1	1.783226E+11	1.922978E+1	2.092458E+11	-2.049019E+1	2.038222E+11	-7.397675E+0	1.123949E+1	1.024091E+1	-1.863717E+1	3.236920E+1	-2.438862E+10	-2.456705E+10	-7.269843E+7	1.784381E+8	-2.027112E+11
