Photon Energy (eV)	X ref norm	X ref	X pump norm	X pump	Y ref norm	Y ref	Y pump norm	Y pump	X all norm	X all	Y all norm	Y all	X all Y ref norm	X all Y ref	Y all X ref norm	Y all X ref	BC(X hist) norm	BC(Y hist) norm	StS norm	BCSC norm	BCLR norm	BC(X hist)	BC(Y hist)	StS	BCSC	BCLR	
5.300520E+2	-7.425801E-3	8.428669E+8	-6.690789E-3	5.233351E+7	-6.582970E-3	8.637100E+8	-7.469870E-3	5.169530E+7	-7.365528E-3	8.597206E+9	-6.191764E-3	8.841066E+9	-7.294556E-3	9.460916E+9	-6.302662E-3	9.683933E+9	7.350121E-4	-8.868999E-4	7.790807E-4	1.621912E-3	-3.881266E-4	-7.905334E+8	-8.120147E+8	6.382037E+5	2.148128E+7	-9.631600E+9
5.305180E+2	-6.661976E-3	8.575143E+8	1.295942E-3	6.182069E+7	-6.481757E-3	8.656557E+8	-8.691604E-3	5.022932E+7	-6.395021E-3	8.784268E+9	-5.979000E-3	8.882388E+9	-6.402887E-3	9.649924E+9	-6.040376E-3	9.739902E+9	7.957917E-3	-2.209847E-3	9.987546E-3	1.016776E-2	7.336318E-3	-7.956936E+8	-8.154264E+8	1.159137E+7	1.973284E+7	-9.678081E+9
5.310250E+2	-1.572626E-3	9.551092E+8	-7.043397E-4	5.944462E+7	-2.839212E-3	9.356805E+8	1.142233E-3	6.202914E+7	-4.194711E-3	9.208371E+9	-4.162613E-3	9.235150E+9	-4.071778E-3	1.014405E+10	-3.929861E-3	1.019026E+10	8.682863E-4	3.981445E-3	-1.846573E-3	-3.113159E-3	3.225521E-3	-8.956645E+8	-8.736514E+8	-2.584518E+6	-2.201312E+7	-1.013081E+10
5.315130E+2	-2.059779E-3	9.457674E+8	-5.083640E-3	5.424259E+7	-1.086824E-3	9.693687E+8	-1.041755E-3	5.940853E+7	-2.033989E-3	9.624844E+9	-2.247887E-3	9.607012E+9	-1.948088E-3	1.059421E+10	-2.230982E-3	1.055278E+10	-3.023862E-3	4.506859E-5	-4.041885E-3	-3.068930E-3	-2.852658E-3	-8.915248E+8	-9.099602E+8	-5.165940E+6	1.843541E+7	-1.049854E+10
5.320120E+2	-1.132032E-3	9.635581E+8	4.039989E-3	6.508026E+7	2.295863E-3	1.034398E+9	9.730989E-4	6.182619E+7	1.315348E-4	1.004224E+10	5.467247E-4	1.014976E+10	3.278226E-4	1.107664E+10	3.958615E-4	1.111331E+10	5.172021E-3	-1.322765E-3	3.066890E-3	6.494785E-3	3.644127E-3	-8.984778E+8	-9.725718E+8	3.254069E+6	7.409395E+7	-1.104823E+10
5.325070E+2	3.104377E-3	1.044797E+9	-4.786540E-3	5.459551E+7	3.579421E-3	1.059073E+9	7.946916E-3	7.019422E+7	5.352354E-3	1.104854E+10	4.605005E-3	1.093792E+10	5.191562E-3	1.210761E+10	4.470149E-3	1.198272E+10	-7.890917E-3	4.367495E-3	-1.273346E-2	-1.225841E-2	-9.256689E-3	-9.902012E+8	-9.888791E+8	-1.559871E+7	-1.322167E+6	-1.192812E+10
5.330280E+2	1.574784E-2	1.287251E+9	1.192938E-2	7.445182E+7	1.111548E-2	1.203948E+9	7.140981E-3	6.922716E+7	1.450536E-2	1.281276E+10	1.342953E-2	1.265174E+10	1.419792E-2	1.401670E+10	1.363787E-2	1.393899E+10	-3.818458E-3	-3.974497E-3	4.788398E-3	1.560391E-4	-1.708492E-3	-1.212800E+9	-1.134720E+9	5.224661E+6	-7.807928E+7	-1.386454E+10
5.331680E+2	1.501588E-2	1.273215E+9	1.599908E-2	7.928609E+7	1.814332E-2	1.339052E+9	2.103036E-2	8.589331E+7	1.732678E-2	1.335658E+10	1.830071E-2	1.359778E+10	1.740083E-2	1.469563E+10	1.800552E-2	1.487100E+10	9.831945E-4	2.887041E-3	-5.031289E-3	-1.903846E-3	-2.006444E-3	-1.193929E+9	-1.253159E+9	-6.607227E+6	5.922938E+7	-1.479171E+10
5.333080E+2	2.060384E-2	1.380372E+9	2.667226E-2	9.196443E+7	1.992339E-2	1.373272E+9	2.663740E-2	9.262131E+7	2.199972E-2	1.425727E+10	2.230901E-2	1.437624E+10	2.181142E-2	1.563055E+10	2.215577E-2	1.575661E+10	6.068424E-3	6.714004E-3	3.486198E-5	-6.455796E-4	4.516489E-3	-1.288407E+9	-1.280651E+9	-6.568786E+5	-7.756221E+6	-1.566464E+10
5.334580E+2	2.681808E-2	1.499538E+9	2.147266E-2	8.578799E+7	2.734108E-2	1.515871E+9	3.359174E-2	1.009660E+8	2.891972E-2	1.559108E+10	2.776314E-2	1.543549E+10	2.877655E-2	1.710695E+10	2.767821E-2	1.693503E+10	-5.345418E-3	6.250660E-3	-1.211908E-2	-1.159608E-2	-6.205549E-3	-1.413750E+9	-1.414905E+9	-1.517798E+7	1.155198E+6	-1.684924E+10
5.336080E+2	3.486869E-2	1.653919E+9	2.358587E-2	8.829820E+7	3.538585E-2	1.670525E+9	3.520677E-2	1.029039E+8	3.746668E-2	1.723848E+10	3.692479E-2	1.721479E+10	3.727796E-2	1.890901E+10	3.674002E-2	1.886870E+10	-1.128283E-2	-1.790806E-4	-1.162091E-2	-1.110374E-2	-1.315415E-2	-1.565620E+9	-1.567621E+9	-1.460567E+7	2.000420E+6	-1.878041E+10
5.337580E+2	3.975760E-2	1.747670E+9	4.388539E-2	1.124114E+8	4.468719E-2	1.849335E+9	4.919204E-2	1.196851E+8	4.544132E-2	1.877557E+10	4.539183E-2	1.885918E+10	4.537293E-2	2.062491E+10	4.488550E-2	2.060685E+10	4.127787E-3	4.504850E-3	-5.306650E-3	-3.770623E-4	-1.000116E-3	-1.635258E+9	-1.729650E+9	-7.273713E+6	9.439147E+7	-2.049444E+10
5.339140E+2	6.193253E-2	2.172903E+9	5.904396E-2	1.304177E+8	6.079296E-2	2.158955E+9	7.255433E-2	1.477180E+8	6.511992E-2	2.256857E+10	6.306315E-2	2.229115E+10	6.472750E-2	2.472752E+10	6.296154E-2	2.446405E+10	-2.888579E-3	1.176137E-2	-1.351038E-2	-1.464995E-2	-3.917589E-3	-2.042485E+9	-2.011237E+9	-1.730022E+7	-3.124846E+7	-2.433363E+10
5.340640E+2	8.951630E-2	2.701857E+9	9.131969E-2	1.687571E+8	8.676717E-2	2.658287E+9	9.842672E-2	1.787628E+8	9.323204E-2	2.798709E+10	8.852906E-2	2.723691E+10	9.264572E-2	3.064538E+10	8.861778E-2	2.993877E+10	1.803388E-3	1.165956E-2	-7.107037E-3	-9.856170E-3	2.701907E-3	-2.533100E+9	-2.479524E+9	-1.000570E+7	-5.357643E+7	-2.977001E+10
5.342090E+2	1.338331E-1	3.551690E+9	1.418888E-1	2.288265E+8	1.332933E-1	3.552712E+9	1.529740E-1	2.442151E+8	1.423385E-1	3.745222E+10	1.347112E-1	3.620600E+10	1.415181E-1	4.100493E+10	1.346323E-1	3.975769E+10	8.055611E-3	1.968065E-2	-1.108521E-2	-1.162504E-2	7.256465E-3	-3.322864E+9	-3.308497E+9	-1.538862E+7	-1.436680E+7	-3.952887E+10
5.343550E+2	2.199354E-1	5.202813E+9	2.186832E-1	3.200482E+8	2.124724E-1	5.074863E+9	2.105804E-1	3.133382E+8	2.315450E-1	5.464652E+10	2.156174E-1	5.191891E+10	2.298153E-1	5.972138E+10	2.160055E-1	5.712172E+10	-1.252220E-3	-1.892017E-3	8.102782E-3	6.397969E-4	2.677693E-3	-4.882765E+9	-4.761525E+9	6.709938E+6	-1.212401E+8	-5.680167E+10
5.345050E+2	3.762848E-1	8.201016E+9	3.870519E-1	5.200481E+8	3.665984E-1	8.037803E+9	3.705316E-1	5.052669E+8	3.994168E-1	8.700332E+10	3.786763E-1	8.358676E+10	3.964404E-1	9.504113E+10	3.784613E-1	9.178777E+10	1.076707E-2	3.933195E-3	1.652033E-2	6.833878E-3	8.590547E-3	-7.680968E+9	-7.532536E+9	1.478120E+7	-1.484318E+8	-9.126772E+10
5.346870E+2	6.788488E-1	1.400307E+10	6.801655E-1	8.682286E+8	6.740868E-1	1.394900E+10	6.668305E-1	8.608019E+8	7.016858E-1	1.452648E+11	6.711322E-1	1.403850E+11	6.991828E-1	1.592138E+11	6.718257E-1	1.543881E+11	1.316696E-3	-7.256312E-3	1.333506E-2	8.573008E-3	8.339807E-3	-1.313484E+10	-1.308820E+10	7.426635E+6	-4.664143E+7	-1.535198E+11
5.348070E+2	9.725561E-1	1.963529E+10	9.515020E-1	1.190541E+9	9.695070E-1	1.962821E+10	9.703812E-1	1.225039E+9	1.003007E+0	2.033436E+11	9.763201E-1	1.996559E+11	9.999688E-1	2.229718E+11	9.759818E-1	2.192912E+11	-2.105412E-2	8.742522E-4	-1.887925E-2	-2.192837E-2	-2.447984E-2	-1.844475E+10	-1.840317E+10	-3.449801E+7	-4.158275E+7	-2.181006E+11
5.349630E+2	1.398287E+0	2.779923E+10	1.434137E+0	1.763848E+9	1.425786E+0	2.839978E+10	1.394212E+0	1.733602E+9	1.426323E+0	2.849364E+11	1.402692E+0	2.824621E+11	1.426274E+0	3.133362E+11	1.402296E+0	3.102613E+11	3.585028E-2	-3.157392E-2	3.992523E-2	6.742420E-2	3.184091E-2	-2.603538E+10	-2.666617E+10	3.024614E+7	6.307934E+8	-3.084975E+11
5.351090E+2	1.777147E+0	3.506436E+10	1.753692E+0	2.143437E+9	1.772236E+0	3.505998E+10	1.802421E+0	2.223420E+9	1.752056E+0	3.477206E+11	1.745453E+0	3.490301E+11	1.753886E+0	3.827806E+11	1.748301E+0	3.840945E+11	-2.345487E-2	3.018505E-2	-4.872887E-2	-5.363992E-2	5.390902E-3	-3.292093E+10	-3.283656E+10	-7.998288E+7	-8.436226E+7	-3.819511E+11
5.352650E+2	2.034457E+0	3.999862E+10	2.060805E+0	2.508247E+9	2.006289E+0	3.955946E+10	1.993560E+0	2.452772E+9	1.980219E+0	3.916983E+11	1.974675E+0	3.935476E+11	1.982583E+0	4.312578E+11	1.980047E+0	4.335462E+11	2.634801E-2	-1.272925E-2	6.724487E-2	3.907726E-2	8.075765E-2	-3.749037E+10	-3.710669E+10	5.547515E+7	-3.836795E+8	-4.310380E+11
5.354170E+2	2.023702E+0	3.979237E+10	2.053360E+0	2.499404E+9	2.008347E+0	3.959901E+10	2.030790E+0	2.497445E+9	1.968321E+0	3.894051E+11	1.975178E+0	3.936453E+11	1.971951E+0	4.290041E+11	1.979539E+0	4.334377E+11	2.965889E-2	2.244323E-2	2.257041E-2	7.215657E-3	7.382190E-2	-3.729296E+10	-3.710157E+10	1.959079E+6	-1.913940E+8	-4.309383E+11
5.355630E+2	1.885697E+0	3.714596E+10	1.918279E+0	2.338945E+9	1.887761E+0	3.728086E+10	1.924251E+0	2.369607E+9	1.844944E+0	3.656245E+11	1.852795E+0	3.698772E+11	1.848827E+0	4.029054E+11	1.855752E+0	4.070231E+11	3.258147E-2	3.648985E-2	-5.972201E-3	-3.908377E-3	6.252716E-2	-3.480702E+10	-3.491126E+10	-3.066182E+7	1.042389E+8	-4.046842E+11
5.357090E+2	1.686032E+0	3.331711E+10	1.688597E+0	2.066113E+9	1.694907E+0	3.357340E+10	1.717965E+0	2.122080E+9	1.651705E+0	3.283783E+11	1.661360E+0	3.326984E+11	1.655623E+0	3.619517E+11	1.663577E+0	3.660155E+11	2.564986E-3	2.305832E-2	-2.936853E-2	-2.049334E-2	2.501962E-2	-3.125100E+10	-3.145132E+10	-5.596751E+7	2.003221E+8	-3.639494E+11
5.358550E+2	1.482933E+0	2.942243E+10	1.464265E+0	1.799635E+9	1.467877E+0	2.920894E+10	1.516448E+0	1.880275E+9	1.464456E+0	2.922865E+11	1.467880E+0	2.951224E+11	1.464766E+0	3.214955E+11	1.469233E+0	3.245448E+11	-1.866834E-2	4.857084E-2	-5.218304E-2	-6.723918E-2	-4.968194E-3	-2.762279E+10	-2.732867E+10	-8.063954E+7	-2.941276E+8	-3.227452E+11
5.360170E+2	1.233086E+0	2.463129E+10	1.240156E+0	1.533424E+9	1.222545E+0	2.449264E+10	1.232866E+0	1.539999E+9	1.219157E+0	2.450059E+11	1.224129E+0	2.477832E+11	1.219464E+0	2.694985E+11	1.224934E+0	2.724145E+11	7.070084E-3	1.032116E-2	7.290396E-3	-3.251080E-3	1.522203E-2	-2.309787E+10	-2.295264E+10	-6.575278E+6	-1.452279E+8	-2.708811E+11
5.362580E+2	9.148508E-1	1.852872E+10	9.511726E-1	1.190149E+9	9.279493E-1	1.882930E+10	8.777386E-1	1.113875E+9	9.244562E-1	1.882031E+11	9.248810E-1	1.896658E+11	9.247730E-1	2.070324E+11	9.239796E-1	2.081946E+11	3.632176E-2	-5.021071E-2	7.343398E-2	8.653248E-2	2.719297E-2	-1.733857E+10	-1.771542E+10	7.627447E+7	3.768528E+8	-2.070044E+11
5.365090E+2	7.123051E-1	1.464464E+10	7.276552E-1	9.246400E+8	7.016301E-1	1.447850E+10	6.762180E-1	8.720663E+8	7.179393E-1	1.483976E+11	7.157217E-1	1.490448E+11	7.164602E-1	1.628761E+11	7.154146E-1	1.636894E+11	1.535010E-2	-2.541207E-2	5.143712E-2	4.076217E-2	1.224052E-2	-1.372000E+10	-1.360644E+10	5.257375E+7	-1.135640E+8	-1.627648E+11
5.367600E+2	5.736762E-1	1.198625E+10	5.889188E-1	7.598395E+8	5.759633E-1	1.206266E+10	5.739318E-1	7.493310E+8	5.891709E-1	1.235779E+11	5.868245E-1	1.240115E+11	5.879730E-1	1.356405E+11	5.856429E-1	1.359977E+11	1.524266E-2	-2.031463E-3	1.498698E-2	1.727413E-2	3.275935E-3	-1.122641E+10	-1.131333E+10	1.050849E+7	8.692264E+7	-1.352379E+11
5.370280E+2	5.059430E-1	1.068738E+10	5.076002E-1	6.632436E+8	5.059991E-1	1.071766E+10	5.131550E-1	6.764036E+8	5.181650E-1	1.098917E+11	5.141839E-1	1.099039E+11	5.170616E-1	1.206094E+11	5.134433E-1	1.205912E+11	1.657202E-3	7.155920E-3	-5.554789E-3	-5.498718E-3	-5.843111E-3	-1.002414E+10	-1.004126E+10	-1.315998E+7	1.712275E+7	-1.199280E+11
5.372640E+2	5.128053E-1	1.081897E+10	5.144490E-1	6.713792E+8	5.075578E-1	1.074763E+10	5.155701E-1	6.793016E+8	5.149045E-1	1.092632E+11	5.101980E-1	1.091298E+11	5.142382E-1	1.200109E+11	5.104323E-1	1.199487E+11	1.643685E-3	8.012311E-3	-1.121103E-3	-6.368625E-3	4.016718E-3	-1.014759E+10	-1.006833E+10	-7.922451E+6	-7.926841E+7	-1.192774E+11
5.375060E+2	5.224799E-1	1.100450E+10	5.339654E-1	6.945620E+8	5.175638E-1	1.093998E+10	4.881975E-1	6.464566E+8	5.332051E-1	1.127906E+11	5.307094E-1	1.131133E+11	5.317865E-1	1.237306E+11	5.299698E-1	1.241178E+11	1.148544E-2	-2.936632E-2	4.576787E-2	4.085176E-2	3.995538E-3	-1.030993E+10	-1.029353E+10	4.810537E+7	-1.640657E+7	-1.234232E+11
5.377630E+2	5.923872E-1	1.234506E+10	6.052413E-1	7.792284E+8	5.946781E-1	1.242244E+10	6.148077E-1	7.983788E+8	6.090016E-1	1.274002E+11	6.046559E-1	1.274745E+11	6.077025E-1	1.398226E+11	6.035533E-1	1.398196E+11	1.285405E-2	2.012961E-2	-9.566433E-3	-7.275556E-3	1.687963E-3	-1.156583E+10	-1.162406E+10	-1.915037E+7	5.823091E+7	-1.390404E+11
5.380110E+2	6.920002E-1	1.425527E+10	6.815491E-1	8.698722E+8	6.955329E-1	1.436129E+10	7.158304E-1	9.195980E+8	7.033815E-1	1.455916E+11	6.975410E-1	1.455139E+11	7.026697E-1	1.599529E+11	6.970431E-1	1.597691E+11	-1.045100E-2	2.029749E-2	-3.428129E-2	-3.074850E-2	-1.549390E-2	-1.338539E+10	-1.344169E+10	-4.972586E+7	5.629660E+7	-1.588993E+11
5.382900E+2	8.255145E-1	1.681558E+10	8.089847E-1	1.021249E+9	8.243783E-1	1.683823E+10	8.383105E-1	1.066564E+9	8.412387E-1	1.721632E+11	8.367807E-1	1.725558E+11	8.397096E-1	1.890014E+11	8.357682E-1	1.893714E+11	-1.652977E-2	1.393224E-2	-2.932576E-2	-3.046200E-2	-2.678351E-2	-1.579433E+10	-1.577167E+10	-4.531543E+7	-2.266255E+7	-1.883501E+11
5.385060E+2	1.013949E+0	2.042906E+10	1.000107E+0	1.248277E+9	1.007475E+0	2.035812E+10	1.029037E+0	1.295421E+9	1.018618E+0	2.063525E+11	1.011194E+0	2.064289E+11	1.017607E+0	2.267107E+11	1.011442E+0	2.268579E+11	-1.384204E-2	2.156143E-2	-2.892941E-2	-3.540347E-2	-1.133450E-2	-1.918078E+10	-1.906269E+10	-4.714318E+7	-1.180888E+8	-2.256096E+11
5.387600E+2	1.206102E+0	2.411383E+10	1.202136E+0	1.488260E+9	1.192671E+0	2.391834E+10	1.163829E+0	1.457160E+9	1.203769E+0	2.420398E+11	1.198058E+0	2.427199E+11	1.202762E+0	2.659582E+11	1.198781E+0	2.668337E+11	-3.966292E-3	-2.884178E-2	3.830685E-2	2.487549E-2	3.354932E-3	-2.262557E+10	-2.246118E+10	3.110021E+7	-1.643992E+8	-2.653454E+11
5.390390E+2	1.426433E+0	2.833898E+10	1.423893E+0	1.751679E+9	1.424577E+0	2.837654E+10	1.408723E+0	1.751014E+9	1.422022E+0	2.841075E+11	1.412420E+0	2.843513E+11	1.422254E+0	3.124841E+11	1.413679E+0	3.126903E+11	-2.540346E-3	-1.585390E-2	1.516992E-2	1.331356E-2	1.021405E-2	-2.658730E+10	-2.662553E+10	6.651977E+5	3.822796E+7	-3.109386E+11
5.392720E+2	1.640188E+0	3.243801E+10	1.690428E+0	2.068288E+9	1.622085E+0	3.217346E+10	1.619982E+0	2.004508E+9	1.617718E+0	3.218274E+11	1.612256E+0	3.231618E+11	1.618114E+0	3.540008E+11	1.614766E+0	3.555998E+11	5.023953E-2	-2.102752E-3	7.044601E-2	5.234228E-2	7.566164E-2	-3.036972E+10	-3.016895E+10	6.377991E+7	-2.007709E+8	-3.535315E+11
5.395260E+2	1.850901E+0	3.647870E+10	1.917538E+0	2.338065E+9	1.869645E+0	3.693260E+10	1.918101E+0	2.362227E+9	1.824056E+0	3.615984E+11	1.820737E+0	3.636511E+11	1.828190E+0	3.985310E+11	1.823447E+0	4.001298E+11	6.663682E-2	4.845563E-2	-5.627968E-4	1.818119E-2	9.409065E-2	-3.414063E+10	-3.457037E+10	-2.416204E+7	4.297356E+8	-3.977917E+11
5.397910E+2	1.993468E+0	3.921260E+10	1.976219E+0	2.407770E+9	2.006495E+0	3.956341E+10	2.030268E+0	2.496819E+9	1.967488E+0	3.892444E+11	1.968755E+0	3.923980E+11	1.971025E+0	4.288078E+11	1.970976E+0	4.316106E+11	-1.724918E-2	2.377348E-2	-5.404954E-2	-4.102266E-2	5.242622E-3	-3.680483E+10	-3.706659E+10	-8.904906E+7	2.617638E+8	-4.292028E+11
5.400140E+2	2.058808E+0	4.046558E+10	2.054107E+0	2.500291E+9	2.048025E+0	4.036179E+10	1.995033E+0	2.454539E+9	2.004035E+0	3.962888E+11	2.003931E+0	3.992295E+11	2.008024E+0	4.366506E+11	2.008862E+0	4.396950E+11	-4.701050E-3	-5.299153E-2	5.907418E-2	4.829048E-2	4.524469E-2	-3.796529E+10	-3.790725E+10	4.575170E+7	-5.804701E+7	-4.371948E+11
5.402630E+2	2.039327E+0	4.009201E+10	2.031814E+0	2.473810E+9	2.042751E+0	4.026041E+10	2.076258E+0	2.552002E+9	1.982643E+0	3.921656E+11	1.983124E+0	3.951886E+11	1.988095E+0	4.324260E+11	1.988175E+0	4.352806E+11	-7.513049E-3	3.350653E-2	-4.444337E-2	-4.101958E-2	4.363935E-2	-3.761820E+10	-3.770841E+10	-7.819245E+7	9.020356E+7	-4.328068E+11
5.405080E+2	1.948684E+0	3.835381E+10	1.990286E+0	2.424479E+9	1.924770E+0	3.799233E+10	1.946887E+0	2.396768E+9	1.907780E+0	3.777359E+11	1.906626E+0	3.803318E+11	1.909321E+0	4.157282E+11	1.910406E+0	4.186856E+11	4.160172E-2	2.211666E-2	4.339855E-2	1.948505E-2	7.987978E-2	-3.592933E+10	-3.559556E+10	2.771134E+7	-3.337658E+8	-4.162612E+11
5.407630E+2	1.848472E+0	3.643212E+10	1.933383E+0	2.356886E+9	1.839931E+0	3.636137E+10	1.865959E+0	2.299660E+9	1.811887E+0	3.592529E+11	1.810679E+0	3.616977E+11	1.814431E+0	3.956143E+11	1.814075E+0	3.981298E+11	8.491054E-2	2.602764E-2	6.742405E-2	5.888290E-2	1.193079E-1	-3.407524E+10	-3.406171E+10	5.722579E+7	-1.352621E+7	-3.957729E+11
5.410190E+2	1.771148E+0	3.494932E+10	1.803411E+0	2.202496E+9	1.765391E+0	3.492839E+10	1.800142E+0	2.220685E+9	1.735114E+0	3.444552E+11	1.734384E+0	3.468805E+11	1.737860E+0	3.793835E+11	1.737688E+0	3.818298E+11	3.226267E-2	3.475092E-2	3.268999E-3	-2.488250E-3	6.572233E-2	-3.274683E+10	-3.270771E+10	-1.818877E+7	-3.912270E+7	-3.796273E+11
5.412640E+2	1.683031E+0	3.325957E+10	1.639754E+0	2.008094E+9	1.687138E+0	3.342405E+10	1.744164E+0	2.153517E+9	1.673956E+0	3.326670E+11	1.676372E+0	3.356139E+11	1.675151E+0	3.660911E+11	1.676971E+0	3.688735E+11	-4.327682E-2	5.702612E-2	-1.044100E-1	-1.003029E-1	-3.721661E-2	-3.125148E+10	-3.127053E+10	-1.454226E+8	1.905911E+7	-3.668654E+11
5.415140E+2	1.625781E+0	3.216173E+10	1.627456E+0	1.993485E+9	1.628727E+0	3.230115E+10	1.599471E+0	1.979897E+9	1.596522E+0	3.177418E+11	1.595949E+0	3.199948E+11	1.599442E+0	3.500430E+11	1.598630E+0	3.521566E+11	1.674564E-3	-2.925568E-2	2.798425E-2	3.093024E-2	2.882555E-2	-3.016824E+10	-3.032125E+10	1.358810E+7	1.530108E+8	-3.501631E+11
5.417650E+2	1.484994E+0	2.946196E+10	1.447373E+0	1.779570E+9	1.475775E+0	2.936078E+10	1.467588E+0	1.821647E+9	1.469943E+0	2.933442E+11	1.469821E+0	2.954993E+11	1.470472E+0	3.227050E+11	1.471184E+0	3.249612E+11	-3.762145E-2	-8.186726E-3	-2.021542E-2	-2.943473E-2	-2.381150E-2	-2.768239E+10	-2.753913E+10	-4.207736E+7	-1.432587E+8	-3.231817E+11
5.420110E+2	1.327029E+0	2.643277E+10	1.340906E+0	1.653102E+9	1.327729E+0	2.651471E+10	1.340121E+0	1.668697E+9	1.314677E+0	2.634170E+11	1.316687E+0	2.657589E+11	1.315860E+0	2.899317E+11	1.317616E+0	2.921917E+11	1.387727E-2	1.239258E-2	7.850801E-4	1.484689E-3	2.329001E-2	-2.477967E+10	-2.484601E+10	-1.559534E+7	6.634745E+7	-2.905386E+11
5.422670E+2	1.162877E+0	2.328494E+10	1.167657E+0	1.447304E+9	1.149089E+0	2.308052E+10	1.137955E+0	1.426114E+9	1.162185E+0	2.340247E+11	1.157353E+0	2.348145E+11	1.160998E+0	2.571052E+11	1.157849E+0	2.580994E+11	4.779658E-3	-1.113438E-2	2.970203E-2	1.591404E-2	9.807671E-3	-2.183764E+10	-2.165441E+10	2.119064E+7	-1.832330E+8	-2.566521E+11
5.425080E+2	1.028241E+0	2.070311E+10	1.049163E+0	1.306549E+9	1.022834E+0	2.065337E+10	1.082281E+0	1.359309E+9	1.032004E+0	2.089327E+11	1.028224E+0	2.097362E+11	1.031173E+0	2.295861E+11	1.028225E+0	2.304393E+11	2.092267E-2	5.944663E-2	-3.311722E-2	-3.852396E-2	2.093792E-2	-1.939656E+10	-1.929406E+10	-5.275942E+7	-1.025028E+8	-2.291328E+11
5.427600E+2	9.672843E-1	1.953420E+10	1.002241E+0	1.250812E+9	9.561003E-1	1.937047E+10	9.643555E-1	1.217808E+9	9.622543E-1	1.954886E+11	9.577949E-1	1.960581E+11	9.616962E-1	2.148591E+11	9.586477E-1	2.155923E+11	3.495712E-2	8.255247E-3	3.788593E-2	2.670187E-2	4.359379E-2	-1.828339E+10	-1.815267E+10	3.300418E+7	-1.307200E+8	-2.143415E+11
5.430330E+2	1.005532E+0	2.026765E+10	9.930055E-1	1.239841E+9	9.881709E-1	1.998700E+10	9.878498E-1	1.246000E+9	1.004028E+0	2.035403E+11	9.970510E-1	2.036821E+11	1.002589E+0	2.235273E+11	9.978132E-1	2.239497E+11	-1.252651E-2	-3.210236E-4	5.155683E-3	-1.220549E-2	-4.807640E-3	-1.902781E+10	-1.874100E+10	-6.158195E+6	-2.868019E+8	-2.227099E+11
5.432640E+2	1.068693E+0	2.147884E+10	1.063831E+0	1.323973E+9	1.048052E+0	2.113817E+10	1.079241E+0	1.355661E+9	1.077697E+0	2.177399E+11	1.065694E+0	2.170133E+11	1.075009E+0	2.388781E+11	1.065963E+0	2.384921E+11	-4.861578E-3	3.118854E-2	-1.540908E-2	-3.605012E-2	-2.131929E-3	-2.015487E+10	-1.978251E+10	-3.168784E+7	-3.723620E+8	-2.371682E+11
5.435110E+2	1.245988E+0	2.487871E+10	1.285186E+0	1.586914E+9	1.259415E+0	2.520145E+10	1.305712E+0	1.627409E+9	1.251973E+0	2.513310E+11	1.244273E+0	2.516954E+11	1.252648E+0	2.765324E+11	1.244427E+0	2.765741E+11	3.919808E-2	4.629691E-2	-2.052588E-2	-7.098824E-3	4.075912E-2	-2.329179E+10	-2.357404E+10	-4.049528E+7	2.822441E+8	-2.749872E+11
5.437640E+2	1.416732E+0	2.815294E+10	1.432200E+0	1.761547E+9	1.396038E+0	2.782790E+10	1.433533E+0	1.780784E+9	1.411083E+0	2.819990E+11	1.403344E+0	2.825887E+11	1.409718E+0	3.098269E+11	1.404547E+0	3.107416E+11	1.546789E-2	3.749511E-2	-1.333225E-3	-2.202722E-2	2.765317E-2	-2.639140E+10	-2.604712E+10	-1.923738E+7	-3.442761E+8	-3.089801E+11
5.440280E+2	1.546265E+0	3.063690E+10	1.546501E+0	1.897321E+9	1.539868E+0	3.059292E+10	1.532966E+0	1.900095E+9	1.520235E+0	3.030377E+11	1.522811E+0	3.057905E+11	1.522015E+0	3.336306E+11	1.524918E+0	3.364274E+11	2.364268E-4	-6.902534E-3	1.353521E-2	7.138961E-3	2.158276E-2	-2.873958E+10	-2.869282E+10	-2.773950E+6	-4.675276E+7	-3.345301E+11
5.442810E+2	1.587301E+0	3.142382E+10	1.612941E+0	1.976243E+9	1.572663E+0	3.122336E+10	1.584340E+0	1.961741E+9	1.563672E+0	3.114102E+11	1.562316E+0	3.134628E+11	1.564488E+0	3.426335E+11	1.564561E+0	3.448866E+11	2.564010E-2	1.167780E-2	2.860053E-2	1.396230E-2	4.838017E-2	-2.944758E+10	-2.926162E+10	1.450252E+7	-1.859578E+8	-3.429104E+11
5.445400E+2	1.610124E+0	3.186149E+10	1.562423E+0	1.916234E+9	1.590508E+0	3.156642E+10	1.650488E+0	2.041113E+9	1.575482E+0	3.136865E+11	1.576837E+0	3.162830E+11	1.576845E+0	3.452530E+11	1.579828E+0	3.481445E+11	-4.770149E-2	5.998026E-2	-8.806580E-2	-1.076818E-1	-1.740549E-2	-2.994525E+10	-2.952531E+10	-1.248789E+8	-4.199396E+8	-3.462282E+11
5.447610E+2	1.582812E+0	3.133775E+10	1.600596E+0	1.961579E+9	1.567686E+0	3.112768E+10	1.627161E+0	2.013122E+9	1.557183E+0	3.101595E+11	1.562265E+0	3.134530E+11	1.558136E+0	3.412871E+11	1.564112E+0	3.447908E+11	1.778313E-2	5.947569E-2	-2.656566E-2	-4.169255E-2	3.648385E-2	-2.937617E+10	-2.911456E+10	-5.154373E+7	-2.616128E+8	-3.428292E+11
5.450150E+2	1.505044E+0	2.984644E+10	1.554636E+0	1.906985E+9	1.513785E+0	3.009149E+10	1.506619E+0	1.868482E+9	1.487651E+0	2.967572E+11	1.493651E+0	3.001274E+11	1.490021E+0	3.268487E+11	1.494675E+0	3.299739E+11	4.959221E-2	-7.165976E-3	4.801677E-2	5.675819E-2	5.996113E-2	-2.793945E+10	-2.822301E+10	3.850313E+7	2.835607E+8	-3.280669E+11
5.452640E+2	1.428937E+0	2.838698E+10	1.451594E+0	1.784584E+9	1.421140E+0	2.831047E+10	1.428560E+0	1.774817E+9	1.408894E+0	2.815771E+11	1.409300E+0	2.837455E+11	1.410004E+0	3.098875E+11	1.411065E+0	3.121325E+11	2.265727E-2	7.419703E-3	2.303374E-2	1.523756E-2	4.052907E-2	-2.660239E+10	-2.653566E+10	9.767310E+6	-6.673791E+7	-3.103479E+11
5.455070E+2	1.358653E+0	2.703919E+10	1.443099E+0	1.774493E+9	1.382098E+0	2.755991E+10	1.445807E+0	1.795512E+9	1.361165E+0	2.723776E+11	1.362270E+0	2.746117E+11	1.363064E+0	2.999375E+11	1.361945E+0	3.016509E+11	8.444611E-2	6.370959E-2	-2.708534E-3	2.073652E-2	8.115407E-2	-2.526470E+10	-2.576440E+10	-2.101899E+7	4.996987E+8	-2.998764E+11
5.457670E+2	1.289003E+0	2.570358E+10	1.286272E+0	1.588204E+9	1.293822E+0	2.586289E+10	1.310391E+0	1.633024E+9	1.285854E+0	2.578615E+11	1.282686E+0	2.591556E+11	1.286577E+0	2.837244E+11	1.283253E+0	2.848591E+11	-2.731126E-3	1.656907E-2	-2.411916E-2	-1.930019E-2	3.018740E-3	-2.411537E+10	-2.422987E+10	-4.482002E+7	1.144944E+8	-2.832709E+11
5.460060E+2	1.241251E+0	2.478787E+10	1.273901E+0	1.573509E+9	1.235213E+0	2.473617E+10	1.221569E+0	1.526443E+9	1.233679E+0	2.478050E+11	1.232545E+0	2.494177E+11	1.233818E+0	2.725411E+11	1.233328E+0	2.742056E+11	3.265039E-2	-1.364424E-2	5.233289E-2	4.629463E-2	4.057391E-2	-2.321436E+10	-2.320973E+10	4.706544E+7	-4.626022E+6	-2.726321E+11
5.467660E+2	1.186157E+0	2.373136E+10	1.222352E+0	1.512275E+9	1.196260E+0	2.398734E+10	1.169600E+0	1.464085E+9	1.195820E+0	2.405077E+11	1.190309E+0	2.412149E+11	1.195860E+0	2.644950E+11	1.189936E+0	2.649463E+11	3.619531E-2	-2.666018E-2	5.275245E-2	6.285549E-2	3.241652E-2	-2.221909E+10	-2.252325E+10	4.819012E+7	3.041652E+8	-2.634340E+11
5.475340E+2	1.311156E+0	2.612838E+10	1.312772E+0	1.619682E+9	1.305673E+0	2.609072E+10	1.308122E+0	1.630301E+9	1.304324E+0	2.614216E+11	1.299555E+0	2.624318E+11	1.304447E+0	2.875123E+11	1.300598E+0	2.885602E+11	1.616372E-3	2.448712E-3	4.649840E-3	-8.323396E-4	1.217427E-2	-2.450869E+10	-2.446042E+10	-1.061887E+7	-4.827525E+7	-2.869405E+11
5.482660E+2	1.389983E+0	2.763999E+10	1.419156E+0	1.746052E+9	1.391516E+0	2.774097E+10	1.411686E+0	1.754569E+9	1.382005E+0	2.763943E+11	1.376030E+0	2.772841E+11	1.382867E+0	3.041353E+11	1.377284E+0	3.049241E+11	2.917316E-2	2.016985E-2	7.470170E-3	9.003307E-3	4.187172E-2	-2.589394E+10	-2.598640E+10	-8.516804E+6	9.246216E+7	-3.031781E+11
5.490160E+2	1.397911E+0	2.779203E+10	1.387014E+0	1.707872E+9	1.388753E+0	2.768786E+10	1.397708E+0	1.737797E+9	1.386685E+0	2.772964E+11	1.382824E+0	2.786036E+11	1.386873E+0	3.049842E+11	1.384180E+0	3.063956E+11	-1.089729E-2	8.954780E-3	-1.069403E-2	-1.985207E-2	2.833911E-3	-2.608416E+10	-2.595006E+10	-2.992503E+7	-1.340955E+8	-3.046878E+11
5.497570E+2	1.340120E+0	2.668381E+10	1.355297E+0	1.670196E+9	1.331297E+0	2.658330E+10	1.323611E+0	1.648887E+9	1.336953E+0	2.677107E+11	1.334500E+0	2.692184E+11	1.336440E+0	2.942940E+11	1.335005E+0	2.959022E+11	1.517631E-2	-7.685224E-3	3.168527E-2	2.286153E-2	2.029192E-2	-2.501362E+10	-2.493442E+10	2.130900E+7	-7.920002E+7	-2.942320E+11
5.505110E+2	1.343210E+0	2.674306E+10	1.342310E+0	1.654770E+9	1.339777E+0	2.674633E+10	1.357009E+0	1.688961E+9	1.326047E+0	2.656086E+11	1.321415E+0	2.666772E+11	1.327292E+0	2.923549E+11	1.323374E+0	2.934203E+11	-8.994791E-4	1.723161E-2	-1.469828E-2	-1.813109E-2	1.893663E-2	-2.508829E+10	-2.505737E+10	-3.419106E+7	-3.091628E+7	-2.917655E+11
5.512570E+2	1.320776E+0	2.631286E+10	1.326303E+0	1.635755E+9	1.316036E+0	2.628993E+10	1.310469E+0	1.633117E+9	1.311721E+0	2.628473E+11	1.309948E+0	2.644502E+11	1.312112E+0	2.891372E+11	1.310921E+0	2.907631E+11	5.527326E-3	-5.566724E-3	1.583415E-2	1.109405E-2	1.538184E-2	-2.467710E+10	-2.465681E+10	2.638334E+6	-2.029187E+7	-2.891273E+11
5.520150E+2	1.315427E+0	2.621028E+10	1.298661E+0	1.602919E+9	1.305686E+0	2.609097E+10	1.259024E+0	1.571387E+9	1.304699E+0	2.614938E+11	1.301318E+0	2.627741E+11	1.304788E+0	2.875848E+11	1.302586E+0	2.889844E+11	-1.676614E-2	-4.666201E-2	3.963621E-2	2.989586E-2	-3.925137E-3	-2.460736E+10	-2.451958E+10	3.153204E+7	-8.777952E+7	-2.873815E+11
5.527650E+2	1.265671E+0	2.525614E+10	1.306242E+0	1.611926E+9	1.271552E+0	2.543477E+10	1.235854E+0	1.543585E+9	1.265380E+0	2.539153E+11	1.268715E+0	2.564424E+11	1.265940E+0	2.793501E+11	1.268442E+0	2.816985E+11	4.057196E-2	-3.569817E-2	7.038826E-2	7.627013E-2	3.780070E-2	-2.364421E+10	-2.389119E+10	6.834068E+7	2.469721E+8	-2.800866E+11
5.535550E+2	1.215013E+0	2.428473E+10	1.174458E+0	1.455383E+9	1.220724E+0	2.445764E+10	1.186845E+0	1.484778E+9	1.208733E+0	2.429967E+11	1.210889E+0	2.452117E+11	1.209820E+0	2.674543E+11	1.211259E+0	2.694965E+11	-4.055553E-2	-3.387861E-2	-1.238745E-2	-6.676925E-3	-3.680139E-2	-2.282934E+10	-2.297286E+10	-2.939535E+7	1.435181E+8	-2.680411E+11
5.542640E+2	1.145892E+0	2.295924E+10	1.142876E+0	1.417868E+9	1.153037E+0	2.315642E+10	1.088791E+0	1.367121E+9	1.145446E+0	2.307982E+11	1.143789E+0	2.321803E+11	1.146134E+0	2.539546E+11	1.143978E+0	2.551396E+11	-3.016243E-3	-6.424649E-2	5.408502E-2	6.123025E-2	-1.102436E-3	-2.154137E+10	-2.178930E+10	5.074693E+7	2.479339E+8	-2.537217E+11
5.550360E+2	1.055753E+0	2.123070E+10	1.042520E+0	1.298658E+9	1.053869E+0	2.124999E+10	1.029726E+0	1.296248E+9	1.047643E+0	2.119470E+11	1.047248E+0	2.134308E+11	1.048208E+0	2.331970E+11	1.048012E+0	2.346615E+11	-1.323264E-2	-2.414256E-2	1.279424E-2	1.090992E-2	-5.491756E-3	-1.993204E+10	-1.995374E+10	2.410729E+6	2.169925E+7	-2.333629E+11
5.557600E+2	9.701424E-1	1.958901E+10	9.925046E-1	1.239246E+9	9.666071E-1	1.957246E+10	9.933627E-1	1.252615E+9	9.774579E-1	1.984191E+11	9.774962E-1	1.998843E+11	9.764738E-1	2.179915E+11	9.768353E-1	2.194733E+11	2.236221E-2	2.675558E-2	-8.580912E-4	-4.393378E-3	1.566933E-2	-1.834976E+10	-1.831984E+10	-1.336821E+7	-2.991454E+7	-2.182341E+11
5.560190E+2	9.843099E-1	1.986069E+10	9.776589E-1	1.221612E+9	9.682880E-1	1.960477E+10	9.416813E-1	1.190601E+9	9.774510E-1	1.984177E+11	9.717990E-1	1.987779E+11	9.766200E-1	2.180225E+11	9.729233E-1	2.186385E+11	-6.650981E-3	-2.660675E-2	3.597764E-2	1.995577E-2	4.735555E-3	-1.863907E+10	-1.841417E+10	3.101065E+7	-2.249016E+8	-2.174169E+11
5.565030E+2	9.649768E-1	1.948995E+10	9.933000E-1	1.240191E+9	9.719873E-1	1.967589E+10	9.732780E-1	1.228515E+9	9.771800E-1	1.983655E+11	9.775218E-1	1.998893E+11	9.767090E-1	2.180414E+11	9.763945E-1	2.193792E+11	2.832313E-2	1.290622E-3	2.002199E-2	2.703251E-2	1.690550E-2	-1.824976E+10	-1.844737E+10	1.167664E+7	1.976172E+8	-2.181391E+11
5.570440E+2	9.934332E-1	2.003564E+10	9.692570E-1	1.211631E+9	9.835099E-1	1.989740E+10	9.991874E-1	1.259604E+9	9.837858E-1	1.996388E+11	9.825321E-1	2.008623E+11	9.837608E-1	2.195362E+11	9.835117E-1	2.208980E+11	-2.417618E-2	1.567754E-2	-2.993041E-2	-3.985372E-2	-1.425469E-2	-1.882401E+10	-1.863780E+10	-4.797250E+7	-1.862086E+8	-2.196863E+11
5.575190E+2	9.859594E-1	1.989232E+10	1.035268E+0	1.290044E+9	9.995989E-1	2.020670E+10	1.015771E+0	1.279502E+9	9.869110E-1	2.002411E+11	9.851225E-1	2.013654E+11	9.880617E-1	2.204478E+11	9.851977E-1	2.212577E+11	4.930871E-2	1.617176E-2	1.949736E-2	3.313695E-2	5.007041E-2	-1.860227E+10	-1.892720E+10	1.054135E+7	3.249240E+8	-2.199677E+11
5.580230E+2	9.920943E-1	2.000996E+10	9.770101E-1	1.220841E+9	1.000568E+0	2.022532E+10	1.009213E+0	1.271634E+9	1.006464E+0	2.040099E+11	1.007128E+0	2.056391E+11	1.005929E+0	2.242352E+11	1.005777E+0	2.256491E+11	-1.508427E-2	8.645273E-3	-3.220294E-2	-2.372954E-2	-2.876687E-2	-1.878912E+10	-1.895369E+10	-5.079279E+7	1.645680E+8	-2.244283E+11
5.585220E+2	1.012903E+0	2.040900E+10	1.012617E+0	1.263137E+9	1.012962E+0	2.046359E+10	1.011491E+0	1.274368E+9	1.013485E+0	2.053631E+11	1.010063E+0	2.062091E+11	1.013437E+0	2.258267E+11	1.010318E+0	2.266181E+11	-2.863870E-4	-1.470640E-3	1.125677E-3	1.184253E-3	2.299127E-3	-1.914587E+10	-1.918923E+10	-1.123023E+7	4.335847E+7	-2.253550E+11
5.590210E+2	9.980438E-1	2.012405E+10	9.706325E-1	1.213265E+9	9.947802E-1	2.011406E+10	1.047828E+0	1.317969E+9	9.920839E-1	2.012382E+11	9.963622E-1	2.035483E+11	9.923285E-1	2.213522E+11	9.965133E-1	2.236724E+11	-2.741131E-2	5.304777E-2	-7.719548E-2	-8.045908E-2	-2.588082E-2	-1.891079E+10	-1.879609E+10	-1.047034E+8	-1.146918E+8	-2.224591E+11
5.595050E+2	1.006503E+0	2.028626E+10	1.004927E+0	1.254003E+9	1.000503E+0	2.022408E+10	9.565737E-1	1.208471E+9	9.971727E-1	2.022190E+11	9.952882E-1	2.033397E+11	9.974747E-1	2.224431E+11	9.962960E-1	2.236260E+11	-1.575431E-3	-4.392929E-2	4.835353E-2	4.235386E-2	8.631204E-3	-1.903226E+10	-1.901561E+10	4.553211E+7	-1.665017E+7	-2.223720E+11
5.600410E+2	9.963350E-1	2.009128E+10	9.913211E-1	1.237841E+9	9.919068E-1	2.005882E+10	9.789266E-1	1.235292E+9	9.978085E-1	2.023416E+11	1.001839E+0	2.046121E+11	9.972732E-1	2.224004E+11	1.001345E+0	2.247033E+11	-5.013879E-3	-1.298022E-2	1.239451E-2	7.966336E-3	-1.002372E-2	-1.885344E+10	-1.882353E+10	2.548115E+6	-2.990981E+7	-2.234655E+11
5.604980E+2	1.027598E+0	2.069079E+10	1.017487E+0	1.268923E+9	1.035548E+0	2.089778E+10	1.011222E+0	1.274044E+9	1.021361E+0	2.068813E+11	1.021589E+0	2.084477E+11	1.022648E+0	2.277790E+11	1.022129E+0	2.291385E+11	-1.011055E-2	-2.432566E-2	6.265238E-3	1.421511E-2	-4.642100E-3	-1.942187E+10	-1.962374E+10	-5.121862E+6	2.018733E+8	-2.278696E+11
5.610070E+2	1.022154E+0	2.058639E+10	1.028180E+0	1.281624E+9	1.008636E+0	2.038044E+10	9.965092E-1	1.256390E+9	1.023749E+0	2.073415E+11	1.022554E+0	2.086350E+11	1.022378E+0	2.277219E+11	1.022518E+0	2.292214E+11	6.026176E-3	-1.212716E-2	3.167052E-2	1.815334E-2	5.661972E-3	-1.930476E+10	-1.912405E+10	2.523359E+7	-1.807175E+8	-2.279398E+11
