Photon Energy (eV)	X ref norm	X ref	X pump norm	X pump	Y ref norm	Y ref	Y pump norm	Y pump	X all norm	X all	Y all norm	Y all	X all Y ref norm	X all Y ref	Y all X ref norm	Y all X ref	BC(X hist) norm	BC(Y hist) norm	StS norm	BCSC norm	BCLR norm	BC(X hist)	BC(Y hist)	StS	BCSC	BCLR	
2.790030E+2	6.143816E-5	4.638950E+8	-1.376091E-2	1.626262E+7	-2.086283E-3	4.468872E+8	6.246280E-3	2.276766E+7	-1.977434E-3	3.383735E+9	-2.187996E-3	3.386636E+9	-1.990022E-3	3.830622E+9	-1.928723E-3	3.850531E+9	-1.382234E-2	8.332562E-3	-2.000718E-2	-2.215491E-2	-1.183218E-2	-4.476324E+8	-4.241196E+8	-6.505044E+6	-2.351282E+7	-3.834269E+9
2.795060E+2	-2.816069E-3	4.395794E+8	-4.787503E-3	1.970357E+7	-3.368171E-3	4.360996E+8	6.543610E-3	2.288156E+7	-3.444440E-3	3.289329E+9	-3.920127E-3	3.274284E+9	-3.435620E-3	3.725429E+9	-3.792872E-3	3.713864E+9	-1.971434E-3	9.911781E-3	-1.133111E-2	-1.188322E-2	-9.946318E-4	-4.198759E+8	-4.132181E+8	-3.177989E+6	-6.657779E+6	-3.694160E+9
2.800000E+2	-2.211542E-3	4.446878E+8	1.499914E-2	2.729098E+7	-4.937084E-3	4.228966E+8	-1.342563E-2	1.523217E+7	-3.449640E-3	3.288994E+9	-3.683048E-3	3.289662E+9	-3.621658E-3	3.711891E+9	-3.513440E-3	3.734350E+9	1.721068E-2	-8.488547E-3	2.842477E-2	2.569923E-2	1.851258E-2	-4.173968E+8	-4.076645E+8	1.205881E+7	-9.732376E+6	-3.707059E+9
2.805050E+2	-3.936292E-3	4.301133E+8	-4.928153E-3	1.964964E+7	1.607744E-3	4.779739E+8	-1.016724E-2	1.648033E+7	-4.735609E-4	3.480513E+9	-1.173076E-4	3.520948E+9	-2.328645E-4	3.958487E+9	-5.574895E-4	3.951061E+9	-9.918609E-4	-1.177498E-2	5.239083E-3	1.078312E-2	-4.370663E-3	-4.104637E+8	-4.614936E+8	3.169312E+6	5.102989E+7	-3.931411E+9
2.810050E+2	-1.884277E-3	4.474533E+8	-3.350883E-3	2.025446E+7	-2.563361E-3	4.428724E+8	-2.179528E-2	1.202610E+7	5.053230E-4	3.543506E+9	-1.009041E-3	3.463107E+9	1.504392E-4	3.986379E+9	-1.109922E-3	3.910560E+9	-1.466606E-3	-1.923192E-2	1.844440E-2	1.776531E-2	-2.240961E-3	-4.271988E+8	-4.308463E+8	8.228357E+6	3.647500E+6	-3.890306E+9
2.815020E+2	6.206113E-4	4.686201E+8	1.311773E-2	2.656953E+7	1.406217E-3	4.762780E+8	1.286844E-2	2.530434E+7	4.513963E-4	3.540036E+9	8.720572E-4	3.585121E+9	5.618184E-4	4.016314E+9	8.430752E-4	4.053741E+9	1.249712E-2	1.146222E-2	2.492851E-4	1.034891E-3	1.227465E-2	-4.420506E+8	-4.509736E+8	1.265187E+6	8.923005E+6	-4.027172E+9
2.820060E+2	6.425661E-4	4.688057E+8	-8.082297E-3	1.844015E+7	4.906777E-3	5.057365E+8	1.154865E-2	2.479878E+7	1.747314E-3	3.623432E+9	4.217953E-3	3.802147E+9	2.112696E-3	4.129168E+9	3.805849E-3	4.270952E+9	-8.724863E-3	6.641870E-3	-1.963094E-2	-1.536673E-2	-1.188815E-2	-4.503655E+8	-4.809377E+8	-6.358637E+6	3.057221E+7	-4.252512E+9
2.825030E+2	9.523565E-3	5.438521E+8	6.792875E-3	2.414419E+7	5.034162E-3	5.068085E+8	8.181170E-3	2.350884E+7	6.641042E-3	3.938355E+9	5.827509E-3	3.906548E+9	6.455212E-3	4.445164E+9	6.253522E-3	4.450400E+9	-2.730690E-3	3.147009E-3	-1.388295E-3	-5.877698E-3	5.393531E-4	-5.197079E+8	-4.832997E+8	6.353531E+5	-3.640820E+7	-4.426256E+9
2.830040E+2	8.672132E-3	5.366573E+8	-1.266271E-2	1.668374E+7	7.209823E-3	5.251175E+8	-7.960994E-3	1.732545E+7	1.055066E-2	4.189949E+9	1.021792E-2	4.191324E+9	1.016430E-2	4.715067E+9	1.003975E-2	4.727981E+9	-2.133484E-2	-1.517082E-2	-4.701713E-3	-6.164022E-3	-2.270246E-2	-5.199735E+8	-5.077921E+8	-6.417082E+5	-1.218144E+7	-4.711298E+9
2.835020E+2	1.964178E-2	6.293532E+8	8.692816E-5	2.157273E+7	1.946599E-2	6.282579E+8	1.848600E-2	2.745619E+7	2.133847E-2	4.884172E+9	2.127045E-2	4.908227E+9	2.112193E-2	5.512430E+9	2.108272E-2	5.537580E+9	-1.955485E-2	-9.799929E-4	-1.839907E-2	-1.857486E-2	-2.099580E-2	-6.077805E+8	-6.008017E+8	-5.883469E+6	-6.978795E+6	-5.516007E+9
2.840000E+2	4.192082E-2	8.176160E+8	2.751559E-2	3.209055E+7	4.290614E-2	8.255158E+8	6.898099E-2	4.679874E+7	4.224264E-2	6.229409E+9	4.122194E-2	6.202346E+9	4.231937E-2	7.054925E+9	4.130250E-2	7.019962E+9	-1.440523E-2	2.607485E-2	-4.146540E-2	-4.048008E-2	-1.378691E-2	-7.855255E+8	-7.787170E+8	-1.470819E+7	-6.808436E+6	-6.987871E+9
2.841010E+2	4.340464E-2	8.301547E+8	2.313378E-2	3.041029E+7	4.129546E-2	8.119613E+8	4.451813E-2	3.742803E+7	4.400491E-2	6.342815E+9	4.448938E-2	6.414283E+9	4.369157E-2	7.154776E+9	4.436436E-2	7.244437E+9	-2.027087E-2	3.222667E-3	-2.138435E-2	-2.349354E-2	-2.123058E-2	-7.997444E+8	-7.745333E+8	-7.017735E+6	-2.521111E+7	-7.214027E+9
2.842040E+2	5.040225E-2	8.892860E+8	4.669632E-2	3.944561E+7	4.976563E-2	8.832410E+8	4.688441E-2	3.833445E+7	4.937810E-2	6.688593E+9	4.982667E-2	6.760476E+9	4.942291E-2	7.571834E+9	4.989301E-2	7.649762E+9	-3.705930E-3	-2.881215E-3	-1.880875E-4	-8.247154E-4	-3.196688E-3	-8.498404E+8	-8.449065E+8	1.111158E+6	-4.933857E+6	-7.610317E+9
2.843040E+2	6.885481E-2	1.045214E+9	6.675533E-2	4.713746E+7	7.452992E-2	1.091642E+9	6.840042E-2	4.657635E+7	7.134246E-2	8.102056E+9	7.266862E-2	8.242080E+9	7.171108E-2	9.193698E+9	7.222904E-2	9.287294E+9	-2.099478E-3	-6.129496E-3	-1.645090E-3	4.030018E-3	-5.473708E-3	-9.980767E+8	-1.045066E+9	5.611110E+5	4.698897E+7	-9.240156E+9
2.844010E+2	9.813198E-2	1.292613E+9	1.029573E-1	6.101951E+7	1.012806E-1	1.316759E+9	1.090551E-1	6.214949E+7	1.057241E-1	1.031460E+10	1.060895E-1	1.040987E+10	1.052102E-1	1.163136E+10	1.051723E-1	1.170248E+10	4.825335E-3	7.774525E-3	-6.097824E-3	-2.949190E-3	-2.215019E-3	-1.231593E+9	-1.254610E+9	-1.129981E+6	2.301673E+7	-1.164146E+10
2.845010E+2	1.457005E-1	1.694577E+9	1.341468E-1	7.297944E+7	1.620085E-1	1.827808E+9	1.879337E-1	9.236462E+7	1.556473E-1	1.352729E+10	1.560481E-1	1.365035E+10	1.563830E-1	1.535510E+10	1.548554E-1	1.534492E+10	-1.155371E-2	2.592523E-2	-5.378699E-2	-3.747894E-2	-2.070869E-2	-1.621597E+9	-1.735443E+9	-1.938518E+7	1.138460E+8	-1.527194E+10
2.846030E+2	2.329838E-1	2.432141E+9	2.460742E-1	1.158992E+8	2.292127E-1	2.393357E+9	2.150920E-1	1.027678E+8	2.416741E-1	1.906333E+10	2.299641E-1	1.844477E+10	2.402330E-1	2.145669E+10	2.303121E-1	2.087691E+10	1.309035E-2	-1.412073E-2	3.098220E-2	2.721108E-2	1.576205E-2	-2.316241E+9	-2.290589E+9	1.313143E+7	-2.565197E+7	-2.076101E+10
2.847020E+2	4.262302E-1	4.065115E+9	4.294430E-1	1.862140E+8	4.307496E-1	4.089367E+9	4.645394E-1	1.983208E+8	4.544072E-1	3.275324E+10	4.286570E-1	3.133264E+10	4.516713E-1	3.684261E+10	4.283772E-1	3.539775E+10	3.212780E-3	3.378979E-2	-3.509639E-2	-3.057701E-2	1.065721E-3	-3.878901E+9	-3.891047E+9	-1.210678E+7	1.214577E+7	-3.521154E+10
2.848000E+2	1.086874E+0	9.647700E+9	1.073313E+0	4.331132E+8	1.104331E+0	9.757815E+9	1.041490E+0	4.193266E+8	1.135993E+0	7.661505E+10	1.091445E+0	7.432324E+10	1.132332E+0	8.637286E+10	1.090918E+0	8.397094E+10	-1.356061E-2	-6.284155E-2	3.182375E-2	4.928094E-2	-1.760502E-2	-9.214587E+9	-9.338488E+9	1.378662E+7	1.239017E+8	-8.353782E+10
2.849020E+2	1.854985E+0	1.613841E+10	1.876255E+0	7.410101E+8	1.845236E+0	1.599282E+10	1.879759E+0	7.404328E+8	1.844796E+0	1.222283E+11	1.848309E+0	1.234159E+11	1.844847E+0	1.382211E+11	1.849079E+0	1.395543E+11	2.127041E-2	3.452220E-2	-3.503548E-3	-1.325179E-2	2.717630E-2	-1.539740E+10	-1.525239E+10	5.772553E+5	-1.450097E+8	-1.388133E+11
2.850030E+2	1.904580E+0	1.655749E+10	1.935353E+0	7.636718E+8	1.884113E+0	1.631998E+10	1.833840E+0	7.228433E+8	1.864005E+0	1.234644E+11	1.874044E+0	1.250851E+11	1.866330E+0	1.397844E+11	1.877563E+0	1.416426E+11	3.077333E-2	-5.027258E-2	1.015128E-1	8.104590E-2	5.778971E-2	-1.579382E+10	-1.559713E+10	4.082847E+7	-1.966880E+8	-1.408789E+11
2.851000E+2	1.541399E+0	1.348853E+10	1.690966E+0	6.699590E+8	1.533843E+0	1.337233E+10	1.550790E+0	6.144184E+8	1.530455E+0	1.019997E+11	1.541824E+0	1.035362E+11	1.530847E+0	1.153720E+11	1.541775E+0	1.170248E+11	1.495674E-1	1.694625E-2	1.401765E-1	1.326212E-1	1.491914E-1	-1.281858E+10	-1.275791E+10	5.554058E+7	-6.066771E+7	-1.163548E+11
2.852010E+2	1.340855E+0	1.179390E+10	1.339011E+0	5.349979E+8	1.345695E+0	1.178899E+10	1.317982E+0	5.252393E+8	1.333656E+0	8.933516E+10	1.337808E+0	9.030312E+10	1.335049E+0	1.011241E+11	1.338159E+0	1.020970E+11	-1.844296E-3	-2.771362E-2	2.102930E-2	2.586933E-2	8.518978E-4	-1.125890E+10	-1.126375E+10	9.758617E+6	4.847744E+6	-1.015620E+11
2.853000E+2	1.071426E+0	9.517158E+9	1.071784E+0	4.325269E+8	1.053340E+0	9.328703E+9	1.065411E+0	4.284899E+8	1.075061E+0	7.269390E+10	1.065301E+0	7.262744E+10	1.072549E+0	8.202260E+10	1.066007E+0	8.214460E+10	3.587453E-4	1.207115E-2	6.373361E-3	-1.171241E-2	5.777363E-3	-9.084631E+9	-8.900214E+9	4.037017E+6	-1.844174E+8	-8.171207E+10
2.854010E+2	7.865960E-1	7.110285E+9	7.792801E-1	3.203629E+8	7.840639E-1	7.062643E+9	7.801566E-1	3.192207E+8	8.002059E-1	5.500627E+10	7.874414E-1	5.460456E+10	7.983391E-1	6.206891E+10	7.873439E-1	6.171485E+10	-7.315857E-3	-3.907293E-3	-8.764609E-4	-3.408564E-3	-8.063836E-3	-6.789922E+9	-6.743422E+9	1.142222E+6	-4.649987E+7	-6.139448E+10
2.855000E+2	5.552763E-1	5.155583E+9	5.508286E-1	2.327607E+8	5.499010E-1	5.092073E+9	5.514539E-1	2.316142E+8	5.636664E-1	3.978435E+10	5.572848E-1	3.967586E+10	5.620745E-1	4.487642E+10	5.570533E-1	4.483144E+10	-4.447647E-3	1.552917E-3	-6.252924E-4	-6.000564E-3	-6.224634E-3	-4.922822E+9	-4.860459E+9	1.146518E+6	-6.236372E+7	-4.459868E+10
2.856010E+2	4.104302E-1	3.931601E+9	3.582064E-1	1.588976E+8	4.013788E-1	3.842201E+9	3.779191E-1	1.651401E+8	4.117238E-1	3.000646E+10	4.113136E-1	3.020769E+10	4.105274E-1	3.384866E+10	4.112118E-1	3.413929E+10	-5.222378E-2	-2.345972E-2	-1.971268E-2	-2.876406E-2	-5.300539E-2	-3.772704E+9	-3.677061E+9	-6.242571E+6	-9.564287E+7	-3.398040E+10
2.858040E+2	3.888970E-1	3.749642E+9	4.653122E-1	1.999685E+8	4.020298E-1	3.847679E+9	3.850212E-1	1.678607E+8	3.999805E-1	2.925075E+10	3.965516E-1	2.925018E+10	4.002175E-1	3.309843E+10	3.956693E-1	3.299982E+10	7.641512E-2	-1.700860E-2	8.029101E-2	9.342372E-2	6.964285E-2	-3.549673E+9	-3.679818E+9	3.210780E+7	1.301453E+8	-3.279985E+10
2.860080E+2	6.448145E-1	5.912200E+9	6.608320E-1	2.749427E+8	6.447265E-1	5.890066E+9	6.500366E-1	2.693771E+8	6.616383E-1	4.608909E+10	6.473617E-1	4.551854E+10	6.596825E-1	5.197916E+10	6.470681E-1	5.143074E+10	1.601755E-2	5.310101E-3	1.079540E-2	1.070745E-2	1.376390E-2	-5.637258E+9	-5.620689E+9	5.565571E+6	-1.656888E+7	-5.115580E+10
2.862000E+2	1.039075E+0	9.243788E+9	1.004920E+0	4.068870E+8	1.038494E+0	9.203767E+9	1.065300E+0	4.284473E+8	1.037530E+0	7.027864E+10	1.034975E+0	7.066042E+10	1.037641E+0	7.948241E+10	1.035448E+0	7.990421E+10	-3.415495E-2	2.680614E-2	-6.037977E-2	-6.096108E-2	-3.052793E-2	-8.836901E+9	-8.775319E+9	-2.156025E+7	-6.158106E+7	-7.949732E+10
2.864000E+2	1.323573E+0	1.164786E+10	1.376649E+0	5.494308E+8	1.308646E+0	1.147720E+10	1.364111E+0	5.429095E+8	1.305805E+0	8.754282E+10	1.311143E+0	8.857354E+10	1.306133E+0	9.902002E+10	1.312575E+0	1.002214E+11	5.307678E-2	5.546504E-2	1.253856E-2	-2.388263E-3	6.407393E-2	-1.109843E+10	-1.093429E+10	6.521312E+6	-1.641332E+8	-9.967196E+10
2.866200E+2	1.275633E+0	1.124275E+10	1.273546E+0	5.098946E+8	1.278713E+0	1.122530E+10	1.270873E+0	5.071940E+8	1.288870E+0	8.645303E+10	1.279141E+0	8.649777E+10	1.287695E+0	9.767833E+10	1.278736E+0	9.774053E+10	-2.086970E-3	-7.839400E-3	2.672631E-3	5.752430E-3	-5.190557E-3	-1.073286E+10	-1.071811E+10	2.700597E+6	-1.475119E+7	-9.723063E+10
2.868000E+2	1.560910E+0	1.365341E+10	1.571250E+0	6.240525E+8	1.584933E+0	1.380227E+10	1.632408E+0	6.456829E+8	1.567040E+0	1.043540E+11	1.570061E+0	1.053678E+11	1.569109E+0	1.181563E+11	1.569006E+0	1.190212E+11	1.034026E-2	4.747460E-2	-6.115760E-2	-3.713433E-2	2.243851E-3	-1.302935E+10	-1.315658E+10	-2.163035E+7	1.272274E+8	-1.183972E+11
2.870120E+2	1.428390E+0	1.253359E+10	1.486963E+0	5.917316E+8	1.399940E+0	1.224548E+10	1.435393E+0	5.702148E+8	1.398907E+0	9.353417E+10	1.403914E+0	9.459098E+10	1.399026E+0	1.057796E+11	1.406735E+0	1.071246E+11	5.857228E-2	3.545314E-2	5.156934E-2	2.311914E-2	8.022732E-2	-1.194186E+10	-1.167526E+10	2.151677E+7	-2.665935E+8	-1.065328E+11
2.872120E+2	1.030948E+0	9.175116E+9	1.030309E+0	4.166229E+8	1.029327E+0	9.126623E+9	1.088814E+0	4.374545E+8	1.033580E+0	7.002450E+10	1.025335E+0	7.003510E+10	1.033088E+0	7.915113E+10	1.025982E+0	7.921022E+10	-6.387922E-4	5.948701E-2	-5.850419E-2	-6.012581E-2	4.327630E-3	-8.758493E+9	-8.689169E+9	-2.083158E+7	-6.932377E+7	-7.879359E+10
2.874030E+2	8.510074E-1	7.654576E+9	8.318525E-1	3.405224E+8	8.517281E-1	7.632064E+9	8.803531E-1	3.576018E+8	8.506224E-1	5.825070E+10	8.498509E-1	5.865265E+10	8.507503E-1	6.588276E+10	8.499842E-1	6.630722E+10	-1.915492E-2	2.862494E-2	-4.850055E-2	-4.777985E-2	-1.813174E-2	-7.314054E+9	-7.274462E+9	-1.707945E+7	-3.959180E+7	-6.596670E+10
2.876180E+2	6.480586E-1	5.939614E+9	6.730784E-1	2.796387E+8	6.475725E-1	5.914015E+9	6.865593E-1	2.833675E+8	6.532217E-1	4.554746E+10	6.515456E-1	4.578992E+10	6.525684E-1	5.146147E+10	6.511437E-1	5.172954E+10	2.501977E-2	3.898681E-2	-1.348089E-2	-1.396704E-2	2.193466E-2	-5.659975E+9	-5.630648E+9	-3.728742E+6	-2.932735E+7	-5.144990E+10
2.878020E+2	5.466105E-1	5.082355E+9	4.822694E-1	2.064709E+8	5.269392E-1	4.898840E+9	5.348163E-1	2.252410E+8	5.473652E-1	3.873533E+10	5.351794E-1	3.824203E+10	5.450030E-1	4.363417E+10	5.364970E-1	4.332439E+10	-6.434115E-2	7.877146E-3	-5.254691E-2	-7.221830E-2	-5.422762E-2	-4.875884E+9	-4.673599E+9	-1.877009E+7	-2.022857E+8	-4.311792E+10
2.880040E+2	5.565241E-1	5.166127E+9	5.230727E-1	2.221174E+8	5.667793E-1	5.234110E+9	5.656908E-1	2.370678E+8	5.624525E-1	3.970624E+10	5.572973E-1	3.967667E+10	5.629529E-1	4.494035E+10	5.572082E-1	4.484279E+10	-3.345141E-2	-1.088503E-3	-4.261817E-2	-3.236290E-2	-3.413550E-2	-4.944010E+9	-4.997042E+9	-1.495038E+7	5.303286E+7	-4.462068E+10
2.882060E+2	6.855031E-1	6.256028E+9	6.856492E-1	2.844591E+8	6.771356E-1	6.162801E+9	6.977682E-1	2.876611E+8	6.803694E-1	4.729448E+10	6.756390E-1	4.735270E+10	6.799954E-1	5.345729E+10	6.767760E-1	5.360873E+10	1.460287E-4	2.063256E-2	-1.211901E-2	-2.048653E-2	8.873180E-3	-5.971569E+9	-5.875140E+9	-3.202005E+6	-9.642977E+7	-5.332427E+10
2.884150E+2	8.830715E-1	7.925524E+9	8.573125E-1	3.502853E+8	8.813380E-1	7.881243E+9	9.461549E-1	3.828078E+8	8.898445E-1	6.077474E+10	8.811107E-1	6.068026E+10	8.888607E-1	6.865598E+10	8.813367E-1	6.860578E+10	-2.575898E-2	6.481684E-2	-8.884239E-2	-9.057581E-2	-2.402423E-2	-7.575239E+9	-7.498435E+9	-3.252250E+7	-7.680420E+7	-6.825550E+10
2.886010E+2	1.117737E+0	9.908501E+9	1.103493E+0	4.446861E+8	1.113734E+0	9.836942E+9	1.088182E+0	4.372125E+8	1.121403E+0	7.567614E+10	1.118789E+0	7.609686E+10	1.120516E+0	8.551308E+10	1.118668E+0	8.600536E+10	-1.424367E-2	-2.555194E-2	1.531159E-2	1.130827E-2	-1.517451E-2	-9.463815E+9	-9.399730E+9	7.473639E+6	-6.408484E+7	-8.556067E+10
2.888180E+2	1.121002E+0	9.936092E+9	1.123649E+0	4.524149E+8	1.140293E+0	1.006045E+10	1.108416E+0	4.449635E+8	1.123244E+0	7.579460E+10	1.132732E+0	7.700126E+10	1.125216E+0	8.585505E+10	1.131380E+0	8.693735E+10	2.646574E-3	-3.187647E-2	1.523248E-2	3.452304E-2	-7.731507E-3	-9.483677E+9	-9.615483E+9	7.451446E+6	1.318061E+8	-8.648493E+10
2.890230E+2	1.057972E+0	9.403474E+9	1.092425E+0	4.404419E+8	1.062401E+0	9.404958E+9	1.070068E+0	4.302739E+8	1.052199E+0	7.122266E+10	1.053257E+0	7.184623E+10	1.053379E+0	8.062762E+10	1.053801E+0	8.124970E+10	3.445306E-2	7.667053E-3	2.235702E-2	2.678600E-2	3.862470E-2	-8.963032E+9	-8.974684E+9	1.016800E+7	1.165252E+7	-8.080926E+10
2.892040E+2	9.126208E-1	8.175222E+9	9.475323E-1	3.848811E+8	9.202723E-1	8.208890E+9	9.543659E-1	3.859531E+8	9.196398E-1	6.269214E+10	9.191048E-1	6.314468E+10	9.197129E-1	7.090103E+10	9.183575E-1	7.131990E+10	3.491152E-2	3.409359E-2	-6.833644E-3	8.179300E-4	2.917482E-2	-7.790341E+9	-7.822937E+9	-1.072033E+6	3.259525E+7	-7.093502E+10
2.894020E+2	7.463108E-1	6.769867E+9	7.957574E-1	3.266813E+8	7.588577E-1	6.850523E+9	8.589360E-1	3.493979E+8	7.477442E-1	5.163023E+10	7.488484E-1	5.210130E+10	7.490295E-1	5.848075E+10	7.485559E-1	5.887116E+10	4.944654E-2	1.000783E-1	-6.317860E-2	-5.063179E-2	4.720146E-2	-6.443186E+9	-6.501125E+9	-2.271652E+7	5.793959E+7	-5.854448E+10
2.896060E+2	6.240420E-1	5.736668E+9	5.784812E-1	2.433644E+8	6.218844E-1	5.697840E+9	6.459447E-1	2.678097E+8	6.266481E-1	4.383738E+10	6.252652E-1	4.408529E+10	6.260972E-1	4.953522E+10	6.251242E-1	4.982196E+10	-4.556076E-2	2.406028E-2	-6.746347E-2	-6.962104E-2	-4.664299E-2	-5.493304E+9	-5.430031E+9	-2.444530E+7	-6.327289E+7	-4.957859E+10
2.898030E+2	6.709477E-1	6.133032E+9	6.899475E-1	2.861074E+8	6.794057E-1	6.181904E+9	7.122780E-1	2.932192E+8	6.745101E-1	4.691742E+10	6.722840E-1	4.713508E+10	6.750762E-1	5.309933E+10	6.721300E-1	5.326811E+10	1.899979E-2	3.287229E-2	-2.233046E-2	-1.387250E-2	1.781755E-2	-5.846925E+9	-5.888685E+9	-7.111862E+6	4.176038E+7	-5.298200E+10
2.900050E+2	7.428461E-1	6.740589E+9	7.354455E-1	3.035541E+8	7.580844E-1	6.844016E+9	8.023097E-1	3.277067E+8	7.536238E-1	5.200859E+10	7.540934E-1	5.244151E+10	7.541396E-1	5.885261E+10	7.527971E-1	5.918210E+10	-7.400590E-3	4.422528E-2	-6.686421E-2	-5.162587E-2	-1.735156E-2	-6.437035E+9	-6.516309E+9	-2.415260E+7	7.927448E+7	-5.887854E+10
2.905310E+2	7.923641E-1	7.159027E+9	8.050926E-1	3.302610E+8	8.044996E-1	7.234617E+9	8.235678E-1	3.358498E+8	8.053272E-1	5.533584E+10	8.019379E-1	5.554485E+10	8.052315E-1	6.257045E+10	8.008344E-1	6.270388E+10	1.272847E-2	1.906824E-2	-1.847524E-2	-6.339769E-3	4.258189E-3	-6.828766E+9	-6.898768E+9	-5.588757E+6	7.000148E+7	-6.237362E+10
2.910030E+2	8.847780E-1	7.939945E+9	8.576413E-1	3.504114E+8	8.954286E-1	7.999820E+9	8.777075E-1	3.565884E+8	9.048430E-1	6.173993E+10	8.931717E-1	6.146257E+10	9.037543E-1	6.973975E+10	8.922042E-1	6.940252E+10	-2.713671E-2	-1.772108E-2	-2.006620E-2	-9.415628E-3	-3.456292E-2	-7.589534E+9	-7.643231E+9	-6.177048E+6	5.369792E+7	-6.905211E+10
2.915180E+2	1.112678E+0	9.865752E+9	1.212437E+0	4.864619E+8	1.108161E+0	9.790042E+9	1.129809E+0	4.531583E+8	1.103699E+0	7.453683E+10	1.110073E+0	7.553152E+10	1.104215E+0	8.432687E+10	1.110374E+0	8.539728E+10	9.975921E-2	2.164879E-2	8.262799E-2	7.811043E-2	1.020637E-1	-9.379290E+9	-9.336884E+9	3.330360E+7	-4.240624E+7	-8.491081E+10
2.920010E+2	1.012358E+0	9.018028E+9	1.008272E+0	4.081726E+8	1.012048E+0	8.981216E+9	1.004033E+0	4.049784E+8	1.017654E+0	6.899963E+10	1.011229E+0	6.912012E+10	1.017006E+0	7.798085E+10	1.011359E+0	7.813815E+10	-4.086021E-3	-8.015209E-3	4.239800E-3	3.929188E-3	-3.086334E-3	-8.609855E+9	-8.576238E+9	3.194184E+6	-3.361783E+7	-7.772998E+10
2.925020E+2	1.001843E+0	8.929169E+9	1.007738E+0	4.079676E+8	1.025711E+0	9.096196E+9	1.028963E+0	4.145282E+8	1.012455E+0	6.866502E+10	1.016860E+0	6.948537E+10	1.013988E+0	7.776122E+10	1.015129E+0	7.841454E+10	5.894988E-3	3.252023E-3	-2.122505E-2	2.642965E-3	-7.390879E-3	-8.521202E+9	-8.681668E+9	-6.560564E+6	1.604662E+8	-7.800658E+10
2.930050E+2	9.424517E-1	8.427300E+9	9.039159E-1	3.681559E+8	9.500356E-1	8.459359E+9	9.222304E-1	3.736433E+8	9.444233E-1	6.428702E+10	9.459960E-1	6.488893E+10	9.450724E-1	7.274638E+10	9.455874E-1	7.331623E+10	-3.853576E-2	-2.780517E-2	-1.831450E-2	-1.073059E-2	-4.167151E-2	-8.059144E+9	-8.085716E+9	-5.487425E+6	2.657128E+7	-7.294807E+10
2.935120E+2	9.754738E-1	8.706344E+9	9.617397E-1	3.903291E+8	9.578903E-1	8.525459E+9	9.695528E-1	3.917706E+8	9.755978E-1	6.629318E+10	9.650853E-1	6.612713E+10	9.735499E-1	7.481864E+10	9.662827E-1	7.483347E+10	-1.373403E-2	1.166246E-2	-7.813050E-3	-2.539649E-2	-4.543004E-3	-8.316015E+9	-8.133689E+9	-1.441487E+6	-1.823261E+8	-7.444314E+10
2.940100E+2	1.017962E+0	9.065375E+9	1.093219E+0	4.407462E+8	1.015836E+0	9.013095E+9	1.002837E+0	4.045202E+8	1.023056E+0	6.934723E+10	1.017466E+0	6.952468E+10	1.022221E+0	7.836033E+10	1.017523E+0	7.859006E+10	7.525720E-2	-1.299946E-2	9.038216E-2	8.825666E-2	7.569589E-2	-8.624629E+9	-8.608575E+9	3.622594E+7	-1.605428E+7	-7.814931E+10
2.945010E+2	1.048264E+0	9.321440E+9	1.077558E+0	4.347409E+8	1.056841E+0	9.358166E+9	1.132684E+0	4.542595E+8	1.052712E+0	7.125567E+10	1.051116E+0	7.170733E+10	1.053189E+0	8.061384E+10	1.050787E+0	8.102877E+10	2.929386E-2	7.584339E-2	-5.512605E-2	-4.654953E-2	2.677117E-2	-8.886699E+9	-8.903906E+9	-1.951854E+7	1.720726E+7	-8.059403E+10
2.950050E+2	1.005874E+0	8.963233E+9	1.058390E+0	4.273908E+8	1.010287E+0	8.966401E+9	1.002439E+0	4.043679E+8	1.016708E+0	6.893872E+10	1.016058E+0	6.943340E+10	1.015965E+0	7.790512E+10	1.014885E+0	7.839664E+10	5.251632E-2	-7.848397E-3	5.595141E-2	6.036471E-2	4.350584E-2	-8.535842E+9	-8.562033E+9	2.302293E+7	2.619040E+7	-7.796924E+10
2.955030E+2	1.017266E+0	9.059498E+9	1.057968E+0	4.272288E+8	1.022849E+0	9.072109E+9	1.037358E+0	4.177439E+8	1.014578E+0	6.880164E+10	1.015562E+0	6.940119E+10	1.015534E+0	7.787375E+10	1.015758E+0	7.846069E+10	4.070181E-2	1.450928E-2	2.060985E-2	2.619253E-2	4.220957E-2	-8.632269E+9	-8.654365E+9	9.484870E+6	2.209621E+7	-7.803346E+10
2.960030E+2	1.091211E+0	9.684348E+9	1.117125E+0	4.499132E+8	1.093758E+0	9.668838E+9	1.124511E+0	4.511286E+8	1.091451E+0	7.374866E+10	1.089102E+0	7.417122E+10	1.091718E+0	8.341750E+10	1.089345E+0	8.385556E+10	2.591393E-2	3.075288E-2	-7.386149E-3	-4.838951E-3	2.778009E-2	-9.234434E+9	-9.217710E+9	-1.215441E+6	-1.672478E+7	-8.340565E+10
2.964960E+2	1.052255E+0	9.355165E+9	1.076061E+0	4.341668E+8	1.059679E+0	9.382053E+9	1.068010E+0	4.294856E+8	1.051769E+0	7.119497E+10	1.048597E+0	7.154396E+10	1.052684E+0	8.057702E+10	1.049019E+0	8.089912E+10	2.380561E-2	8.331066E-3	8.050503E-3	1.547455E-2	2.704230E-2	-8.920998E+9	-8.952568E+9	4.681181E+6	3.156944E+7	-8.046496E+10
2.970040E+2	9.295730E-1	8.318472E+9	9.690762E-1	3.931423E+8	9.167573E-1	8.179310E+9	9.566280E-1	3.868196E+8	9.200643E-1	6.271946E+10	9.172970E-1	6.302742E+10	9.196819E-1	7.089877E+10	9.187120E-1	7.134589E+10	3.950326E-2	3.987061E-2	1.244826E-2	-3.673526E-4	5.036425E-2	-7.925330E+9	-7.792490E+9	6.322736E+6	-1.328398E+8	-7.095275E+10
2.975020E+2	8.556902E-1	7.694147E+9	8.635750E-1	3.526867E+8	8.611299E-1	7.711183E+9	8.544358E-1	3.476740E+8	8.571668E-1	5.867185E+10	8.548640E-1	5.897781E+10	8.576251E-1	6.638303E+10	8.549592E-1	6.667196E+10	7.884744E-3	-6.694076E-3	9.139168E-3	1.457882E-2	8.615751E-3	-7.341460E+9	-7.363509E+9	5.012711E+6	2.204904E+7	-6.631927E+10
2.980040E+2	9.309118E-1	8.329786E+9	9.034812E-1	3.679892E+8	9.129348E-1	8.147142E+9	9.293660E-1	3.763767E+8	9.220186E-1	6.284522E+10	9.137628E-1	6.279818E+10	9.209680E-1	7.099236E+10	9.157394E-1	7.112797E+10	-2.743061E-2	1.643114E-2	-2.588476E-2	-4.386175E-2	-1.225821E-2	-7.961797E+9	-7.770765E+9	-8.387451E+6	-1.910316E+8	-7.075998E+10
2.985040E+2	1.040103E+0	9.252478E+9	1.058993E+0	4.276221E+8	1.041937E+0	9.232742E+9	1.054801E+0	4.244258E+8	1.038033E+0	7.031101E+10	1.039251E+0	7.093775E+10	1.038484E+0	7.954375E+10	1.039349E+0	8.019023E+10	1.889006E-2	1.286462E-2	4.192038E-3	6.025444E-3	1.964420E-2	-8.824856E+9	-8.808317E+9	3.196295E+6	-1.653950E+7	-7.976260E+10
2.990010E+2	1.116045E+0	9.894199E+9	1.070105E+0	4.318829E+8	1.111575E+0	9.818772E+9	1.107619E+0	4.446581E+8	1.123489E+0	7.581038E+10	1.125529E+0	7.653402E+10	1.122111E+0	8.562915E+10	1.124436E+0	8.642822E+10	-4.593964E-2	-3.955458E-3	-3.751416E-2	-4.198418E-2	-5.433085E-2	-9.462316E+9	-9.374114E+9	-1.277515E+7	-8.820224E+7	-8.599634E+10
2.995040E+2	1.076153E+0	9.557108E+9	1.085304E+0	4.377111E+8	1.086851E+0	9.610716E+9	1.117332E+0	4.483785E+8	1.081168E+0	7.308690E+10	1.085861E+0	7.396103E+10	1.081825E+0	8.269761E+10	1.084742E+0	8.351814E+10	9.150693E-3	3.048022E-2	-3.202767E-2	-2.132953E-2	5.617476E-4	-9.119396E+9	-9.162338E+9	-1.066739E+7	4.294113E+7	-8.308043E+10
3.000060E+2	9.810968E-1	8.753860E+9	1.018542E+0	4.121104E+8	9.855727E-1	8.758417E+9	9.364462E-1	3.790888E+8	9.781247E-1	6.645579E+10	9.807322E-1	6.714203E+10	9.789860E-1	7.521421E+10	9.807742E-1	7.589589E+10	3.744475E-2	-4.912645E-2	8.209538E-2	8.657120E-2	3.776736E-2	-8.341750E+9	-8.379328E+9	3.302157E+7	3.757826E+7	-7.548378E+10
