Photon Energy (eV)	X ref norm	X ref	X pump norm	X pump	Y ref norm	Y ref	Y pump norm	Y pump	X all norm	X all	Y all norm	Y all	X all Y ref norm	X all Y ref	Y all X ref norm	Y all X ref	BC(X hist) norm	BC(Y hist) norm	StS norm	BCSC norm	BCLR norm	BC(X hist)	BC(Y hist)	StS	BCSC	BCLR	
5.300220E+2	-6.231410E-3	1.227409E+9	-8.206339E-3	5.070547E+7	-5.038558E-3	1.261860E+9	-6.306371E-3	4.840070E+7	-6.074927E-3	8.693860E+9	-6.025499E-3	8.725242E+9	-5.943999E-3	9.955720E+9	-6.051409E-3	9.952652E+9	-1.974929E-3	-1.267813E-3	-1.899968E-3	-7.071153E-4	-2.154931E-3	-1.176704E+9	-1.213459E+9	2.304769E+6	3.675542E+7	-9.901946E+9
5.305130E+2	-3.081333E-3	1.315520E+9	-9.483143E-3	4.919972E+7	-4.750738E-3	1.269902E+9	-6.598819E-3	4.805555E+7	-4.036126E-3	9.087830E+9	-4.915394E-3	8.940958E+9	-4.126406E-3	1.035773E+10	-4.684613E-3	1.025648E+10	-6.401809E-3	-1.848081E-3	-2.884324E-3	-4.553729E-3	-4.798530E-3	-1.266320E+9	-1.221847E+9	1.144173E+6	-4.447375E+7	-1.020728E+10
5.310150E+2	-2.555668E-3	1.330224E+9	-7.790754E-4	5.946451E+7	-1.974851E-3	1.347467E+9	-3.291176E-3	5.195927E+7	-2.887953E-3	9.309698E+9	-2.241021E-3	9.460642E+9	-2.772598E-3	1.065716E+10	-2.280614E-3	1.079087E+10	1.776592E-3	-1.316325E-3	2.512100E-3	3.092917E-3	1.501538E-3	-1.270759E+9	-1.295507E+9	7.505243E+6	2.474818E+7	-1.073140E+10
5.315130E+2	-1.077412E-3	1.371572E+9	5.769057E-4	6.106363E+7	-9.287029E-4	1.376698E+9	-1.490040E-3	5.408499E+7	8.783429E-5	9.884727E+9	3.274583E-5	9.902480E+9	-4.058824E-5	1.126142E+10	-1.069461E-4	1.127405E+10	1.654317E-3	-5.613370E-4	2.066946E-3	2.215654E-3	6.838518E-4	-1.310508E+9	-1.322613E+9	6.978642E+6	1.210488E+7	-1.121299E+10
5.320220E+2	4.283395E-3	1.521519E+9	6.454918E-3	6.799563E+7	2.001997E-3	1.458588E+9	9.311676E-3	6.683331E+7	3.341314E-3	1.051342E+10	3.234323E-3	1.052461E+10	3.172113E-3	1.197200E+10	3.366329E-3	1.204613E+10	2.171523E-3	7.309679E-3	-2.856758E-3	-5.138156E-3	3.088589E-3	-1.453524E+9	-1.391755E+9	1.162322E+6	-6.176863E+7	-1.197813E+10
5.325170E+2	8.662428E-3	1.644005E+9	1.143673E-2	7.387073E+7	1.069085E-2	1.701374E+9	8.374730E-3	6.572751E+7	9.569859E-3	1.171699E+10	9.914845E-3	1.182277E+10	9.711478E-3	1.341837E+10	9.757253E-3	1.346677E+10	2.774305E-3	-2.316123E-3	3.062003E-3	5.090428E-3	1.679481E-3	-1.570134E+9	-1.635646E+9	8.143220E+6	6.551160E+7	-1.339290E+10
5.330280E+2	2.217280E-2	2.021904E+9	2.971000E-2	9.542057E+7	2.187764E-2	2.013956E+9	1.319724E-2	7.141910E+7	2.283406E-2	1.428011E+10	2.310981E-2	1.438681E+10	2.271324E-2	1.629407E+10	2.299190E-2	1.640872E+10	7.537200E-3	-8.680401E-3	1.651276E-2	1.621760E-2	6.718094E-3	-1.926483E+9	-1.942537E+9	2.400147E+7	1.605393E+7	-1.631330E+10
5.331630E+2	3.072845E-2	2.261214E+9	3.850127E-2	1.057882E+8	3.087909E-2	2.265476E+9	3.538532E-2	9.760574E+7	3.122727E-2	1.590198E+10	3.101370E-2	1.592269E+10	3.118328E-2	1.816746E+10	3.097780E-2	1.818391E+10	7.772817E-3	4.506228E-3	3.115945E-3	3.266589E-3	7.523465E-3	-2.155426E+9	-2.167871E+9	8.182458E+6	1.244456E+7	-1.807812E+10
5.333130E+2	3.896175E-2	2.491508E+9	5.032379E-2	1.197306E+8	3.677499E-2	2.430221E+9	5.066776E-2	1.156423E+8	4.131639E-2	1.785156E+10	3.941543E-2	1.755532E+10	4.074266E-2	2.028178E+10	3.935834E-2	2.004683E+10	1.136205E-2	1.389277E-2	-3.439677E-4	-2.530724E-3	1.096545E-2	-2.371778E+9	-2.314578E+9	4.088356E+6	-5.719924E+7	-1.992710E+10
5.334520E+2	5.376060E-2	2.905447E+9	4.905608E-2	1.182356E+8	4.885914E-2	2.767878E+9	5.484893E-2	1.205769E+8	5.396988E-2	2.029667E+10	5.135339E-2	1.987510E+10	5.332422E-2	2.306455E+10	5.165629E-2	2.278055E+10	-4.704520E-3	5.989789E-3	-5.792852E-3	-1.069431E-2	-2.600207E-3	-2.787212E+9	-2.647301E+9	-2.341339E+6	-1.399107E+8	-2.266231E+10
5.336080E+2	7.028988E-2	3.367788E+9	7.550388E-2	1.494257E+8	6.793099E-2	3.300786E+9	7.780897E-2	1.476747E+8	7.322938E-2	2.401830E+10	6.999276E-2	2.349710E+10	7.256002E-2	2.731908E+10	7.003015E-2	2.686489E+10	5.213998E-3	9.877983E-3	-2.305094E-3	-4.663986E-3	5.473728E-3	-3.218362E+9	-3.153112E+9	1.751086E+6	-6.525075E+7	-2.671547E+10
5.337580E+2	9.788056E-2	4.139527E+9	1.146037E-1	1.955366E+8	1.008245E-1	4.219901E+9	1.068846E-1	1.819900E+8	1.047738E-1	3.011380E+10	1.002436E-1	2.937544E+10	1.042748E-1	3.433370E+10	9.994622E-2	3.351496E+10	1.672318E-2	6.060122E-3	7.719151E-3	1.066306E-2	1.465751E-2	-3.943991E+9	-4.037911E+9	1.354654E+7	9.391973E+7	-3.331943E+10
5.339190E+2	1.646129E-1	6.006099E+9	1.947034E-1	2.899989E+8	1.659363E-1	6.039265E+9	1.487563E-1	2.314075E+8	1.773181E-1	4.413196E+10	1.673091E-1	4.240761E+10	1.758802E-1	5.017123E+10	1.669699E-1	4.841371E+10	3.009046E-2	-1.718000E-2	4.594709E-2	4.727046E-2	2.773351E-2	-5.716101E+9	-5.807857E+9	5.859133E+7	9.175683E+7	-4.812371E+10
5.340690E+2	2.708722E-1	8.978281E+9	3.638852E-1	4.895167E+8	2.719285E-1	9.000916E+9	2.739419E-1	3.791531E+8	2.954900E-1	6.696701E+10	2.719853E-1	6.274828E+10	2.925134E-1	7.596793E+10	2.718453E-1	7.172656E+10	9.301301E-2	2.013361E-3	8.994337E-2	9.099965E-2	9.203998E-2	-8.488765E+9	-8.621763E+9	1.103636E+8	1.329983E+8	-7.123704E+10
5.342040E+2	4.655622E-1	1.442396E+10	5.920083E-1	7.585444E+8	4.667757E-1	1.444537E+10	4.815023E-1	6.241185E+8	4.993089E-1	1.063521E+11	4.693447E-1	1.010991E+11	4.951989E-1	1.207975E+11	4.688688E-1	1.155231E+11	1.264461E-1	1.472662E-2	1.105060E-1	1.117195E-1	1.231395E-1	-1.366541E+10	-1.382125E+10	1.344260E+8	1.558327E+8	-1.147646E+11
5.343650E+2	7.901131E-1	2.350198E+10	9.102309E-1	1.133827E+9	7.948060E-1	2.361124E+10	7.893397E-1	9.874319E+8	8.318786E-1	1.706165E+11	7.940285E-1	1.641917E+11	8.271951E-1	1.942277E+11	7.935358E-1	1.876936E+11	1.201178E-1	-5.466292E-3	1.208912E-1	1.255841E-1	1.166951E-1	-2.236815E+10	-2.262381E+10	1.463955E+8	2.556552E+8	-1.865598E+11
5.345160E+2	1.216407E+0	3.542586E+10	1.332250E+0	1.631519E+9	1.216413E+0	3.539186E+10	1.245349E+0	1.525620E+9	1.247449E+0	2.509197E+11	1.211132E+0	2.452431E+11	1.243528E+0	2.863115E+11	1.211796E+0	2.806690E+11	1.158429E-1	2.893612E-2	8.690046E-2	8.690678E-2	1.204544E-1	-3.379434E+10	-3.386624E+10	1.058984E+8	7.189814E+7	-2.790375E+11
5.346620E+2	1.577379E+0	4.552260E+10	1.626631E+0	1.978685E+9	1.577354E+0	4.547733E+10	1.596594E+0	1.940163E+9	1.587611E+0	3.166512E+11	1.564712E+0	3.139508E+11	1.586316E+0	3.621285E+11	1.566306E+0	3.594734E+11	4.925261E-2	1.923948E-2	3.003726E-2	3.001313E-2	6.032548E-2	-4.354391E+10	-4.353716E+10	3.852204E+7	-6.749725E+6	-3.574947E+11
5.348280E+2	1.960817E+0	5.624776E+10	1.986010E+0	2.402505E+9	1.959331E+0	5.615057E+10	1.977134E+0	2.389281E+9	1.935510E+0	3.838777E+11	1.926114E+0	3.841785E+11	1.938520E+0	4.400282E+11	1.930481E+0	4.404262E+11	2.519370E-2	1.780323E-2	8.876432E-3	7.390469E-3	5.552955E-2	-5.384525E+10	-5.376129E+10	1.322344E+7	-8.396482E+7	-4.380237E+11
5.349740E+2	2.111132E+0	6.045222E+10	2.113830E+0	2.553244E+9	2.112215E+0	6.042249E+10	2.101770E+0	2.536378E+9	2.063538E+0	4.086173E+11	2.066422E+0	4.114431E+11	2.069688E+0	4.690398E+11	2.072048E+0	4.718953E+11	2.698444E-3	-1.044504E-2	1.205985E-2	1.314349E-2	4.178200E-2	-5.789897E+10	-5.788611E+10	1.686519E+7	-1.286233E+7	-4.693421E+11
5.351090E+2	2.060708E+0	5.904181E+10	2.016472E+0	2.438428E+9	2.060981E+0	5.899088E+10	2.045534E+0	2.470007E+9	2.007667E+0	3.978210E+11	2.023550E+0	4.031122E+11	2.014403E+0	4.568119E+11	2.028226E+0	4.621540E+11	-4.423613E-2	-1.544694E-2	-2.906196E-2	-2.878918E-2	-1.175396E-2	-5.660338E+10	-5.652088E+10	-3.157941E+7	-8.250849E+7	-4.597156E+11
5.352600E+2	1.821728E+0	5.235731E+10	1.700867E+0	2.066233E+9	1.809443E+0	5.196237E+10	1.839121E+0	2.226396E+9	1.772171E+0	3.523146E+11	1.787967E+0	3.573336E+11	1.776879E+0	4.042770E+11	1.792215E+0	4.096909E+11	-1.208611E-1	2.967783E-2	-1.382533E-1	-1.505389E-1	-9.134759E-2	-5.029108E+10	-4.973598E+10	-1.601635E+8	-5.551023E+8	-4.076247E+11
5.354110E+2	1.553624E+0	4.485815E+10	1.471893E+0	1.796201E+9	1.559588E+0	4.498090E+10	1.539661E+0	1.872970E+9	1.528242E+0	3.051788E+11	1.539992E+0	3.091472E+11	1.532202E+0	3.501597E+11	1.541707E+0	3.540053E+11	-8.173070E-2	-1.992723E-2	-6.776824E-2	-6.180347E-2	-6.981417E-2	-4.306194E+10	-4.310793E+10	-7.676956E+7	4.598701E+7	-3.522091E+11
5.355630E+2	1.289589E+0	3.747284E+10	1.262606E+0	1.549387E+9	1.297958E+0	3.767040E+10	1.268597E+0	1.553057E+9	1.275093E+0	2.562613E+11	1.285827E+0	2.597579E+11	1.277981E+0	2.939317E+11	1.286300E+0	2.972307E+11	-2.698339E-2	-2.936139E-2	-5.990905E-3	2.378003E-3	-2.369417E-2	-3.592346E+10	-3.611734E+10	-3.670307E+6	1.938855E+8	-2.956813E+11
5.357190E+2	1.128781E+0	3.297487E+10	1.090191E+0	1.346057E+9	1.126136E+0	3.286931E+10	1.133267E+0	1.393339E+9	1.119109E+0	2.261197E+11	1.125580E+0	2.286187E+11	1.119997E+0	2.589890E+11	1.125983E+0	2.615936E+11	-3.858976E-2	7.130806E-3	-4.307535E-2	-4.572056E-2	-3.579146E-2	-3.162882E+10	-3.147597E+10	-4.728221E+7	-1.528424E+8	-2.602476E+11
5.358650E+2	9.572647E-1	2.817738E+10	9.638982E-1	1.197118E+9	9.622491E-1	2.828996E+10	9.706400E-1	1.201405E+9	9.585044E-1	1.950851E+11	9.615512E-1	1.967447E+11	9.589775E-1	2.233751E+11	9.610118E-1	2.249220E+11	6.633545E-3	8.390834E-3	-6.741713E-3	-1.757290E-3	2.886435E-3	-2.698026E+10	-2.708856E+10	-4.286838E+6	1.082932E+8	-2.237249E+11
5.360120E+2	8.086517E-1	2.402052E+10	8.410848E-1	1.052283E+9	8.115545E-1	2.407923E+10	7.961502E-1	9.954698E+8	8.141651E-1	1.671936E+11	8.099801E-1	1.672914E+11	8.138353E-1	1.912729E+11	8.098130E-1	1.913119E+11	3.243309E-2	-1.540427E-2	4.493452E-2	4.783736E-2	3.127182E-2	-2.296824E+10	-2.308376E+10	5.681293E+7	1.155192E+8	-1.902596E+11
5.362730E+2	6.024368E-1	1.825248E+10	6.371599E-1	8.117921E+8	6.104616E-1	1.846026E+10	5.841397E-1	7.452524E+8	6.101299E-1	1.277667E+11	6.108474E-1	1.285959E+11	6.101718E-1	1.462270E+11	6.097891E-1	1.468484E+11	3.472305E-2	-2.632195E-2	5.302019E-2	6.104500E-2	2.737082E-2	-1.744069E+10	-1.771501E+10	6.653977E+7	2.743182E+8	-1.460366E+11
5.365140E+2	5.311255E-1	1.625783E+10	5.528594E-1	7.123757E+8	5.258213E-1	1.609523E+10	5.001234E-1	6.460953E+8	5.347214E-1	1.131951E+11	5.326459E-1	1.133998E+11	5.335970E-1	1.292903E+11	5.324545E-1	1.296576E+11	2.173385E-2	-2.569797E-2	5.273598E-2	4.743181E-2	2.040481E-2	-1.554546E+10	-1.544913E+10	6.628042E+7	-9.632251E+7	-1.289453E+11
5.367710E+2	5.187906E-1	1.591281E+10	5.323297E-1	6.881649E+8	5.205442E-1	1.594777E+10	5.269716E-1	6.777819E+8	5.294620E-1	1.121788E+11	5.207912E-1	1.110962E+11	5.283354E-1	1.281266E+11	5.205395E-1	1.270090E+11	1.353914E-2	6.427389E-3	5.358122E-3	7.111752E-3	1.179025E-2	-1.522465E+10	-1.526999E+10	1.038302E+7	4.534607E+7	-1.263209E+11
5.370010E+2	5.446288E-1	1.663553E+10	5.826436E-1	7.475006E+8	5.397846E-1	1.648539E+10	5.297233E-1	6.810295E+8	5.555206E-1	1.172142E+11	5.495387E-1	1.166824E+11	5.535326E-1	1.336996E+11	5.489209E-1	1.333180E+11	3.801480E-2	-1.006121E-2	5.292026E-2	4.807601E-2	3.372271E-2	-1.588803E+10	-1.580436E+10	6.647103E+7	-8.367066E+7	-1.325705E+11
5.372640E+2	6.320772E-1	1.908155E+10	6.275732E-1	8.004864E+8	6.360472E-1	1.917518E+10	6.017047E-1	7.659828E+8	6.405975E-1	1.336541E+11	6.334918E-1	1.329962E+11	6.400227E-1	1.528293E+11	6.333138E-1	1.520777E+11	-4.504019E-3	-3.434250E-2	2.586848E-2	2.983848E-2	-5.740602E-3	-1.828107E+10	-1.840919E+10	3.450364E+7	1.281264E+8	-1.512772E+11
5.375160E+2	7.466533E-1	2.228636E+10	7.800862E-1	9.803465E+8	7.502172E-1	2.236533E+10	7.496547E-1	9.405952E+8	7.578061E-1	1.563030E+11	7.483464E-1	1.553147E+11	7.568473E-1	1.786684E+11	7.481334E-1	1.776011E+11	3.343292E-2	-5.625167E-4	3.043152E-2	3.399544E-2	3.195286E-2	-2.130602E+10	-2.142474E+10	3.975136E+7	1.187196E+8	-1.766207E+11
5.377580E+2	8.485586E-1	2.513676E+10	8.910747E-1	1.111236E+9	8.461762E-1	2.504663E+10	8.183399E-1	1.021658E+9	8.527095E-1	1.746418E+11	8.440353E-1	1.739090E+11	8.518841E-1	1.996884E+11	8.446045E-1	1.990457E+11	4.251614E-2	-2.783632E-2	7.273483E-2	7.035247E-2	4.647027E-2	-2.402552E+10	-2.402497E+10	8.957808E+7	-5.477104E+5	-1.979345E+11
5.380160E+2	9.786132E-1	2.877452E+10	1.006703E+0	1.247598E+9	9.828544E-1	2.886572E+10	9.637114E-1	1.193228E+9	9.888962E-1	2.009579E+11	9.811645E-1	2.005559E+11	9.881330E-1	2.298237E+11	9.808434E-1	2.293304E+11	2.808948E-2	-1.914301E-2	4.299128E-2	4.723249E-2	2.585928E-2	-2.752692E+10	-2.767249E+10	5.437002E+7	1.455668E+8	-2.280828E+11
5.382690E+2	1.124967E+0	3.286818E+10	1.110541E+0	1.370055E+9	1.134287E+0	3.309707E+10	1.129037E+0	1.388346E+9	1.137599E+0	2.296926E+11	1.126806E+0	2.288570E+11	1.137180E+0	2.627896E+11	1.126575E+0	2.617251E+11	-1.442572E-2	-5.250404E-3	-1.849528E-2	-9.175312E-3	-1.603331E-2	-3.149813E+10	-3.170872E+10	-1.829089E+7	2.105922E+8	-2.603551E+11
5.385170E+2	1.375127E+0	3.986542E+10	1.410478E+0	1.723774E+9	1.358389E+0	3.935897E+10	1.333961E+0	1.630201E+9	1.369838E+0	2.745695E+11	1.360246E+0	2.742190E+11	1.368391E+0	3.139284E+11	1.362118E+0	3.140844E+11	3.535127E-2	-2.442834E-2	7.651733E-2	5.977961E-2	4.835996E-2	-3.814164E+10	-3.772877E+10	9.357347E+7	-4.128733E+8	-3.123606E+11
5.387650E+2	1.583440E+0	4.569213E+10	1.633739E+0	1.987067E+9	1.576614E+0	4.545663E+10	1.527294E+0	1.858375E+9	1.573567E+0	3.139372E+11	1.564824E+0	3.139725E+11	1.573952E+0	3.593938E+11	1.567166E+0	3.596646E+11	5.029910E-2	-4.931956E-2	1.064445E-1	9.961866E-2	6.657263E-2	-4.370506E+10	-4.359825E+10	1.286924E+8	-1.068091E+8	-3.576775E+11
5.390240E+2	1.777098E+0	5.110895E+10	1.776066E+0	2.154915E+9	1.762607E+0	5.065369E+10	1.781058E+0	2.157870E+9	1.752535E+0	3.485204E+11	1.743568E+0	3.487062E+11	1.753808E+0	3.991741E+11	1.747787E+0	3.998151E+11	-1.032063E-3	1.845111E-2	-4.992718E-3	-1.948317E-2	2.827816E-2	-4.895403E+10	-4.849582E+10	-2.955628E+6	-4.582136E+8	-3.976602E+11
5.392720E+2	1.938604E+0	5.562645E+10	1.969135E+0	2.382604E+9	1.916162E+0	5.494434E+10	1.886082E+0	2.281820E+9	1.897872E+0	3.766046E+11	1.892853E+0	3.777152E+11	1.900182E+0	4.315489E+11	1.898610E+0	4.333416E+11	3.053093E-2	-3.008027E-2	8.305326E-2	6.061120E-2	7.052495E-2	-5.324384E+10	-5.266252E+10	1.007831E+8	-5.813224E+8	-4.309590E+11
5.395160E+2	2.036894E+0	5.837570E+10	1.981010E+0	2.396608E+9	2.011745E+0	5.761514E+10	1.973795E+0	2.385341E+9	1.991455E+0	3.946881E+11	1.988531E+0	3.963072E+11	1.994018E+0	4.523033E+11	1.994616E+0	4.546829E+11	-5.588318E-2	-3.794990E-2	7.214979E-3	-1.793328E-2	-1.360583E-2	-5.597909E+10	-5.522980E+10	1.126708E+7	-7.492928E+8	-4.522863E+11
5.397810E+2	2.063591E+0	5.912245E+10	2.065132E+0	2.495814E+9	2.056870E+0	5.887602E+10	2.089163E+0	2.521499E+9	2.019502E+0	4.001078E+11	2.019866E+0	4.023963E+11	2.024223E+0	4.589839E+11	2.025368E+0	4.615188E+11	1.541575E-3	3.229273E-2	-2.403038E-2	-3.075115E-2	3.976410E-2	-5.662663E+10	-5.635452E+10	-2.568499E+7	-2.721121E+8	-4.590230E+11
5.400240E+2	2.021633E+0	5.794884E+10	2.006194E+0	2.426308E+9	2.018968E+0	5.781697E+10	1.973570E+0	2.385075E+9	1.978231E+0	3.921328E+11	1.983649E+0	3.953587E+11	1.983377E+0	4.499498E+11	1.988429E+0	4.533075E+11	-1.543837E-2	-4.539864E-2	3.262459E-2	2.996028E-2	1.776553E-2	-5.552253E+10	-5.543190E+10	4.123309E+7	-9.063642E+7	-4.508812E+11
5.402850E+2	1.919559E+0	5.509375E+10	1.796740E+0	2.179297E+9	1.930168E+0	5.533569E+10	1.887337E+0	2.283302E+9	1.883593E+0	3.738455E+11	1.887490E+0	3.766729E+11	1.889477E+0	4.291812E+11	1.891525E+0	4.317667E+11	-1.228192E-1	-4.283042E-2	-9.059711E-2	-7.998874E-2	-9.478464E-2	-5.291445E+10	-5.305239E+10	-1.040056E+8	1.379389E+8	-4.295874E+11
5.405130E+2	1.802140E+0	5.180940E+10	1.796775E+0	2.179338E+9	1.796002E+0	5.158682E+10	1.829436E+0	2.214966E+9	1.770822E+0	3.520540E+11	1.767544E+0	3.533651E+11	1.774003E+0	4.036408E+11	1.771897E+0	4.051745E+11	-5.364744E-3	3.343363E-2	-3.266079E-2	-3.879838E-2	2.487781E-2	-4.963006E+10	-4.937185E+10	-3.562852E+7	-2.582123E+8	-4.029952E+11
5.407680E+2	1.718124E+0	4.945938E+10	1.672957E+0	2.033318E+9	1.707746E+0	4.912074E+10	1.676547E+0	2.034525E+9	1.685925E+0	3.356488E+11	1.686832E+0	3.376812E+11	1.688681E+0	3.847696E+11	1.690770E+0	3.871405E+11	-4.516653E-2	-3.119840E-2	-3.590110E-3	-1.396813E-2	-1.781238E-2	-4.742606E+10	-4.708621E+10	-1.207199E+6	-3.398523E+8	-3.851072E+11
5.410290E+2	1.622832E+0	4.679399E+10	1.605105E+0	1.953300E+9	1.635874E+0	4.711249E+10	1.590320E+0	1.932759E+9	1.609463E+0	3.208736E+11	1.609649E+0	3.226830E+11	1.612799E+0	3.679861E+11	1.611308E+0	3.694770E+11	-1.772695E-2	-4.555375E-2	1.478501E-2	2.782680E-2	-6.202544E-3	-4.484069E+10	-4.517973E+10	2.054058E+7	3.390463E+8	-3.675237E+11
5.412790E+2	1.547595E+0	4.468952E+10	1.521135E+0	1.854273E+9	1.539978E+0	4.443296E+10	1.494923E+0	1.820170E+9	1.525513E+0	3.046514E+11	1.522873E+0	3.058207E+11	1.527340E+0	3.490844E+11	1.525984E+0	3.505102E+11	-2.645974E-2	-4.505563E-2	2.621227E-2	1.859589E-2	-4.848925E-3	-4.283524E+10	-4.261279E+10	3.410295E+7	-2.224530E+8	-3.486559E+11
5.415140E+2	1.396841E+0	4.047277E+10	1.341783E+0	1.642762E+9	1.391516E+0	4.028460E+10	1.370112E+0	1.672866E+9	1.380819E+0	2.766914E+11	1.380220E+0	2.781003E+11	1.382170E+0	3.169760E+11	1.382311E+0	3.185730E+11	-5.505743E-2	-2.140412E-2	-2.832831E-2	-3.365331E-2	-4.052769E-2	-3.883001E+10	-3.861173E+10	-3.010465E+7	-2.182821E+8	-3.169303E+11
5.417760E+2	1.207312E+0	3.517144E+10	1.191849E+0	1.465942E+9	1.204831E+0	3.506822E+10	1.223827E+0	1.500219E+9	1.197715E+0	2.413092E+11	1.197747E+0	2.426421E+11	1.198614E+0	2.763774E+11	1.198950E+0	2.778136E+11	-1.546294E-2	1.899622E-2	-3.197860E-2	-3.445916E-2	-7.101537E-3	-3.370550E+10	-3.356800E+10	-3.427745E+7	-1.375037E+8	-2.763476E+11
5.420160E+2	1.047890E+0	3.071227E+10	1.055367E+0	1.304988E+9	1.040443E+0	3.047488E+10	1.004988E+0	1.241943E+9	1.044963E+0	2.117921E+11	1.045962E+0	2.131473E+11	1.044392E+0	2.422670E+11	1.046204E+0	2.438596E+11	7.476974E-3	-3.545500E-2	5.037901E-2	4.293197E-2	9.162973E-3	-2.940729E+10	-2.923293E+10	6.304519E+7	-1.743529E+8	-2.425546E+11
5.422670E+2	9.510433E-1	2.800336E+10	9.583302E-1	1.190551E+9	9.436563E-1	2.777044E+10	9.255100E-1	1.148142E+9	9.530264E-1	1.940266E+11	9.423281E-1	1.930092E+11	9.518426E-1	2.217970E+11	9.434247E-1	2.210126E+11	7.286945E-3	-1.814628E-2	3.282023E-2	2.543323E-2	1.490549E-2	-2.681281E+10	-2.662229E+10	4.240967E+7	-1.905149E+8	-2.198220E+11
5.425300E+2	9.396288E-1	2.768408E+10	9.769914E-1	1.212559E+9	9.282166E-1	2.733902E+10	9.379758E-1	1.162854E+9	9.405240E-1	1.916107E+11	9.306418E-1	1.907383E+11	9.389692E-1	2.189497E+11	9.317726E-1	2.184224E+11	3.736262E-2	9.759195E-3	3.901558E-2	2.760343E-2	4.521879E-2	-2.647153E+10	-2.617616E+10	4.970466E+7	-2.953617E+8	-2.172099E+11
5.427650E+2	1.011530E+0	2.969523E+10	1.057565E+0	1.307580E+9	1.003787E+0	2.945061E+10	1.022094E+0	1.262131E+9	1.020971E+0	2.071560E+11	1.005204E+0	2.052273E+11	1.018800E+0	2.366066E+11	1.006000E+0	2.349225E+11	4.603498E-2	1.830708E-2	3.547104E-2	2.772790E-2	5.156467E-2	-2.838765E+10	-2.818848E+10	4.544864E+7	-1.991735E+8	-2.336150E+11
5.430170E+2	1.139997E+0	3.328859E+10	1.121214E+0	1.382641E+9	1.140461E+0	3.326957E+10	1.169057E+0	1.435578E+9	1.150573E+0	2.321997E+11	1.140881E+0	2.315921E+11	1.149295E+0	2.654692E+11	1.140770E+0	2.648807E+11	-1.878342E-2	2.859594E-2	-4.784302E-2	-4.737936E-2	-1.955662E-2	-3.190595E+10	-3.183399E+10	-5.293708E+7	-7.195240E+7	-2.634980E+11
5.432800E+2	1.287634E+0	3.741814E+10	1.323099E+0	1.620726E+9	1.302405E+0	3.779465E+10	1.216206E+0	1.491225E+9	1.291845E+0	2.594986E+11	1.284246E+0	2.594506E+11	1.293180E+0	2.972932E+11	1.284672E+0	2.968687E+11	3.546493E-2	-8.619908E-2	1.068926E-1	1.216640E-1	3.842665E-2	-3.579741E+10	-3.630343E+10	1.295016E+8	5.060139E+8	-2.952480E+11
5.435540E+2	1.451806E+0	4.201022E+10	1.416432E+0	1.730796E+9	1.445085E+0	4.178144E+10	1.429250E+0	1.742662E+9	1.433925E+0	2.869535E+11	1.431344E+0	2.880348E+11	1.435335E+0	3.287349E+11	1.433919E+0	3.300450E+11	-3.537428E-2	-1.583502E-2	-1.281812E-2	-1.953926E-2	-1.748680E-2	-4.027942E+10	-4.003878E+10	-1.186669E+7	-2.406426E+8	-3.283142E+11
5.437640E+2	1.507935E+0	4.358018E+10	1.452240E+0	1.773025E+9	1.518773E+0	4.384044E+10	1.500616E+0	1.826888E+9	1.497253E+0	2.991907E+11	1.499797E+0	3.013365E+11	1.499972E+0	3.430311E+11	1.500821E+0	3.449167E+11	-5.569434E-2	-1.815764E-2	-4.837524E-2	-3.753670E-2	-4.858067E-2	-4.180716E+10	-4.201355E+10	-5.386396E+7	2.063953E+8	-3.431437E+11
5.440120E+2	1.577538E+0	4.552707E+10	1.556948E+0	1.896507E+9	1.573524E+0	4.537029E+10	1.614982E+0	1.961865E+9	1.550931E+0	3.095633E+11	1.555217E+0	3.121057E+11	1.553786E+0	3.549336E+11	1.558026E+0	3.576328E+11	-2.059079E-2	4.145806E-2	-5.803426E-2	-6.204885E-2	-1.077911E-3	-4.363056E+10	-4.340843E+10	-6.535815E+7	-2.221369E+8	-3.557363E+11
5.442860E+2	1.575178E+0	4.546106E+10	1.531243E+0	1.866193E+9	1.571385E+0	4.531052E+10	1.601184E+0	1.945580E+9	1.557171E+0	3.107689E+11	1.556935E+0	3.124397E+11	1.558966E+0	3.560795E+11	1.559231E+0	3.579007E+11	-4.393507E-2	2.979905E-2	-6.994062E-2	-7.373412E-2	-2.798765E-2	-4.359486E+10	-4.336494E+10	-7.938699E+7	-2.299195E+8	-3.560345E+11
5.445290E+2	1.549366E+0	4.473907E+10	1.559978E+0	1.900081E+9	1.543294E+0	4.452561E+10	1.601910E+0	1.946438E+9	1.531717E+0	3.058504E+11	1.534645E+0	3.081082E+11	1.533180E+0	3.503760E+11	1.536498E+0	3.528473E+11	1.061167E-2	5.861625E-2	-4.193225E-2	-4.800458E-2	2.348053E-2	-4.283899E+10	-4.257917E+10	-4.635710E+7	-2.598200E+8	-3.509472E+11
5.447660E+2	1.457167E+0	4.216016E+10	1.417207E+0	1.731709E+9	1.459702E+0	4.218986E+10	1.475712E+0	1.797497E+9	1.440397E+0	2.882040E+11	1.444184E+0	2.905298E+11	1.442836E+0	3.303939E+11	1.445818E+0	3.326900E+11	-3.996017E-2	1.601024E-2	-5.850542E-2	-5.597041E-2	-2.861084E-2	-4.042845E+10	-4.039236E+10	-6.578811E+7	-3.608179E+7	-3.309582E+11
5.450200E+2	1.367115E+0	3.964131E+10	1.366881E+0	1.672360E+9	1.361120E+0	3.943528E+10	1.376027E+0	1.679848E+9	1.350589E+0	2.708499E+11	1.347853E+0	2.718107E+11	1.351919E+0	3.102852E+11	1.350276E+0	3.114520E+11	-2.338848E-4	1.490703E-2	-9.146259E-3	-1.514091E-2	1.660483E-2	-3.796895E+10	-3.775543E+10	-7.488401E+6	-2.135195E+8	-3.097796E+11
5.452740E+2	1.285166E+0	3.734912E+10	1.299024E+0	1.592334E+9	1.279100E+0	3.714346E+10	1.318875E+0	1.612397E+9	1.267013E+0	2.547001E+11	1.272313E+0	2.571318E+11	1.268540E+0	2.918436E+11	1.273930E+0	2.944810E+11	1.385737E-2	3.977534E-2	-1.985186E-2	-2.591797E-2	2.509340E-2	-3.575679E+10	-3.553106E+10	-2.006204E+7	-2.257241E+8	-2.928886E+11
5.455290E+2	1.227219E+0	3.572828E+10	1.204457E+0	1.480812E+9	1.220125E+0	3.549557E+10	1.236989E+0	1.515753E+9	1.219743E+0	2.455658E+11	1.216976E+0	2.463787E+11	1.219791E+0	2.810614E+11	1.218265E+0	2.821070E+11	-2.276164E-2	1.686389E-2	-3.253156E-2	-3.962553E-2	-1.380736E-2	-3.424746E+10	-3.397981E+10	-3.494144E+7	-2.676510E+8	-2.806262E+11
5.457990E+2	1.194722E+0	3.481930E+10	1.159225E+0	1.427469E+9	1.196532E+0	3.483633E+10	1.213789E+0	1.488372E+9	1.192744E+0	2.403487E+11	1.189986E+0	2.411340E+11	1.193223E+0	2.751850E+11	1.190582E+0	2.759533E+11	-3.549659E-2	1.725642E-2	-5.456329E-2	-5.275301E-2	-3.135643E-2	-3.339183E+10	-3.334796E+10	-6.090273E+7	-4.387052E+7	-2.745259E+11
5.460060E+2	1.184064E+0	3.452119E+10	1.208032E+0	1.485027E+9	1.186861E+0	3.456610E+10	1.137609E+0	1.398463E+9	1.179800E+0	2.378474E+11	1.178210E+0	2.388457E+11	1.180692E+0	2.724135E+11	1.178946E+0	2.733669E+11	2.396764E-2	-4.925211E-2	7.042309E-2	7.321976E-2	2.908552E-2	-3.303617E+10	-3.316763E+10	8.656367E+7	1.314657E+8	-2.718819E+11
5.467710E+2	1.234867E+0	3.594221E+10	1.222869E+0	1.502525E+9	1.231105E+0	3.580238E+10	1.217811E+0	1.493119E+9	1.232020E+0	2.479382E+11	1.228191E+0	2.485580E+11	1.231904E+0	2.837405E+11	1.229031E+0	2.845002E+11	-1.199789E-2	-1.329436E-2	5.058454E-3	1.296472E-3	-6.161325E-3	-3.443969E+10	-3.430926E+10	9.406144E+6	-1.304214E+8	-2.829977E+11
5.475120E+2	1.322279E+0	3.838720E+10	1.302056E+0	1.595911E+9	1.324756E+0	3.841919E+10	1.322962E+0	1.617219E+9	1.325059E+0	2.659167E+11	1.321949E+0	2.667770E+11	1.325021E+0	3.043359E+11	1.321990E+0	3.051642E+11	-2.022279E-2	-1.794457E-3	-2.090601E-2	-1.842833E-2	-1.993418E-2	-3.679128E+10	-3.680197E+10	-2.130890E+7	1.068965E+7	-3.035683E+11
5.482600E+2	1.399669E+0	4.055187E+10	1.429041E+0	1.745666E+9	1.408583E+0	4.076149E+10	1.416248E+0	1.727317E+9	1.392940E+0	2.790337E+11	1.390191E+0	2.800378E+11	1.394917E+0	3.197952E+11	1.391383E+0	3.205897E+11	2.937259E-2	7.665209E-3	1.279307E-2	2.170738E-2	3.765802E-2	-3.880621E+10	-3.903417E+10	1.834856E+7	2.279662E+8	-3.188440E+11
5.490490E+2	1.392666E+0	4.035601E+10	1.385087E+0	1.693829E+9	1.387887E+0	4.018319E+10	1.357275E+0	1.657716E+9	1.378445E+0	2.762327E+11	1.377549E+0	2.775813E+11	1.379638E+0	3.164159E+11	1.379451E+0	3.179373E+11	-7.579747E-3	-3.061157E-2	2.781138E-2	2.303183E-2	5.635284E-3	-3.866218E+10	-3.852547E+10	3.611302E+7	-1.367031E+8	-3.162435E+11
5.497850E+2	1.374972E+0	3.986107E+10	1.348577E+0	1.650773E+9	1.366393E+0	3.958260E+10	1.382467E+0	1.687448E+9	1.363804E+0	2.734036E+11	1.361892E+0	2.745388E+11	1.364131E+0	3.129862E+11	1.363538E+0	3.143998E+11	-2.639477E-2	1.607423E-2	-3.388969E-2	-4.246900E-2	-1.496047E-2	-3.821030E+10	-3.789515E+10	-3.667439E+7	-3.151532E+8	-3.127491E+11
5.505170E+2	1.338223E+0	3.883318E+10	1.340691E+0	1.641473E+9	1.343639E+0	3.894680E+10	1.347540E+0	1.646226E+9	1.334843E+0	2.678073E+11	1.330945E+0	2.685252E+11	1.335954E+0	3.067541E+11	1.331861E+0	3.073584E+11	2.467583E-3	3.900906E-3	-6.848588E-3	-1.433323E-3	8.830196E-3	-3.719171E+10	-3.730058E+10	-4.753026E+6	1.088676E+8	-3.057169E+11
5.512620E+2	1.303560E+0	3.786362E+10	1.298157E+0	1.591313E+9	1.307531E+0	3.793788E+10	1.330860E+0	1.626541E+9	1.302110E+0	2.614820E+11	1.298699E+0	2.622591E+11	1.302794E+0	2.994198E+11	1.299310E+0	3.001227E+11	-5.403332E-3	2.332941E-2	-3.270322E-2	-2.873274E-2	-1.153241E-3	-3.627231E+10	-3.631133E+10	-3.522860E+7	3.902229E+7	-2.985314E+11
5.520260E+2	1.266395E+0	3.682408E+10	1.268211E+0	1.555997E+9	1.266689E+0	3.679666E+10	1.276632E+0	1.562540E+9	1.258616E+0	2.530775E+11	1.257889E+0	2.543289E+11	1.259636E+0	2.898742E+11	1.258959E+0	2.911530E+11	1.815667E-3	9.943089E-3	-8.420633E-3	-8.127422E-3	9.251931E-3	-3.526809E+10	-3.523412E+10	-6.542960E+6	-3.396991E+7	-2.895970E+11
5.527650E+2	1.225365E+0	3.567641E+10	1.223986E+0	1.503842E+9	1.228254E+0	3.572270E+10	1.254199E+0	1.536065E+9	1.223769E+0	2.463438E+11	1.221747E+0	2.473058E+11	1.224336E+0	2.820665E+11	1.222202E+0	2.829822E+11	-1.378593E-3	2.594561E-2	-3.021340E-2	-2.732421E-2	1.783956E-3	-3.417257E+10	-3.418664E+10	-3.222314E+7	1.407187E+7	-2.814784E+11
5.535440E+2	1.170476E+0	3.414112E+10	1.170324E+0	1.440558E+9	1.173129E+0	3.418241E+10	1.143888E+0	1.405874E+9	1.167253E+0	2.354230E+11	1.167812E+0	2.368252E+11	1.167996E+0	2.696054E+11	1.168147E+0	2.709663E+11	-1.519298E-4	-2.924135E-2	2.643616E-2	2.908942E-2	2.177036E-3	-3.270056E+10	-3.277653E+10	3.468379E+7	7.597083E+7	-2.695258E+11
5.542580E+2	1.098581E+0	3.213014E+10	1.091301E+0	1.347365E+9	1.117000E+0	3.261404E+10	1.110204E+0	1.366119E+9	1.106943E+0	2.237688E+11	1.106575E+0	2.249257E+11	1.108214E+0	2.563829E+11	1.105569E+0	2.570558E+11	-7.279635E-3	-6.796625E-3	-1.890236E-2	-4.830100E-4	-1.426797E-2	-3.078277E+10	-3.124792E+10	-1.875396E+7	4.651470E+8	-2.557085E+11
5.550190E+2	1.031283E+0	3.024774E+10	1.054454E+0	1.303911E+9	1.032643E+0	3.025692E+10	1.051327E+0	1.296633E+9	1.026598E+0	2.082434E+11	1.021833E+0	2.084586E+11	1.027362E+0	2.385003E+11	1.023022E+0	2.387063E+11	2.317111E-2	1.868409E-2	3.126433E-3	4.487016E-3	3.143184E-2	-2.894382E+10	-2.896029E+10	7.277944E+6	1.646317E+7	-2.374024E+11
5.557660E+2	9.584212E-1	2.820973E+10	9.902143E-1	1.228153E+9	9.704635E-1	2.851949E+10	9.399516E-1	1.165186E+9	9.599137E-1	1.953575E+11	9.580366E-1	1.960617E+11	9.612465E-1	2.238770E+11	9.580850E-1	2.242714E+11	3.179307E-2	-3.051185E-2	5.026265E-2	6.230493E-2	3.212923E-2	-2.698158E+10	-2.735430E+10	6.296666E+7	3.727249E+8	-2.230433E+11
5.560240E+2	9.505802E-1	2.799041E+10	9.472323E-1	1.177464E+9	9.434454E-1	2.776454E+10	9.735685E-1	1.204861E+9	9.504302E-1	1.935249E+11	9.471476E-1	1.939458E+11	9.495478E-1	2.212895E+11	9.475795E-1	2.219362E+11	-3.347826E-3	3.012301E-2	-2.633611E-2	-3.347084E-2	-3.471946E-4	-2.681294E+10	-2.655968E+10	-2.739735E+7	-2.532595E+8	-2.207587E+11
5.565200E+2	9.537447E-1	2.807892E+10	9.462438E-1	1.176298E+9	9.543699E-1	2.806980E+10	9.854858E-1	1.218926E+9	9.543860E-1	1.942893E+11	9.521761E-1	1.949229E+11	9.543840E-1	2.223591E+11	9.523735E-1	2.230018E+11	-7.500936E-3	3.111591E-2	-3.924204E-2	-3.861684E-2	-6.129704E-3	-2.690262E+10	-2.685087E+10	-4.262819E+7	-5.175273E+7	-2.218255E+11
5.570560E+2	9.841224E-1	2.892862E+10	1.001955E+0	1.241998E+9	9.834686E-1	2.888288E+10	9.599647E-1	1.188806E+9	9.836888E-1	1.999517E+11	9.842688E-1	2.011591E+11	9.836610E-1	2.288346E+11	9.842504E-1	2.300878E+11	1.783224E-2	-2.350398E-2	4.198998E-2	4.133622E-2	1.770426E-2	-2.768662E+10	-2.769407E+10	5.319255E+7	7.454296E+6	-2.288458E+11
5.575360E+2	1.007013E+0	2.956888E+10	1.024533E+0	1.268625E+9	1.007980E+0	2.956778E+10	9.762041E-1	1.207972E+9	1.004023E+0	2.038810E+11	1.003689E+0	2.049328E+11	1.004523E+0	2.334487E+11	1.004107E+0	2.345017E+11	1.752000E-2	-3.177576E-2	4.832851E-2	4.929577E-2	2.042569E-2	-2.830026E+10	-2.835980E+10	6.065299E+7	5.954852E+7	-2.332331E+11
5.580170E+2	9.974555E-1	2.930156E+10	9.898940E-1	1.227775E+9	9.947104E-1	2.919700E+10	1.011393E+0	1.249502E+9	1.000821E+0	2.032623E+11	1.002354E+0	2.046734E+11	1.000049E+0	2.324593E+11	1.001737E+0	2.339749E+11	-7.561502E-3	1.668298E-2	-2.149932E-2	-2.424449E-2	-1.184325E-2	-2.807378E+10	-2.794749E+10	-2.172740E+7	-1.262892E+8	-2.327472E+11
5.585160E+2	1.003555E+0	2.947215E+10	1.012763E+0	1.254744E+9	1.000764E+0	2.936616E+10	9.725356E-1	1.203642E+9	9.986949E-1	2.028514E+11	9.996956E-1	2.041569E+11	9.989564E-1	2.322176E+11	1.000181E+0	2.336290E+11	9.208248E-3	-2.822882E-2	4.022715E-2	3.743707E-2	1.258164E-2	-2.821741E+10	-2.816252E+10	5.110228E+7	-5.489039E+7	-2.323743E+11
5.590160E+2	9.954029E-1	2.924414E+10	9.928910E-1	1.231309E+9	1.001966E+0	2.939975E+10	9.694221E-1	1.199967E+9	9.989186E-1	2.028946E+11	9.983210E-1	2.038898E+11	9.993036E-1	2.322944E+11	9.979538E-1	2.331339E+11	-2.511932E-3	-3.254428E-2	2.346885E-2	3.003235E-2	-5.062808E-3	-2.801284E+10	-2.819978E+10	3.134187E+7	1.869436E+8	-2.319026E+11
5.595110E+2	9.957841E-1	2.925481E+10	9.837792E-1	1.220564E+9	1.009599E+0	2.961301E+10	1.006168E+0	1.243336E+9	1.003953E+0	2.038675E+11	1.006897E+0	2.055563E+11	1.004667E+0	2.334806E+11	1.005499E+0	2.348111E+11	-1.200482E-2	-3.430317E-3	-2.238916E-2	-8.574502E-3	-2.171943E-2	-2.803424E+10	-2.836967E+10	-2.277209E+7	3.354316E+8	-2.335905E+11
5.600520E+2	1.018909E+0	2.990163E+10	9.837954E-1	1.220583E+9	1.012769E+0	2.970161E+10	1.024324E+0	1.264763E+9	1.015346E+0	2.060690E+11	1.012187E+0	2.065842E+11	1.015021E+0	2.357706E+11	1.013033E+0	2.364858E+11	-3.511349E-2	1.155461E-2	-4.052861E-2	-4.666810E-2	-2.923725E-2	-2.868105E+10	-2.843684E+10	-4.418050E+7	-2.442061E+8	-2.352652E+11
5.605150E+2	1.006836E+0	2.956395E+10	1.010174E+0	1.251691E+9	9.980438E-1	2.929014E+10	1.015174E+0	1.253965E+9	1.005023E+0	2.040743E+11	9.998984E-1	2.041963E+11	1.004142E+0	2.333644E+11	1.000771E+0	2.337602E+11	3.337470E-3	1.713065E-2	-5.000730E-3	-1.379318E-2	9.402293E-3	-2.831226E+10	-2.803618E+10	-2.273871E+6	-2.760804E+8	-2.325085E+11
5.610180E+2	9.909228E-1	2.911883E+10	1.000217E+0	1.239948E+9	9.906983E-1	2.908489E+10	1.064813E+0	1.312549E+9	9.895304E-1	2.010805E+11	9.926901E-1	2.027956E+11	9.896779E-1	2.301654E+11	9.924677E-1	2.319144E+11	9.293774E-3	7.411491E-2	-6.459666E-2	-6.482114E-2	7.748851E-3	-2.787888E+10	-2.777234E+10	-7.260073E+7	-1.065403E+8	-2.306744E+11
