Photon Energy (eV)	X ref norm	X ref	X pump norm	X pump	Y ref norm	Y ref	Y pump norm	Y pump	X all norm	X all	Y all norm	Y all	X all Y ref norm	X all Y ref	Y all X ref norm	Y all X ref	BC(X hist) norm	BC(Y hist) norm	StS norm	BCSC norm	BCLR norm	BC(X hist)	BC(Y hist)	StS	BCSC	BCLR	
1.550000E+3	1.971022E-1	2.005402E+10	2.923234E-1	1.201904E+9	-2.669864E+0	1.997295E+10	-3.434987E-1	1.219628E+9	6.696545E-2	2.072685E+11	-4.435994E-1	2.024283E+11	-4.359987E-2	2.272415E+11	-3.639853E-1	2.224823E+11	9.522123E-2	2.326366E+0	6.358221E-1	-2.231144E+0	6.563087E-1	-1.885212E+10	-1.875332E+10	-1.772409E+7	-9.880097E+7	-2.212804E+11
1.850000E+3	-7.296865E-3	1.997361E+10	8.615566E-1	1.223077E+9	1.133185E+0	2.028978E+10	-2.293427E+0	1.174243E+9	2.550923E-1	2.076408E+11	4.162849E-1	2.048125E+11	2.905664E-1	2.279306E+11	3.636503E-1	2.247861E+11	8.688535E-1	-3.426612E+0	3.154984E+0	4.295466E+0	4.979063E-1	-1.875053E+10	-1.911554E+10	4.883448E+7	3.650055E+8	-2.235630E+11
2.150000E+3	-1.285610E-1	1.992590E+10	5.208308E-1	1.210403E+9	-2.972527E-2	2.019290E+10	1.498459E+0	1.262500E+9	-1.781298E-1	2.067835E+11	-1.771425E-1	2.031671E+11	-1.721344E-1	2.269764E+11	-1.711058E-1	2.230930E+11	6.493918E-1	1.528184E+0	-9.776279E-1	-8.787921E-1	6.919366E-1	-1.871550E+10	-1.893040E+10	-5.209666E+7	2.148987E+8	-2.218826E+11
2.250000E+3	-2.888950E-1	1.986282E+10	-1.490127E+0	1.135603E+9	2.351865E-1	2.021497E+10	4.689434E-1	1.238538E+9	-7.204303E-1	2.057104E+11	-2.751794E-1	2.028953E+11	-6.818243E-1	2.259253E+11	-2.768837E-1	2.227581E+11	-1.201232E+0	2.337569E-1	-1.959070E+0	-1.434989E+0	-1.213243E+0	-1.872722E+10	-1.897643E+10	-1.029344E+8	2.492087E+8	-2.216225E+11
2.350000E+3	2.276507E-1	2.006604E+10	-1.845841E-1	1.184165E+9	1.331218E+0	2.030628E+10	6.695235E-1	1.243206E+9	5.765024E-1	2.082768E+11	4.796363E-1	2.049881E+11	6.069922E-1	2.285831E+11	4.483244E-1	2.250542E+11	-4.122348E-1	-6.616940E-1	-8.541076E-1	2.494592E-1	-6.329085E-1	-1.888188E+10	-1.906307E+10	-5.904168E+7	1.811956E+8	-2.238700E+11
2.400000E+3	-4.272264E-1	1.980840E+10	7.749790E-1	1.219857E+9	-7.347501E-2	2.018925E+10	-4.297523E-1	1.217620E+9	-4.816385E-1	2.061829E+11	1.658586E-1	2.041181E+11	-4.651491E-1	2.263721E+11	9.216141E-2	2.239265E+11	1.202205E+0	-3.562773E-1	1.204731E+0	1.558483E+0	6.828176E-1	-1.858855E+10	-1.897163E+10	2.236463E+6	3.830863E+8	-2.227067E+11
2.425000E+3	2.409824E-2	1.998596E+10	2.384036E+0	1.279708E+9	-6.955992E-1	2.013742E+10	1.039387E+0	1.251815E+9	-1.914933E-1	2.067571E+11	-1.077731E-1	2.033594E+11	-2.118587E-1	2.268945E+11	-9.138665E-2	2.233454E+11	2.359938E+0	1.734986E+0	1.344649E+0	6.249519E-1	2.475423E+0	-1.870625E+10	-1.888561E+10	2.789259E+7	1.793552E+8	-2.220657E+11
2.450000E+3	1.905639E+0	2.072619E+10	4.079251E+0	1.342763E+9	5.465793E+0	2.065073E+10	4.850804E+0	1.340527E+9	2.472354E+0	2.120285E+11	1.536121E+0	2.079173E+11	2.593286E+0	2.326792E+11	1.582037E+0	2.286435E+11	2.173613E+0	-6.149883E-1	-7.715530E-1	2.788601E+0	2.497214E+0	-1.938342E+10	-1.931021E+10	2.236158E+6	-7.321796E+7	-2.273008E+11
2.475000E+3	7.206741E-1	2.026000E+10	1.765693E+0	1.256708E+9	2.271228E+0	2.038459E+10	2.119645E+0	1.276958E+9	9.578058E-1	2.090314E+11	1.026627E+0	2.065047E+11	1.010867E+0	2.294160E+11	9.886094E-1	2.267647E+11	1.045019E+0	-1.515824E-1	-3.539529E-1	1.196601E+0	7.770832E-1	-1.900330E+10	-1.910763E+10	-2.025084E+7	1.043366E+8	-2.255080E+11
2.500000E+3	1.507748E+0	2.056965E+10	1.556159E+0	1.248914E+9	8.189857E+0	2.087768E+10	-5.394209E-1	1.215068E+9	2.241432E+0	2.115715E+11	1.904749E+0	2.089394E+11	2.481743E+0	2.324492E+11	1.855418E+0	2.295091E+11	4.841098E-2	-8.729278E+0	2.095580E+0	8.777689E+0	-2.992585E-1	-1.932074E+10	-1.966261E+10	3.384598E+7	3.418712E+8	-2.282602E+11
2.525000E+3	2.140314E+0	2.081851E+10	2.903219E+0	1.299019E+9	2.450462E+0	2.039952E+10	-1.794128E+0	1.185864E+9	2.641139E+0	2.123625E+11	2.027838E+0	2.092807E+11	2.633436E+0	2.327620E+11	2.041814E+0	2.300992E+11	7.629048E-1	-4.244590E+0	4.697347E+0	5.007495E+0	8.614048E-1	-1.951949E+10	-1.921366E+10	1.131553E+8	-3.058325E+8	-2.288002E+11
2.550000E+3	2.223225E+0	2.085113E+10	8.487870E-1	1.222602E+9	7.509346E+0	2.082098E+10	1.637686E+0	1.265741E+9	2.964046E+0	2.130015E+11	2.422876E+0	2.103760E+11	3.147672E+0	2.338225E+11	2.398067E+0	2.312271E+11	-1.374438E+0	-5.871660E+0	-7.888994E-1	4.497222E+0	-1.549280E+0	-1.962853E+10	-1.955524E+10	-4.313850E+7	-7.328606E+7	-2.300045E+11
2.575000E+3	2.538797E+0	2.097528E+10	2.244493E+0	1.274517E+9	8.059530E+0	2.086682E+10	2.014773E+0	1.274518E+9	3.736655E+0	2.145304E+11	2.956667E+0	2.118560E+11	3.911295E+0	2.353972E+11	2.904742E+0	2.328313E+11	-2.943042E-1	-6.044757E+0	2.297204E-1	5.750453E+0	-6.602495E-1	-1.970076E+10	-1.959230E+10	-3.204469E+2	-1.084626E+8	-2.315568E+11
2.600000E+3	2.319417E+0	2.088897E+10	1.588627E+0	1.250121E+9	7.190883E+0	2.079445E+10	4.885976E+0	1.341346E+9	2.959759E+0	2.129930E+11	2.277616E+0	2.099732E+11	3.130692E+0	2.337875E+11	2.282810E+0	2.308622E+11	-7.307903E-1	-2.304907E+0	-3.297349E+0	1.574117E+0	-6.941832E-1	-1.963885E+10	-1.945310E+10	-9.122429E+7	-1.857468E+8	-2.296121E+11
2.650000E+3	1.056090E+0	2.039196E+10	1.636092E+0	1.251887E+9	4.976956E-1	2.023684E+10	5.521799E-1	1.240475E+9	2.147350E+0	2.113854E+11	1.332042E+0	2.073515E+11	2.080706E+0	2.316222E+11	1.297752E+0	2.277435E+11	5.800017E-1	5.448426E-2	1.083912E+0	5.255174E-1	3.383397E-1	-1.914007E+10	-1.899636E+10	1.141181E+7	-1.437125E+8	-2.264916E+11
2.750000E+3	7.239138E-1	2.026128E+10	2.071538E+0	1.268084E+9	2.259309E+0	2.038360E+10	1.120140E-1	1.230230E+9	8.831165E-2	2.073108E+11	7.064938E-1	2.056171E+11	1.760179E-1	2.276944E+11	7.086584E-1	2.258784E+11	1.347624E+0	-2.147295E+0	1.959524E+0	3.494919E+0	1.362879E+0	-1.899319E+10	-1.915337E+10	3.785375E+7	1.601737E+8	-2.246103E+11
2.850000E+3	2.081573E+0	2.079540E+10	1.403899E+0	1.243250E+9	1.829320E+0	2.034778E+10	1.786276E+0	1.269199E+9	1.722415E+0	2.105445E+11	1.247737E+0	2.071178E+11	1.726734E+0	2.308922E+11	1.351350E+0	2.279132E+11	-6.776734E-1	-4.304391E-2	-3.823769E-1	-6.346295E-1	5.254901E-2	-1.955215E+10	-1.907858E+10	-2.594890E+7	-4.735747E+8	-2.266699E+11
2.950000E+3	1.102155E+0	2.041008E+10	3.699233E-1	1.204790E+9	-1.724731E+0	2.005169E+10	1.210286E+0	1.255793E+9	1.477169E+0	2.100591E+11	9.779398E-1	2.063697E+11	1.347816E+0	2.301108E+11	9.933749E-1	2.267798E+11	-7.322316E-1	2.935017E+0	-8.403629E-1	-3.667249E+0	-6.234515E-1	-1.920529E+10	-1.879589E+10	-5.100254E+7	-4.094009E+8	-2.255750E+11
3.250000E+3	9.551803E-1	2.035226E+10	1.346436E+0	1.241113E+9	-1.398785E+0	2.007884E+10	9.684391E-1	1.250164E+9	6.382748E-1	2.083991E+11	6.289827E-1	2.054022E+11	5.559795E-1	2.284779E+11	6.695163E-1	2.257545E+11	3.912553E-1	2.367225E+0	3.779965E-1	-1.975969E+0	6.769193E-1	-1.911115E+10	-1.882868E+10	-9.050894E+6	-2.824726E+8	-2.245133E+11
3.550000E+3	1.371781E-1	2.003045E+10	-1.917959E-1	1.183896E+9	4.034887E+0	2.053152E+10	9.229844E-1	1.249106E+9	1.073829E+0	2.092610E+11	1.438846E+0	2.076476E+11	1.193453E+0	2.297925E+11	1.277100E+0	2.276781E+11	-3.289740E-1	-3.111902E+0	-1.114780E+0	2.782928E+0	-1.468896E+0	-1.884655E+10	-1.928242E+10	-6.520932E+7	4.358654E+8	-2.264942E+11
