Photon Energy (eV)	X ref norm	X ref	X pump norm	X pump	Y ref norm	Y ref	Y pump norm	Y pump	X all norm	X all	Y all norm	Y all	X all Y ref norm	X all Y ref	Y all X ref norm	Y all X ref	BC(X hist) norm	BC(Y hist) norm	StS norm	BCSC norm	BCLR norm	BC(X hist)	BC(Y hist)	StS	BCSC	BCLR	
5.300110E+2	-6.175582E-3	1.256852E+9	-1.562626E-4	5.848751E+7	-5.041810E-3	1.302853E+9	-4.561769E-3	5.698783E+7	-5.752573E-3	8.980248E+9	-6.103948E-3	8.971644E+9	-5.663091E-3	1.028310E+10	-6.112933E-3	1.022850E+10	6.019319E-3	4.800416E-4	4.405506E-3	5.539277E-3	5.956670E-3	-1.198364E+9	-1.245866E+9	1.499679E+6	4.750151E+7	-1.017001E+10
5.305130E+2	-4.130373E-3	1.311650E+9	-3.492573E-3	5.488975E+7	-7.218180E-3	1.244555E+9	-6.498088E-3	5.488980E+7	-4.981371E-3	9.123677E+9	-5.375632E-3	9.107714E+9	-5.262977E-3	1.036823E+10	-5.219445E-3	1.041936E+10	6.377997E-4	7.200920E-4	3.005514E-3	-8.229222E-5	1.726871E-3	-1.256760E+9	-1.189666E+9	-4.524700E+1	-6.709464E+7	-1.036447E+10
5.310050E+2	-2.538209E-3	1.354310E+9	-3.289458E-3	5.510878E+7	-2.498495E-3	1.370981E+9	-5.608708E-3	5.585345E+7	-2.884317E-3	9.513692E+9	-2.963860E-3	9.558300E+9	-2.835744E-3	1.088467E+10	-2.910473E-3	1.091261E+10	-7.512485E-4	-3.110213E-3	2.319250E-3	2.358964E-3	-3.789850E-4	-1.299201E+9	-1.315127E+9	-7.446703E+5	1.592623E+7	-1.085750E+10
5.315130E+2	-1.402931E-3	1.384728E+9	-1.302296E-2	4.461252E+7	3.427860E-4	1.447089E+9	7.654593E-4	6.275997E+7	5.860583E-4	1.015912E+10	7.097263E-4	1.024463E+10	5.554312E-4	1.160621E+10	4.447450E-4	1.162936E+10	-1.162003E-2	4.226733E-4	-1.378842E-2	-1.204271E-2	-1.346771E-2	-1.340115E+9	-1.384330E+9	-1.814745E+7	4.421412E+7	-1.158474E+10
5.320120E+2	5.057286E-3	1.557820E+9	1.073752E-2	7.023497E+7	3.065644E-3	1.520026E+9	4.179275E-3	6.645890E+7	3.050618E-3	1.061748E+10	3.201301E-3	1.071012E+10	3.052510E-3	1.213751E+10	3.434089E-3	1.226794E+10	5.680235E-3	1.113632E-3	6.558245E-3	4.566603E-3	7.303432E-3	-1.487585E+9	-1.453567E+9	3.776078E+6	-3.401799E+7	-1.219771E+10
5.325170E+2	9.189809E-3	1.668545E+9	9.223736E-3	6.860256E+7	1.135006E-2	1.741939E+9	1.172383E-2	7.463354E+7	9.981585E-3	1.190652E+10	1.053241E-2	1.207978E+10	1.015387E-2	1.364846E+10	1.036402E-2	1.374832E+10	3.392732E-5	3.737744E-4	-2.500094E-3	-3.398471E-4	-1.140280E-3	-1.599943E+9	-1.667306E+9	-6.030983E+6	6.736278E+7	-1.367972E+10
5.330180E+2	2.134276E-2	1.994166E+9	2.077629E-2	8.106042E+7	1.853311E-2	1.934350E+9	1.485861E-2	7.803013E+7	2.076388E-2	1.391183E+10	2.003805E-2	1.385569E+10	2.048303E-2	1.584618E+10	2.020169E-2	1.584986E+10	-5.664708E-4	-3.674504E-3	5.917683E-3	3.108034E-3	5.745992E-4	-1.913106E+9	-1.856320E+9	3.030294E+6	-5.678587E+7	-1.576880E+10
5.331630E+2	2.768213E-2	2.164021E+9	2.987460E-2	9.087171E+7	2.337167E-2	2.063960E+9	2.177701E-2	8.552633E+7	2.512964E-2	1.472379E+10	2.398409E-2	1.459292E+10	2.490831E-2	1.678775E+10	2.444792E-2	1.675694E+10	2.192465E-3	-1.594663E-3	8.097590E-3	3.787128E-3	5.426681E-3	-2.073149E+9	-1.978433E+9	5.345381E+6	-9.471569E+7	-1.666607E+10
5.333080E+2	3.346011E-2	2.318834E+9	3.478687E-2	9.616893E+7	2.953041E-2	2.228933E+9	2.737278E-2	9.158944E+7	3.217292E-2	1.603371E+10	3.137043E-2	1.597290E+10	3.184024E-2	1.826264E+10	3.163253E-2	1.829173E+10	1.326755E-3	-2.157630E-3	7.414088E-3	3.484385E-3	3.154338E-3	-2.222665E+9	-2.137343E+9	4.579486E+6	-8.532142E+7	-1.819556E+10
5.334680E+2	4.327396E-2	2.581782E+9	4.798747E-2	1.104040E+8	3.935062E-2	2.491985E+9	3.560173E-2	1.005056E+8	4.266309E-2	1.798470E+10	4.067243E-2	1.771077E+10	4.224606E-2	2.047668E+10	4.099873E-2	2.029255E+10	4.713510E-3	-3.748894E-3	1.238574E-2	8.462404E-3	6.988742E-3	-2.471378E+9	-2.391479E+9	9.898340E+6	-7.989853E+7	-2.018214E+10
5.336030E+2	5.442339E-2	2.880515E+9	5.121160E-2	1.138808E+8	5.270939E-2	2.849823E+9	4.371350E-2	1.092949E+8	5.528300E-2	2.033177E+10	5.584228E-2	2.054492E+10	5.495899E-2	2.318160E+10	5.566432E-2	2.342543E+10	-3.211787E-3	-8.995889E-3	7.498106E-3	5.784101E-3	-4.452715E-3	-2.766634E+9	-2.740528E+9	4.585893E+6	-2.610549E+7	-2.331155E+10
5.337580E+2	7.962823E-2	3.555843E+9	1.079372E-1	1.750516E+8	7.591887E-2	3.471531E+9	7.406540E-2	1.421817E+8	7.869603E-2	2.468618E+10	7.804789E-2	2.469354E+10	7.834640E-2	2.815771E+10	7.824610E-2	2.824938E+10	2.830893E-2	-1.853473E-3	3.387176E-2	3.016240E-2	2.969105E-2	-3.380791E+9	-3.329350E+9	3.286990E+7	-5.144132E+7	-2.807433E+10
5.339090E+2	1.113690E-1	4.406292E+9	1.146003E-1	1.822369E+8	1.082051E-1	4.336375E+9	1.067933E-1	1.776429E+8	1.147067E-1	3.138353E+10	1.115261E-1	3.094818E+10	1.138882E-1	3.571990E+10	1.115064E-1	3.535448E+10	3.231320E-3	-1.411751E-3	7.807027E-3	4.643071E-3	3.093984E-3	-4.224055E+9	-4.158732E+9	4.594009E+6	-6.532260E+7	-3.517224E+10
5.340850E+2	1.697049E-1	5.969319E+9	1.717236E-1	2.438366E+8	1.661903E-1	5.889613E+9	1.572696E-1	2.323348E+8	1.747910E-1	4.255812E+10	1.707971E-1	4.202166E+10	1.737082E-1	4.844774E+10	1.706601E-1	4.799098E+10	2.018705E-3	-8.920644E-3	1.445398E-2	1.093935E-2	1.063475E-3	-5.725482E+9	-5.657279E+9	1.150177E+7	-6.820336E+7	-4.774714E+10
5.342040E+2	2.804755E-1	8.937259E+9	2.820959E-1	3.628581E+8	2.752767E-1	8.811690E+9	2.905574E-1	3.767544E+8	2.854246E-1	6.313399E+10	2.745613E-1	6.140768E+10	2.841470E-1	7.194568E+10	2.753031E-1	7.034494E+10	1.620353E-3	1.528074E-2	-8.461577E-3	-1.366039E-2	6.792774E-3	-8.574401E+9	-8.434936E+9	-1.389630E+7	-1.394655E+8	-6.998208E+10
5.343600E+2	5.004950E-1	1.483237E+10	5.073613E-1	6.057763E+8	4.935768E-1	1.465925E+10	4.863574E-1	5.889069E+8	5.147827E-1	1.057905E+11	5.013913E-1	1.037858E+11	5.121129E-1	1.204497E+11	5.012789E-1	1.186182E+11	6.866307E-3	-7.219351E-3	2.100394E-2	1.408566E-2	6.082421E-3	-1.422659E+10	-1.407034E+10	1.686941E+7	-1.562490E+8	-1.180124E+11
5.345160E+2	8.998182E-1	2.553166E+10	9.207525E-1	1.051562E+9	8.948405E-1	2.540782E+10	9.356046E-1	1.075674E+9	9.150587E-1	1.802347E+11	8.943697E-1	1.772051E+11	9.125133E-1	2.056425E+11	8.950531E-1	2.027367E+11	2.093431E-2	4.076416E-2	-1.485210E-2	-1.982985E-2	2.569943E-2	-2.448010E+10	-2.433215E+10	-2.411116E+7	-1.479533E+8	-2.016852E+11
5.346510E+2	1.294941E+0	3.611842E+10	1.344802E+0	1.508842E+9	1.293994E+0	3.609987E+10	1.270532E+0	1.438573E+9	1.299592E+0	2.517510E+11	1.285475E+0	2.502743E+11	1.298887E+0	2.878508E+11	1.286662E+0	2.863927E+11	4.986040E-2	-2.346185E-2	7.426923E-2	7.332226E-2	5.813961E-2	-3.460958E+10	-3.466130E+10	7.026839E+7	5.172188E+7	-2.848839E+11
5.348020E+2	1.728251E+0	4.772833E+10	1.726102E+0	1.920023E+9	1.724719E+0	4.763761E+10	1.703211E+0	1.907388E+9	1.714185E+0	3.288578E+11	1.704074E+0	3.284803E+11	1.715511E+0	3.764954E+11	1.707107E+0	3.762086E+11	-2.148498E-3	-2.150793E-2	2.289128E-2	1.935943E-2	1.899565E-2	-4.580831E+10	-4.573022E+10	1.263491E+7	-7.808658E+7	-3.742886E+11
5.349580E+2	2.021990E+0	5.559865E+10	1.984793E+0	2.198986E+9	2.012294E+0	5.534083E+10	2.011422E+0	2.241340E+9	1.976004E+0	3.775515E+11	1.975672E+0	3.792223E+11	1.980573E+0	4.328923E+11	1.981482E+0	4.348210E+11	-3.719675E-2	-8.719518E-4	-2.662904E-2	-3.632480E-2	3.311348E-3	-5.339967E+10	-5.309949E+10	-4.235406E+7	-3.001764E+8	-4.326220E+11
5.351140E+2	2.139977E+0	5.875996E+10	2.143710E+0	2.370356E+9	2.139402E+0	5.874565E+10	2.167912E+0	2.410899E+9	2.099246E+0	4.004724E+11	2.105329E+0	4.034458E+11	2.104302E+0	4.592181E+11	2.109675E+0	4.622058E+11	3.732558E-3	2.850987E-2	-2.420216E-2	-2.477731E-2	3.403499E-2	-5.638961E+10	-5.633475E+10	-4.054330E+7	-5.485279E+7	-4.598354E+11
5.352600E+2	2.110489E+0	5.796987E+10	2.148296E+0	2.375301E+9	2.098734E+0	5.765628E+10	2.086173E+0	2.322333E+9	2.054317E+0	3.921164E+11	2.056886E+0	3.943953E+11	2.059909E+0	4.497727E+11	2.063609E+0	4.523651E+11	3.780672E-2	-1.256134E-2	6.212356E-2	5.036806E-2	8.468697E-2	-5.559457E+10	-5.533395E+10	5.296841E+7	-2.606271E+8	-4.499898E+11
5.354110E+2	1.924152E+0	5.297724E+10	1.983453E+0	2.197540E+9	1.916616E+0	5.277792E+10	1.904396E+0	2.125375E+9	1.873940E+0	3.585695E+11	1.883231E+0	3.619517E+11	1.879313E+0	4.113474E+11	1.888363E+0	4.149289E+11	5.930010E-2	-1.221987E-2	7.905666E-2	7.151997E-2	9.508926E-2	-5.077970E+10	-5.065254E+10	7.216505E+7	-1.271602E+8	-4.127314E+11
5.355630E+2	1.625223E+0	4.496786E+10	1.689048E+0	1.880065E+9	1.622306E+0	4.489430E+10	1.641830E+0	1.840881E+9	1.601415E+0	3.078846E+11	1.601365E+0	3.092914E+11	1.604045E+0	3.527789E+11	1.604357E+0	3.542592E+11	6.382497E-2	1.952438E-2	4.721762E-2	4.430059E-2	8.469063E-2	-4.308779E+10	-4.305342E+10	3.918382E+7	-3.437109E+7	-3.523792E+11
5.357090E+2	1.383013E+0	3.847819E+10	1.359884E+0	1.525106E+9	1.384247E+0	3.851745E+10	1.403002E+0	1.582106E+9	1.372518E+0	2.653139E+11	1.374781E+0	2.669592E+11	1.373995E+0	3.038314E+11	1.375814E+0	3.054374E+11	-2.312969E-2	1.875524E-2	-4.311803E-2	-4.188493E-2	-1.593004E-2	-3.695309E+10	-3.693534E+10	-5.700035E+7	-1.774614E+7	-3.039123E+11
5.358650E+2	1.118646E+0	3.139484E+10	1.123379E+0	1.270068E+9	1.130825E+0	3.172909E+10	1.149433E+0	1.307361E+9	1.116273E+0	2.176570E+11	1.124715E+0	2.202400E+11	1.118105E+0	2.493860E+11	1.123954E+0	2.516348E+11	4.733626E-3	1.860867E-2	-2.605393E-2	-1.387504E-2	-5.746994E-4	-3.012477E+10	-3.042173E+10	-3.729256E+7	2.969549E+8	-2.503648E+11
5.360070E+2	9.664382E-1	2.731665E+10	9.777912E-1	1.113071E+9	9.591603E-1	2.713075E+10	9.929472E-1	1.137805E+9	9.584396E-1	1.883027E+11	9.614331E-1	1.897344E+11	9.585303E-1	2.154335E+11	9.620609E-1	2.170510E+11	1.135306E-2	3.378683E-2	-1.515593E-2	-2.243377E-2	1.573036E-2	-2.620358E+10	-2.599294E+10	-2.473426E+7	-2.106396E+8	-2.159379E+11
5.362680E+2	7.326236E-1	2.105192E+10	7.332916E-1	8.494113E+8	7.271831E-1	2.091682E+10	6.940640E-1	8.139604E+8	7.330672E-1	1.463875E+11	7.290554E-1	1.463198E+11	7.323264E-1	1.673043E+11	7.295029E-1	1.673717E+11	6.679459E-4	-3.311912E-2	3.922759E-2	3.378706E-2	3.788641E-3	-2.020251E+10	-2.010286E+10	3.545095E+7	-9.965515E+7	-1.665223E+11
5.365140E+2	6.039084E-1	1.760318E+10	5.820470E-1	6.863146E+8	6.014475E-1	1.754876E+10	5.847201E-1	6.954844E+8	6.066912E-1	1.228838E+11	6.077387E-1	1.236544E+11	6.060310E-1	1.404326E+11	6.072582E-1	1.412576E+11	-2.186136E-2	-1.672747E-2	-2.673065E-3	-5.133890E-3	-2.521123E-2	-1.691687E+10	-1.685328E+10	-9.169827E+6	-6.358752E+7	-1.405713E+11
5.367660E+2	5.502472E-1	1.616541E+10	5.588297E-1	6.612779E+8	5.478570E-1	1.611324E+10	5.465947E-1	6.541750E+8	5.548792E-1	1.132477E+11	5.533052E-1	1.134848E+11	5.539952E-1	1.293610E+11	5.529217E-1	1.296502E+11	8.582475E-3	-1.262229E-3	1.223498E-2	9.844704E-3	5.908014E-3	-1.550413E+10	-1.545907E+10	7.102907E+6	-4.506146E+7	-1.289889E+11
5.370120E+2	5.445314E-1	1.601226E+10	5.611262E-1	6.637543E+8	5.467774E-1	1.608432E+10	5.771266E-1	6.872568E+8	5.566289E-1	1.135731E+11	5.536271E-1	1.135449E+11	5.553887E-1	1.296575E+11	5.524863E-1	1.295572E+11	1.659476E-2	3.034924E-2	-1.600042E-2	-1.375448E-2	8.639894E-3	-1.534851E+10	-1.539707E+10	-2.350244E+7	4.856115E+7	-1.288934E+11
5.372590E+2	6.142671E-1	1.788073E+10	6.179759E-1	7.250591E+8	6.256883E-1	1.819810E+10	6.395968E-1	7.549443E+8	6.189256E-1	1.251592E+11	6.212128E-1	1.261718E+11	6.197770E-1	1.433573E+11	6.203417E-1	1.440525E+11	3.708807E-3	1.390848E-2	-2.162085E-2	-1.019967E-2	-2.365713E-3	-1.715567E+10	-1.744315E+10	-2.988519E+7	2.874814E+8	-1.433275E+11
5.375110E+2	7.036424E-1	2.027541E+10	7.125104E-1	8.270017E+8	7.000087E-1	2.018890E+10	7.047717E-1	8.255623E+8	7.149387E-1	1.430159E+11	7.120192E-1	1.431369E+11	7.130591E-1	1.632048E+11	7.109685E-1	1.634123E+11	8.868070E-3	4.762920E-3	7.738767E-3	4.105150E-3	1.541884E-3	-1.944841E+10	-1.936334E+10	1.439363E+6	-8.506913E+7	-1.625853E+11
5.377580E+2	8.040232E-1	2.296497E+10	8.081451E-1	9.301307E+8	8.010224E-1	2.289474E+10	8.018929E-1	9.307948E+8	8.045754E-1	1.596868E+11	8.042058E-1	1.603599E+11	8.041281E-1	1.825815E+11	8.041829E-1	1.833249E+11	4.121880E-3	8.704907E-4	6.252153E-3	3.251389E-3	3.962168E-3	-2.203484E+10	-2.196394E+10	-6.641584E+5	-7.090034E+7	-1.823948E+11
5.380110E+2	9.367561E-1	2.652136E+10	9.564946E-1	1.090105E+9	9.409441E-1	2.664279E+10	9.336464E-1	1.073552E+9	9.411825E-1	1.850932E+11	9.378565E-1	1.853296E+11	9.411525E-1	2.117360E+11	9.377185E-1	2.118510E+11	1.973850E-2	-7.297699E-3	2.284818E-2	2.703620E-2	1.877608E-2	-2.543126E+10	-2.556924E+10	1.655356E+7	1.379829E+8	-2.107609E+11
5.382850E+2	1.096802E+0	3.080955E+10	1.093298E+0	1.237630E+9	1.097223E+0	3.082899E+10	1.106533E+0	1.260877E+9	1.099536E+0	2.145441E+11	1.097404E+0	2.151374E+11	1.099244E+0	2.453731E+11	1.097328E+0	2.459470E+11	-3.503218E-3	9.310346E-3	-1.323464E-2	-1.281356E-2	-4.029891E-3	-2.957192E+10	-2.956812E+10	-2.324765E+7	-3.806601E+6	-2.447094E+11
5.385110E+2	1.314153E+0	3.663316E+10	1.309593E+0	1.470874E+9	1.318316E+0	3.675139E+10	1.325231E+0	1.497840E+9	1.313278E+0	2.542963E+11	1.307038E+0	2.543029E+11	1.313912E+0	2.910476E+11	1.307930E+0	2.909361E+11	-4.559552E-3	6.914687E-3	-1.563788E-2	-1.147424E-2	1.662732E-3	-3.516229E+10	-3.525354E+10	-2.696605E+7	9.125453E+7	-2.894652E+11
5.387700E+2	1.525799E+0	4.230393E+10	1.534172E+0	1.713052E+9	1.517165E+0	4.207791E+10	1.492074E+0	1.678617E+9	1.512786E+0	2.914012E+11	1.509814E+0	2.921871E+11	1.513337E+0	3.334791E+11	1.511819E+0	3.344910E+11	8.373133E-3	-2.509098E-2	4.209796E-2	3.346411E-2	2.235316E-2	-4.059087E+10	-4.039929E+10	3.443457E+7	-1.915821E+8	-3.327780E+11
5.390450E+2	1.800244E+0	4.965728E+10	1.808290E+0	2.008651E+9	1.800595E+0	4.967009E+10	1.817641E+0	2.031374E+9	1.769918E+0	3.392232E+11	1.767806E+0	3.403871E+11	1.773780E+0	3.888933E+11	1.771874E+0	3.900444E+11	8.046658E-3	1.704597E-2	-9.350393E-3	-8.999310E-3	3.641587E-2	-4.764863E+10	-4.763871E+10	-2.272294E+7	-9.920750E+6	-3.880358E+11
5.392620E+2	1.982543E+0	5.454173E+10	1.997701E+0	2.212905E+9	1.990702E+0	5.476246E+10	2.048862E+0	2.281907E+9	1.955671E+0	3.737699E+11	1.952880E+0	3.749640E+11	1.960081E+0	4.285323E+11	1.956600E+0	4.295058E+11	1.515808E-2	5.815992E-2	-5.116142E-2	-4.300183E-2	4.110053E-2	-5.232882E+10	-5.248055E+10	-6.900181E+7	1.517307E+8	-4.272929E+11
5.395370E+2	2.197822E+0	6.030984E+10	2.187227E+0	2.417284E+9	2.199587E+0	6.035782E+10	2.144380E+0	2.385402E+9	2.152660E+0	4.104064E+11	2.155289E+0	4.127798E+11	2.158568E+0	4.707642E+11	2.160624E+0	4.730896E+11	-1.059501E-2	-5.520743E-2	4.284757E-2	4.461242E-2	2.660332E-2	-5.789256E+10	-5.797242E+10	3.188197E+7	7.986185E+7	-4.706723E+11
5.397860E+2	2.210190E+0	6.064120E+10	2.231446E+0	2.464967E+9	2.206042E+0	6.053073E+10	2.182550E+0	2.426759E+9	2.148219E+0	4.095804E+11	2.155715E+0	4.128594E+11	2.155499E+0	4.701112E+11	2.162548E+0	4.735006E+11	2.125605E-2	-2.349239E-2	4.889586E-2	4.474845E-2	6.889790E-2	-5.817624E+10	-5.810397E+10	3.820756E+7	-7.226700E+7	-4.710356E+11
5.400240E+2	2.103812E+0	5.779097E+10	2.084126E+0	2.306103E+9	2.105131E+0	5.782764E+10	2.093669E+0	2.330455E+9	2.055981E+0	3.924259E+11	2.060480E+0	3.950668E+11	2.062169E+0	4.502535E+11	2.065915E+0	4.528578E+11	-1.968604E-2	-1.146250E-2	-9.542637E-3	-8.223541E-3	1.821074E-2	-5.548486E+10	-5.549719E+10	-2.435247E+7	1.232381E+7	-4.505517E+11
5.402740E+2	2.010967E+0	5.530331E+10	1.994108E+0	2.209030E+9	2.010264E+0	5.528646E+10	2.048790E+0	2.281829E+9	1.974292E+0	3.772331E+11	1.971748E+0	3.784892E+11	1.978821E+0	4.325195E+11	1.976667E+0	4.337925E+11	-1.685911E-2	3.852586E-2	-5.468243E-2	-5.538497E-2	1.744042E-2	-5.309428E+10	-5.300464E+10	-7.279836E+7	-8.964653E+7	-4.315835E+11
5.405080E+2	1.935794E+0	5.328917E+10	1.972513E+0	2.185743E+9	1.942045E+0	5.345910E+10	1.971145E+0	2.197699E+9	1.916575E+0	3.664988E+11	1.915799E+0	3.680363E+11	1.919782E+0	4.199579E+11	1.918307E+0	4.213255E+11	3.671846E-2	2.909945E-2	1.367789E-3	7.619009E-3	5.420599E-2	-5.110343E+10	-5.126140E+10	-1.195576E+7	1.579742E+8	-4.191397E+11
5.407630E+2	1.910152E+0	5.260212E+10	1.918021E+0	2.126981E+9	1.894919E+0	5.219672E+10	1.951515E+0	2.176429E+9	1.869825E+0	3.578041E+11	1.874909E+0	3.603969E+11	1.872984E+0	4.100008E+11	1.879329E+0	4.129990E+11	7.868838E-3	5.659637E-2	-3.349387E-2	-4.872753E-2	3.869172E-2	-5.047514E+10	-5.002029E+10	-4.944818E+7	-4.548557E+8	-4.108721E+11
5.410190E+2	1.811968E+0	4.997142E+10	1.835067E+0	2.037526E+9	1.808121E+0	4.987169E+10	1.833289E+0	2.048330E+9	1.781974E+0	3.414654E+11	1.781874E+0	3.430154E+11	1.785266E+0	3.913371E+11	1.785648E+0	3.929868E+11	2.309865E-2	2.516835E-2	1.777444E-3	-2.069696E-3	4.941840E-2	-4.793390E+10	-4.782336E+10	-1.080371E+7	-1.105379E+8	-3.909493E+11
5.412690E+2	1.649932E+0	4.562990E+10	1.657983E+0	1.846565E+9	1.652029E+0	4.569048E+10	1.671632E+0	1.873171E+9	1.630868E+0	3.133624E+11	1.631889E+0	3.149940E+11	1.633532E+0	3.590529E+11	1.634152E+0	3.606239E+11	8.050354E-3	1.960297E-2	-1.364922E-2	-1.155262E-2	2.383082E-2	-4.378334E+10	-4.381731E+10	-2.660635E+7	3.397088E+7	-3.587774E+11
5.415140E+2	1.501492E+0	4.165265E+10	1.506974E+0	1.683722E+9	1.499311E+0	4.159966E+10	1.502692E+0	1.690122E+9	1.485360E+0	2.863006E+11	1.491009E+0	2.886738E+11	1.487117E+0	3.279002E+11	1.492324E+0	3.303264E+11	5.481922E-3	3.380523E-3	4.282014E-3	2.101399E-3	1.464995E-2	-3.996893E+10	-3.990954E+10	-6.399496E+6	-5.939012E+7	-3.286427E+11
5.417920E+2	1.302454E+0	3.631973E+10	1.287408E+0	1.446951E+9	1.303512E+0	3.635483E+10	1.273555E+0	1.441849E+9	1.301294E+0	2.520675E+11	1.297871E+0	2.525903E+11	1.301573E+0	2.884223E+11	1.298446E+0	2.889100E+11	-1.504649E-2	-2.995668E-2	1.385263E-2	1.491019E-2	-1.103797E-2	-3.487278E+10	-3.491298E+10	5.101721E+6	4.019949E+7	-2.874630E+11
5.420110E+2	1.174026E+0	3.287866E+10	1.220607E+0	1.374915E+9	1.175022E+0	3.291300E+10	1.177008E+0	1.337238E+9	1.171375E+0	2.279049E+11	1.167561E+0	2.282448E+11	1.171834E+0	2.608179E+11	1.168372E+0	2.611235E+11	4.658135E-2	1.985446E-3	4.359928E-2	4.459590E-2	5.223507E-2	-3.150375E+10	-3.157576E+10	3.767690E+7	7.201199E+7	-2.597485E+11
5.422670E+2	1.052328E+0	2.961794E+10	1.068737E+0	1.211143E+9	1.053879E+0	2.966794E+10	1.037013E+0	1.185552E+9	1.056656E+0	2.065692E+11	1.049253E+0	2.061415E+11	1.056306E+0	2.362371E+11	1.049639E+0	2.357595E+11	1.640897E-2	-1.686535E-2	3.172334E-2	3.327432E-2	1.909791E-2	-2.840679E+10	-2.848239E+10	2.559162E+7	7.560049E+7	-2.345483E+11
5.425350E+2	9.895587E-1	2.793613E+10	1.014869E+0	1.153054E+9	9.860198E-1	2.785022E+10	9.687583E-1	1.111596E+9	9.901205E-1	1.941948E+11	9.858541E-1	1.942969E+11	9.896043E-1	2.220451E+11	9.863187E-1	2.222330E+11	2.531001E-2	-1.726146E-2	4.611041E-2	4.257147E-2	2.854999E-2	-2.678308E+10	-2.673863E+10	4.145779E+7	-4.445079E+7	-2.210799E+11
5.427650E+2	1.017983E+0	2.869771E+10	1.032782E+0	1.172371E+9	1.013385E+0	2.858325E+10	1.038545E+0	1.187211E+9	1.015956E+0	1.989997E+11	1.012858E+0	1.993420E+11	1.015632E+0	2.275830E+11	1.013501E+0	2.280397E+11	1.479944E-2	2.516013E-2	-5.762752E-3	-1.036069E-2	1.928105E-2	-2.752534E+10	-2.739604E+10	-1.483993E+7	-1.293082E+8	-2.268674E+11
5.430120E+2	1.128332E+0	3.165436E+10	1.183731E+0	1.335149E+9	1.124867E+0	3.156951E+10	1.114826E+0	1.269863E+9	1.123297E+0	2.189633E+11	1.120533E+0	2.194587E+11	1.123495E+0	2.505328E+11	1.121512E+0	2.511131E+11	5.539860E-2	-1.004126E-2	6.890434E-2	6.543987E-2	6.221900E-2	-3.031922E+10	-3.029965E+10	6.528534E+7	-1.956843E+7	-2.497779E+11
5.432800E+2	1.303690E+0	3.635284E+10	1.246050E+0	1.402351E+9	1.299804E+0	3.625550E+10	1.300265E+0	1.470790E+9	1.300759E+0	2.519681E+11	1.291395E+0	2.513803E+11	1.300639E+0	2.882236E+11	1.292937E+0	2.877331E+11	-5.764066E-2	4.612897E-4	-5.421587E-2	-5.810195E-2	-4.688733E-2	-3.495049E+10	-3.478471E+10	-6.843853E+7	-1.657736E+8	-2.863308E+11
5.435270E+2	1.505768E+0	4.176722E+10	1.482437E+0	1.657262E+9	1.496739E+0	4.153077E+10	1.511277E+0	1.699424E+9	1.487506E+0	2.866997E+11	1.484521E+0	2.874617E+11	1.488669E+0	3.282305E+11	1.487186E+0	3.292289E+11	-2.333114E-2	1.453723E-2	-2.883997E-2	-3.786837E-2	-4.749608E-3	-4.010996E+10	-3.983135E+10	-4.216129E+7	-2.786110E+8	-3.275717E+11
5.437590E+2	1.603384E+0	4.438271E+10	1.630962E+0	1.817427E+9	1.591535E+0	4.407005E+10	1.579888E+0	1.773766E+9	1.583873E+0	3.046222E+11	1.578328E+0	3.049875E+11	1.584838E+0	3.486922E+11	1.581471E+0	3.493702E+11	2.757791E-2	-1.164698E-2	5.107395E-2	3.922489E-2	4.949115E-2	-4.256529E+10	-4.229628E+10	4.366150E+7	-2.690060E+8	-3.475527E+11
5.440170E+2	1.679046E+0	4.640997E+10	1.661889E+0	1.850778E+9	1.678730E+0	4.640573E+10	1.685725E+0	1.888441E+9	1.665274E+0	3.197614E+11	1.659625E+0	3.201760E+11	1.666968E+0	3.661671E+11	1.662061E+0	3.665860E+11	-1.715696E-2	6.994257E-3	-2.383521E-2	-2.415121E-2	-1.719655E-4	-4.455919E+10	-4.451728E+10	-3.766316E+7	-4.190931E+7	-3.647352E+11
5.442700E+2	1.638816E+0	4.533206E+10	1.655180E+0	1.843543E+9	1.635853E+0	4.525717E+10	1.650856E+0	1.850660E+9	1.618604E+0	3.110815E+11	1.621827E+0	3.131142E+11	1.620776E+0	3.563387E+11	1.623958E+0	3.584462E+11	1.636398E-2	1.500343E-2	4.323860E-3	1.360543E-3	3.122232E-2	-4.348851E+10	-4.340651E+10	-7.117776E+6	-8.200449E+7	-3.566027E+11
5.445180E+2	1.625594E+0	4.497780E+10	1.598956E+0	1.782913E+9	1.620771E+0	4.485318E+10	1.592539E+0	1.787473E+9	1.605189E+0	3.085865E+11	1.608940E+0	3.107065E+11	1.607151E+0	3.534397E+11	1.611029E+0	3.556843E+11	-2.663833E-2	-2.823167E-2	6.416835E-3	1.593346E-3	-1.207250E-2	-4.319489E+10	-4.306571E+10	-4.560314E+6	-1.291855E+8	-3.539014E+11
5.447610E+2	1.572450E+0	4.355389E+10	1.537089E+0	1.716198E+9	1.580855E+0	4.378397E+10	1.566593E+0	1.759360E+9	1.550085E+0	2.983381E+11	1.555766E+0	3.007722E+11	1.553959E+0	3.421221E+11	1.557859E+0	3.443261E+11	-3.536144E-2	-1.426211E-2	-2.950418E-2	-2.109933E-2	-2.076961E-2	-4.183769E+10	-4.202461E+10	-4.316256E+7	1.869170E+8	-3.426099E+11
5.450090E+2	1.482520E+0	4.114432E+10	1.435985E+0	1.607171E+9	1.475400E+0	4.095917E+10	1.417708E+0	1.598041E+9	1.459681E+0	2.815246E+11	1.467359E+0	2.842552E+11	1.461660E+0	3.224838E+11	1.469260E+0	3.253996E+11	-4.653422E-2	-5.769258E-2	1.827751E-2	1.115836E-2	-3.327473E-2	-3.953715E+10	-3.936113E+10	9.130614E+6	-1.760191E+8	-3.237924E+11
5.452690E+2	1.368835E+0	3.809830E+10	1.398783E+0	1.567053E+9	1.350165E+0	3.760451E+10	1.345063E+0	1.519329E+9	1.348188E+0	2.607890E+11	1.347845E+0	2.619267E+11	1.348437E+0	2.983935E+11	1.350477E+0	3.000250E+11	2.994764E-2	-5.102007E-3	5.371950E-2	3.504965E-2	4.830507E-2	-3.653125E+10	-3.608518E+10	4.772429E+7	-4.460619E+8	-2.984580E+11
5.455290E+2	1.313756E+0	3.662254E+10	1.320052E+0	1.482153E+9	1.308978E+0	3.650125E+10	1.312585E+0	1.484139E+9	1.302734E+0	2.523353E+11	1.303569E+0	2.536547E+11	1.303520E+0	2.888366E+11	1.304846E+0	2.902773E+11	6.296192E-3	3.606946E-3	7.466885E-3	2.689246E-3	1.520590E-2	-3.514039E+10	-3.501712E+10	-1.985538E+6	-1.232707E+8	-2.887951E+11
5.457670E+2	1.246529E+0	3.482129E+10	1.296947E+0	1.457237E+9	1.239387E+0	3.463712E+10	1.228539E+0	1.393073E+9	1.240109E+0	2.406882E+11	1.236045E+0	2.410395E+11	1.240018E+0	2.753253E+11	1.237360E+0	2.758608E+11	5.041728E-2	-1.084741E-2	6.840715E-2	6.126470E-2	5.958622E-2	-3.336406E+10	-3.324404E+10	6.416330E+7	-1.200124E+8	-2.744036E+11
5.460220E+2	1.187386E+0	3.323663E+10	1.176721E+0	1.327590E+9	1.190952E+0	3.333970E+10	1.194858E+0	1.356579E+9	1.187692E+0	2.309397E+11	1.185054E+0	2.315130E+11	1.188103E+0	2.642794E+11	1.185347E+0	2.647496E+11	-1.066483E-2	3.905784E-3	-1.813684E-2	-1.457061E-2	-8.625835E-3	-3.190904E+10	-3.198312E+10	-2.898910E+7	7.408731E+7	-2.634220E+11
5.467660E+2	1.291398E+0	3.602348E+10	1.318305E+0	1.480269E+9	1.291215E+0	3.602543E+10	1.276147E+0	1.444657E+9	1.292835E+0	2.504942E+11	1.287853E+0	2.507187E+11	1.292631E+0	2.865196E+11	1.288298E+0	2.867422E+11	2.690774E-2	-1.506778E-2	4.215825E-2	4.197553E-2	3.000740E-2	-3.454321E+10	-3.458077E+10	3.561213E+7	3.756154E+7	-2.852619E+11
5.475120E+2	1.422213E+0	3.952849E+10	1.440245E+0	1.611765E+9	1.419770E+0	3.946901E+10	1.462196E+0	1.646245E+9	1.411591E+0	2.725807E+11	1.410695E+0	2.736690E+11	1.412620E+0	3.120497E+11	1.412140E+0	3.131975E+11	1.803226E-2	4.242650E-2	-2.195098E-2	-2.439424E-2	2.810546E-2	-3.791673E+10	-3.782276E+10	-3.447957E+7	-9.396870E+7	-3.115857E+11
5.482600E+2	1.459457E+0	4.052639E+10	1.472392E+0	1.646431E+9	1.448517E+0	4.023905E+10	1.404862E+0	1.584122E+9	1.440626E+0	2.779808E+11	1.438934E+0	2.789447E+11	1.441620E+0	3.182199E+11	1.441508E+0	3.194711E+11	1.293539E-2	-4.365528E-2	6.753055E-2	5.659068E-2	3.088423E-2	-3.887996E+10	-3.865493E+10	6.230951E+7	-2.250288E+8	-3.178247E+11
5.490490E+2	1.447614E+0	4.020907E+10	1.451272E+0	1.623656E+9	1.435425E+0	3.988835E+10	1.454484E+0	1.637888E+9	1.432439E+0	2.764582E+11	1.430313E+0	2.773341E+11	1.432815E+0	3.163466E+11	1.432483E+0	3.175431E+11	3.658220E-3	1.905877E-2	-3.211496E-3	-1.540055E-2	1.878923E-2	-3.858541E+10	-3.825046E+10	-1.423184E+7	-3.349517E+8	-3.159195E+11
5.497790E+2	1.407458E+0	3.913315E+10	1.418003E+0	1.587779E+9	1.401570E+0	3.898148E+10	1.426508E+0	1.607576E+9	1.390776E+0	2.687096E+11	1.392421E+0	2.702548E+11	1.392135E+0	3.076911E+11	1.394307E+0	3.093880E+11	1.054465E-2	2.493882E-2	-8.505799E-3	-1.439417E-2	2.369570E-2	-3.754537E+10	-3.737390E+10	-1.979689E+7	-1.714697E+8	-3.078002E+11
5.505110E+2	1.341325E+0	3.736122E+10	1.390335E+0	1.557943E+9	1.343479E+0	3.742541E+10	1.380702E+0	1.557943E+9	1.329463E+0	2.573064E+11	1.331289E+0	2.588338E+11	1.331227E+0	2.947318E+11	1.332548E+0	2.961950E+11	4.900967E-2	3.722272E-2	9.633590E-3	1.178695E-2	5.778686E-2	-3.580328E+10	-3.586747E+10	-4.139137E+0	6.418737E+7	-2.946370E+11
5.512570E+2	1.381502E+0	3.843769E+10	1.384034E+0	1.551148E+9	1.389339E+0	3.865386E+10	1.431089E+0	1.612539E+9	1.370192E+0	2.648813E+11	1.373973E+0	2.668082E+11	1.372603E+0	3.035352E+11	1.374917E+0	3.052459E+11	2.531985E-3	4.174940E-2	-4.705476E-2	-3.921741E-2	9.116549E-3	-3.688654E+10	-3.704132E+10	-6.139030E+7	1.547808E+8	-3.036948E+11
5.520260E+2	1.375014E+0	3.826386E+10	1.363993E+0	1.529537E+9	1.376425E+0	3.830793E+10	1.374127E+0	1.550820E+9	1.365284E+0	2.639686E+11	1.360281E+0	2.642502E+11	1.366687E+0	3.022765E+11	1.362129E+0	3.025141E+11	-1.102077E-2	-2.298150E-3	-1.013354E-2	-8.722621E-3	1.863925E-3	-3.673432E+10	-3.675711E+10	-2.128229E+7	2.278935E+7	-3.009846E+11
5.527590E+2	1.270274E+0	3.545749E+10	1.233449E+0	1.388764E+9	1.272005E+0	3.551085E+10	1.245510E+0	1.411462E+9	1.264422E+0	2.452100E+11	1.267095E+0	2.468405E+11	1.265377E+0	2.807208E+11	1.267494E+0	2.822980E+11	-3.682432E-2	-2.649422E-2	-1.206096E-2	-1.033010E-2	-3.404442E-2	-3.406873E+10	-3.409938E+10	-2.269807E+7	3.065324E+7	-2.809092E+11
5.535330E+2	1.242035E+0	3.470088E+10	1.215828E+0	1.369761E+9	1.240025E+0	3.465420E+10	1.267405E+0	1.435185E+9	1.231805E+0	2.391439E+11	1.235539E+0	2.409450E+11	1.232840E+0	2.737981E+11	1.236354E+0	2.756458E+11	-2.620735E-2	2.738022E-2	-5.157717E-2	-5.358756E-2	-2.052622E-2	-3.333112E+10	-3.321902E+10	-6.542374E+7	-1.120975E+8	-2.742761E+11
5.542580E+2	1.150295E+0	3.224283E+10	1.148173E+0	1.296804E+9	1.145584E+0	3.212444E+10	1.145423E+0	1.303016E+9	1.146605E+0	2.232981E+11	1.145907E+0	2.241992E+11	1.146476E+0	2.554225E+11	1.146457E+0	2.564420E+11	-2.122096E-3	-1.606876E-4	2.749415E-3	-1.961409E-3	1.715467E-3	-3.094602E+10	-3.082142E+10	-6.211398E+6	-1.245997E+8	-2.551452E+11
5.550140E+2	1.014263E+0	2.859804E+10	1.019948E+0	1.158531E+9	1.016415E+0	2.866443E+10	1.017158E+0	1.164038E+9	1.015549E+0	1.989242E+11	1.013608E+0	1.994822E+11	1.015658E+0	2.275886E+11	1.013691E+0	2.280802E+11	5.685150E-3	7.428619E-4	2.789687E-3	4.942288E-3	6.257370E-3	-2.743951E+10	-2.750039E+10	-5.507094E+6	6.087503E+7	-2.269217E+11
5.557600E+2	1.009990E+0	2.848357E+10	1.008827E+0	1.146539E+9	1.014982E+0	2.862603E+10	9.574249E-1	1.099316E+9	1.008674E+0	1.976454E+11	1.007188E+0	1.982826E+11	1.009468E+0	2.262715E+11	1.007539E+0	2.267661E+11	-1.163509E-3	-5.755700E-2	5.140183E-2	5.639349E-2	1.287599E-3	-2.733703E+10	-2.752671E+10	4.722227E+7	1.896826E+8	-2.256196E+11
5.560190E+2	1.001740E+0	2.826251E+10	1.002932E+0	1.140182E+9	1.001144E+0	2.825535E+10	9.680753E-1	1.110856E+9	1.000538E+0	1.961322E+11	1.003209E+0	1.975392E+11	1.000614E+0	2.243876E+11	1.003025E+0	2.258017E+11	1.192250E-3	-3.306851E-2	3.485664E-2	3.426076E-2	-9.273948E-5	-2.712232E+10	-2.714449E+10	2.932566E+7	2.216942E+7	-2.246616E+11
5.565370E+2	9.334215E-1	2.643202E+10	9.501692E-1	1.083284E+9	9.406387E-1	2.663461E+10	9.677038E-1	1.110454E+9	9.402050E-1	1.849114E+11	9.399064E-1	1.857126E+11	9.402596E-1	2.115460E+11	9.390931E-1	2.121446E+11	1.674768E-2	2.706508E-2	-1.753457E-2	-1.031741E-2	1.107614E-2	-2.534873E+10	-2.552416E+10	-2.716923E+7	1.754238E+8	-2.110613E+11
5.570050E+2	1.034852E+0	2.914971E+10	9.937270E-1	1.130256E+9	1.033093E+0	2.911116E+10	1.045793E+0	1.195065E+9	1.030847E+0	2.017692E+11	1.029144E+0	2.023845E+11	1.031130E+0	2.308804E+11	1.029860E+0	2.315342E+11	-4.112517E-2	1.270061E-2	-5.206649E-2	-5.382578E-2	-3.613256E-2	-2.801945E+10	-2.791610E+10	-6.480957E+7	-1.033540E+8	-2.304040E+11
5.575130E+2	1.038398E+0	2.924470E+10	1.022787E+0	1.161593E+9	1.032850E+0	2.910467E+10	1.051419E+0	1.201160E+9	1.034647E+0	2.024759E+11	1.035366E+0	2.035471E+11	1.034420E+0	2.315806E+11	1.035746E+0	2.327918E+11	-1.561069E-2	1.856831E-2	-2.863191E-2	-3.417901E-2	-1.295968E-2	-2.808311E+10	-2.790351E+10	-3.956754E+7	-1.795991E+8	-2.316302E+11
5.580570E+2	9.680968E-1	2.736109E+10	9.758030E-1	1.110927E+9	9.639809E-1	2.725987E+10	9.536813E-1	1.095260E+9	9.700267E-1	1.904577E+11	9.695344E-1	1.912479E+11	9.692656E-1	2.177176E+11	9.693541E-1	2.186090E+11	7.706189E-3	-1.029964E-2	2.212173E-2	1.800583E-2	6.448901E-3	-2.625017E+10	-2.616461E+10	1.566695E+7	-8.555138E+7	-2.174981E+11
5.585270E+2	1.028386E+0	2.897646E+10	1.037586E+0	1.177552E+9	1.024520E+0	2.888151E+10	9.962411E-1	1.141374E+9	1.027157E+0	2.010830E+11	1.025249E+0	2.016569E+11	1.026825E+0	2.299645E+11	1.025643E+0	2.306334E+11	9.200217E-3	-2.827848E-2	4.134515E-2	3.747869E-2	1.194370E-2	-2.779890E+10	-2.774014E+10	3.617750E+7	-5.876721E+7	-2.294559E+11
5.590390E+2	1.008553E+0	2.844505E+10	1.016779E+0	1.155114E+9	1.012721E+0	2.856548E+10	1.010903E+0	1.157261E+9	1.011836E+0	1.982335E+11	1.013044E+0	1.993767E+11	1.011948E+0	2.267990E+11	1.012481E+0	2.278218E+11	8.226492E-3	-1.818440E-3	5.876011E-3	1.004493E-2	4.298162E-3	-2.728993E+10	-2.740822E+10	-2.146684E+6	1.182849E+8	-2.266667E+11
5.595220E+2	9.531536E-1	2.696071E+10	9.536507E-1	1.087039E+9	9.524312E-1	2.695049E+10	9.886717E-1	1.133173E+9	9.543044E-1	1.875337E+11	9.538186E-1	1.883117E+11	9.540685E-1	2.144842E+11	9.537352E-1	2.152725E+11	4.971540E-4	3.624051E-2	-3.502092E-2	-3.574336E-2	-8.442389E-5	-2.587367E+10	-2.581732E+10	-4.613393E+7	-5.635093E+7	-2.141854E+11
5.600070E+2	1.028796E+0	2.898745E+10	9.970285E-1	1.133816E+9	1.040054E+0	2.929763E+10	1.043850E+0	1.192959E+9	1.030507E+0	2.017059E+11	1.033576E+0	2.032127E+11	1.031709E+0	2.310035E+11	1.032977E+0	2.322002E+11	-3.176777E-2	3.796120E-3	-4.682154E-2	-3.556389E-2	-3.594831E-2	-2.785363E+10	-2.810467E+10	-5.914358E+7	2.510353E+8	-2.310663E+11
5.605260E+2	1.043905E+0	2.939226E+10	1.044008E+0	1.184477E+9	1.044931E+0	2.942827E+10	1.049485E+0	1.199065E+9	1.040501E+0	2.035646E+11	1.040411E+0	2.044895E+11	1.041058E+0	2.329929E+11	1.040849E+0	2.338818E+11	1.036312E-4	4.553930E-3	-5.476756E-3	-4.450298E-3	3.159433E-3	-2.820778E+10	-2.822921E+10	-1.458789E+7	2.142773E+7	-2.326973E+11
5.610010E+2	9.606993E-1	2.716289E+10	1.005529E+0	1.142983E+9	9.536362E-1	2.698277E+10	9.241766E-1	1.063291E+9	9.594326E-1	1.884874E+11	9.567415E-1	1.888578E+11	9.587028E-1	2.154702E+11	9.572379E-1	2.160207E+11	4.483002E-2	-2.945950E-2	8.135266E-2	7.428953E-2	4.829138E-2	-2.601990E+10	-2.591948E+10	7.969147E+7	-1.004236E+8	-2.148777E+11
