Photon Energy (eV)	X ref norm	X ref	X pump norm	X pump	Y ref norm	Y ref	Y pump norm	Y pump	X all norm	X all	Y all norm	Y all	X all Y ref norm	X all Y ref	Y all X ref norm	Y all X ref	BC(X hist) norm	BC(Y hist) norm	StS norm	BCSC norm	BCLR norm	BC(X hist)	BC(Y hist)	StS	BCSC	BCLR	
5.300110E+2	-6.175582E-3	1.256852E+9	-4.017861E-3	5.290568E+7	-5.041810E-3	1.302853E+9	-1.016202E-2	4.008006E+7	-5.752573E-3	8.980248E+9	-6.103948E-3	8.971644E+9	-5.663091E-3	1.028310E+10	-6.112933E-3	1.022850E+10	2.157721E-3	-5.120212E-3	6.144162E-3	7.277933E-3	2.095072E-3	-1.203946E+9	-1.262773E+9	1.282562E+7	5.882745E+7	-1.017559E+10
5.305130E+2	-4.130373E-3	1.311650E+9	-8.435545E-3	4.813122E+7	-7.218180E-3	1.244555E+9	4.859463E-3	5.659385E+7	-4.981371E-3	9.123677E+9	-5.375632E-3	9.107714E+9	-5.262977E-3	1.036823E+10	-5.219445E-3	1.041936E+10	-4.305172E-3	1.207764E-2	-1.329501E-2	-1.638281E-2	-3.216100E-3	-1.263519E+9	-1.187962E+9	-8.462628E+6	-7.555723E+7	-1.037123E+10
5.310050E+2	-2.538209E-3	1.354310E+9	-2.833982E-3	5.418517E+7	-2.498495E-3	1.370981E+9	-9.412093E-3	4.090449E+7	-2.884317E-3	9.513692E+9	-2.963860E-3	9.558300E+9	-2.835744E-3	1.088467E+10	-2.910473E-3	1.091261E+10	-2.957723E-4	-6.913597E-3	6.578111E-3	6.617825E-3	7.649111E-5	-1.300125E+9	-1.330076E+9	1.328068E+7	2.995157E+7	-1.085842E+10
5.315130E+2	-1.402931E-3	1.384728E+9	2.478434E-3	5.992661E+7	3.427860E-4	1.447089E+9	3.962330E-3	5.560759E+7	5.860583E-4	1.015912E+10	7.097263E-4	1.024463E+10	5.554312E-4	1.160621E+10	4.447450E-4	1.162936E+10	3.881364E-3	3.619544E-3	-1.483896E-3	2.618201E-4	2.033689E-3	-1.324801E+9	-1.391482E+9	4.319016E+6	6.668058E+7	-1.156943E+10
5.320120E+2	5.057286E-3	1.557820E+9	2.946916E-3	6.043293E+7	3.065644E-3	1.520026E+9	5.897477E-3	5.773499E+7	3.050618E-3	1.061748E+10	3.201301E-3	1.071012E+10	3.052510E-3	1.213751E+10	3.434089E-3	1.226794E+10	-2.110370E-3	2.831833E-3	-2.950561E-3	-4.942202E-3	-4.871728E-4	-1.497387E+9	-1.462291E+9	2.697939E+6	-3.509613E+7	-1.220751E+10
5.325170E+2	9.189809E-3	1.668545E+9	9.862038E-3	6.790651E+7	1.135006E-2	1.741939E+9	4.854846E-3	5.658878E+7	9.981585E-3	1.190652E+10	1.053241E-2	1.207978E+10	1.015387E-2	1.364846E+10	1.036402E-2	1.374832E+10	6.722287E-4	-6.495210E-3	5.007192E-3	7.167439E-3	-5.019785E-4	-1.600639E+9	-1.685350E+9	1.131773E+7	8.471150E+7	-1.368042E+10
5.330180E+2	2.134276E-2	1.994166E+9	2.271969E-2	8.180254E+7	1.853311E-2	1.934350E+9	2.286234E-2	7.638522E+7	2.076388E-2	1.391183E+10	2.003805E-2	1.385569E+10	2.048303E-2	1.584618E+10	2.020169E-2	1.584986E+10	1.376929E-3	4.329223E-3	-1.426444E-4	-2.952293E-3	2.518000E-3	-1.912364E+9	-1.857965E+9	5.417322E+6	-5.439884E+7	-1.576806E+10
5.331630E+2	2.768213E-2	2.164021E+9	2.740019E-2	8.686104E+7	2.337167E-2	2.063960E+9	2.294985E-2	7.648143E+7	2.512964E-2	1.472379E+10	2.398409E-2	1.459292E+10	2.490831E-2	1.678775E+10	2.444792E-2	1.675694E+10	-2.819412E-4	-4.218228E-4	4.450343E-3	1.398816E-4	2.952275E-3	-2.077160E+9	-1.987478E+9	1.037961E+7	-8.968146E+7	-1.667008E+10
5.333080E+2	3.346011E-2	2.318834E+9	3.346487E-2	9.341550E+7	2.953041E-2	2.228933E+9	3.984437E-2	9.505433E+7	3.217292E-2	1.603371E+10	3.137043E-2	1.597290E+10	3.184024E-2	1.826264E+10	3.163253E-2	1.829173E+10	4.755554E-6	1.031396E-2	-6.379496E-3	-1.030920E-2	1.832339E-3	-2.225418E+9	-2.133878E+9	-1.638834E+6	-9.153974E+7	-1.819831E+10
5.334680E+2	4.327396E-2	2.581782E+9	4.238088E-2	1.030516E+8	3.935062E-2	2.491985E+9	5.505449E-2	1.117755E+8	4.266309E-2	1.798470E+10	4.067243E-2	1.771077E+10	4.224606E-2	2.047668E+10	4.099873E-2	2.029255E+10	-8.930778E-4	1.570386E-2	-1.267360E-2	-1.659694E-2	1.382154E-3	-2.478730E+9	-2.380209E+9	-8.723933E+6	-9.852081E+7	-2.018950E+10
5.336030E+2	5.442339E-2	2.880515E+9	5.543622E-2	1.171612E+8	5.270939E-2	2.849823E+9	7.738391E-2	1.363232E+8	5.528300E-2	2.033177E+10	5.584228E-2	2.054492E+10	5.495899E-2	2.318160E+10	5.566432E-2	2.342543E+10	1.012830E-3	2.467453E-2	-2.194769E-2	-2.366170E-2	-2.280976E-4	-2.763353E+9	-2.713500E+9	-1.916200E+7	-4.985339E+7	-2.330827E+10
5.337580E+2	7.962823E-2	3.555843E+9	7.881104E-2	1.424238E+8	7.591887E-2	3.471531E+9	7.645548E-2	1.353026E+8	7.869603E-2	2.468618E+10	7.804789E-2	2.469354E+10	7.834640E-2	2.815771E+10	7.824610E-2	2.824938E+10	-8.171958E-4	5.366094E-4	2.355553E-3	-1.353805E-3	5.649316E-4	-3.413419E+9	-3.336229E+9	7.121220E+6	-7.719000E+7	-2.810696E+10
5.339090E+2	1.113690E-1	4.406292E+9	1.014560E-1	1.668976E+8	1.082051E-1	4.336375E+9	1.146840E-1	1.773289E+8	1.147067E-1	3.138353E+10	1.115261E-1	3.094818E+10	1.138882E-1	3.571990E+10	1.115064E-1	3.535448E+10	-9.913017E-3	6.478897E-3	-1.322796E-2	-1.639191E-2	-1.005035E-2	-4.239394E+9	-4.159046E+9	-1.043130E+7	-8.034791E+7	-3.518758E+10
5.340850E+2	1.697049E-1	5.969319E+9	1.710206E-1	2.420802E+8	1.661903E-1	5.889613E+9	1.775877E-1	2.464818E+8	1.747910E-1	4.255812E+10	1.707971E-1	4.202166E+10	1.737082E-1	4.844774E+10	1.706601E-1	4.799098E+10	1.315718E-3	1.139743E-2	-6.567079E-3	-1.008171E-2	3.604880E-4	-5.727238E+9	-5.643132E+9	-4.401588E+6	-8.410671E+7	-4.774890E+10
5.342040E+2	2.804755E-1	8.937259E+9	2.762365E-1	3.557933E+8	2.752767E-1	8.811690E+9	2.750042E-1	3.535761E+8	2.854246E-1	6.313399E+10	2.745613E-1	6.140768E+10	2.841470E-1	7.194568E+10	2.753031E-1	7.034494E+10	-4.238995E-3	-2.724934E-4	1.232310E-3	-3.966502E-3	9.334254E-4	-8.581466E+9	-8.458114E+9	2.217147E+6	-1.233520E+8	-6.998915E+10
5.343600E+2	5.004950E-1	1.483237E+10	4.935965E-1	5.907071E+8	4.935768E-1	1.465925E+10	5.292655E-1	6.330970E+8	5.147827E-1	1.057905E+11	5.013913E-1	1.037858E+11	5.121129E-1	1.204497E+11	5.012789E-1	1.186182E+11	-6.898567E-3	3.568873E-2	-3.566901E-2	-4.258730E-2	-7.682453E-3	-1.424166E+10	-1.402615E+10	-4.238987E+7	-2.155083E+8	-1.180275E+11
5.345160E+2	8.998182E-1	2.553166E+10	9.422359E-1	1.075578E+9	8.948405E-1	2.540782E+10	9.195633E-1	1.062169E+9	9.150587E-1	1.802347E+11	8.943697E-1	1.772051E+11	9.125133E-1	2.056425E+11	8.950531E-1	2.027367E+11	4.241767E-2	2.472284E-2	2.267258E-2	1.769483E-2	4.718279E-2	-2.445609E+10	-2.434565E+10	1.340950E+7	-1.104327E+8	-2.016611E+11
5.346510E+2	1.294941E+0	3.611842E+10	1.312502E+0	1.475747E+9	1.293994E+0	3.609987E+10	1.292739E+0	1.472418E+9	1.299592E+0	2.517510E+11	1.285475E+0	2.502743E+11	1.298887E+0	2.878508E+11	1.286662E+0	2.863927E+11	1.756115E-2	-1.254697E-3	1.976282E-2	1.881585E-2	2.584036E-2	-3.464267E+10	-3.462746E+10	3.329109E+6	-1.521740E+7	-2.849169E+11
5.348020E+2	1.728251E+0	4.772833E+10	1.781722E+0	1.982861E+9	1.724719E+0	4.763761E+10	1.740216E+0	1.964350E+9	1.714185E+0	3.288578E+11	1.704074E+0	3.284803E+11	1.715511E+0	3.764954E+11	1.707107E+0	3.762086E+11	5.347123E-2	1.549739E-2	4.150568E-2	3.797384E-2	7.461538E-2	-4.574547E+10	-4.567326E+10	1.851135E+7	-7.221013E+7	-3.742257E+11
5.349580E+2	2.021990E+0	5.559865E+10	2.084756E+0	2.310368E+9	2.012294E+0	5.534083E+10	2.017254E+0	2.268910E+9	1.976004E+0	3.775515E+11	1.975672E+0	3.792223E+11	1.980573E+0	4.328923E+11	1.981482E+0	4.348210E+11	6.276586E-2	4.960416E-3	6.750121E-2	5.780545E-2	1.032740E-1	-5.328829E+10	-5.307192E+10	4.145738E+7	-2.163649E+8	-4.325106E+11
5.351140E+2	2.139977E+0	5.875996E+10	2.133267E+0	2.362797E+9	2.139402E+0	5.874565E+10	2.084205E+0	2.342512E+9	2.099246E+0	4.004724E+11	2.105329E+0	4.034458E+11	2.104302E+0	4.592181E+11	2.109675E+0	4.622058E+11	-6.709971E-3	-5.519698E-2	4.906216E-2	4.848701E-2	2.359246E-2	-5.639717E+10	-5.640314E+10	2.028490E+7	5.975409E+6	-4.598430E+11
5.352600E+2	2.110489E+0	5.796987E+10	2.112418E+0	2.340263E+9	2.098734E+0	5.765628E+10	2.130417E+0	2.393314E+9	2.054317E+0	3.921164E+11	2.056886E+0	3.943953E+11	2.059909E+0	4.497727E+11	2.063609E+0	4.523651E+11	1.928227E-3	3.168282E-2	-1.799910E-2	-2.975460E-2	4.880848E-2	-5.562961E+10	-5.526296E+10	-5.305106E+7	-3.666466E+8	-4.500249E+11
5.354110E+2	1.924152E+0	5.297724E+10	1.950071E+0	2.164806E+9	1.916616E+0	5.277792E+10	1.912721E+0	2.153991E+9	1.873940E+0	3.585695E+11	1.883231E+0	3.619517E+11	1.879313E+0	4.113474E+11	1.888363E+0	4.149289E+11	2.591870E-2	-3.895189E-3	3.735058E-2	2.981389E-2	6.170786E-2	-5.081244E+10	-5.062393E+10	1.081462E+7	-1.885106E+8	-4.127641E+11
5.355630E+2	1.625223E+0	4.496786E+10	1.613010E+0	1.800524E+9	1.622306E+0	4.489430E+10	1.612740E+0	1.824209E+9	1.601415E+0	3.078846E+11	1.601365E+0	3.092914E+11	1.604045E+0	3.527789E+11	1.604357E+0	3.542592E+11	-1.221323E-2	-9.566052E-3	2.698607E-4	-2.647174E-3	8.652436E-3	-4.316733E+10	-4.307009E+10	-2.368545E+7	-9.724036E+7	-3.524587E+11
5.357090E+2	1.383013E+0	3.847819E+10	1.391557E+0	1.561187E+9	1.384247E+0	3.851745E+10	1.402699E+0	1.593302E+9	1.372518E+0	2.653139E+11	1.374781E+0	2.669592E+11	1.373995E+0	3.038314E+11	1.375814E+0	3.054374E+11	8.543633E-3	1.845269E-2	-1.114215E-2	-9.909055E-3	1.574328E-2	-3.691701E+10	-3.692415E+10	-3.211539E+7	7.138823E+6	-3.038762E+11
5.358650E+2	1.118646E+0	3.139484E+10	1.097793E+0	1.243699E+9	1.130825E+0	3.172909E+10	1.143374E+0	1.308214E+9	1.116273E+0	2.176570E+11	1.124715E+0	2.202400E+11	1.118105E+0	2.493860E+11	1.123954E+0	2.516348E+11	-2.085234E-2	1.254890E-2	-4.558012E-2	-3.340123E-2	-2.616066E-2	-3.015114E+10	-3.042087E+10	-6.451487E+7	2.697326E+8	-2.503911E+11
5.360070E+2	9.664382E-1	2.731665E+10	1.035369E+0	1.176233E+9	9.591603E-1	2.713075E+10	9.295010E-1	1.073094E+9	9.584396E-1	1.883027E+11	9.614331E-1	1.897344E+11	9.585303E-1	2.154335E+11	9.620609E-1	2.170510E+11	6.893070E-2	-2.965930E-2	1.058678E-1	9.859000E-2	7.330800E-2	-2.614042E+10	-2.605765E+10	1.031389E+8	-8.276649E+7	-2.158748E+11
5.362680E+2	7.326236E-1	2.105192E+10	7.243346E-1	8.400795E+8	7.271831E-1	2.091682E+10	7.041638E-1	8.253706E+8	7.330672E-1	1.463875E+11	7.290554E-1	1.463198E+11	7.323264E-1	1.673043E+11	7.295029E-1	1.673717E+11	-8.289017E-3	-2.301928E-2	2.017079E-2	1.473026E-2	-5.168322E-3	-2.021184E+10	-2.009145E+10	1.470896E+7	-1.203971E+8	-1.665316E+11
5.365140E+2	6.039084E-1	1.760318E+10	6.111672E-1	7.177728E+8	6.014475E-1	1.754876E+10	5.888787E-1	6.986324E+8	6.066912E-1	1.228838E+11	6.077387E-1	1.236544E+11	6.060310E-1	1.404326E+11	6.072582E-1	1.412576E+11	7.258827E-3	-1.256889E-2	2.228854E-2	1.982772E-2	3.908961E-3	-1.688541E+10	-1.685013E+10	1.914037E+7	-3.527732E+7	-1.405398E+11
5.367660E+2	5.502472E-1	1.616541E+10	5.871409E-1	6.918061E+8	5.478570E-1	1.611324E+10	5.341828E-1	6.385028E+8	5.548792E-1	1.132477E+11	5.533052E-1	1.134848E+11	5.539952E-1	1.293610E+11	5.529217E-1	1.296502E+11	3.689365E-2	-1.367419E-2	5.295811E-2	5.056784E-2	3.421919E-2	-1.547360E+10	-1.547474E+10	5.330335E+7	1.138989E+6	-1.289584E+11
5.370120E+2	5.445314E-1	1.601226E+10	5.474178E-1	6.488750E+8	5.467774E-1	1.608432E+10	5.317192E-1	6.357944E+8	5.566289E-1	1.135731E+11	5.536271E-1	1.135449E+11	5.553887E-1	1.296575E+11	5.524863E-1	1.295572E+11	2.886376E-3	-1.505817E-2	1.569861E-2	1.794454E-2	-5.068490E-3	-1.536339E+10	-1.544853E+10	1.308057E+7	8.514417E+7	-1.289083E+11
5.372590E+2	6.142671E-1	1.788073E+10	6.115521E-1	7.181888E+8	6.256883E-1	1.819810E+10	6.826442E-1	8.017131E+8	6.189256E-1	1.251592E+11	6.212128E-1	1.261718E+11	6.197770E-1	1.433573E+11	6.203417E-1	1.440525E+11	-2.715032E-3	5.695586E-2	-7.109207E-2	-5.967089E-2	-8.789552E-3	-1.716254E+10	-1.739638E+10	-8.352429E+7	2.338423E+8	-1.433343E+11
5.375110E+2	7.036424E-1	2.027541E+10	6.969302E-1	8.104620E+8	7.000087E-1	2.018890E+10	7.104713E-1	8.323047E+8	7.149387E-1	1.430159E+11	7.120192E-1	1.431369E+11	7.130591E-1	1.632048E+11	7.109685E-1	1.634123E+11	-6.712112E-3	1.046255E-2	-1.354104E-2	-1.717466E-2	-1.403830E-2	-1.946495E+10	-1.935660E+10	-2.184265E+7	-1.083511E+8	-1.626019E+11
5.377580E+2	8.040232E-1	2.296497E+10	7.983921E-1	9.201179E+8	8.010224E-1	2.289474E+10	7.751890E-1	9.034517E+8	8.045754E-1	1.596868E+11	8.042058E-1	1.603599E+11	8.041281E-1	1.825815E+11	8.041829E-1	1.833249E+11	-5.631116E-3	-2.583344E-2	2.320309E-2	2.020233E-2	-5.790827E-3	-2.204486E+10	-2.199129E+10	1.666612E+7	-5.357007E+7	-1.824048E+11
5.380110E+2	9.367561E-1	2.652136E+10	9.279418E-1	1.060130E+9	9.409441E-1	2.664279E+10	9.319597E-1	1.075797E+9	9.411825E-1	1.850932E+11	9.378565E-1	1.853296E+11	9.411525E-1	2.117360E+11	9.377185E-1	2.118510E+11	-8.814334E-3	-8.984445E-3	-4.017904E-3	1.701117E-4	-9.776751E-3	-2.546123E+10	-2.556700E+10	-1.566688E+7	1.057624E+8	-2.107908E+11
5.382850E+2	1.096802E+0	3.080955E+10	1.159375E+0	1.310254E+9	1.097223E+0	3.082899E+10	1.106783E+0	1.267988E+9	1.099536E+0	2.145441E+11	1.097404E+0	2.151374E+11	1.099244E+0	2.453731E+11	1.097328E+0	2.459470E+11	6.257352E-2	9.560169E-3	5.259227E-2	5.301335E-2	6.204684E-2	-2.949930E+10	-2.956101E+10	4.226594E+7	6.170699E+7	-2.446367E+11
5.385110E+2	1.314153E+0	3.663316E+10	1.339955E+0	1.505418E+9	1.318316E+0	3.675139E+10	1.316424E+0	1.498456E+9	1.313278E+0	2.542963E+11	1.307038E+0	2.543029E+11	1.313912E+0	2.910476E+11	1.307930E+0	2.909361E+11	2.580288E-2	-1.892236E-3	2.353147E-2	2.769512E-2	3.202517E-2	-3.512775E+10	-3.525293E+10	6.961926E+6	1.251825E+8	-2.894307E+11
5.387700E+2	1.525799E+0	4.230393E+10	1.554455E+0	1.737240E+9	1.517165E+0	4.207791E+10	1.545279E+0	1.750046E+9	1.512786E+0	2.914012E+11	1.509814E+0	2.921871E+11	1.513337E+0	3.334791E+11	1.511819E+0	3.344910E+11	2.865643E-2	2.811400E-2	9.176279E-3	5.424347E-4	4.263646E-2	-4.056669E+10	-4.032786E+10	-1.280596E+7	-2.388226E+8	-3.327538E+11
5.390450E+2	1.800244E+0	4.965728E+10	1.832207E+0	2.037423E+9	1.800595E+0	4.967009E+10	1.780247E+0	2.008357E+9	1.769918E+0	3.392232E+11	1.767806E+0	3.403871E+11	1.773780E+0	3.888933E+11	1.771874E+0	3.900444E+11	3.196280E-2	-2.034828E-2	5.195999E-2	5.231107E-2	6.033201E-2	-4.761986E+10	-4.766173E+10	2.906596E+7	4.186816E+7	-3.880070E+11
5.392620E+2	1.982543E+0	5.454173E+10	2.059406E+0	2.282971E+9	1.990702E+0	5.476246E+10	1.979128E+0	2.226996E+9	1.955671E+0	3.737699E+11	1.952880E+0	3.749640E+11	1.960081E+0	4.285323E+11	1.956600E+0	4.295058E+11	7.686349E-2	-1.157421E-2	8.027810E-2	8.843769E-2	1.028059E-1	-5.225875E+10	-5.253546E+10	5.597473E+7	2.767073E+8	-4.272228E+11
5.395370E+2	2.197822E+0	6.030984E+10	2.249609E+0	2.488534E+9	2.199587E+0	6.035782E+10	2.156125E+0	2.421577E+9	2.152660E+0	4.104064E+11	2.155289E+0	4.127798E+11	2.158568E+0	4.707642E+11	2.160624E+0	4.730896E+11	5.178660E-2	-4.346211E-2	9.348387E-2	9.524871E-2	8.898494E-2	-5.782131E+10	-5.793624E+10	6.695741E+7	1.149373E+8	-4.706011E+11
5.397860E+2	2.210190E+0	6.064120E+10	2.260768E+0	2.500595E+9	2.206042E+0	6.053073E+10	2.265246E+0	2.541539E+9	2.148219E+0	4.095804E+11	2.155715E+0	4.128594E+11	2.155499E+0	4.701112E+11	2.162548E+0	4.735006E+11	5.057835E-2	5.920387E-2	-4.478099E-3	-8.625516E-3	9.822020E-2	-5.814061E+10	-5.798919E+10	-4.094397E+7	-1.514185E+8	-4.710000E+11
5.400240E+2	2.103812E+0	5.779097E+10	2.141787E+0	2.372004E+9	2.105131E+0	5.782764E+10	2.040745E+0	2.294735E+9	2.055981E+0	3.924259E+11	2.060480E+0	3.950668E+11	2.062169E+0	4.502535E+11	2.065915E+0	4.528578E+11	3.797459E-2	-6.438590E-2	1.010414E-1	1.023605E-1	7.587137E-2	-5.541896E+10	-5.553291E+10	7.726967E+7	1.139459E+8	-4.504858E+11
5.402740E+2	2.010967E+0	5.530331E+10	2.035190E+0	2.256799E+9	2.010264E+0	5.528646E+10	1.992292E+0	2.241467E+9	1.974292E+0	3.772331E+11	1.971748E+0	3.784892E+11	1.978821E+0	4.325195E+11	1.976667E+0	4.337925E+11	2.422264E-2	-1.797275E-2	4.289793E-2	4.219539E-2	5.852217E-2	-5.304651E+10	-5.304500E+10	1.533111E+7	-1.517058E+6	-4.315357E+11
5.405080E+2	1.935794E+0	5.328917E+10	1.972523E+0	2.189071E+9	1.942045E+0	5.345910E+10	1.930168E+0	2.173172E+9	1.916575E+0	3.664988E+11	1.915799E+0	3.680363E+11	1.919782E+0	4.199579E+11	1.918307E+0	4.213255E+11	3.672863E-2	-1.187733E-2	4.235473E-2	4.860595E-2	5.421616E-2	-5.110010E+10	-5.128593E+10	1.589863E+7	1.858286E+8	-4.191364E+11
5.407630E+2	1.910152E+0	5.260212E+10	1.910208E+0	2.121723E+9	1.894919E+0	5.219672E+10	1.849056E+0	2.084002E+9	1.869825E+0	3.578041E+11	1.874909E+0	3.603969E+11	1.872984E+0	4.100008E+11	1.879329E+0	4.129990E+11	5.541086E-5	-4.586260E-2	6.115167E-2	4.591802E-2	3.087829E-2	-5.048040E+10	-5.011272E+10	3.772111E+7	-3.676865E+8	-4.108773E+11
5.410190E+2	1.811968E+0	4.997142E+10	1.816929E+0	2.020912E+9	1.808121E+0	4.987169E+10	1.815235E+0	2.046821E+9	1.781974E+0	3.414654E+11	1.781874E+0	3.430154E+11	1.785266E+0	3.913371E+11	1.785648E+0	3.929868E+11	4.961341E-3	7.113814E-3	1.694666E-3	-2.152473E-3	3.128109E-2	-4.795051E+10	-4.782487E+10	-2.590903E+7	-1.256432E+8	-3.909659E+11
5.412690E+2	1.649932E+0	4.562990E+10	1.660133E+0	1.851453E+9	1.652029E+0	4.569048E+10	1.633293E+0	1.846804E+9	1.630868E+0	3.133624E+11	1.631889E+0	3.149940E+11	1.633532E+0	3.590529E+11	1.634152E+0	3.606239E+11	1.020092E-2	-1.873594E-2	2.684025E-2	2.893685E-2	2.598139E-2	-4.377845E+10	-4.384368E+10	4.648760E+6	6.522599E+7	-3.587725E+11
5.415140E+2	1.501492E+0	4.165265E+10	1.516696E+0	1.696432E+9	1.499311E+0	4.159966E+10	1.445722E+0	1.640599E+9	1.485360E+0	2.863006E+11	1.491009E+0	2.886738E+11	1.487117E+0	3.279002E+11	1.492324E+0	3.303264E+11	1.520457E-2	-5.358926E-2	7.097444E-2	6.879383E-2	2.437260E-2	-3.995622E+10	-3.995906E+10	5.583331E+7	2.842682E+6	-3.286300E+11
5.417920E+2	1.302454E+0	3.631973E+10	1.274140E+0	1.434287E+9	1.303512E+0	3.635483E+10	1.315808E+0	1.497779E+9	1.301294E+0	2.520675E+11	1.297871E+0	2.525903E+11	1.301573E+0	2.884223E+11	1.298446E+0	2.889100E+11	-2.831438E-2	1.229628E-2	-4.166822E-2	-4.061066E-2	-2.430586E-2	-3.488544E+10	-3.485705E+10	-6.349182E+7	-2.839405E+7	-2.874757E+11
5.420110E+2	1.174026E+0	3.287866E+10	1.192555E+0	1.346113E+9	1.175022E+0	3.291300E+10	1.143702E+0	1.308574E+9	1.171375E+0	2.279049E+11	1.167561E+0	2.282448E+11	1.171834E+0	2.608179E+11	1.168372E+0	2.611235E+11	1.852924E-2	-3.132080E-2	4.885342E-2	4.985004E-2	2.418296E-2	-3.153255E+10	-3.160443E+10	3.753899E+7	7.187408E+7	-2.597773E+11
5.422670E+2	1.052328E+0	2.961794E+10	1.032320E+0	1.172937E+9	1.053879E+0	2.966794E+10	9.922820E-1	1.142112E+9	1.056656E+0	2.065692E+11	1.049253E+0	2.061415E+11	1.056306E+0	2.362371E+11	1.049639E+0	2.357595E+11	-2.000792E-2	-6.159649E-2	4.003759E-2	4.158857E-2	-1.731898E-2	-2.844500E+10	-2.852583E+10	3.082539E+7	8.083426E+7	-2.345865E+11
5.425350E+2	9.895587E-1	2.793613E+10	9.919150E-1	1.129270E+9	9.860198E-1	2.785022E+10	9.762682E-1	1.124507E+9	9.901205E-1	1.941948E+11	9.858541E-1	1.942969E+11	9.896043E-1	2.220451E+11	9.863187E-1	2.222330E+11	2.356346E-3	-9.751588E-3	1.564687E-2	1.210793E-2	5.596324E-3	-2.680686E+10	-2.672572E+10	4.762512E+6	-8.114607E+7	-2.211037E+11
5.427650E+2	1.017983E+0	2.869771E+10	1.037950E+0	1.179022E+9	1.013385E+0	2.858325E+10	9.956396E-1	1.145803E+9	1.015956E+0	1.989997E+11	1.012858E+0	1.993420E+11	1.015632E+0	2.275830E+11	1.013501E+0	2.280397E+11	1.996715E-2	-1.774517E-2	4.231026E-2	3.771232E-2	2.444876E-2	-2.751869E+10	-2.743744E+10	3.321920E+7	-8.124911E+7	-2.268607E+11
5.430120E+2	1.128332E+0	3.165436E+10	1.149758E+0	1.299860E+9	1.124867E+0	3.156951E+10	1.153862E+0	1.319744E+9	1.123297E+0	2.189633E+11	1.120533E+0	2.194587E+11	1.123495E+0	2.505328E+11	1.121512E+0	2.511131E+11	2.142617E-2	2.899436E-2	-4.103719E-3	-7.568189E-3	2.824657E-2	-3.035450E+10	-3.024977E+10	-1.988378E+7	-1.047376E+8	-2.498132E+11
5.432800E+2	1.303690E+0	3.635284E+10	1.312972E+0	1.476255E+9	1.299804E+0	3.625550E+10	1.302955E+0	1.483648E+9	1.300759E+0	2.519681E+11	1.291395E+0	2.513803E+11	1.300639E+0	2.882236E+11	1.292937E+0	2.877331E+11	9.281825E-3	3.150608E-3	1.001730E-2	6.131217E-3	2.003516E-2	-3.487658E+10	-3.477186E+10	-7.393311E+6	-1.047284E+8	-2.862569E+11
5.435270E+2	1.505768E+0	4.176722E+10	1.522076E+0	1.702246E+9	1.496739E+0	4.153077E+10	1.466554E+0	1.663500E+9	1.487506E+0	2.866997E+11	1.484521E+0	2.874617E+11	1.488669E+0	3.282305E+11	1.487186E+0	3.292289E+11	1.630775E-2	-3.018586E-2	5.552200E-2	4.649360E-2	3.488927E-2	-4.006497E+10	-3.986727E+10	3.874576E+7	-1.977039E+8	-3.275267E+11
5.437590E+2	1.603384E+0	4.438271E+10	1.648773E+0	1.839175E+9	1.591535E+0	4.407005E+10	1.631690E+0	1.845042E+9	1.583873E+0	3.046222E+11	1.578328E+0	3.049875E+11	1.584838E+0	3.486922E+11	1.581471E+0	3.493702E+11	4.538855E-2	4.015463E-2	1.708298E-2	5.233920E-3	6.730180E-2	-4.254354E+10	-4.222501E+10	-5.866697E+6	-3.185342E+8	-3.475310E+11
5.440170E+2	1.679046E+0	4.640997E+10	1.665798E+0	1.857575E+9	1.678730E+0	4.640573E+10	1.683240E+0	1.901714E+9	1.665274E+0	3.197614E+11	1.659625E+0	3.201760E+11	1.666968E+0	3.661671E+11	1.662061E+0	3.665860E+11	-1.324872E-2	4.510140E-3	-1.744285E-2	-1.775886E-2	3.736274E-3	-4.455240E+10	-4.450401E+10	-4.413891E+7	-4.838507E+7	-3.647284E+11
5.442700E+2	1.638816E+0	4.533206E+10	1.723673E+0	1.920124E+9	1.635853E+0	4.525717E+10	1.624780E+0	1.837445E+9	1.618604E+0	3.110815E+11	1.621827E+0	3.131142E+11	1.620776E+0	3.563387E+11	1.623958E+0	3.584462E+11	8.485706E-2	-1.107298E-2	9.889335E-2	9.593003E-2	9.971540E-2	-4.341193E+10	-4.341972E+10	8.267906E+7	7.792353E+6	-3.565261E+11
5.445180E+2	1.625594E+0	4.497780E+10	1.656622E+0	1.847658E+9	1.620771E+0	4.485318E+10	1.567579E+0	1.774562E+9	1.605189E+0	3.085865E+11	1.608940E+0	3.107065E+11	1.607151E+0	3.534397E+11	1.611029E+0	3.556843E+11	3.102780E-2	-5.319153E-2	8.904282E-2	8.421933E-2	4.559362E-2	-4.313015E+10	-4.307862E+10	7.309610E+7	-5.152913E+7	-3.538366E+11
5.447610E+2	1.572450E+0	4.355389E+10	1.546553E+0	1.728700E+9	1.580855E+0	4.378397E+10	1.585799E+0	1.794592E+9	1.550085E+0	2.983381E+11	1.555766E+0	3.007722E+11	1.553959E+0	3.421221E+11	1.557859E+0	3.443261E+11	-2.589769E-2	4.944124E-3	-3.924666E-2	-3.084182E-2	-1.130587E-2	-4.182519E+10	-4.198937E+10	-6.589261E+7	1.641869E+8	-3.425974E+11
5.450090E+2	1.482520E+0	4.114432E+10	1.535023E+0	1.716238E+9	1.475400E+0	4.095917E+10	1.457172E+0	1.653187E+9	1.459681E+0	2.815246E+11	1.467359E+0	2.842552E+11	1.461660E+0	3.224838E+11	1.469260E+0	3.253996E+11	5.250290E-2	-1.822803E-2	7.785008E-2	7.073093E-2	6.576239E-2	-3.942808E+10	-3.930598E+10	6.305140E+7	-1.220983E+8	-3.236833E+11
5.452690E+2	1.368835E+0	3.809830E+10	1.336918E+0	1.502135E+9	1.350165E+0	3.760451E+10	1.335852E+0	1.519814E+9	1.348188E+0	2.607890E+11	1.347845E+0	2.619267E+11	1.348437E+0	2.983935E+11	1.350477E+0	3.000250E+11	-3.191707E-2	-1.431297E-2	1.065751E-3	-1.760410E-2	-1.355964E-2	-3.659616E+10	-3.608470E+10	-1.767920E+7	-5.114653E+8	-2.985229E+11
5.455290E+2	1.313756E+0	3.662254E+10	1.313888E+0	1.477245E+9	1.308978E+0	3.650125E+10	1.331659E+0	1.515205E+9	1.302734E+0	2.523353E+11	1.303569E+0	2.536547E+11	1.303520E+0	2.888366E+11	1.304846E+0	2.902773E+11	1.319921E-4	2.268098E-2	-1.777135E-2	-2.254899E-2	9.041699E-3	-3.514530E+10	-3.498605E+10	-3.795965E+7	-1.592448E+8	-2.888000E+11
5.457670E+2	1.246529E+0	3.482129E+10	1.265696E+0	1.425161E+9	1.239387E+0	3.463712E+10	1.204371E+0	1.375271E+9	1.240109E+0	2.406882E+11	1.236045E+0	2.410395E+11	1.240018E+0	2.753253E+11	1.237360E+0	2.758608E+11	1.916656E-2	-3.501594E-2	6.132495E-2	5.418250E-2	2.833549E-2	-3.339613E+10	-3.326185E+10	4.989014E+7	-1.342856E+8	-2.744357E+11
5.460220E+2	1.187386E+0	3.323663E+10	1.186985E+0	1.340093E+9	1.190952E+0	3.333970E+10	1.200880E+0	1.371433E+9	1.187692E+0	2.309397E+11	1.185054E+0	2.315130E+11	1.188103E+0	2.642794E+11	1.185347E+0	2.647496E+11	-4.005878E-4	9.927769E-3	-1.389459E-2	-1.032836E-2	1.638402E-3	-3.189653E+10	-3.196827E+10	-3.133921E+7	7.173720E+7	-2.634095E+11
5.467660E+2	1.291398E+0	3.602348E+10	1.252817E+0	1.411242E+9	1.291215E+0	3.602543E+10	1.259657E+0	1.436049E+9	1.292835E+0	2.504942E+11	1.287853E+0	2.507187E+11	1.292631E+0	2.865196E+11	1.288298E+0	2.867422E+11	-3.858060E-2	-3.155799E-2	-6.839884E-3	-7.022606E-3	-3.548094E-2	-3.461224E+10	-3.458938E+10	-2.480717E+7	-2.285776E+7	-2.853309E+11
5.475120E+2	1.422213E+0	3.952849E+10	1.442316E+0	1.616045E+9	1.419770E+0	3.946901E+10	1.424901E+0	1.617709E+9	1.411591E+0	2.725807E+11	1.410695E+0	2.736690E+11	1.412620E+0	3.120497E+11	1.412140E+0	3.131975E+11	2.010314E-2	5.131082E-3	1.741532E-2	1.497206E-2	3.017634E-2	-3.791245E+10	-3.785130E+10	-1.664257E+6	-6.115339E+7	-3.115814E+11
5.482600E+2	1.459457E+0	4.052639E+10	1.491517E+0	1.669220E+9	1.448517E+0	4.023905E+10	1.425713E+0	1.618602E+9	1.440626E+0	2.779808E+11	1.438934E+0	2.789447E+11	1.441620E+0	3.182199E+11	1.441508E+0	3.194711E+11	3.206051E-2	-2.280379E-2	6.580417E-2	5.486430E-2	5.000934E-2	-3.885717E+10	-3.862045E+10	5.061735E+7	-2.367209E+8	-3.178019E+11
5.490490E+2	1.447614E+0	4.020907E+10	1.455461E+0	1.630251E+9	1.435425E+0	3.988835E+10	1.504178E+0	1.704862E+9	1.432439E+0	2.764582E+11	1.430313E+0	2.773341E+11	1.432815E+0	3.163466E+11	1.432483E+0	3.175431E+11	7.846908E-3	6.875317E-2	-4.871721E-2	-6.090627E-2	2.297792E-2	-3.857882E+10	-3.818349E+10	-7.461102E+7	-3.953309E+8	-3.159129E+11
5.497790E+2	1.407458E+0	3.913315E+10	1.395410E+0	1.565351E+9	1.401570E+0	3.898148E+10	1.400752E+0	1.591161E+9	1.390776E+0	2.687096E+11	1.392421E+0	2.702548E+11	1.392135E+0	3.076911E+11	1.394307E+0	3.093880E+11	-1.204777E-2	-8.178233E-4	-5.341573E-3	-1.122995E-2	1.103282E-3	-3.756780E+10	-3.739032E+10	-2.581016E+7	-1.774830E+8	-3.078226E+11
5.505110E+2	1.341325E+0	3.736122E+10	1.370432E+0	1.538356E+9	1.343479E+0	3.742541E+10	1.339526E+0	1.523853E+9	1.329463E+0	2.573064E+11	1.331289E+0	2.588338E+11	1.331227E+0	2.947318E+11	1.332548E+0	2.961950E+11	2.910686E-2	-3.952386E-3	3.090589E-2	3.305925E-2	3.788405E-2	-3.582287E+10	-3.590156E+10	1.450253E+7	7.868990E+7	-2.946566E+11
5.512570E+2	1.381502E+0	3.843769E+10	1.374208E+0	1.542436E+9	1.389339E+0	3.865386E+10	1.394696E+0	1.584504E+9	1.370192E+0	2.648813E+11	1.373973E+0	2.668082E+11	1.372603E+0	3.035352E+11	1.374917E+0	3.052459E+11	-7.294189E-3	5.357064E-3	-2.048860E-2	-1.265125E-2	-7.096241E-4	-3.689526E+10	-3.706936E+10	-4.206791E+7	1.741032E+8	-3.037035E+11
5.520260E+2	1.375014E+0	3.826386E+10	1.374740E+0	1.543012E+9	1.376425E+0	3.830793E+10	1.355415E+0	1.541321E+9	1.365284E+0	2.639686E+11	1.360281E+0	2.642502E+11	1.366687E+0	3.022765E+11	1.362129E+0	3.025141E+11	-2.733921E-4	-2.100956E-2	1.932525E-2	2.073617E-2	1.261131E-2	-3.672084E+10	-3.676661E+10	1.691341E+6	4.576298E+7	-3.009711E+11
5.527590E+2	1.270274E+0	3.545749E+10	1.308870E+0	1.471821E+9	1.272005E+0	3.551085E+10	1.282932E+0	1.461637E+9	1.264422E+0	2.452100E+11	1.267095E+0	2.468405E+11	1.265377E+0	2.807208E+11	1.267494E+0	2.822980E+11	3.859594E-2	1.092753E-2	2.593754E-2	2.766841E-2	4.137584E-2	-3.398567E+10	-3.404921E+10	1.018477E+7	6.353607E+7	-2.808262E+11
5.535330E+2	1.242035E+0	3.470088E+10	1.259120E+0	1.418054E+9	1.240025E+0	3.465420E+10	1.258755E+0	1.435057E+9	1.231805E+0	2.391439E+11	1.235539E+0	2.409450E+11	1.232840E+0	2.737981E+11	1.236354E+0	2.756458E+11	1.708542E-2	1.873025E-2	3.655618E-4	-1.644831E-3	2.276655E-2	-3.328282E+10	-3.321915E+10	-1.700305E+7	-6.367679E+7	-2.742278E+11
5.542580E+2	1.150295E+0	3.224283E+10	1.109498E+0	1.256349E+9	1.145584E+0	3.212444E+10	1.122556E+0	1.285328E+9	1.146605E+0	2.232981E+11	1.145907E+0	2.241992E+11	1.146476E+0	2.554225E+11	1.146457E+0	2.564420E+11	-4.079671E-2	-2.302787E-2	-1.305802E-2	-1.776885E-2	-3.695915E-2	-3.098648E+10	-3.083911E+10	-2.897940E+7	-1.473677E+8	-2.551856E+11
5.550140E+2	1.014263E+0	2.859804E+10	1.038184E+0	1.179276E+9	1.016415E+0	2.866443E+10	9.925650E-1	1.142423E+9	1.015549E+0	1.989242E+11	1.013608E+0	1.994822E+11	1.015658E+0	2.275886E+11	1.013691E+0	2.280802E+11	2.392147E-2	-2.385035E-2	4.561922E-2	4.777182E-2	2.449369E-2	-2.741877E+10	-2.752200E+10	3.685254E+7	1.032347E+8	-2.269009E+11
5.557600E+2	1.009990E+0	2.848357E+10	1.042902E+0	1.184374E+9	1.014982E+0	2.862603E+10	1.018755E+0	1.171215E+9	1.008674E+0	1.976454E+11	1.007188E+0	1.982826E+11	1.009468E+0	2.262715E+11	1.007539E+0	2.267661E+11	3.291157E-2	3.772826E-3	2.414709E-2	2.913875E-2	3.536268E-2	-2.729919E+10	-2.745481E+10	1.315958E+7	1.556199E+8	-2.255818E+11
5.560190E+2	1.001740E+0	2.826251E+10	9.873894E-1	1.124379E+9	1.001144E+0	2.825535E+10	1.035298E+0	1.189402E+9	1.000538E+0	1.961322E+11	1.003209E+0	1.975392E+11	1.000614E+0	2.243876E+11	1.003025E+0	2.258017E+11	-1.435023E-2	3.415447E-2	-4.790881E-2	-4.850470E-2	-1.563522E-2	-2.713813E+10	-2.706595E+10	-6.502300E+7	-7.217923E+7	-2.246774E+11
5.565370E+2	9.334215E-1	2.643202E+10	9.080155E-1	1.038594E+9	9.406387E-1	2.663461E+10	9.216201E-1	1.064430E+9	9.402050E-1	1.849114E+11	9.399064E-1	1.857126E+11	9.402596E-1	2.115460E+11	9.390931E-1	2.121446E+11	-2.540600E-2	-1.901856E-2	-1.360460E-2	-6.387438E-3	-3.107753E-2	-2.539342E+10	-2.557018E+10	-2.583563E+7	1.767574E+8	-2.111060E+11
5.570050E+2	1.034852E+0	2.914971E+10	9.550245E-1	1.089400E+9	1.033093E+0	2.911116E+10	1.055983E+0	1.212141E+9	1.030847E+0	2.017692E+11	1.029144E+0	2.023845E+11	1.031130E+0	2.308804E+11	1.029860E+0	2.315342E+11	-7.982762E-2	2.288995E-2	-1.009583E-1	-1.027176E-1	-7.483500E-2	-2.806031E+10	-2.789902E+10	-1.227411E+8	-1.612855E+8	-2.304448E+11
5.575130E+2	1.038398E+0	2.924470E+10	1.051031E+0	1.193160E+9	1.032850E+0	2.910467E+10	9.841051E-1	1.133123E+9	1.034647E+0	2.024759E+11	1.035366E+0	2.035471E+11	1.034420E+0	2.315806E+11	1.035746E+0	2.327918E+11	1.263332E-2	-4.874532E-2	6.692573E-2	6.137864E-2	1.528433E-2	-2.805154E+10	-2.797155E+10	6.003698E+7	-7.999462E+7	-2.315987E+11
5.580570E+2	9.680968E-1	2.736109E+10	9.998398E-1	1.137834E+9	9.639809E-1	2.725987E+10	9.728875E-1	1.120791E+9	9.700267E-1	1.904577E+11	9.695344E-1	1.912479E+11	9.692656E-1	2.177176E+11	9.693541E-1	2.186090E+11	3.174297E-2	8.906623E-3	2.695225E-2	2.283635E-2	3.048568E-2	-2.622326E+10	-2.613908E+10	1.704374E+7	-8.417459E+7	-2.174712E+11
5.585270E+2	1.028386E+0	2.897646E+10	1.057192E+0	1.199818E+9	1.024520E+0	2.888151E+10	1.051698E+0	1.207430E+9	1.027157E+0	2.010830E+11	1.025249E+0	2.016569E+11	1.026825E+0	2.299645E+11	1.025643E+0	2.306334E+11	2.880582E-2	2.717826E-2	5.494019E-3	1.627566E-3	3.154930E-2	-2.777664E+10	-2.767408E+10	-7.612171E+6	-1.025569E+8	-2.294336E+11
5.590390E+2	1.008553E+0	2.844505E+10	9.956766E-1	1.133335E+9	1.012721E+0	2.856548E+10	9.832234E-1	1.132153E+9	1.011836E+0	1.982335E+11	1.013044E+0	1.993767E+11	1.011948E+0	2.267990E+11	1.012481E+0	2.278218E+11	-1.287587E-2	-2.949800E-2	1.245321E-2	1.662213E-2	-1.680420E-2	-2.731171E+10	-2.743332E+10	1.181670E+6	1.216132E+8	-2.266884E+11
5.595220E+2	9.531536E-1	2.696071E+10	9.578380E-1	1.092441E+9	9.524312E-1	2.695049E+10	9.649702E-1	1.112087E+9	9.543044E-1	1.875337E+11	9.538186E-1	1.883117E+11	9.540685E-1	2.144842E+11	9.537352E-1	2.152725E+11	4.684385E-3	1.253902E-2	-7.132205E-3	-7.854639E-3	4.102807E-3	-2.586827E+10	-2.583841E+10	-1.964621E+7	-2.986321E+7	-2.141800E+11
5.600070E+2	1.028796E+0	2.898745E+10	1.074238E+0	1.218241E+9	1.040054E+0	2.929763E+10	1.009511E+0	1.161053E+9	1.030507E+0	2.017059E+11	1.033576E+0	2.032127E+11	1.031709E+0	2.310035E+11	1.032977E+0	2.322002E+11	4.544217E-2	-3.054281E-2	6.472733E-2	7.598498E-2	4.126162E-2	-2.776921E+10	-2.813657E+10	5.718886E+7	3.673677E+8	-2.309819E+11
5.605260E+2	1.043905E+0	2.939226E+10	1.031140E+0	1.171662E+9	1.044931E+0	2.942827E+10	1.053683E+0	1.209612E+9	1.040501E+0	2.035646E+11	1.040411E+0	2.044895E+11	1.041058E+0	2.329929E+11	1.040849E+0	2.338818E+11	-1.276476E-2	8.751519E-3	-2.254274E-2	-2.151628E-2	-9.708961E-3	-2.822059E+10	-2.821866E+10	-3.795005E+7	-1.934435E+6	-2.327101E+11
5.610010E+2	9.606993E-1	2.716289E+10	9.826151E-1	1.119219E+9	9.536362E-1	2.698277E+10	9.670210E-1	1.114341E+9	9.594326E-1	1.884874E+11	9.567415E-1	1.888578E+11	9.587028E-1	2.154702E+11	9.572379E-1	2.160207E+11	2.191582E-2	1.338486E-2	1.559409E-2	8.530958E-3	2.537717E-2	-2.604367E+10	-2.586843E+10	4.877330E+6	-1.752377E+8	-2.149015E+11
