Photon Energy (eV)	X ref norm	X ref	X pump norm	X pump	Y ref norm	Y ref	Y pump norm	Y pump	X all norm	X all	Y all norm	Y all	X all Y ref norm	X all Y ref	Y all X ref norm	Y all X ref	BC(X hist) norm	BC(Y hist) norm	StS norm	BCSC norm	BCLR norm	BC(X hist)	BC(Y hist)	StS	BCSC	BCLR	
5.300110E+2	-6.175582E-3	1.256852E+9	-7.137939E-3	5.091403E+7	-5.041810E-3	1.302853E+9	-5.834588E-3	4.930622E+7	-5.752573E-3	8.980248E+9	-6.103948E-3	8.971644E+9	-5.663091E-3	1.028310E+10	-6.112933E-3	1.022850E+10	-9.623570E-4	-7.927779E-4	-1.303351E-3	-1.695792E-4	-1.025006E-3	-1.205937E+9	-1.253547E+9	1.607809E+6	4.760964E+7	-1.017758E+10
5.305130E+2	-4.130373E-3	1.311650E+9	-1.328706E-3	5.731090E+7	-7.218180E-3	1.244555E+9	3.776935E-4	5.624963E+7	-4.981371E-3	9.123677E+9	-5.375632E-3	9.107714E+9	-5.262977E-3	1.036823E+10	-5.219445E-3	1.041936E+10	2.801667E-3	7.595873E-3	-1.706400E-3	-4.794206E-3	3.890739E-3	-1.254339E+9	-1.188306E+9	1.061272E+6	-6.603333E+7	-1.036205E+10
5.310050E+2	-2.538209E-3	1.354310E+9	3.566844E-4	5.916678E+7	-2.498495E-3	1.370981E+9	-5.596605E-3	4.957222E+7	-2.884317E-3	9.513692E+9	-2.963860E-3	9.558300E+9	-2.835744E-3	1.088467E+10	-2.910473E-3	1.091261E+10	2.894894E-3	-3.098110E-3	5.953289E-3	5.993003E-3	3.267157E-3	-1.295143E+9	-1.321408E+9	9.594563E+6	2.626546E+7	-1.085344E+10
5.315130E+2	-1.402931E-3	1.384728E+9	4.169876E-3	6.336570E+7	3.427860E-4	1.447089E+9	1.414312E-3	5.740825E+7	5.860583E-4	1.015912E+10	7.097263E-4	1.024463E+10	5.554312E-4	1.160621E+10	4.447450E-4	1.162936E+10	5.572806E-3	1.071526E-3	2.755563E-3	4.501280E-3	3.725131E-3	-1.321362E+9	-1.389681E+9	5.957447E+6	6.831901E+7	-1.156599E+10
5.320120E+2	5.057286E-3	1.557820E+9	-3.194422E-3	5.525646E+7	3.065644E-3	1.520026E+9	2.881955E-3	5.904862E+7	3.050618E-3	1.061748E+10	3.201301E-3	1.071012E+10	3.052510E-3	1.213751E+10	3.434089E-3	1.226794E+10	-8.251707E-3	-1.836892E-4	-6.076376E-3	-8.068018E-3	-6.628511E-3	-1.502564E+9	-1.460978E+9	-3.792160E+6	-4.158623E+7	-1.221269E+10
5.325170E+2	9.189809E-3	1.668545E+9	7.134506E-3	6.663022E+7	1.135006E-2	1.741939E+9	6.757233E-3	6.337998E+7	9.981585E-3	1.190652E+10	1.053241E-2	1.207978E+10	1.015387E-2	1.364846E+10	1.036402E-2	1.374832E+10	-2.055302E-3	-4.592823E-3	3.772738E-4	2.537521E-3	-3.229510E-3	-1.601915E+9	-1.678559E+9	3.250238E+6	7.664400E+7	-1.368169E+10
5.330180E+2	2.134276E-2	1.994166E+9	2.073745E-2	8.160918E+7	1.853311E-2	1.934350E+9	1.625213E-2	7.399233E+7	2.076388E-2	1.391183E+10	2.003805E-2	1.385569E+10	2.048303E-2	1.584618E+10	2.020169E-2	1.584986E+10	-6.053096E-4	-2.280985E-3	4.485324E-3	1.675675E-3	5.357604E-4	-1.912557E+9	-1.860358E+9	7.616847E+6	-5.219931E+7	-1.576825E+10
5.331630E+2	2.768213E-2	2.164021E+9	2.828467E-2	8.991984E+7	2.337167E-2	2.063960E+9	2.167246E-2	8.005058E+7	2.512964E-2	1.472379E+10	2.398409E-2	1.459292E+10	2.490831E-2	1.678775E+10	2.444792E-2	1.675694E+10	6.025419E-4	-1.699208E-3	6.612212E-3	2.301750E-3	3.836758E-3	-2.074101E+9	-1.983909E+9	9.869258E+6	-9.019181E+7	-1.666702E+10
5.333080E+2	3.346011E-2	2.318834E+9	4.177753E-2	1.047776E+8	2.953041E-2	2.228933E+9	3.496112E-2	9.490318E+7	3.217292E-2	1.603371E+10	3.137043E-2	1.597290E+10	3.184024E-2	1.826264E+10	3.163253E-2	1.829173E+10	8.317411E-3	5.430706E-3	6.816409E-3	2.886706E-3	1.014499E-2	-2.214056E+9	-2.134029E+9	9.874390E+6	-8.002652E+7	-1.818695E+10
5.334680E+2	4.327396E-2	2.581782E+9	3.871448E-2	1.014047E+8	3.935062E-2	2.491985E+9	4.617263E-2	1.074342E+8	4.266309E-2	1.798470E+10	4.067243E-2	1.771077E+10	4.224606E-2	2.047668E+10	4.099873E-2	2.029255E+10	-4.559478E-3	6.822003E-3	-7.458143E-3	-1.138148E-2	-2.284247E-3	-2.480377E+9	-2.384551E+9	-6.029490E+6	-9.582636E+7	-2.019114E+10
5.336030E+2	5.442339E-2	2.880515E+9	7.010656E-2	1.359722E+8	5.270939E-2	2.849823E+9	5.890007E-2	1.216595E+8	5.528300E-2	2.033177E+10	5.584228E-2	2.054492E+10	5.495899E-2	2.318160E+10	5.566432E-2	2.342543E+10	1.568317E-2	6.190685E-3	1.120649E-2	9.492483E-3	1.444224E-2	-2.744542E+9	-2.728164E+9	1.431273E+7	-1.637866E+7	-2.328946E+10
5.337580E+2	7.962823E-2	3.555843E+9	9.129610E-2	1.593052E+8	7.591887E-2	3.471531E+9	9.110237E-2	1.576517E+8	7.869603E-2	2.468618E+10	7.804789E-2	2.469354E+10	7.834640E-2	2.815771E+10	7.824610E-2	2.824938E+10	1.166787E-2	1.518350E-2	1.937280E-4	-3.515630E-3	1.304999E-2	-3.396537E+9	-3.313880E+9	1.653518E+6	-8.265770E+7	-2.809007E+10
5.339090E+2	1.113690E-1	4.406292E+9	1.159398E-1	1.864418E+8	1.082051E-1	4.336375E+9	1.168607E-1	1.864416E+8	1.147067E-1	3.138353E+10	1.115261E-1	3.094818E+10	1.138882E-1	3.571990E+10	1.115064E-1	3.535448E+10	4.570826E-3	8.655679E-3	-9.208969E-4	-4.084853E-3	4.433490E-3	-4.219850E+9	-4.149934E+9	2.396080E+2	-6.991637E+7	-3.516803E+10
5.340850E+2	1.697049E-1	5.969319E+9	1.683596E-1	2.441642E+8	1.661903E-1	5.889613E+9	1.690019E-1	2.447192E+8	1.747910E-1	4.255812E+10	1.707971E-1	4.202166E+10	1.737082E-1	4.844774E+10	1.706601E-1	4.799098E+10	-1.345284E-3	2.811600E-3	-6.422535E-4	-4.156884E-3	-2.300514E-3	-5.725154E+9	-5.644894E+9	-5.550599E+5	-8.026019E+7	-4.774682E+10
5.342040E+2	2.804755E-1	8.937259E+9	2.786307E-1	3.655897E+8	2.752767E-1	8.811690E+9	2.876481E-1	3.773289E+8	2.854246E-1	6.313399E+10	2.745613E-1	6.140768E+10	2.841470E-1	7.194568E+10	2.753031E-1	7.034494E+10	-1.844847E-3	1.237141E-2	-9.017441E-3	-1.421625E-2	3.327574E-3	-8.571669E+9	-8.434361E+9	-1.173920E+7	-1.373084E+8	-6.997935E+10
5.343600E+2	5.004950E-1	1.483237E+10	5.275231E-1	6.396590E+8	4.935768E-1	1.465925E+10	5.139098E-1	6.302194E+8	5.147827E-1	1.057905E+11	5.013913E-1	1.037858E+11	5.121129E-1	1.204497E+11	5.012789E-1	1.186182E+11	2.702802E-2	2.033308E-2	1.361323E-2	6.694943E-3	2.624414E-2	-1.419271E+10	-1.402903E+10	9.439551E+6	-1.636789E+8	-1.179785E+11
5.345160E+2	8.998182E-1	2.553166E+10	9.114799E-1	1.062455E+9	8.948405E-1	2.540782E+10	9.001280E-1	1.061892E+9	9.150587E-1	1.802347E+11	8.943697E-1	1.772051E+11	9.125133E-1	2.056425E+11	8.950531E-1	2.027367E+11	1.166171E-2	5.287559E-3	1.135190E-2	6.374150E-3	1.642683E-2	-2.446921E+10	-2.434593E+10	5.635425E+5	-1.232786E+8	-2.016743E+11
5.346510E+2	1.294941E+0	3.611842E+10	1.288530E+0	1.477646E+9	1.293994E+0	3.609987E+10	1.298657E+0	1.507324E+9	1.299592E+0	2.517510E+11	1.285475E+0	2.502743E+11	1.298887E+0	2.878508E+11	1.286662E+0	2.863927E+11	-6.410758E-3	4.662991E-3	-1.012677E-2	-1.107375E-2	1.868447E-3	-3.464077E+10	-3.459255E+10	-2.967731E+7	-4.822382E+7	-2.849150E+11
5.348020E+2	1.728251E+0	4.772833E+10	1.707095E+0	1.938552E+9	1.724719E+0	4.763761E+10	1.684478E+0	1.938552E+9	1.714185E+0	3.288578E+11	1.704074E+0	3.284803E+11	1.715511E+0	3.764954E+11	1.707107E+0	3.762086E+11	-2.115533E-2	-4.024074E-2	2.261726E-2	1.908541E-2	-1.117535E-5	-4.578978E+10	-4.569906E+10	-4.078836E+2	-9.072189E+7	-3.742701E+11
5.349580E+2	2.021990E+0	5.559865E+10	1.950114E+0	2.206153E+9	2.012294E+0	5.534083E+10	1.965911E+0	2.253107E+9	1.976004E+0	3.775515E+11	1.975672E+0	3.792223E+11	1.980573E+0	4.328923E+11	1.981482E+0	4.348210E+11	-7.187608E-2	-4.638313E-2	-1.579719E-2	-2.549295E-2	-3.136798E-2	-5.339250E+10	-5.308773E+10	-4.695406E+7	-3.047764E+8	-4.326148E+11
5.351140E+2	2.139977E+0	5.875996E+10	2.086669E+0	2.356522E+9	2.139402E+0	5.874565E+10	2.063530E+0	2.362215E+9	2.099246E+0	4.004724E+11	2.105329E+0	4.034458E+11	2.104302E+0	4.592181E+11	2.109675E+0	4.622058E+11	-5.330816E-2	-7.587211E-2	2.313910E-2	2.256395E-2	-2.300573E-2	-5.640344E+10	-5.638344E+10	-5.693229E+6	-2.000272E+7	-4.598492E+11
5.352600E+2	2.110489E+0	5.796987E+10	2.016177E+0	2.278898E+9	2.098734E+0	5.765628E+10	1.991537E+0	2.281749E+9	2.054317E+0	3.921164E+11	2.056886E+0	3.943953E+11	2.059909E+0	4.497727E+11	2.063609E+0	4.523651E+11	-9.431258E-2	-1.071966E-1	2.463957E-2	1.288407E-2	-4.743232E-2	-5.569098E+10	-5.537453E+10	-2.850608E+6	-3.164461E+8	-4.500862E+11
5.354110E+2	1.924152E+0	5.297724E+10	1.827436E+0	2.071066E+9	1.916616E+0	5.277792E+10	1.884832E+0	2.162486E+9	1.873940E+0	3.585695E+11	1.883231E+0	3.619517E+11	1.879313E+0	4.113474E+11	1.888363E+0	4.149289E+11	-9.671611E-2	-3.178354E-2	-5.739588E-2	-6.493257E-2	-6.092695E-2	-5.090618E+10	-5.061543E+10	-9.142009E+7	-2.907453E+8	-4.128578E+11
5.355630E+2	1.625223E+0	4.496786E+10	1.624447E+0	1.847543E+9	1.622306E+0	4.489430E+10	1.550063E+0	1.788317E+9	1.601415E+0	3.078846E+11	1.601365E+0	3.092914E+11	1.604045E+0	3.527789E+11	1.604357E+0	3.542592E+11	-7.757854E-4	-7.224348E-2	7.438473E-2	7.146769E-2	2.008988E-2	-4.312031E+10	-4.310598E+10	5.922613E+7	-1.432879E+7	-3.524117E+11
5.357090E+2	1.383013E+0	3.847819E+10	1.360237E+0	1.556606E+9	1.384247E+0	3.851745E+10	1.359249E+0	1.575047E+9	1.372518E+0	2.653139E+11	1.374781E+0	2.669592E+11	1.373995E+0	3.038314E+11	1.375814E+0	3.054374E+11	-2.277683E-2	-2.499766E-2	9.877323E-4	2.220829E-3	-1.557718E-2	-3.692159E+10	-3.694240E+10	-1.844037E+7	2.081384E+7	-3.038808E+11
5.358650E+2	1.118646E+0	3.139484E+10	1.116911E+0	1.288667E+9	1.130825E+0	3.172909E+10	1.113916E+0	1.300840E+9	1.116273E+0	2.176570E+11	1.124715E+0	2.202400E+11	1.118105E+0	2.493860E+11	1.123954E+0	2.516348E+11	-1.734742E-3	-1.690866E-2	2.995026E-3	1.517392E-2	-7.043067E-3	-3.010617E+10	-3.042825E+10	-1.217356E+7	3.220739E+8	-2.503462E+11
5.360070E+2	9.664382E-1	2.731665E+10	9.457571E-1	1.100200E+9	9.591603E-1	2.713075E+10	9.328382E-1	1.098452E+9	9.584396E-1	1.883027E+11	9.614331E-1	1.897344E+11	9.585303E-1	2.154335E+11	9.620609E-1	2.170510E+11	-2.068107E-2	-2.632213E-2	1.291891E-2	5.641067E-3	-1.630377E-2	-2.621645E+10	-2.603230E+10	1.748212E+6	-1.841572E+8	-2.159508E+11
5.362680E+2	7.326236E-1	2.105192E+10	7.480528E-1	8.824965E+8	7.271831E-1	2.091682E+10	7.530056E-1	8.974545E+8	7.330672E-1	1.463875E+11	7.290554E-1	1.463198E+11	7.323264E-1	1.673043E+11	7.295029E-1	1.673717E+11	1.542916E-2	2.582255E-2	-4.952861E-3	-1.039339E-2	1.854985E-2	-2.016943E+10	-2.001936E+10	-1.495794E+7	-1.500640E+8	-1.664892E+11
5.365140E+2	6.039084E-1	1.760318E+10	6.103798E-1	7.308971E+8	6.014475E-1	1.754876E+10	6.044951E-1	7.314657E+8	6.066912E-1	1.228838E+11	6.077387E-1	1.236544E+11	6.060310E-1	1.404326E+11	6.072582E-1	1.412576E+11	6.471403E-3	3.047511E-3	5.884717E-3	3.423892E-3	3.121538E-3	-1.687229E+10	-1.681730E+10	-5.685261E+5	-5.498622E+7	-1.405267E+11
5.367660E+2	5.502472E-1	1.616541E+10	5.680384E-1	6.842727E+8	5.478570E-1	1.611324E+10	5.391977E-1	6.584835E+8	5.548792E-1	1.132477E+11	5.533052E-1	1.134848E+11	5.539952E-1	1.293610E+11	5.529217E-1	1.296502E+11	1.779118E-2	-8.659231E-3	2.884068E-2	2.645041E-2	1.511672E-2	-1.548114E+10	-1.545476E+10	2.578922E+7	-2.637514E+7	-1.289659E+11
5.370120E+2	5.445314E-1	1.601226E+10	5.453648E-1	6.593055E+8	5.467774E-1	1.608432E+10	5.455900E-1	6.656281E+8	5.566289E-1	1.135731E+11	5.536271E-1	1.135449E+11	5.553887E-1	1.296575E+11	5.524863E-1	1.295572E+11	8.333522E-4	-1.187317E-3	-2.252693E-4	2.020669E-3	-7.121514E-3	-1.535296E+10	-1.541870E+10	-6.322605E+6	6.574099E+7	-1.288979E+11
5.372590E+2	6.142671E-1	1.788073E+10	6.351283E-1	7.581492E+8	6.256883E-1	1.819810E+10	6.057582E-1	7.328775E+8	6.189256E-1	1.251592E+11	6.212128E-1	1.261718E+11	6.197770E-1	1.433573E+11	6.203417E-1	1.440525E+11	2.086122E-2	-1.993011E-2	2.937015E-2	4.079132E-2	1.478670E-2	-1.712258E+10	-1.746522E+10	2.527170E+7	3.426383E+8	-1.432944E+11
5.375110E+2	7.036424E-1	2.027541E+10	7.436109E-1	8.776053E+8	7.000087E-1	2.018890E+10	7.071665E-1	8.462205E+8	7.149387E-1	1.430159E+11	7.120192E-1	1.431369E+11	7.130591E-1	1.632048E+11	7.109685E-1	1.634123E+11	3.996852E-2	7.157724E-3	3.644441E-2	3.281080E-2	3.264233E-2	-1.939781E+10	-1.934268E+10	3.138483E+7	-5.512366E+7	-1.625347E+11
5.377580E+2	8.040232E-1	2.296497E+10	8.399135E-1	9.836495E+8	8.010224E-1	2.289474E+10	8.145758E-1	9.662709E+8	8.045754E-1	1.596868E+11	8.042058E-1	1.603599E+11	8.041281E-1	1.825815E+11	8.041829E-1	1.833249E+11	3.589033E-2	1.355341E-2	2.533769E-2	2.233692E-2	3.573062E-2	-2.198132E+10	-2.192847E+10	1.737863E+7	-5.285755E+7	-1.823413E+11
5.380110E+2	9.367561E-1	2.652136E+10	9.320122E-1	1.085064E+9	9.409441E-1	2.664279E+10	9.234680E-1	1.087979E+9	9.411825E-1	1.850932E+11	9.378565E-1	1.853296E+11	9.411525E-1	2.117360E+11	9.377185E-1	2.118510E+11	-4.743905E-3	-1.747610E-2	8.544183E-3	1.273220E-2	-5.706322E-3	-2.543630E+10	-2.555481E+10	-2.914109E+6	1.185152E+8	-2.107659E+11
5.382850E+2	1.096802E+0	3.080955E+10	1.065053E+0	1.231563E+9	1.097223E+0	3.082899E+10	1.052454E+0	1.232145E+9	1.099536E+0	2.145441E+11	1.097404E+0	2.151374E+11	1.099244E+0	2.453731E+11	1.097328E+0	2.459470E+11	-3.174847E-2	-4.476817E-2	1.259863E-2	1.301970E-2	-3.227514E-2	-2.957799E+10	-2.959685E+10	-5.822606E+5	1.885879E+7	-2.447154E+11
5.385110E+2	1.314153E+0	3.663316E+10	1.273515E+0	1.461113E+9	1.318316E+0	3.675139E+10	1.327409E+0	1.539459E+9	1.313278E+0	2.542963E+11	1.307038E+0	2.543029E+11	1.313912E+0	2.910476E+11	1.307930E+0	2.909361E+11	-4.063730E-2	9.092550E-3	-5.389350E-2	-4.972985E-2	-3.441502E-2	-3.517205E+10	-3.521193E+10	-7.834669E+7	3.987389E+7	-2.894750E+11
5.387700E+2	1.525799E+0	4.230393E+10	1.474417E+0	1.682337E+9	1.517165E+0	4.207791E+10	1.504557E+0	1.737456E+9	1.512786E+0	2.914012E+11	1.509814E+0	2.921871E+11	1.513337E+0	3.334791E+11	1.511819E+0	3.344910E+11	-5.138143E-2	-1.260779E-2	-3.013980E-2	-3.877364E-2	-3.740140E-2	-4.062159E+10	-4.034045E+10	-5.511923E+7	-2.811359E+8	-3.328087E+11
5.390450E+2	1.800244E+0	4.965728E+10	1.774692E+0	2.012986E+9	1.800595E+0	4.967009E+10	1.720700E+0	1.979037E+9	1.769918E+0	3.392232E+11	1.767806E+0	3.403871E+11	1.773780E+0	3.888933E+11	1.771874E+0	3.900444E+11	-2.555144E-2	-7.989439E-2	5.399187E-2	5.434295E-2	2.817776E-3	-4.764430E+10	-4.769105E+10	3.394900E+7	4.675119E+7	-3.880314E+11
5.392620E+2	1.982543E+0	5.454173E+10	1.908153E+0	2.159948E+9	1.990702E+0	5.476246E+10	1.941960E+0	2.226337E+9	1.955671E+0	3.737699E+11	1.952880E+0	3.749640E+11	1.960081E+0	4.285323E+11	1.956600E+0	4.295058E+11	-7.438949E-2	-4.874233E-2	-3.380675E-2	-2.564716E-2	-4.844704E-2	-5.238178E+10	-5.253612E+10	-6.638937E+7	1.543432E+8	-4.273458E+11
5.395370E+2	2.197822E+0	6.030984E+10	2.081064E+0	2.350350E+9	2.199587E+0	6.035782E+10	2.100426E+0	2.403453E+9	2.152660E+0	4.104064E+11	2.155289E+0	4.127798E+11	2.158568E+0	4.707642E+11	2.160624E+0	4.730896E+11	-1.167582E-1	-9.916131E-2	-1.936169E-2	-1.759684E-2	-7.955981E-2	-5.795949E+10	-5.795437E+10	-5.310327E+7	-5.123379E+6	-4.707393E+11
5.397860E+2	2.210190E+0	6.064120E+10	2.123135E+0	2.396676E+9	2.206042E+0	6.053073E+10	2.174100E+0	2.485798E+9	2.148219E+0	4.095804E+11	2.155715E+0	4.128594E+11	2.155499E+0	4.701112E+11	2.162548E+0	4.735006E+11	-8.705456E-2	-3.194215E-2	-5.096499E-2	-5.511240E-2	-3.941271E-2	-5.824453E+10	-5.804493E+10	-8.912159E+7	-1.995961E+8	-4.711039E+11
5.400240E+2	2.103812E+0	5.779097E+10	2.026724E+0	2.290512E+9	2.105131E+0	5.782764E+10	2.028206E+0	2.322733E+9	2.055981E+0	3.924259E+11	2.060480E+0	3.950668E+11	2.062169E+0	4.502535E+11	2.065915E+0	4.528578E+11	-7.708822E-2	-7.692538E-2	-1.481940E-3	-1.628439E-4	-3.919144E-2	-5.550045E+10	-5.550491E+10	-3.222075E+7	4.455518E+6	-4.505673E+11
5.402740E+2	2.010967E+0	5.530331E+10	1.971341E+0	2.229527E+9	2.010264E+0	5.528646E+10	1.913700E+0	2.194751E+9	1.974292E+0	3.772331E+11	1.971748E+0	3.784892E+11	1.978821E+0	4.325195E+11	1.976667E+0	4.337925E+11	-3.962610E-2	-9.656435E-2	5.764079E-2	5.693825E-2	-5.326569E-3	-5.307379E+10	-5.309171E+10	3.477587E+7	1.792771E+7	-4.315630E+11
5.405080E+2	1.935794E+0	5.328917E+10	1.962569E+0	2.219868E+9	1.942045E+0	5.345910E+10	1.886627E+0	2.164492E+9	1.916575E+0	3.664988E+11	1.915799E+0	3.680363E+11	1.919782E+0	4.199579E+11	1.918307E+0	4.213255E+11	2.677518E-2	-5.541822E-2	7.594218E-2	8.219340E-2	4.426271E-2	-5.106930E+10	-5.129461E+10	5.537619E+7	2.253062E+8	-4.191056E+11
5.407630E+2	1.910152E+0	5.260212E+10	1.900316E+0	2.151318E+9	1.894919E+0	5.219672E+10	1.849343E+0	2.122820E+9	1.869825E+0	3.578041E+11	1.874909E+0	3.603969E+11	1.872984E+0	4.100008E+11	1.879329E+0	4.129990E+11	-9.836199E-3	-4.557574E-2	5.097320E-2	3.573954E-2	2.098668E-2	-5.045081E+10	-5.007390E+10	2.849794E+7	-3.769096E+8	-4.108477E+11
5.410190E+2	1.811968E+0	4.997142E+10	1.803913E+0	2.045163E+9	1.808121E+0	4.987169E+10	1.750491E+0	2.012334E+9	1.781974E+0	3.414654E+11	1.781874E+0	3.430154E+11	1.785266E+0	3.913371E+11	1.785648E+0	3.929868E+11	-8.054811E-3	-5.763010E-2	5.342243E-2	4.957529E-2	1.826494E-2	-4.792626E+10	-4.785935E+10	3.282939E+7	-6.690478E+7	-3.909416E+11
5.412690E+2	1.649932E+0	4.562990E+10	1.615529E+0	1.837723E+9	1.652029E+0	4.569048E+10	1.617045E+0	1.863182E+9	1.630868E+0	3.133624E+11	1.631889E+0	3.149940E+11	1.633532E+0	3.590529E+11	1.634152E+0	3.606239E+11	-3.440301E-2	-3.498430E-2	-1.515322E-3	5.812869E-4	-1.862254E-2	-4.379218E+10	-4.382730E+10	-2.545916E+7	3.511807E+7	-3.587862E+11
5.415140E+2	1.501492E+0	4.165265E+10	1.512613E+0	1.724396E+9	1.499311E+0	4.159966E+10	1.435365E+0	1.660120E+9	1.485360E+0	2.863006E+11	1.491009E+0	2.886738E+11	1.487117E+0	3.279002E+11	1.492324E+0	3.303264E+11	1.112125E-2	-6.394662E-2	7.724848E-2	7.506787E-2	2.028928E-2	-3.992826E+10	-3.993954E+10	6.427604E+7	1.128542E+7	-3.286021E+11
5.417920E+2	1.302454E+0	3.631973E+10	1.348692E+0	1.543894E+9	1.303512E+0	3.635483E+10	1.327553E+0	1.539621E+9	1.301294E+0	2.520675E+11	1.297871E+0	2.525903E+11	1.301573E+0	2.884223E+11	1.298446E+0	2.889100E+11	4.623762E-2	2.404146E-2	2.113860E-2	2.219616E-2	5.024614E-2	-3.477583E+10	-3.481521E+10	4.272939E+6	3.937071E+7	-2.873661E+11
5.420110E+2	1.174026E+0	3.287866E+10	1.193778E+0	1.373309E+9	1.175022E+0	3.291300E+10	1.141537E+0	1.331712E+9	1.171375E+0	2.279049E+11	1.167561E+0	2.282448E+11	1.171834E+0	2.608179E+11	1.168372E+0	2.611235E+11	1.975215E-2	-3.348542E-2	5.224095E-2	5.323757E-2	2.540586E-2	-3.150536E+10	-3.158129E+10	4.159716E+7	7.593226E+7	-2.597501E+11
5.422670E+2	1.052328E+0	2.961794E+10	1.082003E+0	1.250228E+9	1.053879E+0	2.966794E+10	1.000507E+0	1.174084E+9	1.056656E+0	2.065692E+11	1.049253E+0	2.061415E+11	1.056306E+0	2.362371E+11	1.049639E+0	2.357595E+11	2.967543E-2	-5.337188E-2	8.149634E-2	8.304732E-2	3.236438E-2	-2.836771E+10	-2.849386E+10	7.614377E+7	1.261526E+8	-2.345092E+11
5.425350E+2	9.895587E-1	2.793613E+10	9.705385E-1	1.127488E+9	9.860198E-1	2.785022E+10	1.017369E+0	1.192931E+9	9.901205E-1	1.941948E+11	9.858541E-1	1.942969E+11	9.896043E-1	2.220451E+11	9.863187E-1	2.222330E+11	-1.902023E-2	3.134931E-2	-4.683060E-2	-5.036954E-2	-1.578025E-2	-2.680865E+10	-2.665729E+10	-6.544298E+7	-1.513516E+8	-2.211055E+11
5.427650E+2	1.017983E+0	2.869771E+10	1.022265E+0	1.184447E+9	1.013385E+0	2.858325E+10	9.714350E-1	1.141591E+9	1.015956E+0	1.989997E+11	1.012858E+0	1.993420E+11	1.015632E+0	2.275830E+11	1.013501E+0	2.280397E+11	4.282331E-3	-4.194977E-2	5.083003E-2	4.623210E-2	8.763936E-3	-2.751327E+10	-2.744166E+10	4.285608E+7	-7.161222E+7	-2.268553E+11
5.430120E+2	1.128332E+0	3.165436E+10	1.162355E+0	1.338708E+9	1.124867E+0	3.156951E+10	1.135118E+0	1.324538E+9	1.123297E+0	2.189633E+11	1.120533E+0	2.194587E+11	1.123495E+0	2.505328E+11	1.121512E+0	2.511131E+11	3.402306E-2	1.025077E-2	2.723676E-2	2.377229E-2	4.084346E-2	-3.031566E+10	-3.024497E+10	1.416979E+7	-7.068398E+7	-2.497743E+11
5.432800E+2	1.303690E+0	3.635284E+10	1.315245E+0	1.507064E+9	1.299804E+0	3.625550E+10	1.263380E+0	1.467895E+9	1.300759E+0	2.519681E+11	1.291395E+0	2.513803E+11	1.300639E+0	2.882236E+11	1.292937E+0	2.877331E+11	1.155496E-2	-3.642407E-2	5.186511E-2	4.797903E-2	2.230829E-2	-3.484578E+10	-3.478761E+10	3.916869E+7	-5.816641E+7	-2.862261E+11
5.435270E+2	1.505768E+0	4.176722E+10	1.468133E+0	1.675417E+9	1.496739E+0	4.153077E+10	1.493304E+0	1.724878E+9	1.487506E+0	2.866997E+11	1.484521E+0	2.874617E+11	1.488669E+0	3.282305E+11	1.487186E+0	3.292289E+11	-3.763486E-2	-3.435684E-3	-2.517078E-2	-3.419917E-2	-1.905333E-2	-4.009180E+10	-3.980589E+10	-4.946150E+7	-2.859112E+8	-3.275535E+11
5.437590E+2	1.603384E+0	4.438271E+10	1.643917E+0	1.868982E+9	1.591535E+0	4.407005E+10	1.560175E+0	1.799619E+9	1.583873E+0	3.046222E+11	1.578328E+0	3.049875E+11	1.584838E+0	3.486922E+11	1.581471E+0	3.493702E+11	4.053265E-2	-3.136052E-2	8.374224E-2	7.189317E-2	6.244589E-2	-4.251373E+10	-4.227043E+10	6.936300E+7	-2.433045E+8	-3.475012E+11
5.440170E+2	1.679046E+0	4.640997E+10	1.716888E+0	1.949335E+9	1.678730E+0	4.640573E+10	1.644073E+0	1.893391E+9	1.665274E+0	3.197614E+11	1.659625E+0	3.201760E+11	1.666968E+0	3.661671E+11	1.662061E+0	3.665860E+11	3.784205E-2	-3.465769E-2	7.281575E-2	7.249974E-2	5.482704E-2	-4.446064E+10	-4.451233E+10	5.594402E+7	5.169787E+7	-3.646366E+11
5.442700E+2	1.638816E+0	4.533206E+10	1.653775E+0	1.879837E+9	1.635853E+0	4.525717E+10	1.637263E+0	1.885780E+9	1.618604E+0	3.110815E+11	1.621827E+0	3.131142E+11	1.620776E+0	3.563387E+11	1.623958E+0	3.584462E+11	1.495887E-2	1.410194E-3	1.651199E-2	1.354867E-2	2.981721E-2	-4.345222E+10	-4.337139E+10	-5.942579E+6	-8.082929E+7	-3.565664E+11
5.445180E+2	1.625594E+0	4.497780E+10	1.642735E+0	1.867681E+9	1.620771E+0	4.485318E+10	1.623506E+0	1.870405E+9	1.605189E+0	3.085865E+11	1.608940E+0	3.107065E+11	1.607151E+0	3.534397E+11	1.611029E+0	3.556843E+11	1.714058E-2	2.735553E-3	1.922851E-2	1.440503E-2	3.170640E-2	-4.311012E+10	-4.298277E+10	-2.723808E+6	-1.273490E+8	-3.538166E+11
5.447610E+2	1.572450E+0	4.355389E+10	1.535878E+0	1.750015E+9	1.580855E+0	4.378397E+10	1.489357E+0	1.720467E+9	1.550085E+0	2.983381E+11	1.555766E+0	3.007722E+11	1.553959E+0	3.421221E+11	1.557859E+0	3.443261E+11	-3.657200E-2	-9.149850E-2	4.652166E-2	5.492651E-2	-2.198017E-2	-4.180387E+10	-4.206350E+10	2.954830E+7	2.596278E+8	-3.425761E+11
5.450090E+2	1.482520E+0	4.114432E+10	1.490418E+0	1.699956E+9	1.475400E+0	4.095917E+10	1.414383E+0	1.636670E+9	1.459681E+0	2.815246E+11	1.467359E+0	2.842552E+11	1.461660E+0	3.224838E+11	1.469260E+0	3.253996E+11	7.897910E-3	-6.101708E-2	7.603414E-2	6.891499E-2	2.115740E-2	-3.944436E+10	-3.932250E+10	6.328578E+7	-1.218639E+8	-3.236996E+11
5.452690E+2	1.368835E+0	3.809830E+10	1.364831E+0	1.561666E+9	1.350165E+0	3.760451E+10	1.350211E+0	1.564945E+9	1.348188E+0	2.607890E+11	1.347845E+0	2.619267E+11	1.348437E+0	2.983935E+11	1.350477E+0	3.000250E+11	-4.003473E-3	4.637569E-5	1.462000E-2	-4.049849E-3	1.435396E-2	-3.653663E+10	-3.603957E+10	-3.279689E+6	-4.970658E+8	-2.984634E+11
5.455290E+2	1.313756E+0	3.662254E+10	1.290437E+0	1.479746E+9	1.308978E+0	3.650125E+10	1.307638E+0	1.517361E+9	1.302734E+0	2.523353E+11	1.303569E+0	2.536547E+11	1.303520E+0	2.888366E+11	1.304846E+0	2.902773E+11	-2.331941E-2	-1.340637E-3	-1.720113E-2	-2.197877E-2	-1.440970E-2	-3.514279E+10	-3.498389E+10	-3.761577E+7	-1.589009E+8	-2.887975E+11
5.457670E+2	1.246529E+0	3.482129E+10	1.215330E+0	1.397041E+9	1.239387E+0	3.463712E+10	1.212859E+0	1.411428E+9	1.240109E+0	2.406882E+11	1.236045E+0	2.410395E+11	1.240018E+0	2.753253E+11	1.237360E+0	2.758608E+11	-3.119933E-2	-2.652821E-2	2.471342E-3	-4.671113E-3	-2.203039E-2	-3.342425E+10	-3.322569E+10	-1.438619E+7	-1.985619E+8	-2.744638E+11
5.460220E+2	1.187386E+0	3.323663E+10	1.157849E+0	1.333746E+9	1.190952E+0	3.333970E+10	1.154211E+0	1.345878E+9	1.187692E+0	2.309397E+11	1.185054E+0	2.315130E+11	1.188103E+0	2.642794E+11	1.185347E+0	2.647496E+11	-2.953674E-2	-3.674044E-2	3.637467E-3	7.203702E-3	-2.749775E-2	-3.190288E+10	-3.199382E+10	-1.213240E+7	9.094401E+7	-2.634159E+11
5.467660E+2	1.291398E+0	3.602348E+10	1.310179E+0	1.501484E+9	1.291215E+0	3.602543E+10	1.236513E+0	1.437865E+9	1.292835E+0	2.504942E+11	1.287853E+0	2.507187E+11	1.292631E+0	2.865196E+11	1.288298E+0	2.867422E+11	1.878093E-2	-5.470224E-2	7.366589E-2	7.348317E-2	2.188058E-2	-3.452199E+10	-3.458756E+10	6.361898E+7	6.556839E+7	-2.852407E+11
5.475120E+2	1.422213E+0	3.952849E+10	1.408841E+0	1.610127E+9	1.419770E+0	3.946901E+10	1.377948E+0	1.595947E+9	1.411591E+0	2.725807E+11	1.410695E+0	2.736690E+11	1.412620E+0	3.120497E+11	1.412140E+0	3.131975E+11	-1.337261E-2	-4.182173E-2	3.089238E-2	2.844912E-2	-3.299406E-3	-3.791837E+10	-3.787306E+10	1.418012E+7	-4.530902E+7	-3.115873E+11
5.482600E+2	1.459457E+0	4.052639E+10	1.463388E+0	1.670192E+9	1.448517E+0	4.023905E+10	1.375224E+0	1.592902E+9	1.440626E+0	2.779808E+11	1.438934E+0	2.789447E+11	1.441620E+0	3.182199E+11	1.441508E+0	3.194711E+11	3.930738E-3	-7.329329E-2	8.816390E-2	7.722403E-2	2.187957E-2	-3.885620E+10	-3.864615E+10	7.729001E+7	-2.100483E+8	-3.178009E+11
5.490490E+2	1.447614E+0	4.020907E+10	1.423651E+0	1.626435E+9	1.435425E+0	3.988835E+10	1.375682E+0	1.593414E+9	1.432439E+0	2.764582E+11	1.430313E+0	2.773341E+11	1.432815E+0	3.163466E+11	1.432483E+0	3.175431E+11	-2.396310E-2	-5.974234E-2	4.796830E-2	3.577924E-2	-8.832087E-3	-3.858263E+10	-3.829494E+10	3.302082E+7	-2.876991E+8	-3.159167E+11
5.497790E+2	1.407458E+0	3.913315E+10	1.399543E+0	1.599889E+9	1.401570E+0	3.898148E+10	1.406652E+0	1.628028E+9	1.390776E+0	2.687096E+11	1.392421E+0	2.702548E+11	1.392135E+0	3.076911E+11	1.394307E+0	3.093880E+11	-7.914717E-3	5.081932E-3	-7.108273E-3	-1.299665E-2	5.236336E-3	-3.753326E+10	-3.735345E+10	-2.813911E+7	-1.798119E+8	-3.077881E+11
5.505110E+2	1.341325E+0	3.736122E+10	1.336384E+0	1.530341E+9	1.343479E+0	3.742541E+10	1.315677E+0	1.526347E+9	1.329463E+0	2.573064E+11	1.331289E+0	2.588338E+11	1.331227E+0	2.947318E+11	1.332548E+0	2.961950E+11	-4.941548E-3	-2.780130E-2	2.070639E-2	2.285975E-2	3.835641E-3	-3.583088E+10	-3.589906E+10	3.993376E+6	6.818075E+7	-2.946646E+11
5.512570E+2	1.381502E+0	3.843769E+10	1.322764E+0	1.515343E+9	1.389339E+0	3.865386E+10	1.313525E+0	1.523942E+9	1.370192E+0	2.648813E+11	1.373973E+0	2.668082E+11	1.372603E+0	3.035352E+11	1.374917E+0	3.052459E+11	-5.873745E-2	-7.581405E-2	9.239257E-3	1.707660E-2	-5.215289E-2	-3.692235E+10	-3.712992E+10	-8.598136E+6	2.075730E+8	-3.037306E+11
5.520260E+2	1.375014E+0	3.826386E+10	1.351596E+0	1.547091E+9	1.376425E+0	3.830793E+10	1.321333E+0	1.532669E+9	1.365284E+0	2.639686E+11	1.360281E+0	2.642502E+11	1.366687E+0	3.022765E+11	1.362129E+0	3.025141E+11	-2.341793E-2	-5.509140E-2	3.026255E-2	3.167347E-2	-1.053324E-2	-3.671676E+10	-3.677526E+10	1.442268E+7	5.849432E+7	-3.009670E+11
5.527590E+2	1.270274E+0	3.545749E+10	1.244887E+0	1.429588E+9	1.272005E+0	3.551085E+10	1.232733E+0	1.433641E+9	1.264422E+0	2.452100E+11	1.267095E+0	2.468405E+11	1.265377E+0	2.807208E+11	1.267494E+0	2.822980E+11	-2.538719E-2	-3.927130E-2	1.215324E-2	1.388410E-2	-2.260730E-2	-3.402791E+10	-3.407720E+10	-4.053537E+6	4.929777E+7	-2.808684E+11
5.535330E+2	1.242035E+0	3.470088E+10	1.244937E+0	1.429643E+9	1.240025E+0	3.465420E+10	1.165845E+0	1.358881E+9	1.231805E+0	2.391439E+11	1.235539E+0	2.409450E+11	1.232840E+0	2.737981E+11	1.236354E+0	2.756458E+11	2.901607E-3	-7.417919E-2	7.909119E-2	7.708080E-2	8.582738E-3	-3.327123E+10	-3.329532E+10	7.076153E+7	2.408779E+7	-2.742162E+11
5.542580E+2	1.150295E+0	3.224283E+10	1.128837E+0	1.301799E+9	1.145584E+0	3.212444E+10	1.119458E+0	1.307034E+9	1.146605E+0	2.232981E+11	1.145907E+0	2.241992E+11	1.146476E+0	2.554225E+11	1.146457E+0	2.564420E+11	-2.145788E-2	-2.612634E-2	9.379281E-3	4.668458E-3	-1.762032E-2	-3.094103E+10	-3.081740E+10	-5.235132E+6	-1.236235E+8	-2.551402E+11
5.550140E+2	1.014263E+0	2.859804E+10	1.043307E+0	1.207617E+9	1.016415E+0	2.866443E+10	9.764597E-1	1.147207E+9	1.015549E+0	1.989242E+11	1.013608E+0	1.994822E+11	1.015658E+0	2.275886E+11	1.013691E+0	2.280802E+11	2.904395E-2	-3.995563E-2	6.684698E-2	6.899958E-2	2.961617E-2	-2.739043E+10	-2.751722E+10	6.041015E+7	1.267923E+8	-2.268726E+11
5.557600E+2	1.009990E+0	2.848357E+10	1.005229E+0	1.165687E+9	1.014982E+0	2.862603E+10	9.893215E-1	1.161582E+9	1.008674E+0	1.976454E+11	1.007188E+0	1.982826E+11	1.009468E+0	2.262715E+11	1.007539E+0	2.267661E+11	-4.761640E-3	-2.566039E-2	1.590710E-2	2.089875E-2	-2.310532E-3	-2.731788E+10	-2.746445E+10	4.104746E+6	1.465651E+8	-2.256004E+11
5.560190E+2	1.001740E+0	2.826251E+10	9.852148E-1	1.143649E+9	1.001144E+0	2.825535E+10	1.006504E+0	1.180787E+9	1.000538E+0	1.961322E+11	1.003209E+0	1.975392E+11	1.000614E+0	2.243876E+11	1.003025E+0	2.258017E+11	-1.652487E-2	5.360548E-3	-2.128953E-2	-2.188542E-2	-1.780986E-2	-2.711886E+10	-2.707456E+10	-3.713864E+7	-4.429487E+7	-2.246581E+11
5.565370E+2	9.334215E-1	2.643202E+10	9.651392E-1	1.121542E+9	9.406387E-1	2.663461E+10	9.255950E-1	1.090356E+9	9.402050E-1	1.849114E+11	9.399064E-1	1.857126E+11	9.402596E-1	2.115460E+11	9.390931E-1	2.121446E+11	3.171765E-2	-1.504371E-2	3.954419E-2	4.676135E-2	2.604611E-2	-2.531048E+10	-2.554426E+10	3.118656E+7	2.337795E+8	-2.110231E+11
5.570050E+2	1.034852E+0	2.914971E+10	1.011183E+0	1.172244E+9	1.033093E+0	2.911116E+10	1.002625E+0	1.176452E+9	1.030847E+0	2.017692E+11	1.029144E+0	2.023845E+11	1.031130E+0	2.308804E+11	1.029860E+0	2.315342E+11	-2.366904E-2	-3.046777E-2	8.558025E-3	6.798734E-3	-1.867642E-2	-2.797746E+10	-2.793471E+10	-4.207692E+6	-4.275208E+7	-2.303620E+11
5.575130E+2	1.038398E+0	2.924470E+10	1.030107E+0	1.193082E+9	1.032850E+0	2.910467E+10	1.019109E+0	1.194876E+9	1.034647E+0	2.024759E+11	1.035366E+0	2.035471E+11	1.034420E+0	2.315806E+11	1.035746E+0	2.327918E+11	-8.290345E-3	-1.374136E-2	1.099811E-2	5.451017E-3	-5.639330E-3	-2.805162E+10	-2.790979E+10	-1.793329E+6	-1.418249E+8	-2.315987E+11
5.580570E+2	9.680968E-1	2.736109E+10	9.322194E-1	1.085293E+9	9.639809E-1	2.725987E+10	9.674316E-1	1.137116E+9	9.700267E-1	1.904577E+11	9.695344E-1	1.912479E+11	9.692656E-1	2.177176E+11	9.693541E-1	2.186090E+11	-3.587739E-2	3.450656E-3	-3.521215E-2	-3.932805E-2	-3.713468E-2	-2.627580E+10	-2.612276E+10	-5.182356E+7	-1.530419E+8	-2.175237E+11
5.585270E+2	1.028386E+0	2.897646E+10	1.055859E+0	1.221439E+9	1.024520E+0	2.888151E+10	1.091889E+0	1.276221E+9	1.027157E+0	2.010830E+11	1.025249E+0	2.016569E+11	1.026825E+0	2.299645E+11	1.025643E+0	2.306334E+11	2.747320E-2	6.736900E-2	-3.602934E-2	-3.989580E-2	3.021668E-2	-2.775502E+10	-2.760529E+10	-5.478126E+7	-1.497260E+8	-2.294120E+11
5.590390E+2	1.008553E+0	2.844505E+10	1.023566E+0	1.185880E+9	1.012721E+0	2.856548E+10	9.844541E-1	1.156142E+9	1.011836E+0	1.982335E+11	1.013044E+0	1.993767E+11	1.011948E+0	2.267990E+11	1.012481E+0	2.278218E+11	1.501400E-2	-2.826734E-2	3.911242E-2	4.328134E-2	1.108567E-2	-2.725917E+10	-2.740933E+10	2.973790E+7	1.501695E+8	-2.266359E+11
5.595220E+2	9.531536E-1	2.696071E+10	9.236545E-1	1.075861E+9	9.524312E-1	2.695049E+10	9.646429E-1	1.133999E+9	9.543044E-1	1.875337E+11	9.538186E-1	1.883117E+11	9.540685E-1	2.144842E+11	9.537352E-1	2.152725E+11	-2.949904E-2	1.221179E-2	-4.098840E-2	-4.171083E-2	-3.008062E-2	-2.588485E+10	-2.581649E+10	-5.813800E+7	-6.835500E+7	-2.141966E+11
5.600070E+2	1.028796E+0	2.898745E+10	1.055419E+0	1.220954E+9	1.040054E+0	2.929763E+10	1.027094E+0	1.203800E+9	1.030507E+0	2.017059E+11	1.033576E+0	2.032127E+11	1.031709E+0	2.310035E+11	1.032977E+0	2.322002E+11	2.662231E-2	-1.295985E-2	2.832450E-2	3.958215E-2	2.244176E-2	-2.776649E+10	-2.809383E+10	1.715369E+7	3.273326E+8	-2.309792E+11
5.605260E+2	1.043905E+0	2.939226E+10	1.090253E+0	1.259312E+9	1.044931E+0	2.942827E+10	1.014628E+0	1.189867E+9	1.040501E+0	2.035646E+11	1.040411E+0	2.044895E+11	1.041058E+0	2.329929E+11	1.040849E+0	2.338818E+11	4.634842E-2	-3.030311E-2	7.562507E-2	7.665153E-2	4.940422E-2	-2.813294E+10	-2.823841E+10	6.944510E+7	1.054607E+8	-2.326225E+11
5.610010E+2	9.606993E-1	2.716289E+10	9.273844E-1	1.079969E+9	9.536362E-1	2.698277E+10	9.960273E-1	1.169077E+9	9.594326E-1	1.884874E+11	9.567415E-1	1.888578E+11	9.587028E-1	2.154702E+11	9.572379E-1	2.160207E+11	-3.331489E-2	4.239115E-2	-6.864291E-2	-7.570603E-2	-2.985353E-2	-2.608292E+10	-2.581369E+10	-8.910884E+7	-2.692239E+8	-2.149408E+11
