Photon Energy (eV)	X ref norm	X ref	X pump norm	X pump	Y ref norm	Y ref	Y pump norm	Y pump	X all norm	X all	Y all norm	Y all	X all Y ref norm	X all Y ref	Y all X ref norm	Y all X ref	BC(X hist) norm	BC(Y hist) norm	StS norm	BCSC norm	BCLR norm	BC(X hist)	BC(Y hist)	StS	BCSC	BCLR	
5.300160E+2	-6.365508E-3	1.246453E+9	-3.610242E-3	5.253769E+7	-4.734616E-3	1.284607E+9	-2.683456E-3	5.570264E+7	-6.897657E-3	8.690338E+9	-5.883572E-3	8.931628E+9	-6.625976E-3	9.974945E+9	-5.944094E-3	1.017808E+10	2.755265E-3	2.051160E-3	-9.267857E-4	7.041055E-4	2.333852E-3	-1.193915E+9	-1.228904E+9	-3.164944E+6	3.498887E+7	-1.012554E+10
5.305130E+2	-3.345768E-3	1.326887E+9	-2.763651E-3	5.347436E+7	-3.744967E-3	1.310884E+9	-5.278765E-3	5.283771E+7	-3.306030E-3	9.354237E+9	-4.681216E-3	9.154628E+9	-3.361161E-3	1.066512E+10	-4.513511E-3	1.048152E+10	5.821173E-4	-1.533798E-3	2.515114E-3	2.115915E-3	1.749861E-3	-1.273413E+9	-1.258046E+9	6.366443E+5	-1.536662E+7	-1.042804E+10
5.310100E+2	-8.412611E-4	1.393597E+9	-4.431721E-3	5.162882E+7	-1.898662E-3	1.359907E+9	2.980124E-3	6.195459E+7	-2.581485E-3	9.488166E+9	-2.492947E-3	9.560485E+9	-2.495722E-3	1.084807E+10	-2.285529E-3	1.095408E+10	-3.590460E-3	4.878786E-3	-7.411845E-3	-8.469246E-3	-2.146192E-3	-1.341969E+9	-1.297952E+9	-1.032577E+7	-4.401643E+7	-1.090245E+10
5.315180E+2	6.856981E-4	1.434270E+9	-7.827342E-4	5.566602E+7	-2.382835E-3	1.347051E+9	2.152107E-4	5.890244E+7	-4.188056E-4	9.887930E+9	-5.796880E-4	9.915335E+9	-6.654906E-4	1.123498E+10	-4.207811E-4	1.134961E+10	-1.468432E-3	2.598045E-3	-9.979449E-4	-4.066478E-3	-3.619531E-4	-1.378604E+9	-1.288149E+9	-3.236421E+6	-9.045509E+7	-1.129394E+10
5.320120E+2	1.268807E-3	1.449801E+9	2.554432E-3	5.935823E+7	3.284086E-3	1.497519E+9	6.280627E-4	5.935818E+7	2.859562E-3	1.049392E+10	2.966151E-3	1.057298E+10	2.912883E-3	1.199144E+10	2.752999E-3	1.202278E+10	1.285625E-3	-2.656023E-3	1.926369E-3	3.941648E-3	-1.985670E-4	-1.390443E+9	-1.438161E+9	4.329277E+1	4.771739E+7	-1.196342E+10
5.325120E+2	8.598032E-3	1.645024E+9	9.033916E-3	6.652706E+7	9.476994E-3	1.661953E+9	4.138824E-3	6.323367E+7	1.034442E-2	1.187747E+10	1.067127E-2	1.200204E+10	1.023547E-2	1.353942E+10	1.041092E-2	1.364707E+10	4.358845E-4	-5.338170E-3	4.895092E-3	5.774054E-3	-1.377000E-3	-1.578497E+9	-1.598719E+9	3.293392E+6	2.022230E+7	-1.358054E+10
5.330280E+2	2.402575E-2	2.055958E+9	3.847148E-2	9.909648E+7	2.185305E-2	1.990561E+9	1.998042E-2	8.072101E+7	2.421000E-2	1.444047E+10	2.320161E-2	1.432603E+10	2.391396E-2	1.643103E+10	2.330510E-2	1.638199E+10	1.444573E-2	-1.872631E-3	1.849106E-2	1.631836E-2	1.516638E-2	-1.956862E+9	-1.909840E+9	1.837547E+7	-4.702186E+7	-1.628290E+10
5.331580E+2	3.017188E-2	2.219668E+9	3.970953E-2	1.004662E+8	2.880539E-2	2.175159E+9	3.191898E-2	9.389983E+7	3.161503E-2	1.580927E+10	3.114056E-2	1.579847E+10	3.126214E-2	1.798443E+10	3.101892E-2	1.801813E+10	9.537646E-3	3.113594E-3	7.790548E-3	6.424051E-3	8.690613E-3	-2.119201E+9	-2.081259E+9	6.566408E+6	-3.794224E+7	-1.791767E+10
5.333130E+2	3.809803E-2	2.430790E+9	4.430298E-2	1.055484E+8	4.042833E-2	2.483771E+9	5.741118E-2	1.220403E+8	3.893480E-2	1.716230E+10	4.071713E-2	1.757462E+10	3.912239E-2	1.964607E+10	4.038822E-2	2.000541E+10	6.204949E-3	1.698285E-2	-1.310820E-2	-1.077790E-2	3.914758E-3	-2.325241E+9	-2.361730E+9	-1.649196E+7	3.648920E+7	-1.989987E+10
5.334630E+2	5.270048E-2	2.819742E+9	4.518459E-2	1.065238E+8	5.198081E-2	2.790512E+9	5.662345E-2	1.211708E+8	5.390068E-2	1.992869E+10	5.289589E-2	1.983341E+10	5.365954E-2	2.271920E+10	5.287135E-2	2.265315E+10	-7.515892E-3	4.642645E-3	-1.143887E-2	-1.215854E-2	-7.686765E-3	-2.713219E+9	-2.669341E+9	-1.464700E+7	-4.387777E+7	-2.254663E+10
5.336080E+2	7.097984E-2	3.306634E+9	7.659864E-2	1.412800E+8	7.115299E-2	3.299570E+9	6.885957E-2	1.346781E+8	7.167414E-2	2.321404E+10	7.024823E-2	2.305174E+10	7.160868E-2	2.651361E+10	7.034011E-2	2.635837E+10	5.618799E-3	-2.293416E-3	7.739070E-3	7.912215E-3	6.258535E-3	-3.165354E+9	-3.164892E+9	6.601888E+6	-4.617757E+5	-2.621709E+10
5.337630E+2	9.815986E-2	4.030605E+9	1.241480E-1	1.938881E+8	9.787701E-2	4.009145E+9	9.231823E-2	1.605738E+8	1.018610E-1	2.879397E+10	1.003162E-1	2.862842E+10	1.013606E-1	3.280312E+10	1.000454E-1	3.265903E+10	2.598815E-2	-5.558776E-3	3.182978E-2	3.154692E-2	2.410259E-2	-3.836717E+9	-3.848571E+9	3.331430E+7	1.185466E+7	-3.246514E+10
5.339140E+2	1.561471E-1	5.575161E+9	1.382701E-1	2.095126E+8	1.574487E-1	5.590891E+9	1.488180E-1	2.229432E+8	1.602812E-1	3.959272E+10	1.568738E-1	3.911811E+10	1.599254E-1	4.518361E+10	1.567826E-1	4.469328E+10	-1.787706E-2	-8.630752E-3	-1.054792E-2	-9.246305E-3	-1.851248E-2	-5.365649E+9	-5.367948E+9	-1.343058E+7	2.298969E+6	-4.448376E+10
5.340800E+2	2.686705E-1	8.572348E+9	2.879834E-1	3.751539E+8	2.656412E-1	8.463611E+9	2.617775E-1	3.476377E+8	2.812671E-1	6.195653E+10	2.727036E-1	6.060098E+10	2.793045E-1	7.042014E+10	2.721971E-1	6.917333E+10	1.931298E-2	-3.863737E-3	2.620596E-2	2.317672E-2	1.578629E-2	-8.197194E+9	-8.115974E+9	2.751620E+7	-8.122020E+7	-6.879818E+10
5.342090E+2	4.493158E-1	1.338404E+10	4.671825E-1	5.734179E+8	4.592390E-1	1.360401E+10	4.614489E-1	5.680525E+8	4.688492E-1	9.663038E+10	4.574614E-1	9.486786E+10	4.676421E-1	1.102344E+11	4.564384E-1	1.082519E+11	1.786665E-2	2.209904E-3	5.733620E-3	1.565675E-2	1.074405E-2	-1.281062E+10	-1.303596E+10	5.365437E+6	2.253319E+8	-1.076785E+11
5.343550E+2	7.884087E-1	2.241616E+10	7.753256E-1	9.143443E+8	7.775131E-1	2.205481E+10	8.290781E-1	9.738737E+8	8.014579E-1	1.581119E+11	7.812017E-1	1.549117E+11	7.984504E-1	1.801667E+11	7.821067E-1	1.773279E+11	-1.308302E-2	5.156503E-2	-5.375248E-2	-6.464805E-2	-6.781086E-3	-2.150182E+10	-2.108093E+10	-5.952946E+7	-4.208873E+8	-1.764135E+11
5.345110E+2	1.228335E+0	3.413411E+10	1.244837E+0	1.433807E+9	1.236907E+0	3.425262E+10	1.214569E+0	1.399412E+9	1.240921E+0	2.393451E+11	1.226706E+0	2.375390E+11	1.240417E+0	2.735977E+11	1.226910E+0	2.716731E+11	1.650192E-2	-2.233836E-2	3.026828E-2	3.884029E-2	1.792684E-2	-3.270030E+10	-3.285320E+10	3.439483E+7	1.529032E+8	-2.702393E+11
5.346620E+2	1.675307E+0	4.603971E+10	1.693690E+0	1.930413E+9	1.678248E+0	4.597108E+10	1.629930E+0	1.857924E+9	1.659547E+0	3.167264E+11	1.654464E+0	3.168750E+11	1.661896E+0	3.626975E+11	1.657081E+0	3.629147E+11	1.838312E-2	-4.831843E-2	6.376049E-2	6.670156E-2	3.660906E-2	-4.410930E+10	-4.411315E+10	7.248960E+7	3.856490E+6	-3.609843E+11
5.348120E+2	2.034548E+0	5.560851E+10	1.946875E+0	2.210534E+9	2.020901E+0	5.506919E+10	1.994757E+0	2.260652E+9	2.002401E+0	3.801018E+11	1.991344E+0	3.793559E+11	2.004725E+0	4.351709E+11	1.996769E+0	4.349644E+11	-8.767339E-2	-2.614426E-2	-4.788199E-2	-6.152913E-2	-4.989441E-2	-5.339798E+10	-5.280853E+10	-5.011758E+7	-5.894436E+8	-4.327538E+11
5.349530E+2	2.231869E+0	6.086436E+10	2.163728E+0	2.450458E+9	2.225072E+0	6.049031E+10	2.241498E+0	2.533026E+9	2.179801E+0	4.128935E+11	2.180560E+0	4.144497E+11	2.185487E+0	4.733838E+11	2.187004E+0	4.753141E+11	-6.814097E-2	1.642620E-2	-7.776999E-2	-8.456717E-2	-2.327572E-2	-5.841391E+10	-5.795728E+10	-8.256795E+7	-4.566259E+8	-4.728636E+11
5.351140E+2	2.207566E+0	6.021703E+10	2.221211E+0	2.514057E+9	2.228928E+0	6.059270E+10	2.170144E+0	2.454259E+9	2.167414E+0	4.106038E+11	2.173937E+0	4.132213E+11	2.175140E+0	4.711965E+11	2.178160E+0	4.734384E+11	1.364491E-2	-5.878415E-2	5.106710E-2	7.242906E-2	4.305053E-2	-5.770298E+10	-5.813844E+10	5.979752E+7	4.354655E+8	-4.709243E+11
5.352550E+2	1.960015E+0	5.362324E+10	1.951561E+0	2.215719E+9	1.964033E+0	5.355922E+10	1.898901E+0	2.154838E+9	1.923129E+0	3.654486E+11	1.929207E+0	3.678315E+11	1.928266E+0	4.190078E+11	1.933076E+0	4.214547E+11	-8.454249E-3	-6.513133E-2	5.265970E-2	5.667708E-2	1.848485E-2	-5.140752E+10	-5.140438E+10	6.088084E+7	-3.142994E+6	-4.192390E+11
5.354110E+2	1.653796E+0	4.546675E+10	1.673857E+0	1.908470E+9	1.664906E+0	4.561682E+10	1.681905E+0	1.915298E+9	1.634232E+0	3.120470E+11	1.637743E+0	3.137737E+11	1.638084E+0	3.576638E+11	1.639759E+0	3.592405E+11	2.006068E-2	1.699858E-2	-8.047699E-3	3.062099E-3	3.409831E-2	-4.355828E+10	-4.370152E+10	-6.828178E+6	1.432452E+8	-3.573320E+11
5.355580E+2	1.395683E+0	3.859161E+10	1.425814E+0	1.634037E+9	1.399082E+0	3.855867E+10	1.374485E+0	1.575941E+9	1.380207E+0	2.650915E+11	1.385696E+0	2.670269E+11	1.382578E+0	3.036502E+11	1.386950E+0	3.056185E+11	3.013053E-2	-2.459730E-2	5.132894E-2	5.472784E-2	3.886312E-2	-3.695757E+10	-3.698273E+10	5.809627E+7	2.516004E+7	-3.039844E+11
5.357090E+2	1.202064E+0	3.343433E+10	1.220594E+0	1.406985E+9	1.208696E+0	3.350355E+10	1.262760E+0	1.452610E+9	1.192652E+0	2.304226E+11	1.200185E+0	2.326202E+11	1.194667E+0	2.639261E+11	1.200421E+0	2.660545E+11	1.853065E-2	5.406397E-2	-4.216574E-2	-3.553332E-2	2.017344E-2	-3.202735E+10	-3.205094E+10	-4.562483E+7	2.359545E+7	-2.646476E+11
5.358600E+2	1.032647E+0	2.892173E+10	1.020080E+0	1.185138E+9	1.032822E+0	2.883375E+10	1.086595E+0	1.258143E+9	1.031411E+0	2.006179E+11	1.031053E+0	2.012515E+11	1.031589E+0	2.294517E+11	1.031254E+0	2.301733E+11	-1.256669E-2	5.377269E-2	-6.651449E-2	-6.633939E-2	-1.117337E-2	-2.773659E+10	-2.757561E+10	-7.300485E+7	-1.609762E+8	-2.289881E+11
5.360120E+2	8.580880E-1	2.427215E+10	8.365036E-1	9.820309E+8	8.698519E-1	2.450658E+10	8.897230E-1	1.040819E+9	8.622232E-1	1.693441E+11	8.662239E-1	1.706807E+11	8.631814E-1	1.938507E+11	8.652022E-1	1.949529E+11	-2.158443E-2	1.987109E-2	-5.321936E-2	-4.145552E-2	-2.869864E-2	-2.329012E+10	-2.346576E+10	-5.878788E+7	1.756397E+8	-1.939709E+11
5.362730E+2	6.599503E-1	1.899453E+10	6.407768E-1	7.654808E+8	6.534057E-1	1.875952E+10	6.819892E-1	8.115041E+8	6.602223E-1	1.320050E+11	6.581634E-1	1.320919E+11	6.593661E-1	1.507645E+11	6.583878E-1	1.510864E+11	-1.917354E-2	2.858342E-2	-4.121240E-2	-4.775696E-2	-1.761100E-2	-1.822905E+10	-1.794801E+10	-4.602331E+7	-2.810386E+8	-1.503210E+11
5.365140E+2	5.581521E-1	1.628302E+10	5.561742E-1	6.718774E+8	5.557345E-1	1.616615E+10	5.689737E-1	6.867478E+8	5.623911E-1	1.139213E+11	5.611269E-1	1.140946E+11	5.615550E-1	1.300874E+11	5.607533E-1	1.303776E+11	-1.977886E-3	1.323922E-2	-1.279956E-2	-1.521711E-2	-4.579148E-3	-1.561114E+10	-1.547941E+10	-1.487042E+7	-1.317356E+8	-1.297058E+11
5.367710E+2	5.458383E-1	1.595503E+10	5.739759E-1	6.915730E+8	5.505002E-1	1.602717E+10	5.617205E-1	6.787410E+8	5.485865E-1	1.113695E+11	5.490311E-1	1.118512E+11	5.488268E-1	1.273967E+11	5.486301E-1	1.278063E+11	2.813761E-2	1.122027E-2	1.225546E-2	1.691734E-2	2.534577E-2	-1.526345E+10	-1.534843E+10	1.283204E+7	8.497615E+7	-1.271147E+11
5.370120E+2	5.810349E-1	1.689253E+10	5.880133E-1	7.071038E+8	5.802457E-1	1.681697E+10	5.830819E-1	7.023216E+8	5.877574E-1	1.186101E+11	5.830667E-1	1.181638E+11	5.868140E-1	1.354271E+11	5.828115E-1	1.350563E+11	6.978370E-3	2.836190E-3	4.931383E-3	4.142179E-3	5.201744E-3	-1.618543E+10	-1.611465E+10	4.782208E+6	-7.077363E+7	-1.343492E+11
5.372590E+2	6.591169E-1	1.897233E+10	6.610713E-1	7.879345E+8	6.575722E-1	1.887014E+10	6.972578E-1	8.283590E+8	6.649017E-1	1.328700E+11	6.608020E-1	1.325813E+11	6.639811E-1	1.517401E+11	6.605904E-1	1.515536E+11	1.954383E-3	3.968562E-2	-3.618650E-2	-3.773123E-2	4.809176E-4	-1.818440E+10	-1.804178E+10	-4.042450E+7	-1.426145E+8	-1.507657E+11
5.375110E+2	7.573485E-1	2.158884E+10	7.677899E-1	9.060068E+8	7.564379E-1	2.149522E+10	7.607640E-1	8.984627E+8	7.622788E-1	1.508698E+11	7.593550E-1	1.508598E+11	7.615452E-1	1.723650E+11	7.591031E-1	1.724487E+11	1.044135E-2	4.326107E-3	7.025837E-3	6.115239E-3	8.686815E-3	-2.068284E+10	-2.059676E+10	7.544096E+6	-8.607830E+7	-1.715427E+11
5.377630E+2	8.780402E-1	2.480360E+10	9.413502E-1	1.098032E+9	8.939344E-1	2.514602E+10	9.204940E-1	1.074787E+9	8.874193E-1	1.740015E+11	8.952682E-1	1.760676E+11	8.882376E-1	1.991475E+11	8.931047E-1	2.008712E+11	6.330997E-2	2.655962E-2	2.085623E-2	3.675035E-2	4.824552E-2	-2.370557E+10	-2.407123E+10	2.324559E+7	3.656606E+8	-1.997731E+11
5.380110E+2	9.867475E-1	2.769914E+10	1.006063E+0	1.169630E+9	9.940728E-1	2.780489E+10	9.837617E-1	1.144627E+9	9.926856E-1	1.934596E+11	9.921692E-1	1.940397E+11	9.928599E-1	2.212645E+11	9.914883E-1	2.217388E+11	1.931544E-2	-1.031108E-2	2.230123E-2	2.962652E-2	1.457463E-2	-2.652952E+10	-2.666026E+10	2.500263E+7	1.307466E+8	-2.205692E+11
5.382690E+2	1.205737E+0	3.353218E+10	1.189127E+0	1.372170E+9	1.200503E+0	3.328602E+10	1.198190E+0	1.381332E+9	1.197868E+0	2.313868E+11	1.196336E+0	2.319064E+11	1.198199E+0	2.646729E+11	1.197517E+0	2.654386E+11	-1.661010E-2	-2.313306E-3	-9.063097E-3	-1.429680E-2	-8.389814E-3	-3.216001E+10	-3.190469E+10	-9.161982E+6	-2.553196E+8	-2.640664E+11
5.385010E+2	1.428001E+0	3.945244E+10	1.375084E+0	1.577911E+9	1.422360E+0	3.917676E+10	1.448821E+0	1.658000E+9	1.416369E+0	2.717758E+11	1.409422E+0	2.714273E+11	1.417121E+0	3.109526E+11	1.411755E+0	3.108797E+11	-5.291743E-2	2.646011E-2	-7.373652E-2	-7.937753E-2	-3.667115E-2	-3.787453E+10	-3.751876E+10	-8.008885E+7	-3.557731E+8	-3.093018E+11
5.387600E+2	1.684758E+0	4.629145E+10	1.657339E+0	1.890195E+9	1.694157E+0	4.639349E+10	1.676464E+0	1.909292E+9	1.668972E+0	3.184686E+11	1.669833E+0	3.197254E+11	1.672135E+0	3.648621E+11	1.671707E+0	3.660169E+11	-2.741927E-2	-1.769328E-2	-1.912485E-2	-9.725991E-3	-1.436791E-2	-4.440126E+10	-4.448420E+10	-1.909743E+7	8.294048E+7	-3.641267E+11
5.390290E+2	1.905650E+0	5.217515E+10	1.937913E+0	2.200619E+9	1.910139E+0	5.212822E+10	1.878354E+0	2.132157E+9	1.881217E+0	3.577014E+11	1.877841E+0	3.583046E+11	1.884850E+0	4.098297E+11	1.881334E+0	4.104798E+11	3.226339E-2	-3.178430E-2	5.955857E-2	6.404769E-2	5.657953E-2	-4.997453E+10	-4.999607E+10	6.846226E+7	2.154103E+7	-4.082792E+11
5.392720E+2	2.078117E+0	5.676900E+10	2.047964E+0	2.322378E+9	2.070635E+0	5.638972E+10	2.030547E+0	2.300160E+9	2.036616E+0	3.864264E+11	2.031974E+0	3.868916E+11	2.040889E+0	4.428161E+11	2.037769E+0	4.436606E+11	-3.015305E-2	-4.008868E-2	1.741699E-2	9.935631E-3	1.019479E-2	-5.444663E+10	-5.408956E+10	2.221808E+7	-3.570621E+8	-4.413382E+11
5.395320E+2	2.144925E+0	5.854852E+10	2.115200E+0	2.396767E+9	2.164273E+0	5.887597E+10	2.036968E+0	2.307248E+9	2.108751E+0	3.997602E+11	2.112831E+0	4.018879E+11	2.115725E+0	4.586362E+11	2.116861E+0	4.604365E+11	-2.972565E-2	-1.273043E-1	7.823126E-2	9.757861E-2	-1.661556E-3	-5.615176E+10	-5.656872E+10	8.951842E+7	4.169683E+8	-4.580397E+11
5.397860E+2	2.173953E+0	5.932172E+10	2.074291E+0	2.351506E+9	2.175250E+0	5.916745E+10	2.087812E+0	2.363375E+9	2.113770E+0	4.006879E+11	2.121291E+0	4.034570E+11	2.121492E+0	4.598554E+11	2.127904E+0	4.627787E+11	-9.966296E-2	-8.743763E-2	-1.352191E-2	-1.222533E-2	-5.361342E-2	-5.697022E+10	-5.680407E+10	-1.186910E+7	-1.661463E+8	-4.604272E+11
5.400140E+2	2.134169E+0	5.826203E+10	2.095269E+0	2.374716E+9	2.141793E+0	5.827909E+10	2.126533E+0	2.406117E+9	2.087081E+0	3.957545E+11	2.086736E+0	3.970483E+11	2.093952E+0	4.540336E+11	2.092693E+0	4.553103E+11	-3.890000E-2	-1.526012E-2	-3.126328E-2	-2.363988E-2	2.576291E-3	-5.588731E+10	-5.587297E+10	-3.140109E+7	-1.433951E+7	-4.529356E+11
5.402630E+2	2.057125E+0	5.620986E+10	1.967797E+0	2.233682E+9	2.066117E+0	5.626975E+10	2.023389E+0	2.292258E+9	2.019673E+0	3.832945E+11	2.020783E+0	3.848158E+11	2.025507E+0	4.395642E+11	2.025346E+0	4.410257E+11	-8.932789E-2	-4.272803E-2	-5.559170E-2	-4.659986E-2	-5.754933E-2	-5.397618E+10	-5.397749E+10	-5.857588E+7	1.306369E+6	-4.387920E+11
5.405080E+2	1.962083E+0	5.367832E+10	1.891762E+0	2.149558E+9	1.962647E+0	5.352241E+10	1.941460E+0	2.201818E+9	1.919147E+0	3.647127E+11	1.917808E+0	3.657173E+11	1.924611E+0	4.182351E+11	1.923368E+0	4.193956E+11	-7.032131E-2	-2.118656E-2	-4.969798E-2	-4.913475E-2	-3.160633E-2	-5.152876E+10	-5.132059E+10	-5.226015E+7	-2.081724E+8	-4.172461E+11
5.407790E+2	1.828946E+0	5.013205E+10	1.889163E+0	2.146682E+9	1.829270E+0	4.998100E+10	1.788293E+0	2.032739E+9	1.798489E+0	3.424093E+11	1.802274E+0	3.442892E+11	1.802355E+0	3.923903E+11	1.805623E+0	3.944213E+11	6.021687E-2	-4.097696E-2	1.008695E-1	1.011938E-1	8.353904E-2	-4.798537E+10	-4.794826E+10	1.139429E+8	-3.710337E+7	-3.922746E+11
5.410240E+2	1.734144E+0	4.760690E+10	1.692158E+0	1.928718E+9	1.728453E+0	4.730411E+10	1.722932E+0	1.960588E+9	1.704810E+0	3.250931E+11	1.707687E+0	3.267462E+11	1.707779E+0	3.723972E+11	1.711009E+0	3.743531E+11	-4.198639E-2	-5.520922E-3	-3.077438E-2	-3.646547E-2	-1.885153E-2	-4.567818E+10	-4.534353E+10	-3.187008E+7	-3.346572E+8	-3.724244E+11
5.412850E+2	1.596045E+0	4.392849E+10	1.573558E+0	1.797500E+9	1.594081E+0	4.373628E+10	1.557357E+0	1.777811E+9	1.574113E+0	3.009344E+11	1.576488E+0	3.024128E+11	1.576621E+0	3.446707E+11	1.578944E+0	3.463413E+11	-2.248789E-2	-3.672454E-2	1.620087E-2	1.423665E-2	-5.386175E-3	-4.213099E+10	-4.195847E+10	1.968854E+7	-1.725171E+8	-3.445438E+11
5.415190E+2	1.445738E+0	3.992488E+10	1.458726E+0	1.670451E+9	1.464986E+0	4.030856E+10	1.445142E+0	1.653939E+9	1.447713E+0	2.775697E+11	1.448013E+0	2.785847E+11	1.449883E+0	3.178783E+11	1.447727E+0	3.185096E+11	1.298745E-2	-1.984413E-2	1.358341E-2	3.283157E-2	1.099830E-2	-3.825443E+10	-3.865462E+10	1.651182E+7	4.001904E+8	-3.168391E+11
5.417810E+2	1.279036E+0	3.548458E+10	1.308202E+0	1.503913E+9	1.283616E+0	3.549283E+10	1.291753E+0	1.484615E+9	1.275900E+0	2.458108E+11	1.277589E+0	2.469762E+11	1.276870E+0	2.813037E+11	1.277770E+0	2.824608E+11	2.916616E-2	8.137066E-3	1.644897E-2	2.102910E-2	3.043167E-2	-3.398066E+10	-3.400821E+10	1.929842E+7	2.754619E+7	-2.809569E+11
5.420160E+2	1.104817E+0	3.084405E+10	1.097516E+0	1.270812E+9	1.104479E+0	3.073639E+10	1.130550E+0	1.306665E+9	1.105241E+0	2.142651E+11	1.103284E+0	2.146481E+11	1.105145E+0	2.450015E+11	1.103476E+0	2.454921E+11	-7.301115E-3	2.607064E-2	-3.303433E-2	-3.337176E-2	-5.960812E-3	-2.957324E+10	-2.942973E+10	-3.585276E+7	-1.435085E+8	-2.442213E+11
5.422670E+2	1.002348E+0	2.811467E+10	9.751663E-1	1.135446E+9	1.004065E+0	2.807019E+10	9.498467E-1	1.107189E+9	1.004211E+0	1.955900E+11	9.982889E-1	1.951747E+11	1.004192E+0	2.236602E+11	9.987986E-1	2.232894E+11	-2.718147E-2	-5.421798E-2	2.531957E-2	2.703651E-2	-2.363235E-2	-2.697923E+10	-2.696300E+10	2.825723E+7	-1.622472E+7	-2.221540E+11
5.425460E+2	9.773611E-1	2.744913E+10	9.488930E-1	1.106377E+9	9.803666E-1	2.744096E+10	9.671861E-1	1.126329E+9	9.785761E-1	1.908515E+11	9.761380E-1	1.910664E+11	9.788010E-1	2.182925E+11	9.762916E-1	2.185155E+11	-2.846806E-2	-1.318052E-2	-1.829306E-2	-1.528754E-2	-2.739861E-2	-2.634275E+10	-2.631463E+10	-1.995195E+7	-2.811595E+7	-2.174092E+11
5.427710E+2	1.063790E+0	2.975125E+10	1.093354E+0	1.266208E+9	1.066101E+0	2.971738E+10	1.063010E+0	1.232108E+9	1.065359E+0	2.068930E+11	1.064767E+0	2.075043E+11	1.065452E+0	2.366104E+11	1.064644E+0	2.372556E+11	2.956461E-2	-3.091041E-3	3.034457E-2	3.265565E-2	2.871027E-2	-2.848505E+10	-2.848527E+10	3.410000E+7	2.212152E+5	-2.359894E+11
5.430120E+2	1.209328E+0	3.362784E+10	1.245927E+0	1.435012E+9	1.204330E+0	3.338764E+10	1.173885E+0	1.354502E+9	1.205995E+0	2.328890E+11	1.200904E+0	2.327536E+11	1.205786E+0	2.662767E+11	1.201962E+0	2.663814E+11	3.659807E-2	-3.044521E-2	7.204130E-2	6.704328E-2	4.396450E-2	-3.219283E+10	-3.203314E+10	8.051027E+7	-1.596920E+8	-2.649464E+11
5.433020E+2	1.406018E+0	3.886690E+10	1.392865E+0	1.597584E+9	1.411092E+0	3.887757E+10	1.424523E+0	1.631178E+9	1.395939E+0	2.679995E+11	1.397298E+0	2.691786E+11	1.397842E+0	3.068771E+11	1.398393E+0	3.080455E+11	-1.315303E-2	1.343055E-2	-3.165744E-2	-2.658358E-2	-5.527429E-3	-3.726932E+10	-3.724639E+10	-3.359378E+7	-2.292685E+7	-3.064479E+11
5.435270E+2	1.519791E+0	4.189736E+10	1.535508E+0	1.755402E+9	1.544042E+0	4.240764E+10	1.440808E+0	1.649155E+9	1.514223E+0	2.898639E+11	1.518538E+0	2.916650E+11	1.517969E+0	3.322716E+11	1.518696E+0	3.335623E+11	1.571723E-2	-1.032338E-1	9.469987E-2	1.189510E-1	1.681252E-2	-4.014196E+10	-4.075849E+10	1.062474E+8	6.165308E+8	-3.318069E+11
5.437590E+2	1.626426E+0	4.473772E+10	1.633966E+0	1.864335E+9	1.636272E+0	4.485654E+10	1.651707E+0	1.881964E+9	1.612331E+0	3.079988E+11	1.618153E+0	3.101404E+11	1.615338E+0	3.528553E+11	1.619192E+0	3.548781E+11	7.539680E-3	1.543484E-2	-1.774105E-2	-7.895156E-3	1.477441E-2	-4.287338E+10	-4.297457E+10	-1.762836E+7	1.011901E+8	-3.530138E+11
5.440280E+2	1.673288E+0	4.598592E+10	1.664710E+0	1.898350E+9	1.668552E+0	4.571363E+10	1.649241E+0	1.879241E+9	1.654261E+0	3.157494E+11	1.658619E+0	3.176456E+11	1.656056E+0	3.614630E+11	1.660461E+0	3.636315E+11	-8.578057E-3	-1.931091E-2	1.546859E-2	1.073285E-2	4.248922E-3	-4.408757E+10	-4.383438E+10	1.910827E+7	-2.531892E+8	-3.617331E+11
5.442650E+2	1.676116E+0	4.606126E+10	1.666712E+0	1.900565E+9	1.678430E+0	4.597591E+10	1.666768E+0	1.898588E+9	1.645385E+0	3.141086E+11	1.651507E+0	3.163265E+11	1.649535E+0	3.600845E+11	1.654597E+0	3.623878E+11	-9.403867E-3	-1.166280E-2	-5.508809E-5	2.258929E-3	1.211528E-2	-4.416070E+10	-4.407733E+10	1.976887E+6	-8.337391E+7	-3.604872E+11
5.445240E+2	1.645448E+0	4.524439E+10	1.676461E+0	1.911351E+9	1.641878E+0	4.500538E+10	1.706441E+0	1.942383E+9	1.619979E+0	3.094124E+11	1.624155E+0	3.112537E+11	1.622729E+0	3.544178E+11	1.626829E+0	3.564981E+11	3.101247E-2	6.456288E-2	-2.998014E-2	-3.355041E-2	4.963139E-2	-4.333304E+10	-4.306300E+10	-3.103260E+7	-2.700409E+8	-3.545868E+11
5.447660E+2	1.550376E+0	4.271202E+10	1.564259E+0	1.787211E+9	1.551742E+0	4.261209E+10	1.517195E+0	1.733477E+9	1.533069E+0	2.933476E+11	1.534880E+0	2.946959E+11	1.535415E+0	3.359596E+11	1.536826E+0	3.374079E+11	1.388274E-2	-3.454708E-2	4.706368E-2	4.842982E-2	2.743259E-2	-4.092481E+10	-4.087861E+10	5.373433E+7	-4.619886E+7	-3.356207E+11
5.450200E+2	1.428466E+0	3.946482E+10	1.453595E+0	1.664774E+9	1.444690E+0	3.976967E+10	1.431412E+0	1.638783E+9	1.417736E+0	2.720287E+11	1.424606E+0	2.742434E+11	1.421122E+0	3.117983E+11	1.425091E+0	3.137082E+11	2.512894E-2	-1.327797E-2	2.218246E-2	3.840690E-2	2.850421E-2	-3.780004E+10	-3.813088E+10	2.599136E+7	3.308385E+8	-3.120435E+11
5.452690E+2	1.352158E+0	3.743226E+10	1.340342E+0	1.539472E+9	1.356620E+0	3.743123E+10	1.372400E+0	1.573640E+9	1.346700E+0	2.588979E+11	1.346500E+0	2.597571E+11	1.347946E+0	2.963291E+11	1.347210E+0	2.971894E+11	-1.181598E-2	1.577946E-2	-3.205820E-2	-2.759544E-2	-6.868634E-3	-3.589279E+10	-3.585759E+10	-3.416761E+7	-3.519190E+7	-2.956499E+11
5.455390E+2	1.284730E+0	3.563624E+10	1.304072E+0	1.499344E+9	1.287411E+0	3.559360E+10	1.324621E+0	1.520897E+9	1.278176E+0	2.462315E+11	1.282168E+0	2.478256E+11	1.279336E+0	2.818251E+11	1.282490E+0	2.834619E+11	1.934223E-2	3.720984E-2	-2.054913E-2	-1.786761E-2	2.158197E-2	-3.413690E+10	-3.407270E+10	-2.155365E+7	-6.419687E+7	-2.819625E+11
5.457780E+2	1.225059E+0	3.404685E+10	1.236312E+0	1.424374E+9	1.237493E+0	3.426817E+10	1.247384E+0	1.435637E+9	1.225687E+0	2.365291E+11	1.230279E+0	2.382017E+11	1.227170E+0	2.707973E+11	1.229623E+0	2.722486E+11	1.125207E-2	9.891126E-3	-1.107276E-2	1.360946E-3	6.688215E-3	-3.262248E+10	-3.283254E+10	-1.126236E+7	2.100575E+8	-2.708242E+11
5.460110E+2	1.250452E+0	3.472321E+10	1.233606E+0	1.421381E+9	1.246839E+0	3.451633E+10	1.224012E+0	1.409837E+9	1.240326E+0	2.392350E+11	1.240537E+0	2.401043E+11	1.241144E+0	2.737513E+11	1.241782E+0	2.748275E+11	-1.684630E-2	-2.282677E-2	9.593453E-3	5.980470E-3	-8.176245E-3	-3.330183E+10	-3.310649E+10	1.154405E+7	-1.953448E+8	-2.734061E+11
5.467600E+2	1.305195E+0	3.618135E+10	1.336278E+0	1.534976E+9	1.324366E+0	3.657482E+10	1.361484E+0	1.561590E+9	1.305131E+0	2.512139E+11	1.309472E+0	2.528897E+11	1.307547E+0	2.877888E+11	1.308935E+0	2.890710E+11	3.108272E-2	3.711827E-2	-2.520678E-2	-6.035545E-3	2.734239E-2	-3.464638E+10	-3.501323E+10	-2.661458E+7	3.668533E+8	-2.875361E+11
5.475070E+2	1.384941E+0	3.830548E+10	1.383924E+0	1.587692E+9	1.389411E+0	3.830189E+10	1.373724E+0	1.575101E+9	1.378977E+0	2.648641E+11	1.377429E+0	2.654936E+11	1.380288E+0	3.031660E+11	1.378372E+0	3.037990E+11	-1.016643E-3	-1.568764E-2	1.020089E-2	1.467100E-2	5.552095E-3	-3.671779E+10	-3.672679E+10	1.259072E+7	9.001511E+6	-3.022113E+11
5.482600E+2	1.474709E+0	4.069655E+10	1.469247E+0	1.682091E+9	1.486284E+0	4.087406E+10	1.447706E+0	1.656769E+9	1.462191E+0	2.802460E+11	1.464092E+0	2.815669E+11	1.465217E+0	3.211200E+11	1.465425E+0	3.222634E+11	-5.462019E-3	-3.857836E-2	2.154085E-2	3.311634E-2	3.821535E-3	-3.901446E+10	-3.921730E+10	2.532226E+7	2.028375E+8	-3.205813E+11
5.490160E+2	1.429534E+0	3.949325E+10	1.419157E+0	1.626673E+9	1.430662E+0	3.939717E+10	1.430158E+0	1.637399E+9	1.421816E+0	2.727827E+11	1.420238E+0	2.734333E+11	1.422927E+0	3.121799E+11	1.421405E+0	3.129266E+11	-1.037635E-2	-5.032447E-4	-1.100118E-2	-9.873101E-3	-2.248207E-3	-3.786658E+10	-3.775977E+10	-1.072581E+7	-1.068067E+8	-3.112999E+11
5.497740E+2	1.430737E+0	3.952532E+10	1.429767E+0	1.638411E+9	1.429498E+0	3.936628E+10	1.421392E+0	1.627721E+9	1.416808E+0	2.718570E+11	1.416011E+0	2.726493E+11	1.418402E+0	3.112233E+11	1.417860E+0	3.121746E+11	-9.704616E-4	-8.106649E-3	8.375397E-3	7.136187E-3	1.190703E-2	-3.788691E+10	-3.773856E+10	1.069029E+7	-1.483479E+8	-3.105362E+11
5.505170E+2	1.408328E+0	3.892843E+10	1.418124E+0	1.625530E+9	1.410925E+0	3.887311E+10	1.423656E+0	1.630221E+9	1.396730E+0	2.681457E+11	1.399112E+0	2.695151E+11	1.398513E+0	3.070188E+11	1.400270E+0	3.084436E+11	9.795520E-3	1.273174E-2	-5.532391E-3	-2.936219E-3	1.785415E-2	-3.730290E+10	-3.724289E+10	-4.691471E+6	-6.000629E+7	-3.068180E+11
5.512570E+2	1.390611E+0	3.845652E+10	1.368980E+0	1.571158E+9	1.380062E+0	3.805366E+10	1.388307E+0	1.591199E+9	1.383114E+0	2.656289E+11	1.379970E+0	2.659648E+11	1.382731E+0	3.036825E+11	1.381306E+0	3.044213E+11	-2.163121E-2	8.244470E-3	-1.932643E-2	-2.987568E-2	-1.232598E-2	-3.688536E+10	-3.646246E+10	-2.004151E+7	-4.229012E+8	-3.028502E+11
5.520210E+2	1.290867E+0	3.579972E+10	1.299885E+0	1.494711E+9	1.296838E+0	3.584390E+10	1.283899E+0	1.475945E+9	1.290288E+0	2.484702E+11	1.290334E+0	2.493401E+11	1.291110E+0	2.843141E+11	1.290401E+0	2.851399E+11	9.017488E-3	-1.293941E-2	1.598579E-2	2.195690E-2	9.483646E-3	-3.430501E+10	-3.436796E+10	1.876631E+7	6.295145E+7	-2.836451E+11
5.527590E+2	1.306132E+0	3.620631E+10	1.312127E+0	1.508256E+9	1.308690E+0	3.615859E+10	1.316811E+0	1.512276E+9	1.299974E+0	2.502607E+11	1.298874E+0	2.509241E+11	1.301068E+0	2.864193E+11	1.299786E+0	2.871304E+11	5.995251E-3	8.120536E-3	-4.683675E-3	-2.125285E-3	1.234121E-2	-3.469805E+10	-3.464632E+10	-4.019815E+6	-5.173419E+7	-2.856222E+11
5.535220E+2	1.214707E+0	3.377110E+10	1.210101E+0	1.395375E+9	1.215248E+0	3.367752E+10	1.195587E+0	1.378458E+9	1.205880E+0	2.328679E+11	1.204789E+0	2.334741E+11	1.207057E+0	2.665454E+11	1.206034E+0	2.672452E+11	-4.605995E-3	-1.966113E-2	1.451398E-2	1.505513E-2	4.066243E-3	-3.237572E+10	-3.229906E+10	1.691693E+7	-7.666214E+7	-2.658499E+11
5.542580E+2	1.163629E+0	3.241059E+10	1.093068E+0	1.265891E+9	1.162914E+0	3.228794E+10	1.097347E+0	1.270012E+9	1.148355E+0	2.222346E+11	1.150791E+0	2.234592E+11	1.150184E+0	2.545225E+11	1.152403E+0	2.558698E+11	-7.056090E-2	-6.556670E-2	-4.278669E-3	-4.994200E-3	-5.933529E-2	-3.114469E+10	-3.101793E+10	-4.120875E+6	-1.267674E+8	-2.546039E+11
5.550140E+2	1.061008E+0	2.967717E+10	1.116480E+0	1.291794E+9	1.058767E+0	2.952264E+10	1.099056E+0	1.271899E+9	1.057435E+0	2.054283E+11	1.060849E+0	2.067778E+11	1.057602E+0	2.349510E+11	1.060869E+0	2.364549E+11	5.547163E-2	4.028947E-2	1.742369E-2	1.518216E-2	5.561076E-2	-2.838537E+10	-2.825074E+10	1.989467E+7	-1.346308E+8	-2.351631E+11
5.557600E+2	1.031802E+0	2.889923E+10	9.874323E-1	1.149017E+9	1.012554E+0	2.829559E+10	1.042291E+0	1.209236E+9	1.020818E+0	1.986599E+11	1.020827E+0	1.993548E+11	1.019780E+0	2.269555E+11	1.022205E+0	2.282541E+11	-4.437011E-2	2.973691E-2	-5.485828E-2	-7.410702E-2	-3.477293E-2	-2.775022E+10	-2.708636E+10	-6.021940E+7	-6.638604E+8	-2.271051E+11
5.560130E+2	9.520809E-1	2.677576E+10	9.197355E-1	1.074118E+9	9.498988E-1	2.663198E+10	9.465717E-1	1.103573E+9	9.503118E-1	1.856270E+11	9.510122E-1	1.864064E+11	9.502600E-1	2.122590E+11	9.511464E-1	2.131821E+11	-3.234539E-2	-3.327112E-3	-2.683621E-2	-2.901827E-2	-3.141093E-2	-2.570164E+10	-2.552841E+10	-2.945558E+7	-1.732319E+8	-2.121080E+11
5.565090E+2	1.013003E+0	2.839848E+10	9.907347E-1	1.152671E+9	1.008801E+0	2.819595E+10	1.024894E+0	1.190032E+9	1.010823E+0	1.968123E+11	1.009197E+0	1.971978E+11	1.010569E+0	2.250082E+11	1.009675E+0	2.255963E+11	-2.226799E-2	1.609325E-2	-3.415933E-2	-3.836124E-2	-1.894023E-2	-2.724581E+10	-2.700591E+10	-3.736182E+7	-2.398977E+8	-2.244437E+11
5.570270E+2	9.914306E-1	2.782388E+10	9.720481E-1	1.131996E+9	9.844535E-1	2.754948E+10	9.754593E-1	1.135462E+9	9.924885E-1	1.934232E+11	9.887713E-1	1.934095E+11	9.914793E-1	2.209726E+11	9.891053E-1	2.212334E+11	-1.938252E-2	-8.994208E-3	-3.411247E-3	-1.038831E-2	-1.705719E-2	-2.669189E+10	-2.641402E+10	-3.466162E+6	-2.778717E+8	-2.201014E+11
5.575470E+2	1.023392E+0	2.867523E+10	1.043858E+0	1.211445E+9	1.035615E+0	2.890790E+10	1.039838E+0	1.206529E+9	1.033501E+0	2.010041E+11	1.034000E+0	2.017981E+11	1.033766E+0	2.299120E+11	1.032668E+0	2.304733E+11	2.046504E-2	4.223341E-3	4.019591E-3	1.624170E-2	1.118933E-2	-2.746378E+10	-2.770138E+10	4.916331E+6	2.375954E+8	-2.292619E+11
5.580110E+2	1.004430E+0	2.817013E+10	1.050597E+0	1.218901E+9	1.007080E+0	2.815025E+10	9.661086E-1	1.125140E+9	1.005318E+0	1.957947E+11	1.004576E+0	1.963409E+11	1.005540E+0	2.239450E+11	1.004558E+0	2.245110E+11	4.616718E-2	-4.097133E-2	8.448817E-2	8.713851E-2	4.603880E-2	-2.695123E+10	-2.702511E+10	9.376144E+7	7.388790E+7	-2.232921E+11
5.585100E+2	9.684260E-1	2.721113E+10	9.816141E-1	1.142580E+9	9.674632E-1	2.709835E+10	9.756415E-1	1.135663E+9	9.689052E-1	1.890639E+11	9.676176E-1	1.894861E+11	9.687241E-1	2.161622E+11	9.677191E-1	2.166973E+11	1.318811E-2	8.178242E-3	5.972619E-3	5.009867E-3	1.389495E-2	-2.606855E+10	-2.596269E+10	6.916505E+6	-1.058606E+8	-2.155547E+11
5.590040E+2	1.039010E+0	2.909122E+10	1.034360E+0	1.200938E+9	1.034704E+0	2.888373E+10	1.070638E+0	1.240529E+9	1.036594E+0	2.015759E+11	1.035643E+0	2.021027E+11	1.036357E+0	2.304596E+11	1.036066E+0	2.311939E+11	-4.649903E-3	3.593384E-2	-3.627756E-2	-4.058375E-2	-1.705201E-3	-2.789028E+10	-2.764320E+10	-3.959095E+7	-2.470851E+8	-2.299930E+11
5.595110E+2	1.049949E+0	2.938260E+10	1.046823E+0	1.214726E+9	1.041831E+0	2.907296E+10	1.061130E+0	1.230033E+9	1.044557E+0	2.030478E+11	1.048585E+0	2.045030E+11	1.044215E+0	2.321208E+11	1.048756E+0	2.338856E+11	-3.126088E-3	1.929923E-2	-1.430692E-2	-2.242532E-2	-1.932606E-3	-2.816787E+10	-2.784293E+10	-1.530665E+7	-3.249433E+8	-2.326709E+11
5.600300E+2	9.414511E-1	2.649262E+10	9.849995E-1	1.146325E+9	9.399497E-1	2.636782E+10	9.542733E-1	1.112075E+9	9.388403E-1	1.835065E+11	9.393019E-1	1.842345E+11	9.389796E-1	2.098743E+11	9.395718E-1	2.107271E+11	4.354843E-2	1.432362E-2	3.072615E-2	2.922481E-2	4.542769E-2	-2.534630E+10	-2.525574E+10	3.425009E+7	-9.055682E+7	-2.095808E+11
5.605090E+2	1.001977E+0	2.810479E+10	9.929042E-1	1.155071E+9	1.016379E+0	2.839717E+10	1.002183E+0	1.164962E+9	1.000363E+0	1.948788E+11	1.006327E+0	1.966656E+11	1.002375E+0	2.232760E+11	1.005781E+0	2.247704E+11	-9.072507E-3	-1.419644E-2	-9.278490E-3	5.123933E-3	-1.287659E-2	-2.694972E+10	-2.723220E+10	-9.890750E+6	2.824829E+8	-2.236153E+11
5.610070E+2	1.014850E+0	2.844769E+10	9.823259E-1	1.143367E+9	1.013825E+0	2.832935E+10	9.832627E-1	1.144076E+9	1.018298E+0	1.981939E+11	1.014969E+0	1.982683E+11	1.017736E+0	2.265232E+11	1.014954E+0	2.267160E+11	-3.252436E-2	-3.056243E-2	-9.367806E-4	-1.961931E-3	-3.262803E-2	-2.730433E+10	-2.718528E+10	-7.089125E+5	-1.190512E+8	-2.255727E+11
