Photon Energy (eV)	X ref norm	X ref	X pump norm	X pump	Y ref norm	Y ref	Y pump norm	Y pump	X all norm	X all	Y all norm	Y all	X all Y ref norm	X all Y ref	Y all X ref norm	Y all X ref	BC(X hist) norm	BC(Y hist) norm	StS norm	BCSC norm	BCLR norm	BC(X hist)	BC(Y hist)	StS	BCSC	BCLR	
5.300160E+2	-6.365508E-3	1.246453E+9	-1.773945E-2	4.170703E+7	-4.734616E-3	1.284607E+9	-4.631226E-3	5.027696E+7	-6.897657E-3	8.690338E+9	-5.883572E-3	8.931628E+9	-6.625976E-3	9.974945E+9	-5.944094E-3	1.017808E+10	-1.137394E-2	1.033901E-4	-1.310822E-2	-1.147733E-2	-1.179536E-2	-1.204746E+9	-1.234330E+9	-8.569935E+6	2.958387E+7	-1.013637E+10
5.305130E+2	-3.345768E-3	1.326887E+9	-3.106344E-3	5.752177E+7	-3.744967E-3	1.310884E+9	-4.314730E-3	5.061914E+7	-3.306030E-3	9.354237E+9	-4.681216E-3	9.154628E+9	-3.361161E-3	1.066512E+10	-4.513511E-3	1.048152E+10	2.394240E-4	-5.697627E-4	1.208386E-3	8.091866E-4	1.407167E-3	-1.269365E+9	-1.260265E+9	6.902638E+6	-9.100627E+6	-1.042399E+10
5.310100E+2	-8.412611E-4	1.393597E+9	-5.688207E-3	5.473142E+7	-1.898662E-3	1.359907E+9	1.104573E-3	5.647813E+7	-2.581485E-3	9.488166E+9	-2.492947E-3	9.560485E+9	-2.495722E-3	1.084807E+10	-2.285529E-3	1.095408E+10	-4.846946E-3	3.003236E-3	-6.792781E-3	-7.850182E-3	-3.402679E-3	-1.338866E+9	-1.303429E+9	-1.746709E+6	-3.543737E+7	-1.089935E+10
5.315180E+2	6.856981E-4	1.434270E+9	-2.288919E-3	5.840521E+7	-2.382835E-3	1.347051E+9	-3.595628E-3	5.139658E+7	-4.188056E-4	9.887930E+9	-5.796880E-4	9.915335E+9	-6.654906E-4	1.123498E+10	-4.207811E-4	1.134961E+10	-2.974617E-3	-1.212793E-3	1.306708E-3	-1.761824E-3	-1.868138E-3	-1.375865E+9	-1.295654E+9	7.008624E+6	-8.021004E+7	-1.129120E+10
5.320120E+2	1.268807E-3	1.449801E+9	1.368967E-2	7.567409E+7	3.284086E-3	1.497519E+9	4.322547E-3	5.995719E+7	2.859562E-3	1.049392E+10	2.966151E-3	1.057298E+10	2.912883E-3	1.199144E+10	2.752999E-3	1.202278E+10	1.242087E-2	1.038461E-3	9.367125E-3	1.138240E-2	1.093667E-2	-1.374127E+9	-1.437562E+9	1.571690E+7	6.343424E+7	-1.194711E+10
5.325120E+2	8.598032E-3	1.645024E+9	1.513325E-2	7.723423E+7	9.476994E-3	1.661953E+9	7.114463E-3	6.297563E+7	1.034442E-2	1.187747E+10	1.067127E-2	1.200204E+10	1.023547E-2	1.353942E+10	1.041092E-2	1.364707E+10	6.535218E-3	-2.362531E-3	8.018786E-3	8.897749E-3	4.722333E-3	-1.567789E+9	-1.598977E+9	1.425861E+7	3.118751E+7	-1.356983E+10
5.330280E+2	2.402575E-2	2.055958E+9	2.202540E-2	8.468294E+7	2.185305E-2	1.990561E+9	3.047918E-2	8.823602E+7	2.421000E-2	1.444047E+10	2.320161E-2	1.432603E+10	2.391396E-2	1.643103E+10	2.330510E-2	1.638199E+10	-2.000346E-3	8.626123E-3	-8.453775E-3	-1.062647E-2	-1.279703E-3	-1.971275E+9	-1.902325E+9	-3.553085E+6	-6.895042E+7	-1.629731E+10
5.331580E+2	3.017188E-2	2.219668E+9	1.663011E-2	7.885197E+7	2.880539E-2	2.175159E+9	2.947670E-2	8.715221E+7	3.161503E-2	1.580927E+10	3.114056E-2	1.579847E+10	3.126214E-2	1.798443E+10	3.101892E-2	1.801813E+10	-1.354177E-2	6.713141E-4	-1.284659E-2	-1.421309E-2	-1.438881E-2	-2.140816E+9	-2.088007E+9	-8.300244E+6	-5.280890E+7	-1.793928E+10
5.333130E+2	3.809803E-2	2.430790E+9	4.128207E-2	1.054946E+8	4.042833E-2	2.483771E+9	4.313484E-2	1.019185E+8	3.893480E-2	1.716230E+10	4.071713E-2	1.757462E+10	3.912239E-2	1.964607E+10	4.038822E-2	2.000541E+10	3.184044E-3	2.706515E-3	-1.852768E-3	4.775293E-4	8.938535E-4	-2.325295E+9	-2.381852E+9	3.576111E+6	5.655727E+7	-1.989992E+10
5.334630E+2	5.270048E-2	2.819742E+9	5.399022E-2	1.192290E+8	5.198081E-2	2.790512E+9	5.858923E-2	1.186268E+8	5.390068E-2	1.992869E+10	5.289589E-2	1.983341E+10	5.365954E-2	2.271920E+10	5.287135E-2	2.265315E+10	1.289738E-3	6.608421E-3	-4.599012E-3	-5.318683E-3	1.118865E-3	-2.700514E+9	-2.671885E+9	6.021831E+5	-2.862859E+7	-2.253392E+10
5.336080E+2	7.097984E-2	3.306634E+9	6.138261E-2	1.272183E+8	7.115299E-2	3.299570E+9	8.255698E-2	1.445391E+8	7.167414E-2	2.321404E+10	7.024823E-2	2.305174E+10	7.160868E-2	2.651361E+10	7.034011E-2	2.635837E+10	-9.597234E-3	1.140399E-2	-2.117437E-2	-2.100123E-2	-8.957498E-3	-3.179416E+9	-3.155031E+9	-1.732084E+7	-2.438451E+7	-2.623115E+10
5.337630E+2	9.815986E-2	4.030605E+9	1.082248E-1	1.778431E+8	9.787701E-2	4.009145E+9	1.116889E-1	1.760347E+8	1.018610E-1	2.879397E+10	1.003162E-1	2.862842E+10	1.013606E-1	3.280312E+10	1.000454E-1	3.265903E+10	1.006496E-2	1.381191E-2	-3.464088E-3	-3.746946E-3	8.179409E-3	-3.852762E+9	-3.833110E+9	1.808408E+6	-1.965123E+7	-3.248118E+10
5.339140E+2	1.561471E-1	5.575161E+9	1.380929E-1	2.101230E+8	1.574487E-1	5.590891E+9	1.578238E-1	2.259127E+8	1.602812E-1	3.959272E+10	1.568738E-1	3.911811E+10	1.599254E-1	4.518361E+10	1.567826E-1	4.469328E+10	-1.805423E-2	3.750762E-4	-1.973093E-2	-1.842931E-2	-1.868966E-2	-5.365038E+9	-5.364978E+9	-1.578968E+7	-6.013164E+4	-4.448315E+10
5.340800E+2	2.686705E-1	8.572348E+9	2.991530E-1	3.841890E+8	2.656412E-1	8.463611E+9	2.952399E-1	3.744780E+8	2.812671E-1	6.195653E+10	2.727036E-1	6.060098E+10	2.793045E-1	7.042014E+10	2.721971E-1	6.917333E+10	3.048259E-2	2.959872E-2	3.913115E-3	8.838669E-4	2.695590E-2	-8.188159E+9	-8.089133E+9	9.711000E+6	-9.902540E+7	-6.878914E+10
5.342090E+2	4.493158E-1	1.338404E+10	4.858190E-1	5.859284E+8	4.592390E-1	1.360401E+10	4.498668E-1	5.416503E+8	4.688492E-1	9.663038E+10	4.574614E-1	9.486786E+10	4.676421E-1	1.102344E+11	4.564384E-1	1.082519E+11	3.650311E-2	-9.372214E-3	3.595220E-2	4.587533E-2	2.938051E-2	-1.279811E+10	-1.306236E+10	4.427803E+7	2.642445E+8	-1.076660E+11
5.343550E+2	7.884087E-1	2.241616E+10	7.915661E-1	9.163649E+8	7.775131E-1	2.205481E+10	7.858170E-1	9.048577E+8	8.014579E-1	1.581119E+11	7.812017E-1	1.549117E+11	7.984504E-1	1.801667E+11	7.821067E-1	1.773279E+11	3.157411E-3	8.303892E-3	5.749095E-3	-5.146481E-3	9.459346E-3	-2.149980E+10	-2.114995E+10	1.150727E+7	-3.498506E+8	-1.764115E+11
5.345110E+2	1.228335E+0	3.413411E+10	1.194925E+0	1.352295E+9	1.236907E+0	3.425262E+10	1.239241E+0	1.395070E+9	1.240921E+0	2.393451E+11	1.226706E+0	2.375390E+11	1.240417E+0	2.735977E+11	1.226910E+0	2.716731E+11	-3.341057E-2	2.334250E-3	-4.431683E-2	-3.574482E-2	-3.198566E-2	-3.278181E+10	-3.285754E+10	-4.277527E+7	7.573312E+7	-2.703208E+11
5.346620E+2	1.675307E+0	4.603971E+10	1.639015E+0	1.832246E+9	1.678248E+0	4.597108E+10	1.710004E+0	1.904028E+9	1.659547E+0	3.167264E+11	1.654464E+0	3.168750E+11	1.661896E+0	3.626975E+11	1.657081E+0	3.629147E+11	-3.629215E-2	3.175607E-2	-7.098929E-2	-6.804822E-2	-1.806621E-2	-4.420747E+10	-4.406705E+10	-7.178194E+7	-1.404151E+8	-3.610824E+11
5.348120E+2	2.034548E+0	5.560851E+10	1.939923E+0	2.157453E+9	2.020901E+0	5.506919E+10	1.914307E+0	2.124907E+9	2.002401E+0	3.801018E+11	1.991344E+0	3.793559E+11	2.004725E+0	4.351709E+11	1.996769E+0	4.349644E+11	-9.462504E-2	-1.065947E-1	2.561683E-2	1.196969E-2	-5.684606E-2	-5.345106E+10	-5.294428E+10	3.254696E+7	-5.067790E+8	-4.328069E+11
5.349530E+2	2.231869E+0	6.086436E+10	2.185386E+0	2.422737E+9	2.225072E+0	6.049031E+10	2.116949E+0	2.343990E+9	2.179801E+0	4.128935E+11	2.180560E+0	4.144497E+11	2.185487E+0	4.733838E+11	2.187004E+0	4.753141E+11	-4.648292E-2	-1.081226E-1	6.843683E-2	6.163964E-2	-1.617671E-3	-5.844163E+10	-5.814632E+10	7.874707E+7	-2.953109E+8	-4.728913E+11
5.351140E+2	2.207566E+0	6.021703E+10	2.162026E+0	2.397491E+9	2.228928E+0	6.059270E+10	2.081849E+0	2.306042E+9	2.167414E+0	4.106038E+11	2.173937E+0	4.132213E+11	2.175140E+0	4.711965E+11	2.178160E+0	4.734384E+11	-4.553977E-2	-1.470793E-1	8.017757E-2	1.015395E-1	-1.613415E-2	-5.781954E+10	-5.828666E+10	9.144934E+7	4.671173E+8	-4.710409E+11
5.352550E+2	1.960015E+0	5.362324E+10	1.821034E+0	2.028964E+9	1.964033E+0	5.355922E+10	1.883526E+0	2.091629E+9	1.923129E+0	3.654486E+11	1.929207E+0	3.678315E+11	1.928266E+0	4.190078E+11	1.933076E+0	4.214547E+11	-1.389814E-1	-8.050686E-2	-6.249193E-2	-5.847455E-2	-1.120423E-1	-5.159428E+10	-5.146759E+10	-6.266490E+7	-1.266887E+8	-4.194258E+11
5.354110E+2	1.653796E+0	4.546675E+10	1.632916E+0	1.825655E+9	1.664906E+0	4.561682E+10	1.618060E+0	1.804625E+9	1.634232E+0	3.120470E+11	1.637743E+0	3.137737E+11	1.638084E+0	3.576638E+11	1.639759E+0	3.592405E+11	-2.088045E-2	-4.684566E-2	1.485541E-2	2.596521E-2	-6.842824E-3	-4.364109E+10	-4.381220E+10	2.103005E+7	1.711034E+8	-3.574148E+11
5.355580E+2	1.395683E+0	3.859161E+10	1.354347E+0	1.524591E+9	1.399082E+0	3.855867E+10	1.403275E+0	1.572412E+9	1.380207E+0	2.650915E+11	1.385696E+0	2.670269E+11	1.382578E+0	3.036502E+11	1.386950E+0	3.056185E+11	-4.133602E-2	4.192605E-3	-4.892752E-2	-4.552862E-2	-3.260343E-2	-3.706701E+10	-3.698626E+10	-4.782113E+7	-8.075736E+7	-3.040939E+11
5.357090E+2	1.202064E+0	3.343433E+10	1.249969E+0	1.411785E+9	1.208696E+0	3.350355E+10	1.159533E+0	1.308895E+9	1.192652E+0	2.304226E+11	1.200185E+0	2.326202E+11	1.194667E+0	2.639261E+11	1.200421E+0	2.660545E+11	4.790588E-2	-4.916329E-2	9.043674E-2	9.706917E-2	4.954866E-2	-3.202255E+10	-3.219466E+10	1.028904E+8	1.721106E+8	-2.646428E+11
5.358600E+2	1.032647E+0	2.892173E+10	9.933102E-1	1.134400E+9	1.032822E+0	2.883375E+10	9.946166E-1	1.130598E+9	1.031411E+0	2.006179E+11	1.031053E+0	2.012515E+11	1.031589E+0	2.294517E+11	1.031254E+0	2.301733E+11	-3.933664E-2	-3.820534E-2	-1.306413E-3	-1.131305E-3	-3.794333E-2	-2.778733E+10	-2.770316E+10	3.802017E+6	-8.416929E+7	-2.290389E+11
5.360120E+2	8.580880E-1	2.427215E+10	8.767897E-1	1.008471E+9	8.698519E-1	2.450658E+10	9.086663E-1	1.037674E+9	8.622232E-1	1.693441E+11	8.662239E-1	1.706807E+11	8.631814E-1	1.938507E+11	8.652022E-1	1.949529E+11	1.870170E-2	3.881443E-2	-3.187657E-2	-2.011273E-2	1.158749E-2	-2.326368E+10	-2.346891E+10	-2.920378E+7	2.052238E+8	-1.939444E+11
5.362730E+2	6.599503E-1	1.899453E+10	6.529511E-1	7.665566E+8	6.534057E-1	1.875952E+10	6.613879E-1	7.703332E+8	6.602223E-1	1.320050E+11	6.581634E-1	1.320919E+11	6.593661E-1	1.507645E+11	6.583878E-1	1.510864E+11	-6.999247E-3	7.982192E-3	-8.436884E-3	-1.498144E-2	-5.436706E-3	-1.822797E+10	-1.798918E+10	-3.776569E+6	-2.387919E+8	-1.503199E+11
5.365140E+2	5.581521E-1	1.628302E+10	5.953824E-1	7.043392E+8	5.557345E-1	1.616615E+10	5.555168E-1	6.558723E+8	5.623911E-1	1.139213E+11	5.611269E-1	1.140946E+11	5.615550E-1	1.300874E+11	5.607533E-1	1.303776E+11	3.723035E-2	-2.176800E-4	3.986558E-2	3.744803E-2	3.462909E-2	-1.557868E+10	-1.551028E+10	4.846695E+7	-6.839823E+7	-1.296733E+11
5.367710E+2	5.458383E-1	1.595503E+10	5.298013E-1	6.334623E+8	5.505002E-1	1.602717E+10	6.045419E-1	7.088750E+8	5.485865E-1	1.113695E+11	5.490311E-1	1.118512E+11	5.488268E-1	1.273967E+11	5.486301E-1	1.278063E+11	-1.603700E-2	5.404175E-2	-7.474063E-2	-7.007875E-2	-1.882884E-2	-1.532157E+10	-1.531830E+10	-7.541264E+7	-3.268524E+6	-1.271728E+11
5.370120E+2	5.810349E-1	1.689253E+10	6.064189E-1	7.162669E+8	5.802457E-1	1.681697E+10	6.143129E-1	7.194388E+8	5.877574E-1	1.186101E+11	5.830667E-1	1.181638E+11	5.868140E-1	1.354271E+11	5.828115E-1	1.350563E+11	2.538400E-2	3.406723E-2	-7.894026E-3	-8.683230E-3	2.360738E-2	-1.617626E+10	-1.609753E+10	-3.171838E+6	-7.872768E+7	-1.343400E+11
5.372590E+2	6.591169E-1	1.897233E+10	6.773961E-1	7.929756E+8	6.575722E-1	1.887014E+10	6.817425E-1	7.923392E+8	6.649017E-1	1.328700E+11	6.608020E-1	1.325813E+11	6.639811E-1	1.517401E+11	6.605904E-1	1.515536E+11	1.827917E-2	2.417034E-2	-4.346444E-3	-5.891171E-3	1.680570E-2	-1.817936E+10	-1.807780E+10	6.363802E+5	-1.015536E+8	-1.507606E+11
5.375110E+2	7.573485E-1	2.158884E+10	7.937056E-1	9.186772E+8	7.564379E-1	2.149522E+10	7.785638E-1	8.970160E+8	7.622788E-1	1.508698E+11	7.593550E-1	1.508598E+11	7.615452E-1	1.723650E+11	7.591031E-1	1.724487E+11	3.635706E-2	2.212582E-2	1.514183E-2	1.423123E-2	3.460253E-2	-2.067017E+10	-2.059820E+10	2.166126E+7	-7.196114E+7	-1.715300E+11
5.377630E+2	8.780402E-1	2.480360E+10	8.859367E-1	1.018356E+9	8.939344E-1	2.514602E+10	9.354563E-1	1.066638E+9	8.874193E-1	1.740015E+11	8.952682E-1	1.760676E+11	8.882376E-1	1.991475E+11	8.931047E-1	2.008712E+11	7.896439E-3	4.152192E-2	-4.951960E-2	-3.362548E-2	-7.168014E-3	-2.378525E+10	-2.407938E+10	-4.828178E+7	2.941332E+8	-1.998528E+11
5.380110E+2	9.867475E-1	2.769914E+10	9.801416E-1	1.120168E+9	9.940728E-1	2.780489E+10	9.996897E-1	1.136083E+9	9.926856E-1	1.934596E+11	9.921692E-1	1.940397E+11	9.928599E-1	2.212645E+11	9.914883E-1	2.217388E+11	-6.605869E-3	5.616926E-3	-1.954808E-2	-1.222279E-2	-1.134668E-2	-2.657898E+10	-2.666881E+10	-1.591463E+7	8.982930E+7	-2.206187E+11
5.382690E+2	1.205737E+0	3.353218E+10	1.161567E+0	1.316244E+9	1.200503E+0	3.328602E+10	1.238602E+0	1.394379E+9	1.197868E+0	2.313868E+11	1.196336E+0	2.319064E+11	1.198199E+0	2.646729E+11	1.197517E+0	2.654386E+11	-4.416975E-2	3.809858E-2	-7.703462E-2	-8.226833E-2	-3.594946E-2	-3.221594E+10	-3.189164E+10	-7.813482E+7	-3.242925E+8	-2.641223E+11
5.385010E+2	1.428001E+0	3.945244E+10	1.449162E+0	1.627062E+9	1.422360E+0	3.917676E+10	1.360260E+0	1.525908E+9	1.416369E+0	2.717758E+11	1.409422E+0	2.714273E+11	1.417121E+0	3.109526E+11	1.411755E+0	3.108797E+11	2.116034E-2	-6.209991E-2	8.890126E-2	8.326025E-2	3.740661E-2	-3.782538E+10	-3.765085E+10	1.011540E+8	-1.745303E+8	-3.092526E+11
5.387600E+2	1.684758E+0	4.629145E+10	1.658384E+0	1.853180E+9	1.694157E+0	4.639349E+10	1.615270E+0	1.801608E+9	1.668972E+0	3.184686E+11	1.669833E+0	3.197254E+11	1.672135E+0	3.648621E+11	1.671707E+0	3.660169E+11	-2.637395E-2	-7.888701E-2	4.311421E-2	5.251306E-2	-1.332258E-2	-4.443827E+10	-4.459188E+10	5.157185E+7	1.536098E+8	-3.641637E+11
5.390290E+2	1.905650E+0	5.217515E+10	1.856155E+0	2.066920E+9	1.910139E+0	5.212822E+10	1.859061E+0	2.065179E+9	1.881217E+0	3.577014E+11	1.877841E+0	3.583046E+11	1.884850E+0	4.098297E+11	1.881334E+0	4.104798E+11	-4.949487E-2	-5.107791E-2	-2.906080E-3	1.583042E-3	-2.517873E-2	-5.010823E+10	-5.006305E+10	1.741955E+6	-4.517927E+7	-4.084129E+11
5.392720E+2	2.078117E+0	5.676900E+10	1.994764E+0	2.216723E+9	2.070635E+0	5.638972E+10	1.967536E+0	2.182455E+9	2.036616E+0	3.864264E+11	2.031974E+0	3.868916E+11	2.040889E+0	4.428161E+11	2.037769E+0	4.436606E+11	-8.335257E-2	-1.030991E-1	2.722788E-2	1.974652E-2	-4.300473E-2	-5.455228E+10	-5.420727E+10	3.426770E+7	-3.450125E+8	-4.414439E+11
5.395320E+2	2.144925E+0	5.854852E+10	2.062982E+0	2.290449E+9	2.164273E+0	5.887597E+10	2.052390E+0	2.274194E+9	2.108751E+0	3.997602E+11	2.112831E+0	4.018879E+11	2.115725E+0	4.586362E+11	2.116861E+0	4.604365E+11	-8.194366E-2	-1.118823E-1	1.059128E-2	2.993864E-2	-5.387957E-2	-5.625807E+10	-5.660178E+10	1.625517E+7	3.437050E+8	-4.581460E+11
5.397860E+2	2.173953E+0	5.932172E+10	2.075013E+0	2.303451E+9	2.175250E+0	5.916745E+10	2.026799E+0	2.246526E+9	2.113770E+0	4.006879E+11	2.121291E+0	4.034570E+11	2.121492E+0	4.598554E+11	2.127904E+0	4.627787E+11	-9.894087E-2	-1.484510E-1	4.821351E-2	4.951009E-2	-5.289133E-2	-5.701827E+10	-5.692092E+10	5.692524E+7	-9.735199E+7	-4.604753E+11
5.400140E+2	2.134169E+0	5.826203E+10	2.016788E+0	2.240525E+9	2.141793E+0	5.827909E+10	1.995626E+0	2.212824E+9	2.087081E+0	3.957545E+11	2.086736E+0	3.970483E+11	2.093952E+0	4.540336E+11	2.092693E+0	4.553103E+11	-1.173813E-1	-1.461667E-1	2.116207E-2	2.878547E-2	-7.590497E-2	-5.602150E+10	-5.606626E+10	2.770131E+7	4.476288E+7	-4.530698E+11
5.402630E+2	2.057125E+0	5.620986E+10	1.946901E+0	2.164994E+9	2.066117E+0	5.626975E+10	1.962861E+0	2.177400E+9	2.019673E+0	3.832945E+11	2.020783E+0	3.848158E+11	2.025507E+0	4.395642E+11	2.025346E+0	4.410257E+11	-1.102242E-1	-1.032560E-1	-1.596004E-2	-6.968208E-3	-7.844568E-2	-5.404487E+10	-5.409235E+10	-1.240590E+7	4.747635E+7	-4.388607E+11
5.405080E+2	1.962083E+0	5.367832E+10	1.863691E+0	2.075065E+9	1.962647E+0	5.352241E+10	1.868207E+0	2.075066E+9	1.919147E+0	3.647127E+11	1.917808E+0	3.657173E+11	1.924611E+0	4.182351E+11	1.923368E+0	4.193956E+11	-9.839284E-2	-9.443999E-2	-4.516074E-3	-3.952841E-3	-5.967785E-2	-5.160326E+10	-5.144734E+10	-1.552008E+3	-1.559138E+8	-4.173206E+11
5.407790E+2	1.828946E+0	5.013205E+10	1.726063E+0	1.926324E+9	1.829270E+0	4.998100E+10	1.731721E+0	1.927507E+9	1.798489E+0	3.424093E+11	1.802274E+0	3.442892E+11	1.802355E+0	3.923903E+11	1.805623E+0	3.944213E+11	-1.028826E-1	-9.754930E-2	-5.657702E-3	-5.333339E-3	-7.956048E-2	-4.820572E+10	-4.805349E+10	-1.183072E+6	-1.522293E+8	-3.924950E+11
5.410240E+2	1.734144E+0	4.760690E+10	1.659576E+0	1.854468E+9	1.728453E+0	4.730411E+10	1.692418E+0	1.885015E+9	1.704810E+0	3.250931E+11	1.707687E+0	3.267462E+11	1.707779E+0	3.723972E+11	1.711009E+0	3.743531E+11	-7.456822E-2	-3.603471E-2	-3.284242E-2	-3.853351E-2	-5.143336E-2	-4.575243E+10	-4.541910E+10	-3.054793E+7	-3.333351E+8	-3.724986E+11
5.412850E+2	1.596045E+0	4.392849E+10	1.520765E+0	1.704447E+9	1.594081E+0	4.373628E+10	1.550251E+0	1.731314E+9	1.574113E+0	3.009344E+11	1.576488E+0	3.024128E+11	1.576621E+0	3.446707E+11	1.578944E+0	3.463413E+11	-7.528078E-2	-4.382982E-2	-2.948674E-2	-3.145097E-2	-5.817907E-2	-4.222404E+10	-4.200497E+10	-2.686680E+7	-2.190724E+8	-3.446369E+11
5.415190E+2	1.445738E+0	3.992488E+10	1.352860E+0	1.522984E+9	1.464986E+0	4.030856E+10	1.410608E+0	1.580341E+9	1.447713E+0	2.775697E+11	1.448013E+0	2.785847E+11	1.449883E+0	3.178783E+11	1.447727E+0	3.185096E+11	-9.287846E-2	-5.437822E-2	-5.774840E-2	-3.850024E-2	-9.486761E-2	-3.840190E+10	-3.872822E+10	-5.735712E+7	3.263214E+8	-3.169866E+11
5.417810E+2	1.279036E+0	3.548458E+10	1.253700E+0	1.415816E+9	1.283616E+0	3.549283E+10	1.237172E+0	1.392833E+9	1.275900E+0	2.458108E+11	1.277589E+0	2.469762E+11	1.276870E+0	2.813037E+11	1.277770E+0	2.824608E+11	-2.533628E-2	-4.644389E-2	1.652749E-2	2.110762E-2	-2.407077E-2	-3.406876E+10	-3.409999E+10	2.298309E+7	3.123086E+7	-2.810450E+11
5.420160E+2	1.104817E+0	3.084405E+10	1.109595E+0	1.260076E+9	1.104479E+0	3.073639E+10	1.099343E+0	1.243821E+9	1.105241E+0	2.142651E+11	1.103284E+0	2.146481E+11	1.105145E+0	2.450015E+11	1.103476E+0	2.454921E+11	4.778849E-3	-5.136532E-3	1.025280E-2	9.915380E-3	6.119151E-3	-2.958397E+10	-2.949257E+10	1.625453E+7	-9.140122E+7	-2.442320E+11
5.422670E+2	1.002348E+0	2.811467E+10	1.004937E+0	1.146966E+9	1.004065E+0	2.807019E+10	9.879799E-1	1.123423E+9	1.004211E+0	1.955900E+11	9.982889E-1	1.951747E+11	1.004192E+0	2.236602E+11	9.987986E-1	2.232894E+11	2.589117E-3	-1.608479E-2	1.695697E-2	1.867391E-2	6.138246E-3	-2.696771E+10	-2.694677E+10	2.354273E+7	-2.093921E+7	-2.221424E+11
5.425460E+2	9.773611E-1	2.744913E+10	1.010621E+0	1.153109E+9	9.803666E-1	2.744096E+10	9.045235E-1	1.033195E+9	9.785761E-1	1.908515E+11	9.761380E-1	1.910664E+11	9.788010E-1	2.182925E+11	9.762916E-1	2.185155E+11	3.326027E-2	-7.584306E-2	1.060978E-1	1.091033E-1	3.432973E-2	-2.629602E+10	-2.640777E+10	1.199138E+8	1.117498E+8	-2.173624E+11
5.427710E+2	1.063790E+0	2.975125E+10	1.071660E+0	1.219077E+9	1.066101E+0	2.971738E+10	1.055159E+0	1.196052E+9	1.065359E+0	2.068930E+11	1.064767E+0	2.075043E+11	1.065452E+0	2.366104E+11	1.064644E+0	2.372556E+11	7.870002E-3	-1.094218E-2	1.650110E-2	1.881218E-2	7.015664E-3	-2.853218E+10	-2.852132E+10	2.302431E+7	-1.085447E+7	-2.360365E+11
5.430120E+2	1.209328E+0	3.362784E+10	1.140005E+0	1.292940E+9	1.204330E+0	3.338764E+10	1.159394E+0	1.308745E+9	1.205995E+0	2.328890E+11	1.200904E+0	2.327536E+11	1.205786E+0	2.662767E+11	1.201962E+0	2.663814E+11	-6.932389E-2	-4.493611E-2	-1.938976E-2	-2.438778E-2	-6.195746E-2	-3.233490E+10	-3.207889E+10	-1.580471E+7	-2.560070E+8	-2.650885E+11
5.433020E+2	1.406018E+0	3.886690E+10	1.355150E+0	1.525459E+9	1.411092E+0	3.887757E+10	1.372819E+0	1.539486E+9	1.395939E+0	2.679995E+11	1.397298E+0	2.691786E+11	1.397842E+0	3.068771E+11	1.398393E+0	3.080455E+11	-5.086863E-2	-3.827271E-2	-1.766977E-2	-1.259592E-2	-4.324303E-2	-3.734144E+10	-3.733808E+10	-1.402762E+7	-3.360690E+6	-3.065200E+11
5.435270E+2	1.519791E+0	4.189736E+10	1.513248E+0	1.696324E+9	1.544042E+0	4.240764E+10	1.465092E+0	1.639245E+9	1.514223E+0	2.898639E+11	1.518538E+0	2.916650E+11	1.517969E+0	3.322716E+11	1.518696E+0	3.335623E+11	-6.542551E-3	-7.894996E-2	4.815626E-2	7.240741E-2	-5.447265E-3	-4.020104E+10	-4.076840E+10	5.707859E+7	5.673620E+8	-3.318660E+11
5.437590E+2	1.626426E+0	4.473772E+10	1.551182E+0	1.737321E+9	1.636272E+0	4.485654E+10	1.591053E+0	1.775426E+9	1.612331E+0	3.079988E+11	1.618153E+0	3.101404E+11	1.615338E+0	3.528553E+11	1.619192E+0	3.548781E+11	-7.524396E-2	-4.521913E-2	-3.987072E-2	-3.002483E-2	-6.800923E-2	-4.300040E+10	-4.308111E+10	-3.810494E+7	8.071355E+7	-3.531408E+11
5.440280E+2	1.673288E+0	4.598592E+10	1.592309E+0	1.781769E+9	1.668552E+0	4.571363E+10	1.674933E+0	1.866112E+9	1.654261E+0	3.157494E+11	1.658619E+0	3.176456E+11	1.656056E+0	3.614630E+11	1.660461E+0	3.636315E+11	-8.097848E-2	6.381063E-3	-8.262380E-2	-8.735954E-2	-6.815150E-2	-4.420415E+10	-4.384751E+10	-8.434252E+7	-3.566400E+8	-3.618497E+11
5.442650E+2	1.676116E+0	4.606126E+10	1.580005E+0	1.768471E+9	1.678430E+0	4.597591E+10	1.658477E+0	1.848320E+9	1.645385E+0	3.141086E+11	1.651507E+0	3.163265E+11	1.649535E+0	3.600845E+11	1.654597E+0	3.623878E+11	-9.611171E-2	-1.995378E-2	-7.847195E-2	-7.615793E-2	-7.459256E-2	-4.429279E+10	-4.412759E+10	-7.984909E+7	-1.651999E+8	-3.606193E+11
5.445240E+2	1.645448E+0	4.524439E+10	1.670750E+0	1.866544E+9	1.641878E+0	4.500538E+10	1.580630E+0	1.764157E+9	1.619979E+0	3.094124E+11	1.624155E+0	3.112537E+11	1.622729E+0	3.544178E+11	1.626829E+0	3.564981E+11	2.530208E-2	-6.124804E-2	9.012039E-2	8.655012E-2	4.392100E-2	-4.337784E+10	-4.324122E+10	1.023871E+8	-1.366212E+8	-3.546316E+11
5.447660E+2	1.550376E+0	4.271202E+10	1.515731E+0	1.699007E+9	1.551742E+0	4.261209E+10	1.491461E+0	1.667754E+9	1.533069E+0	2.933476E+11	1.534880E+0	2.946959E+11	1.535415E+0	3.359596E+11	1.536826E+0	3.374079E+11	-3.464463E-2	-6.028060E-2	2.426983E-2	2.563596E-2	-2.109478E-2	-4.101302E+10	-4.094434E+10	3.125320E+7	-6.868000E+7	-3.357089E+11
5.450200E+2	1.428466E+0	3.946482E+10	1.447456E+0	1.625219E+9	1.444690E+0	3.976967E+10	1.388124E+0	1.556033E+9	1.417736E+0	2.720287E+11	1.424606E+0	2.742434E+11	1.421122E+0	3.117983E+11	1.425091E+0	3.137082E+11	1.898995E-2	-5.656604E-2	5.933155E-2	7.555600E-2	2.236523E-2	-3.783960E+10	-3.821363E+10	6.918579E+7	3.740329E+8	-3.120830E+11
5.452690E+2	1.352158E+0	3.743226E+10	1.308669E+0	1.475225E+9	1.356620E+0	3.743123E+10	1.301097E+0	1.461945E+9	1.346700E+0	2.588979E+11	1.346500E+0	2.597571E+11	1.347946E+0	2.963291E+11	1.347210E+0	2.971894E+11	-4.348838E-2	-5.552336E-2	7.572216E-3	1.203498E-2	-3.854104E-2	-3.595703E+10	-3.596929E+10	1.328017E+7	1.225589E+7	-2.957142E+11
5.455390E+2	1.284730E+0	3.563624E+10	1.288195E+0	1.453097E+9	1.287411E+0	3.559360E+10	1.209352E+0	1.362756E+9	1.278176E+0	2.462315E+11	1.282168E+0	2.478256E+11	1.279336E+0	2.818251E+11	1.282490E+0	2.834619E+11	3.464803E-3	-7.805948E-2	7.884276E-2	8.152428E-2	5.704536E-3	-3.418314E+10	-3.423084E+10	9.034105E+7	4.769782E+7	-2.820088E+11
5.457780E+2	1.225059E+0	3.404685E+10	1.183162E+0	1.339583E+9	1.237493E+0	3.426817E+10	1.192547E+0	1.344588E+9	1.225687E+0	2.365291E+11	1.230279E+0	2.382017E+11	1.227170E+0	2.707973E+11	1.229623E+0	2.722486E+11	-4.189739E-2	-4.494608E-2	-9.385024E-3	3.048687E-3	-4.646125E-2	-3.270727E+10	-3.292359E+10	-5.004791E+6	2.163151E+8	-2.709090E+11
5.460110E+2	1.250452E+0	3.472321E+10	1.256375E+0	1.418708E+9	1.246839E+0	3.451633E+10	1.212525E+0	1.366187E+9	1.240326E+0	2.392350E+11	1.240537E+0	2.401043E+11	1.241144E+0	2.737513E+11	1.241782E+0	2.748275E+11	5.923370E-3	-3.431366E-2	4.385001E-2	4.023702E-2	1.459342E-2	-3.330451E+10	-3.315014E+10	5.252138E+7	-1.543675E+8	-2.734088E+11
5.467600E+2	1.305195E+0	3.618135E+10	1.336923E+0	1.505760E+9	1.324366E+0	3.657482E+10	1.306111E+0	1.467365E+9	1.305131E+0	2.512139E+11	1.309472E+0	2.528897E+11	1.307547E+0	2.877888E+11	1.308935E+0	2.890710E+11	3.172779E-2	-1.825520E-2	3.081175E-2	4.998299E-2	2.798746E-2	-3.467559E+10	-3.510746E+10	3.839441E+7	4.318623E+8	-2.875653E+11
5.475070E+2	1.384941E+0	3.830548E+10	1.380605E+0	1.552970E+9	1.389411E+0	3.830189E+10	1.388851E+0	1.556818E+9	1.378977E+0	2.648641E+11	1.377429E+0	2.654936E+11	1.380288E+0	3.031660E+11	1.378372E+0	3.037990E+11	-4.335673E-3	-5.601918E-4	-8.245591E-3	-3.775482E-3	2.233064E-3	-3.675251E+10	-3.674508E+10	-3.848563E+6	-7.437775E+6	-3.022461E+11
5.482600E+2	1.474709E+0	4.069655E+10	1.409004E+0	1.583661E+9	1.486284E+0	4.087406E+10	1.435204E+0	1.606932E+9	1.462191E+0	2.802460E+11	1.464092E+0	2.815669E+11	1.465217E+0	3.211200E+11	1.465425E+0	3.222634E+11	-6.570526E-2	-5.108037E-2	-2.620038E-2	-1.462489E-2	-5.642170E-2	-3.911289E+10	-3.926713E+10	-2.327098E+7	1.542443E+8	-3.206798E+11
5.490160E+2	1.429534E+0	3.949325E+10	1.426369E+0	1.602429E+9	1.430662E+0	3.939717E+10	1.379874E+0	1.547113E+9	1.421816E+0	2.727827E+11	1.420238E+0	2.734333E+11	1.422927E+0	3.121799E+11	1.421405E+0	3.129266E+11	-3.164172E-3	-5.078780E-2	4.649556E-2	4.762363E-2	4.963967E-3	-3.789082E+10	-3.785006E+10	5.531644E+7	-4.076442E+7	-3.113242E+11
5.497740E+2	1.430737E+0	3.952532E+10	1.459532E+0	1.638270E+9	1.429498E+0	3.936628E+10	1.363761E+0	1.529693E+9	1.416808E+0	2.718570E+11	1.416011E+0	2.726493E+11	1.418402E+0	3.112233E+11	1.417860E+0	3.121746E+11	2.879471E-2	-6.573736E-2	9.577128E-2	9.453207E-2	4.167220E-2	-3.788705E+10	-3.783659E+10	1.085774E+8	-5.046080E+7	-3.105363E+11
5.505170E+2	1.408328E+0	3.892843E+10	1.353012E+0	1.523149E+9	1.410925E+0	3.887311E+10	1.383333E+0	1.550852E+9	1.396730E+0	2.681457E+11	1.399112E+0	2.695151E+11	1.398513E+0	3.070188E+11	1.400270E+0	3.084436E+11	-5.531615E-2	-2.759179E-2	-3.032053E-2	-2.772436E-2	-4.725752E-2	-3.740528E+10	-3.732226E+10	-2.770397E+7	-8.301878E+7	-3.069204E+11
5.512570E+2	1.390611E+0	3.845652E+10	1.345300E+0	1.514813E+9	1.380062E+0	3.805366E+10	1.378863E+0	1.546020E+9	1.383114E+0	2.656289E+11	1.379970E+0	2.659648E+11	1.382731E+0	3.036825E+11	1.381306E+0	3.044213E+11	-4.531188E-2	-1.198833E-3	-3.356380E-2	-4.411305E-2	-3.600665E-2	-3.694170E+10	-3.650764E+10	-3.120742E+7	-4.340671E+8	-3.029065E+11
5.520210E+2	1.290867E+0	3.579972E+10	1.297048E+0	1.462665E+9	1.296838E+0	3.584390E+10	1.262776E+0	1.420514E+9	1.290288E+0	2.484702E+11	1.290334E+0	2.493401E+11	1.291110E+0	2.843141E+11	1.290401E+0	2.851399E+11	6.180536E-3	-3.406270E-2	3.427213E-2	4.024324E-2	6.646694E-3	-3.433705E+10	-3.442339E+10	4.215082E+7	8.633596E+7	-2.836772E+11
5.527590E+2	1.306132E+0	3.620631E+10	1.304978E+0	1.471235E+9	1.308690E+0	3.615859E+10	1.296885E+0	1.457391E+9	1.299974E+0	2.502607E+11	1.298874E+0	2.509241E+11	1.301068E+0	2.864193E+11	1.299786E+0	2.871304E+11	-1.154118E-3	-1.180501E-2	8.092500E-3	1.065089E-2	5.191844E-3	-3.473507E+10	-3.470120E+10	1.384409E+7	-3.387029E+7	-2.856592E+11
5.535220E+2	1.214707E+0	3.377110E+10	1.177420E+0	1.333377E+9	1.215248E+0	3.367752E+10	1.197355E+0	1.349786E+9	1.205880E+0	2.328679E+11	1.204789E+0	2.334741E+11	1.207057E+0	2.665454E+11	1.206034E+0	2.672452E+11	-3.728646E-2	-1.789237E-2	-1.993524E-2	-1.939409E-2	-2.861422E-2	-3.243772E+10	-3.232773E+10	-1.640879E+7	-1.099879E+8	-2.659119E+11
5.542580E+2	1.163629E+0	3.241059E+10	1.162743E+0	1.317515E+9	1.162914E+0	3.228794E+10	1.130405E+0	1.277403E+9	1.148355E+0	2.222346E+11	1.150791E+0	2.234592E+11	1.150184E+0	2.545225E+11	1.152403E+0	2.558698E+11	-8.858775E-4	-3.250883E-2	3.233848E-2	3.162295E-2	1.033973E-2	-3.109307E+10	-3.101054E+10	4.011175E+7	-8.253475E+7	-2.545523E+11
5.550140E+2	1.061008E+0	2.967717E+10	1.036179E+0	1.180731E+9	1.058767E+0	2.952264E+10	1.045549E+0	1.185663E+9	1.057435E+0	2.054283E+11	1.060849E+0	2.067778E+11	1.057602E+0	2.349510E+11	1.060869E+0	2.364549E+11	-2.482923E-2	-1.321773E-2	-9.369967E-3	-1.161150E-2	-2.469010E-2	-2.849644E+10	-2.833698E+10	-4.932194E+6	-1.594577E+8	-2.352742E+11
5.557600E+2	1.031802E+0	2.889923E+10	1.005482E+0	1.147555E+9	1.012554E+0	2.829559E+10	1.026993E+0	1.165602E+9	1.020818E+0	1.986599E+11	1.020827E+0	1.993548E+11	1.019780E+0	2.269555E+11	1.022205E+0	2.282541E+11	-2.632066E-2	1.443967E-2	-2.151160E-2	-4.076033E-2	-1.672348E-2	-2.775168E+10	-2.712999E+10	-1.804717E+7	-6.216882E+8	-2.271065E+11
5.560130E+2	9.520809E-1	2.677576E+10	9.340444E-1	1.070349E+9	9.498988E-1	2.663198E+10	9.428854E-1	1.074670E+9	9.503118E-1	1.856270E+11	9.510122E-1	1.864064E+11	9.502600E-1	2.122590E+11	9.511464E-1	2.131821E+11	-1.803651E-2	-7.013402E-3	-8.841042E-3	-1.102311E-2	-1.710205E-2	-2.570541E+10	-2.555731E+10	-4.321222E+6	-1.480975E+8	-2.121118E+11
5.565090E+2	1.013003E+0	2.839848E+10	1.005951E+0	1.148062E+9	1.008801E+0	2.819595E+10	1.035613E+0	1.174920E+9	1.010823E+0	1.968123E+11	1.009197E+0	1.971978E+11	1.010569E+0	2.250082E+11	1.009675E+0	2.255963E+11	-7.051417E-3	2.681181E-2	-2.966131E-2	-3.386322E-2	-3.723656E-3	-2.725042E+10	-2.702103E+10	-2.685828E+7	-2.293942E+8	-2.244483E+11
5.570270E+2	9.914306E-1	2.782388E+10	9.860651E-1	1.126570E+9	9.844535E-1	2.754948E+10	9.764422E-1	1.110949E+9	9.924885E-1	1.934232E+11	9.887713E-1	1.934095E+11	9.914793E-1	2.209726E+11	9.891053E-1	2.212334E+11	-5.365504E-3	-8.011367E-3	9.622926E-3	2.645863E-3	-3.040180E-3	-2.669731E+10	-2.643853E+10	1.562088E+7	-2.587846E+8	-2.201068E+11
5.575470E+2	1.023392E+0	2.867523E+10	1.031781E+0	1.175977E+9	1.035615E+0	2.890790E+10	1.030745E+0	1.169658E+9	1.033501E+0	2.010041E+11	1.034000E+0	2.017981E+11	1.033766E+0	2.299120E+11	1.032668E+0	2.304733E+11	8.388194E-3	-4.869158E-3	1.035245E-3	1.325735E-2	-8.875110E-4	-2.749925E+10	-2.773825E+10	6.318923E+6	2.389980E+8	-2.292973E+11
5.580110E+2	1.004430E+0	2.817013E+10	1.037765E+0	1.182445E+9	1.007080E+0	2.815025E+10	9.818438E-1	1.116789E+9	1.005318E+0	1.957947E+11	1.004576E+0	1.963409E+11	1.005540E+0	2.239450E+11	1.004558E+0	2.245110E+11	3.333585E-2	-2.523616E-2	5.592167E-2	5.857201E-2	3.320747E-2	-2.698768E+10	-2.703346E+10	6.565623E+7	4.578269E+7	-2.233285E+11
5.585100E+2	9.684260E-1	2.721113E+10	9.730469E-1	1.112501E+9	9.674632E-1	2.709835E+10	9.916974E-1	1.127442E+9	9.689052E-1	1.890639E+11	9.676176E-1	1.894861E+11	9.687241E-1	2.161622E+11	9.677191E-1	2.166973E+11	4.620937E-3	2.423416E-2	-1.865047E-2	-1.961322E-2	5.327782E-3	-2.609863E+10	-2.597091E+10	-1.494147E+7	-1.277186E+8	-2.155848E+11
5.590040E+2	1.039010E+0	2.909122E+10	1.013292E+0	1.155995E+9	1.034704E+0	2.888373E+10	1.088081E+0	1.231645E+9	1.036594E+0	2.015759E+11	1.035643E+0	2.021027E+11	1.036357E+0	2.304596E+11	1.036066E+0	2.311939E+11	-2.571869E-2	5.337659E-2	-7.478910E-2	-7.909528E-2	-2.277399E-2	-2.793523E+10	-2.765208E+10	-7.565029E+7	-2.831444E+8	-2.300379E+11
5.595110E+2	1.049949E+0	2.938260E+10	9.948316E-1	1.136044E+9	1.041831E+0	2.907296E+10	1.004291E+0	1.141057E+9	1.044557E+0	2.030478E+11	1.048585E+0	2.045030E+11	1.044215E+0	2.321208E+11	1.048756E+0	2.338856E+11	-5.511781E-2	-3.754017E-2	-9.459249E-3	-1.757764E-2	-5.392433E-2	-2.824656E+10	-2.793191E+10	-5.012878E+6	-3.146495E+8	-2.327496E+11
5.600300E+2	9.414511E-1	2.649262E+10	9.227739E-1	1.058168E+9	9.399497E-1	2.636782E+10	9.369373E-1	1.068239E+9	9.388403E-1	1.835065E+11	9.393019E-1	1.842345E+11	9.389796E-1	2.098743E+11	9.395718E-1	2.107271E+11	-1.867718E-2	-3.012451E-3	-1.416339E-2	-1.566473E-2	-1.679792E-2	-2.543445E+10	-2.529958E+10	-1.007107E+7	-1.348780E+8	-2.096689E+11
5.605090E+2	1.001977E+0	2.810479E+10	1.032775E+0	1.177052E+9	1.016379E+0	2.839717E+10	9.951445E-1	1.131169E+9	1.000363E+0	1.948788E+11	1.006327E+0	1.966656E+11	1.002375E+0	2.232760E+11	1.005781E+0	2.247704E+11	3.079841E-2	-2.123467E-2	3.763066E-2	5.203309E-2	2.699433E-2	-2.692774E+10	-2.726600E+10	4.588311E+7	3.382567E+8	-2.235933E+11
5.610070E+2	1.014850E+0	2.844769E+10	1.067674E+0	1.214769E+9	1.013825E+0	2.832935E+10	1.016320E+0	1.154062E+9	1.018298E+0	1.981939E+11	1.014969E+0	1.982683E+11	1.017736E+0	2.265232E+11	1.014954E+0	2.267160E+11	5.282373E-2	2.494825E-3	5.135405E-2	5.032890E-2	5.272006E-2	-2.723292E+10	-2.717529E+10	6.070656E+7	-5.763572E+7	-2.255013E+11
