Photon Energy (eV)	X ref norm	X ref	X pump norm	X pump	Y ref norm	Y ref	Y pump norm	Y pump	X all norm	X all	Y all norm	Y all	X all Y ref norm	X all Y ref	Y all X ref norm	Y all X ref	BC(X hist) norm	BC(Y hist) norm	StS norm	BCSC norm	BCLR norm	BC(X hist)	BC(Y hist)	StS	BCSC	BCLR	
5.300160E+2	-6.285837E-3	1.228901E+9	-1.181857E-2	4.778300E+7	-5.091666E-3	1.263770E+9	-1.480694E-2	4.023835E+7	-6.034660E-3	8.623433E+9	-6.344741E-3	8.715093E+9	-5.915584E-3	9.887203E+9	-6.337347E-3	9.943994E+9	-5.532732E-3	-9.715271E-3	2.988368E-3	4.182539E-3	-5.481223E-3	-1.181118E+9	-1.223532E+9	7.544650E+6	4.241331E+7	-9.896211E+9
5.305130E+2	-3.498673E-3	1.306547E+9	-1.439255E-3	5.966605E+7	-4.874611E-3	1.269825E+9	-6.661674E-3	4.951014E+7	-4.427347E-3	8.933675E+9	-4.410887E-3	9.090387E+9	-4.483825E-3	1.020350E+10	-4.296376E-3	1.039693E+10	2.059418E-3	-1.787063E-3	5.222419E-3	3.846481E-3	2.857121E-3	-1.246881E+9	-1.220315E+9	1.015591E+7	-2.656626E+7	-1.033727E+10
5.310150E+2	-3.138170E-3	1.316590E+9	-1.423365E-3	5.968424E+7	-2.085711E-3	1.347624E+9	5.849102E-4	5.775895E+7	-2.385760E-3	9.327742E+9	-2.165667E-3	9.526107E+9	-2.347872E-3	1.067537E+10	-2.287746E-3	1.084270E+10	1.714806E-3	2.670621E-3	-2.008275E-3	-9.558152E-4	8.643818E-4	-1.256906E+9	-1.289865E+9	1.925290E+6	3.295924E+7	-1.078301E+10
5.315130E+2	1.555276E-3	1.447342E+9	-9.494528E-4	6.022681E+7	1.178224E-3	1.438675E+9	-4.564322E-3	5.189756E+7	6.577330E-5	9.800936E+9	9.017958E-4	1.012140E+10	2.062473E-4	1.123961E+10	9.838279E-4	1.156874E+10	-2.504729E-3	-5.742546E-3	3.614870E-3	3.237817E-3	-1.933281E-3	-1.387115E+9	-1.386777E+9	8.329251E+6	-3.378032E+5	-1.150851E+10
5.320070E+2	2.988604E-3	1.487272E+9	5.632775E-3	6.776265E+7	3.676337E-3	1.508362E+9	2.634011E-3	6.009145E+7	3.455778E-3	1.045527E+10	2.824287E-3	1.049449E+10	3.483629E-3	1.196363E+10	2.844914E-3	1.198176E+10	2.644171E-3	-1.042327E-3	2.998765E-3	3.686498E-3	2.787861E-3	-1.419509E+9	-1.448271E+9	7.671207E+6	2.876134E+7	-1.191400E+10
5.325170E+2	8.378800E-3	1.637434E+9	9.997867E-3	7.276015E+7	7.197427E-3	1.606586E+9	2.281401E-2	8.306242E+7	9.326216E-3	1.158838E+10	9.195212E-3	1.173086E+10	9.057404E-3	1.319497E+10	9.092727E-3	1.336830E+10	1.619067E-3	1.561659E-2	-1.281615E-2	-1.399752E-2	9.051396E-4	-1.564674E+9	-1.523524E+9	-1.030227E+7	-4.114981E+7	-1.329554E+10
5.330280E+2	2.122426E-2	1.995287E+9	1.244519E-2	7.556204E+7	2.024616E-2	1.970594E+9	3.324579E-2	9.493695E+7	2.219034E-2	1.407141E+10	2.222242E-2	1.425900E+10	2.194484E-2	1.604200E+10	2.209712E-2	1.625429E+10	-8.779063E-3	1.299964E-2	-2.080060E-2	-2.177870E-2	-9.651928E-3	-1.919725E+9	-1.875657E+9	-1.937491E+7	-4.406855E+7	-1.617872E+10
5.331580E+2	2.554094E-2	2.115543E+9	1.649841E-2	8.020247E+7	2.755674E-2	2.174529E+9	4.132531E-2	1.041339E+8	2.816954E-2	1.522551E+10	2.728792E-2	1.524204E+10	2.809216E-2	1.740004E+10	2.706862E-2	1.735758E+10	-9.042529E-3	1.376857E-2	-2.482690E-2	-2.281110E-2	-1.057021E-2	-2.035340E+9	-2.070396E+9	-2.393142E+7	3.505527E+7	-1.727738E+10
5.333130E+2	3.914105E-2	2.494419E+9	4.014516E-2	1.072751E+8	4.031993E-2	2.530571E+9	5.040595E-2	1.144704E+8	4.077342E-2	1.765831E+10	3.971450E-2	1.765361E+10	4.071616E-2	2.018888E+10	3.964252E-2	2.014803E+10	1.004106E-3	1.008602E-2	-1.026079E-2	-9.081916E-3	5.026429E-4	-2.387144E+9	-2.416101E+9	-7.195312E+6	2.895627E+7	-2.004075E+10
5.334630E+2	5.245951E-2	2.865450E+9	5.329395E-2	1.223289E+8	5.089181E-2	2.825484E+9	6.359750E-2	1.294864E+8	5.425094E-2	2.025973E+10	5.338611E-2	2.030680E+10	5.382677E-2	2.308522E+10	5.326979E-2	2.317225E+10	8.344398E-4	1.270569E-2	-1.030355E-2	-1.187125E-2	2.415612E-5	-2.743121E+9	-2.695998E+9	-7.157551E+6	-4.712311E+7	-2.304992E+10
5.336080E+2	7.303847E-2	3.438745E+9	8.182926E-2	1.549983E+8	6.694052E-2	3.273179E+9	9.003133E-2	1.595761E+8	7.362805E-2	2.399989E+10	7.115439E-2	2.375501E+10	7.278358E-2	2.727307E+10	7.139090E-2	2.719376E+10	8.790789E-3	2.309081E-2	-8.202070E-3	-1.430002E-2	1.043836E-2	-3.283747E+9	-3.113602E+9	-4.577837E+6	-1.701446E+8	-2.703876E+10
5.337630E+2	9.493699E-2	4.048802E+9	1.044417E-1	1.808867E+8	9.654498E-2	4.099024E+9	9.934003E-2	1.701723E+8	9.943670E-2	2.898147E+10	9.766357E-2	2.889953E+10	9.907155E-2	3.308049E+10	9.732130E-2	3.294834E+10	9.504655E-3	2.795053E-3	5.101617E-3	6.709603E-3	7.120352E-3	-3.867915E+9	-3.928852E+9	1.071445E+7	6.093638E+7	-3.276745E+10
5.339090E+2	1.479340E-1	5.525210E+9	1.485707E-1	2.314091E+8	1.401087E-1	5.314277E+9	1.615138E-1	2.409449E+8	1.539529E-1	3.950415E+10	1.488717E-1	3.883727E+10	1.522047E-1	4.481843E+10	1.487540E-1	4.436248E+10	6.367567E-4	2.140511E-2	-1.294309E-2	-2.076835E-2	-1.832259E-4	-5.293801E+9	-5.073332E+9	-9.535811E+6	-2.204688E+8	-4.413107E+10
5.340690E+2	2.474357E-1	8.297164E+9	2.729705E-1	3.738316E+8	2.492514E-1	8.358919E+9	2.443005E-1	3.351813E+8	2.603439E-1	6.003971E+10	2.520975E-1	5.886986E+10	2.589432E-1	6.839863E+10	2.515123E-1	6.716703E+10	2.553478E-2	-4.950850E-3	2.866995E-2	3.048563E-2	2.145818E-2	-7.923333E+9	-8.023738E+9	3.865026E+7	1.004052E+8	-6.679320E+10
5.342040E+2	4.360462E-1	1.355154E+10	4.501450E-1	5.766748E+8	4.479241E-1	1.390109E+10	4.716507E-1	5.939749E+8	4.573036E-1	9.805678E+10	4.483353E-1	9.695289E+10	4.561192E-1	1.119579E+11	4.467927E-1	1.105044E+11	1.409884E-2	2.372663E-2	-2.150566E-2	-9.627789E-3	3.352366E-3	-1.297487E+10	-1.330711E+10	-1.730010E+7	3.322481E+8	-1.099278E+11
5.343600E+2	7.840373E-1	2.324599E+10	7.530483E-1	9.234619E+8	7.845521E-1	2.329166E+10	7.481656E-1	9.087328E+8	8.035436E-1	1.648879E+11	7.898629E-1	1.632317E+11	8.011455E-1	1.881795E+11	7.891316E-1	1.864777E+11	-3.098897E-2	-3.638655E-2	4.882695E-3	5.397574E-3	-3.608335E-2	-2.232253E+10	-2.238292E+10	1.472911E+7	6.039198E+7	-1.855542E+11
5.345110E+2	1.207086E+0	3.503142E+10	1.224233E+0	1.462911E+9	1.187225E+0	3.452461E+10	1.167935E+0	1.386557E+9	1.209927E+0	2.433278E+11	1.190028E+0	2.408900E+11	1.207060E+0	2.778524E+11	1.192170E+0	2.759215E+11	1.714788E-2	-1.929036E-2	5.629883E-2	3.643824E-2	3.206379E-2	-3.356851E+10	-3.313805E+10	7.635381E+7	-4.304558E+8	-2.744586E+11
5.346620E+2	1.601183E+0	4.601031E+10	1.557620E+0	1.844598E+9	1.598966E+0	4.601053E+10	1.530178E+0	1.798901E+9	1.594917E+0	3.176384E+11	1.582821E+0	3.171176E+11	1.595428E+0	3.636489E+11	1.585126E+0	3.631279E+11	-4.356235E-2	-6.878778E-2	2.744192E-2	2.522543E-2	-2.750570E-2	-4.416571E+10	-4.421163E+10	4.569752E+7	4.591924E+7	-3.612833E+11
5.348070E+2	1.893794E+0	5.416198E+10	1.813116E+0	2.137110E+9	1.893421E+0	5.422465E+10	1.765410E+0	2.066665E+9	1.870207E+0	3.707748E+11	1.863533E+0	3.715943E+11	1.873138E+0	4.249994E+11	1.867332E+0	4.257562E+11	-8.067790E-2	-1.280118E-1	4.770667E-2	4.733387E-2	-5.421593E-2	-5.202487E+10	-5.215798E+10	7.044456E+7	1.331103E+8	-4.236191E+11
5.349580E+2	2.106498E+0	6.008756E+10	2.006647E+0	2.358679E+9	2.106565E+0	6.017049E+10	2.052292E+0	2.393224E+9	2.055441E+0	4.065286E+11	2.060273E+0	4.097746E+11	2.061897E+0	4.666991E+11	2.066076E+0	4.698622E+11	-9.985103E-2	-5.427321E-2	-4.564452E-2	-4.557782E-2	-5.942862E-2	-5.772888E+10	-5.777727E+10	-3.454519E+7	4.838595E+7	-4.675035E+11
5.351140E+2	2.068600E+0	5.903179E+10	1.970234E+0	2.316990E+9	2.080162E+0	5.943396E+10	1.948039E+0	2.274554E+9	2.036029E+0	4.027816E+11	2.042362E+0	4.062987E+11	2.041602E+0	4.622156E+11	2.045656E+0	4.653305E+11	-9.836640E-2	-1.321226E-1	2.219442E-2	3.375616E-2	-7.542179E-2	-5.671480E+10	-5.715941E+10	4.243675E+7	4.446070E+8	-4.630135E+11
5.352600E+2	1.890612E+0	5.407333E+10	1.800218E+0	2.122343E+9	1.880819E+0	5.387310E+10	1.849250E+0	2.162101E+9	1.853281E+0	3.675077E+11	1.855425E+0	3.700206E+11	1.856758E+0	4.213808E+11	1.859842E+0	4.240939E+11	-9.039348E-2	-3.156936E-2	-4.903157E-2	-5.882413E-2	-5.962334E-2	-5.195099E+10	-5.171100E+10	-3.975772E+7	-2.399851E+8	-4.219716E+11
5.354060E+2	1.582362E+0	4.548599E+10	1.479609E+0	1.755285E+9	1.585825E+0	4.564395E+10	1.538691E+0	1.808591E+9	1.566845E+0	3.122200E+11	1.569128E+0	3.144602E+11	1.569242E+0	3.578640E+11	1.570789E+0	3.599462E+11	-1.027523E-1	-4.713368E-2	-5.908218E-2	-5.561865E-2	-9.117971E-2	-4.373070E+10	-4.383536E+10	-5.330601E+7	1.046573E+8	-3.581909E+11
5.355630E+2	1.306728E+0	3.780729E+10	1.241298E+0	1.482448E+9	1.300330E+0	3.767979E+10	1.215855E+0	1.441105E+9	1.294066E+0	2.595684E+11	1.294688E+0	2.612008E+11	1.294857E+0	2.972482E+11	1.296199E+0	2.990081E+11	-6.542985E-2	-8.447537E-2	2.544331E-2	1.904552E-2	-5.490095E-2	-3.632485E+10	-3.623869E+10	4.134303E+7	-8.615830E+7	-2.975257E+11
5.357140E+2	1.121216E+0	3.263922E+10	1.143389E+0	1.370354E+9	1.102902E+0	3.217235E+10	1.099322E+0	1.308455E+9	1.104230E+0	2.229263E+11	1.103503E+0	2.240984E+11	1.104063E+0	2.550986E+11	1.105726E+0	2.567376E+11	2.217333E-2	-3.580754E-3	4.406736E-2	2.575409E-2	3.766277E-2	-3.126887E+10	-3.086389E+10	6.189922E+7	-4.049782E+8	-2.553672E+11
5.358600E+2	9.467778E-1	2.777968E+10	9.221493E-1	1.117062E+9	9.441959E-1	2.774508E+10	9.883656E-1	1.182153E+9	9.511511E-1	1.933790E+11	9.508024E-1	1.944645E+11	9.502729E-1	2.211241E+11	9.502972E-1	2.222442E+11	-2.462849E-2	4.416970E-2	-6.621622E-2	-6.879819E-2	-2.814786E-2	-2.666262E+10	-2.656292E+10	-6.509140E+7	-9.969341E+7	-2.211271E+11
5.360070E+2	8.175257E-1	2.417893E+10	8.276240E-1	1.008842E+9	8.146315E-1	2.413075E+10	8.522673E-1	1.027232E+9	8.146505E-1	1.670317E+11	8.170798E-1	1.685135E+11	8.146481E-1	1.911625E+11	8.171358E-1	1.926925E+11	1.009826E-2	3.763584E-2	-2.464335E-2	-2.753758E-2	1.048819E-2	-2.317009E+10	-2.310352E+10	-1.839024E+7	-6.656745E+7	-1.916836E+11
5.362680E+2	6.339960E-1	1.906609E+10	6.307014E-1	7.833897E+8	6.284284E-1	1.893643E+10	6.159454E-1	7.582261E+8	6.388046E-1	1.330900E+11	6.330669E-1	1.328029E+11	6.374943E-1	1.520265E+11	6.331836E-1	1.518690E+11	-3.294576E-3	-1.248293E-2	1.475599E-2	9.188350E-3	-2.482135E-3	-1.828270E+10	-1.817821E+10	2.516363E+7	-1.044983E+8	-1.510857E+11
5.365140E+2	5.238349E-1	1.599719E+10	5.468982E-1	6.874452E+8	5.262110E-1	1.608498E+10	5.666015E-1	7.020576E+8	5.368827E-1	1.134171E+11	5.341629E-1	1.136091E+11	5.355351E-1	1.295021E+11	5.328664E-1	1.296063E+11	2.306324E-2	4.039049E-2	-1.970329E-2	-1.732726E-2	1.403173E-2	-1.530974E+10	-1.538292E+10	-1.461241E+7	7.317646E+7	-1.289188E+11
5.367710E+2	5.067608E-1	1.552153E+10	5.088256E-1	6.438568E+8	5.103808E-1	1.564338E+10	5.078987E-1	6.352360E+8	5.140540E-1	1.090107E+11	5.157003E-1	1.100261E+11	5.135901E-1	1.246541E+11	5.145781E-1	1.255476E+11	2.064736E-3	-2.482169E-3	9.268926E-4	4.546904E-3	-5.752540E-3	-1.487768E+10	-1.500814E+10	8.620717E+6	1.304690E+8	-1.249038E+11
5.370170E+2	5.496523E-1	1.671642E+10	5.588622E-1	7.011426E+8	5.498387E-1	1.674410E+10	5.758175E-1	7.125483E+8	5.589386E-1	1.176743E+11	5.555451E-1	1.177586E+11	5.577895E-1	1.344184E+11	5.548053E-1	1.344750E+11	9.209922E-3	2.597882E-2	-1.695526E-2	-1.676890E-2	4.056886E-3	-1.601528E+10	-1.603155E+10	-1.140567E+7	1.627183E+7	-1.337739E+11
5.372640E+2	6.267081E-1	1.886306E+10	6.638545E-1	8.213459E+8	6.263933E-1	1.887966E+10	6.432837E-1	7.893453E+8	6.352953E-1	1.324127E+11	6.304200E-1	1.322893E+11	6.341712E-1	1.512923E+11	6.299540E-1	1.511523E+11	3.714638E-2	1.689039E-2	2.057081E-2	2.025599E-2	3.390044E-2	-1.804172E+10	-1.809032E+10	3.200060E+7	4.859716E+7	-1.503310E+11
5.375060E+2	7.259846E-1	2.162874E+10	6.854155E-1	8.460306E+8	7.193368E-1	2.147241E+10	7.279396E-1	8.857094E+8	7.315576E-1	1.509932E+11	7.294664E-1	1.515108E+11	7.300144E-1	1.724656E+11	7.290293E-1	1.731395E+11	-4.056915E-2	8.602774E-3	-4.252412E-2	-4.917193E-2	-4.361387E-2	-2.078271E+10	-2.058670E+10	-3.967885E+7	-1.960108E+8	-1.722935E+11
5.377580E+2	8.282424E-1	2.447748E+10	8.324457E-1	1.014362E+9	8.261002E-1	2.445068E+10	8.019338E-1	9.699373E+8	8.379350E-1	1.715261E+11	8.345368E-1	1.719013E+11	8.364405E-1	1.959768E+11	8.337466E-1	1.963788E+11	4.203312E-3	-2.416644E-2	3.051192E-2	2.836975E-2	-1.300892E-3	-2.346311E+10	-2.348075E+10	4.442490E+7	1.763041E+7	-1.953644E+11
5.380160E+2	9.812863E-1	2.874103E+10	9.623603E-1	1.163098E+9	9.841991E-1	2.886100E+10	9.573631E-1	1.146863E+9	9.839880E-1	1.997172E+11	9.847966E-1	2.010616E+11	9.840147E-1	2.285782E+11	9.843559E-1	2.298026E+11	-1.892601E-2	-2.683600E-2	4.997191E-3	7.909992E-3	-2.199567E-2	-2.757793E+10	-2.771414E+10	1.623544E+7	1.362141E+8	-2.286395E+11
5.382740E+2	1.181445E+0	3.431711E+10	1.165917E+0	1.396147E+9	1.185552E+0	3.447794E+10	1.156343E+0	1.373362E+9	1.183998E+0	2.383230E+11	1.178553E+0	2.386632E+11	1.184194E+0	2.728009E+11	1.178916E+0	2.729803E+11	-1.552744E-2	-2.920921E-2	9.574705E-3	1.368177E-2	-1.299897E-2	-3.292097E+10	-3.310458E+10	2.278420E+7	1.836109E+8	-2.715841E+11
5.385060E+2	1.392794E+0	4.020496E+10	1.359556E+0	1.617839E+9	1.409986E+0	4.073874E+10	1.346967E+0	1.590350E+9	1.389363E+0	2.779625E+11	1.385069E+0	2.787407E+11	1.391967E+0	3.187012E+11	1.386039E+0	3.189457E+11	-3.323842E-2	-6.301894E-2	1.258929E-2	2.978052E-2	-2.648274E-2	-3.858712E+10	-3.914839E+10	2.748867E+7	5.612651E+8	-3.173278E+11
5.387650E+2	1.642793E+0	4.716951E+10	1.641265E+0	1.940362E+9	1.643120E+0	4.724225E+10	1.586587E+0	1.863110E+9	1.630947E+0	3.245929E+11	1.629134E+0	3.261054E+11	1.632484E+0	3.718351E+11	1.630849E+0	3.732749E+11	-1.527644E-3	-5.653329E-2	5.467879E-2	5.500565E-2	1.041666E-2	-4.522915E+10	-4.537913E+10	7.725122E+7	1.499882E+8	-3.713345E+11
5.390450E+2	1.834852E+0	5.251997E+10	1.730914E+0	2.042998E+9	1.838941E+0	5.270486E+10	1.742361E+0	2.040428E+9	1.811417E+0	3.594271E+11	1.805983E+0	3.604257E+11	1.814892E+0	4.121320E+11	1.809607E+0	4.129457E+11	-1.039388E-1	-9.658029E-2	-1.144688E-2	-7.358515E-3	-7.869362E-2	-5.047697E+10	-5.066443E+10	2.569470E+6	1.874655E+8	-4.109027E+11
5.392720E+2	2.005241E+0	5.726670E+10	1.792789E+0	2.113837E+9	1.998476E+0	5.715525E+10	1.950349E+0	2.277182E+9	1.963949E+0	3.888689E+11	1.973719E+0	3.929775E+11	1.968309E+0	4.460241E+11	1.977676E+0	4.502442E+11	-2.124520E-1	-4.812681E-2	-1.575605E-1	-1.643252E-1	-1.848875E-1	-5.515286E+10	-5.487806E+10	-1.633454E+8	-2.747947E+8	-4.481304E+11
5.395160E+2	2.133054E+0	6.082738E+10	2.001091E+0	2.352318E+9	2.118570E+0	6.050541E+10	2.021468E+0	2.358138E+9	2.072515E+0	4.098243E+11	2.075673E+0	4.127634E+11	2.078331E+0	4.703297E+11	2.082877E+0	4.735907E+11	-1.319633E-1	-9.710207E-2	-2.037725E-2	-3.486126E-2	-8.178545E-2	-5.847506E+10	-5.814727E+10	-5.819890E+6	-3.277957E+8	-4.712384E+11
5.397810E+2	2.095649E+0	5.978533E+10	1.916823E+0	2.255842E+9	2.093642E+0	5.981000E+10	2.023323E+0	2.360249E+9	2.054415E+0	4.063306E+11	2.057059E+0	4.091509E+11	2.059369E+0	4.661406E+11	2.061903E+0	4.689363E+11	-1.788256E-1	-7.031895E-2	-1.064995E-1	-1.085067E-1	-1.450799E-1	-5.752949E+10	-5.744975E+10	-1.044072E+8	-7.973534E+7	-4.666804E+11
5.400190E+2	1.985000E+0	5.670282E+10	1.845425E+0	2.174099E+9	1.979154E+0	5.661624E+10	1.910048E+0	2.231308E+9	1.953756E+0	3.869013E+11	1.952989E+0	3.889544E+11	1.956963E+0	4.435175E+11	1.957007E+0	4.456573E+11	-1.395750E-1	-6.910556E-2	-6.462363E-2	-7.046943E-2	-1.115824E-1	-5.452872E+10	-5.438493E+10	-5.720904E+7	-1.437854E+8	-4.434832E+11
5.402740E+2	1.850252E+0	5.294896E+10	1.792242E+0	2.113212E+9	1.841604E+0	5.277915E+10	1.789261E+0	2.093815E+9	1.817187E+0	3.605410E+11	1.819527E+0	3.630541E+11	1.820271E+0	4.133201E+11	1.823384E+0	4.160031E+11	-5.800939E-2	-5.234322E-2	2.981612E-3	-5.666165E-3	-3.114183E-2	-5.083575E+10	-5.068533E+10	1.939664E+7	-1.504149E+8	-4.138899E+11
5.405080E+2	1.799895E+0	5.154611E+10	1.687777E+0	1.993612E+9	1.793582E+0	5.143953E+10	1.728071E+0	2.024163E+9	1.770065E+0	3.514454E+11	1.770480E+0	3.535357E+11	1.773034E+0	4.028849E+11	1.774172E+0	4.050818E+11	-1.121177E-1	-6.551050E-2	-4.029395E-2	-4.660721E-2	-8.639497E-2	-4.955250E+10	-4.941537E+10	-3.055083E+7	-1.371340E+8	-4.030882E+11
5.407680E+2	1.734337E+0	4.971978E+10	1.726435E+0	2.037870E+9	1.728489E+0	4.962369E+10	1.688111E+0	1.978676E+9	1.711218E+0	3.400869E+11	1.712303E+0	3.422457E+11	1.713399E+0	3.897106E+11	1.715069E+0	3.919655E+11	-7.902913E-3	-4.037746E-2	3.832332E-2	3.247455E-2	1.136521E-2	-4.768191E+10	-4.764502E+10	5.919363E+7	-3.689931E+7	-3.899276E+11
5.410130E+2	1.676281E+0	4.810243E+10	1.606652E+0	1.900734E+9	1.675049E+0	4.813294E+10	1.578782E+0	1.854226E+9	1.653934E+0	3.290299E+11	1.654745E+0	3.310756E+11	1.656600E+0	3.771628E+11	1.657449E+0	3.791780E+11	-6.962883E-2	-9.626725E-2	2.787052E-2	2.663841E-2	-5.079614E-2	-4.620170E+10	-4.627872E+10	4.650773E+7	7.701604E+7	-3.772773E+11
5.412690E+2	1.530464E+0	4.404021E+10	1.462034E+0	1.735163E+9	1.528784E+0	4.405274E+10	1.486537E+0	1.749224E+9	1.515593E+0	3.023273E+11	1.519797E+0	3.048868E+11	1.517259E+0	3.463801E+11	1.521136E+0	3.489270E+11	-6.843026E-2	-4.224684E-2	-2.450360E-2	-2.618343E-2	-5.910220E-2	-4.230505E+10	-4.230352E+10	-1.406063E+7	-1.529565E+6	-3.471918E+11
5.415140E+2	1.335808E+0	3.861742E+10	1.341458E+0	1.597118E+9	1.331946E+0	3.856174E+10	1.326527E+0	1.567084E+9	1.330123E+0	2.665281E+11	1.328277E+0	2.677194E+11	1.330353E+0	3.050898E+11	1.329223E+0	3.063369E+11	5.649173E-3	-5.418404E-3	1.493025E-2	1.106758E-2	1.223470E-2	-3.702030E+10	-3.699465E+10	3.003441E+7	-2.565289E+7	-3.047397E+11
5.417700E+2	1.147813E+0	3.338019E+10	1.154304E+0	1.382850E+9	1.131685E+0	3.297526E+10	1.190727E+0	1.412502E+9	1.149587E+0	2.316811E+11	1.144418E+0	2.320387E+11	1.147327E+0	2.646563E+11	1.144845E+0	2.654189E+11	6.490684E-3	5.904198E-2	-3.642271E-2	-5.255130E-2	9.459290E-3	-3.199734E+10	-3.156276E+10	-2.965118E+7	-4.345833E+8	-2.640360E+11
5.420270E+2	1.018857E+0	2.978767E+10	1.000217E+0	1.206440E+9	1.017398E+0	2.978712E+10	1.033856E+0	1.233935E+9	1.021339E+0	2.069266E+11	1.018587E+0	2.076191E+11	1.020841E+0	2.367137E+11	1.018620E+0	2.374067E+11	-1.863949E-2	1.645763E-2	-3.363858E-2	-3.509711E-2	-1.840342E-2	-2.858123E+10	-2.855319E+10	-2.749493E+7	-2.804497E+7	-2.362003E+11
5.422780E+2	9.494144E-1	2.785313E+10	9.077520E-1	1.100579E+9	9.411897E-1	2.766121E+10	9.618106E-1	1.151926E+9	9.540737E-1	1.939431E+11	9.539361E-1	1.950726E+11	9.524467E-1	2.216043E+11	9.533685E-1	2.229258E+11	-4.166244E-2	2.062091E-2	-5.405861E-2	-6.228335E-2	-4.561655E-2	-2.675255E+10	-2.650929E+10	-5.134699E+7	-2.432604E+8	-2.218252E+11
5.425300E+2	9.565937E-1	2.805313E+10	9.420695E-1	1.139868E+9	9.557030E-1	2.806608E+10	9.579237E-1	1.147501E+9	9.601740E-1	1.951206E+11	9.612191E-1	1.964860E+11	9.596094E-1	2.231867E+11	9.606385E-1	2.245392E+11	-1.452426E-2	2.220685E-3	-1.585424E-2	-1.674495E-2	-1.856901E-2	-2.691326E+10	-2.691858E+10	-7.633212E+6	5.313538E+6	-2.233993E+11
5.427650E+2	1.037605E+0	3.030998E+10	1.008946E+0	1.216434E+9	1.037531E+0	3.034875E+10	1.050780E+0	1.253199E+9	1.044318E+0	2.113620E+11	1.040236E+0	2.118205E+11	1.043461E+0	2.417108E+11	1.039906E+0	2.421304E+11	-2.865903E-2	1.324868E-2	-4.183356E-2	-4.190771E-2	-3.095951E-2	-2.909354E+10	-2.909555E+10	-3.676593E+7	2.008372E+6	-2.409140E+11
5.430070E+2	1.188443E+0	3.451207E+10	1.153085E+0	1.381454E+9	1.190952E+0	3.462858E+10	1.159518E+0	1.376977E+9	1.186240E+0	2.387557E+11	1.185733E+0	2.400565E+11	1.186835E+0	2.733843E+11	1.186073E+0	2.745685E+11	-3.535844E-2	-3.143369E-2	-6.433957E-3	-3.924757E-3	-3.298873E-2	-3.313061E+10	-3.325161E+10	4.477118E+6	1.209933E+8	-2.731871E+11
5.432800E+2	1.328196E+0	3.840536E+10	1.356717E+0	1.614588E+9	1.329104E+0	3.848247E+10	1.324769E+0	1.565083E+9	1.326083E+0	2.657482E+11	1.328111E+0	2.676872E+11	1.326465E+0	3.042307E+11	1.328122E+0	3.060926E+11	2.852061E-2	-4.334851E-3	3.194728E-2	3.285546E-2	2.859479E-2	-3.679077E+10	-3.691739E+10	4.950527E+7	1.266191E+8	-3.044780E+11
5.435540E+2	1.501230E+0	4.322581E+10	1.453684E+0	1.725604E+9	1.498261E+0	4.320126E+10	1.452843E+0	1.710870E+9	1.490987E+0	2.975779E+11	1.490768E+0	2.992533E+11	1.491905E+0	3.407791E+11	1.492081E+0	3.424791E+11	-4.754632E-2	-4.541763E-2	8.407440E-4	-2.128685E-3	-3.839746E-2	-4.150020E+10	-4.149039E+10	1.473404E+7	-9.809781E+6	-3.407535E+11
5.437590E+2	1.579308E+0	4.540092E+10	1.521957E+0	1.803768E+9	1.579553E+0	4.546897E+10	1.489019E+0	1.752048E+9	1.559037E+0	3.107128E+11	1.564546E+0	3.135711E+11	1.561627E+0	3.561818E+11	1.566399E+0	3.589720E+11	-5.735105E-2	-9.053401E-2	3.293847E-2	3.318296E-2	-4.444217E-2	-4.359715E+10	-4.371692E+10	5.171982E+7	1.197699E+8	-3.571682E+11
5.440170E+2	1.620036E+0	4.653553E+10	1.575647E+0	1.865236E+9	1.610477E+0	4.633165E+10	1.591287E+0	1.868461E+9	1.601131E+0	3.188378E+11	1.603827E+0	3.211942E+11	1.602311E+0	3.651695E+11	1.605862E+0	3.677297E+11	-4.438919E-2	-1.919035E-2	-1.564054E-2	-2.519884E-2	-3.021538E-2	-4.467029E+10	-4.446319E+10	-3.224902E+6	-2.071004E+8	-3.658645E+11
5.442700E+2	1.591839E+0	4.575001E+10	1.512001E+0	1.792370E+9	1.591518E+0	4.580277E+10	1.538171E+0	1.807998E+9	1.569974E+0	3.128240E+11	1.572349E+0	3.150853E+11	1.572695E+0	3.586267E+11	1.574795E+0	3.608353E+11	-7.983737E-2	-5.334763E-2	-2.616931E-2	-2.648975E-2	-6.279399E-2	-4.395764E+10	-4.399477E+10	-1.562823E+7	3.713413E+7	-3.590429E+11
5.445290E+2	1.522278E+0	4.381217E+10	1.449142E+0	1.720404E+9	1.518243E+0	4.375870E+10	1.460076E+0	1.719103E+9	1.508680E+0	3.009930E+11	1.508470E+0	3.026886E+11	1.509887E+0	3.447517E+11	1.510203E+0	3.465007E+11	-7.313614E-2	-5.816711E-2	-1.093407E-2	-1.496903E-2	-6.106085E-2	-4.209177E+10	-4.203959E+10	1.300866E+6	-5.217476E+7	-3.447803E+11
5.447720E+2	1.438514E+0	4.147863E+10	1.437818E+0	1.707440E+9	1.446854E+0	4.176722E+10	1.409180E+0	1.661168E+9	1.428391E+0	2.854957E+11	1.429581E+0	2.873790E+11	1.430723E+0	3.272630E+11	1.430702E+0	3.288576E+11	-6.957161E-4	-3.767377E-2	2.863784E-2	3.697805E-2	7.115970E-3	-3.977119E+10	-4.010605E+10	4.627128E+7	3.348606E+8	-3.271502E+11
5.450150E+2	1.369117E+0	3.954535E+10	1.282354E+0	1.529452E+9	1.355331E+0	3.921408E+10	1.351415E+0	1.595414E+9	1.355373E+0	2.714018E+11	1.351560E+0	2.722378E+11	1.355368E+0	3.106158E+11	1.353764E+0	3.117831E+11	-8.676296E-2	-3.915546E-3	-6.906090E-2	-8.284742E-2	-7.140977E-2	-3.801590E+10	-3.761867E+10	-6.596156E+7	-3.972307E+8	-3.102537E+11
5.452690E+2	1.305574E+0	3.777516E+10	1.247616E+0	1.489682E+9	1.309101E+0	3.792447E+10	1.287457E+0	1.522610E+9	1.304215E+0	2.615273E+11	1.304951E+0	2.631927E+11	1.304832E+0	2.994517E+11	1.305030E+0	3.009678E+11	-5.795831E-2	-2.164456E-2	-3.984048E-2	-3.631375E-2	-5.741343E-2	-3.628548E+10	-3.640186E+10	-3.292821E+7	1.163814E+8	-2.994781E+11
5.455450E+2	1.248097E+0	3.617394E+10	1.218849E+0	1.456747E+9	1.256055E+0	3.644471E+10	1.264823E+0	1.496846E+9	1.240022E+0	2.491367E+11	1.243769E+0	2.513193E+11	1.242046E+0	2.855814E+11	1.244312E+0	2.874932E+11	-2.924817E-2	8.767976E-3	-4.597430E-2	-3.801614E-2	-2.546321E-2	-3.471719E+10	-3.494786E+10	-4.009947E+7	2.306658E+8	-2.860365E+11
5.457780E+2	1.178398E+0	3.423223E+10	1.111826E+0	1.334219E+9	1.183474E+0	3.441998E+10	1.169441E+0	1.388273E+9	1.185044E+0	2.385248E+11	1.180515E+0	2.390439E+11	1.184845E+0	2.729448E+11	1.180249E+0	2.732761E+11	-6.657200E-2	-1.403286E-2	-5.761536E-2	-5.253914E-2	-6.842330E-2	-3.289802E+10	-3.303171E+10	-5.405409E+7	1.336935E+8	-2.719419E+11
5.460220E+2	1.165854E+0	3.388278E+10	1.120741E+0	1.344425E+9	1.159778E+0	3.375896E+10	1.167432E+0	1.385985E+9	1.161171E+0	2.339171E+11	1.161994E+0	2.354495E+11	1.160996E+0	2.676760E+11	1.162479E+0	2.693323E+11	-4.511325E-2	7.653634E-3	-4.669107E-2	-5.276688E-2	-4.173776E-2	-3.253835E+10	-3.237297E+10	-4.156032E+7	-1.653816E+8	-2.679879E+11
5.467710E+2	1.237250E+0	3.587175E+10	1.222775E+0	1.461242E+9	1.234043E+0	3.583064E+10	1.218544E+0	1.444167E+9	1.238600E+0	2.488622E+11	1.236097E+0	2.498303E+11	1.238024E+0	2.846928E+11	1.236241E+0	2.857020E+11	-1.447459E-2	-1.549820E-2	4.230975E-3	1.023606E-3	-1.346587E-2	-3.441051E+10	-3.438647E+10	1.707519E+7	-2.404108E+7	-2.842408E+11
5.475120E+2	1.374084E+0	3.968372E+10	1.305238E+0	1.555652E+9	1.373270E+0	3.971451E+10	1.350928E+0	1.594860E+9	1.365134E+0	2.732859E+11	1.364518E+0	2.747526E+11	1.366162E+0	3.130004E+11	1.365719E+0	3.144363E+11	-6.884549E-2	-2.234129E-2	-4.569005E-2	-4.650420E-2	-6.048076E-2	-3.812806E+10	-3.811965E+10	-3.920800E+7	-8.413223E+6	-3.128806E+11
5.482600E+2	1.463904E+0	4.218596E+10	1.416179E+0	1.682666E+9	1.458725E+0	4.209837E+10	1.397440E+0	1.647804E+9	1.454135E+0	2.904648E+11	1.454750E+0	2.922633E+11	1.454715E+0	3.325632E+11	1.455899E+0	3.344493E+11	-4.772485E-2	-6.128520E-2	1.873955E-2	1.356034E-2	-3.971936E-2	-4.050330E+10	-4.045057E+10	3.486176E+7	-5.273073E+7	-3.327666E+11
5.490100E+2	1.428172E+0	4.119053E+10	1.379550E+0	1.640730E+9	1.436783E+0	4.148629E+10	1.444808E+0	1.701723E+9	1.424508E+0	2.847461E+11	1.420878E+0	2.856900E+11	1.426058E+0	3.262324E+11	1.421793E+0	3.268805E+11	-4.862203E-2	8.024327E-3	-6.525760E-2	-5.664635E-2	-4.224328E-2	-3.954980E+10	-3.978457E+10	-6.099329E+7	2.347676E+8	-3.252398E+11
5.497740E+2	1.355580E+0	3.916824E+10	1.335949E+0	1.590812E+9	1.354872E+0	3.920128E+10	1.299449E+0	1.536260E+9	1.346936E+0	2.697732E+11	1.347547E+0	2.714590E+11	1.347938E+0	3.089745E+11	1.348556E+0	3.106273E+11	-1.963092E-2	-5.542289E-2	3.650070E-2	3.579197E-2	-1.260629E-2	-3.757742E+10	-3.766502E+10	5.455192E+7	8.759103E+7	-3.090365E+11
5.505170E+2	1.316276E+0	3.807329E+10	1.262468E+0	1.506685E+9	1.322979E+0	3.831161E+10	1.260402E+0	1.491814E+9	1.316636E+0	2.639248E+11	1.313698E+0	2.648901E+11	1.317437E+0	3.022364E+11	1.314022E+0	3.029634E+11	-5.380870E-2	-6.257696E-2	2.065383E-3	8.768257E-3	-5.155416E-2	-3.656661E+10	-3.681979E+10	1.487102E+7	2.531848E+8	-3.014567E+11
5.512620E+2	1.301683E+0	3.766676E+10	1.200851E+0	1.436141E+9	1.294780E+0	3.752497E+10	1.311193E+0	1.549629E+9	1.294574E+0	2.596664E+11	1.296299E+0	2.615136E+11	1.294600E+0	2.971914E+11	1.296975E+0	2.991803E+11	-1.008324E-1	1.641317E-2	-1.103425E-1	-1.172456E-1	-9.612422E-2	-3.623062E+10	-3.597534E+10	-1.134883E+8	-2.552757E+8	-2.977442E+11
5.520150E+2	1.315619E+0	3.805498E+10	1.340910E+0	1.596492E+9	1.301801E+0	3.772082E+10	1.267830E+0	1.500268E+9	1.300562E+0	2.608222E+11	1.298969E+0	2.620317E+11	1.300718E+0	2.985430E+11	1.301059E+0	3.000867E+11	2.529116E-2	-3.397127E-2	7.308021E-2	5.926243E-2	3.985071E-2	-3.645849E+10	-3.622055E+10	9.622312E+7	-2.379316E+8	-2.984902E+11
5.527650E+2	1.274142E+0	3.689949E+10	1.239718E+0	1.480639E+9	1.277290E+0	3.703706E+10	1.275083E+0	1.508524E+9	1.268424E+0	2.546189E+11	1.268188E+0	2.560582E+11	1.269544E+0	2.916560E+11	1.268935E+0	2.929576E+11	-3.442342E-2	-2.207153E-3	-3.536438E-2	-3.221626E-2	-2.921723E-2	-3.541885E+10	-3.552853E+10	-2.788497E+7	1.096797E+8	-2.914770E+11
5.535270E+2	1.199266E+0	3.481357E+10	1.165763E+0	1.395970E+9	1.203707E+0	3.498439E+10	1.170206E+0	1.389143E+9	1.196265E+0	2.406908E+11	1.195526E+0	2.419569E+11	1.197205E+0	2.756752E+11	1.195995E+0	2.767705E+11	-3.350247E-2	-3.350050E-2	-4.443382E-3	-1.974301E-6	-3.023236E-2	-3.341760E+10	-3.359525E+10	6.826343E+6	1.776507E+8	-2.753745E+11
5.542580E+2	1.107253E+0	3.225025E+10	1.108246E+0	1.330119E+9	1.105323E+0	3.223987E+10	1.080152E+0	1.286634E+9	1.095547E+0	2.212503E+11	1.094559E+0	2.223628E+11	1.096782E+0	2.534902E+11	1.096153E+0	2.546130E+11	9.926789E-4	-2.517102E-2	2.809376E-2	2.616370E-2	1.209280E-2	-3.092013E+10	-3.095324E+10	4.348537E+7	3.310846E+7	-2.532829E+11
5.550250E+2	1.005926E+0	2.942744E+10	9.945690E-1	1.199973E+9	1.003622E+0	2.940281E+10	1.015512E+0	1.213054E+9	1.011600E+0	2.050469E+11	1.010448E+0	2.060397E+11	1.010593E+0	2.344497E+11	1.009881E+0	2.354671E+11	-1.135687E-2	1.189069E-2	-2.094321E-2	-2.324756E-2	-1.531158E-2	-2.822747E+10	-2.818976E+10	-1.308088E+7	-3.771240E+7	-2.342672E+11
5.557600E+2	9.743795E-1	2.854861E+10	9.604719E-1	1.160937E+9	9.575586E-1	2.811784E+10	9.903919E-1	1.184460E+9	9.655329E-1	1.961550E+11	9.587812E-1	1.960129E+11	9.645260E-1	2.242728E+11	9.607393E-1	2.245615E+11	-1.390755E-2	3.283326E-2	-2.991994E-2	-4.674081E-2	-2.673418E-4	-2.738768E+10	-2.693338E+10	-2.352328E+7	-4.542944E+8	-2.234006E+11
5.560190E+2	9.752543E-1	2.857299E+10	9.677639E-1	1.169285E+9	9.731206E-1	2.855196E+10	9.648683E-1	1.155406E+9	9.735892E-1	1.977100E+11	9.705862E-1	1.983038E+11	9.735300E-1	2.262620E+11	9.711722E-1	2.268768E+11	-7.490421E-3	-8.252338E-3	2.895654E-3	7.619175E-4	-3.408297E-3	-2.740370E+10	-2.739655E+10	1.387877E+7	-7.147646E+6	-2.257076E+11
5.565200E+2	9.838045E-1	2.881118E+10	9.971102E-1	1.202883E+9	9.813910E-1	2.878267E+10	1.013851E+0	1.211164E+9	9.854015E-1	1.999900E+11	9.874294E-1	2.015725E+11	9.848951E-1	2.287727E+11	9.869744E-1	2.303837E+11	1.330575E-2	3.246054E-2	-1.674129E-2	-1.915480E-2	1.013586E-2	-2.760830E+10	-2.757151E+10	-8.281112E+6	-3.679022E+7	-2.291808E+11
5.570500E+2	9.893651E-1	2.896609E+10	9.928954E-1	1.198057E+9	9.949819E-1	2.916180E+10	1.051462E+0	1.253976E+9	9.947541E-1	2.017952E+11	9.916393E-1	2.023895E+11	9.947828E-1	2.309570E+11	9.913538E-1	2.313556E+11	3.530356E-3	5.647988E-2	-5.856630E-2	-5.294952E-2	1.541647E-3	-2.776803E+10	-2.790782E+10	-5.591838E+7	1.397946E+8	-2.301576E+11
5.575420E+2	9.900953E-1	2.898643E+10	9.881441E-1	1.192618E+9	9.958052E-1	2.918477E+10	9.913961E-1	1.185603E+9	9.935781E-1	2.015682E+11	9.960897E-1	2.032532E+11	9.938593E-1	2.307530E+11	9.953372E-1	2.322396E+11	-1.951157E-3	-4.409105E-3	-3.251983E-3	2.457947E-3	-7.193107E-3	-2.779381E+10	-2.799917E+10	7.014872E+6	2.053538E+8	-2.310470E+11
5.580060E+2	9.965156E-1	2.916529E+10	9.703713E-1	1.172270E+9	9.966661E-1	2.920878E+10	9.737055E-1	1.165466E+9	1.001122E+0	2.030244E+11	1.001482E+0	2.042997E+11	1.000559E+0	2.322331E+11	1.000859E+0	2.334650E+11	-2.614432E-2	-2.296053E-2	-3.334225E-3	-3.183787E-3	-3.048750E-2	-2.799302E+10	-2.804332E+10	6.804418E+6	5.029747E+7	-2.322927E+11
5.585160E+2	1.010518E+0	2.955538E+10	1.002230E+0	1.208745E+9	1.006925E+0	2.949496E+10	1.018581E+0	1.216547E+9	1.006599E+0	2.040815E+11	1.007821E+0	2.055299E+11	1.006640E+0	2.335764E+11	1.008160E+0	2.350852E+11	-8.287929E-3	1.165599E-2	-1.635021E-2	-1.994392E-2	-5.929250E-3	-2.834664E+10	-2.827841E+10	-7.802285E+6	-6.822892E+7	-2.338765E+11
5.590160E+2	1.013961E+0	2.965130E+10	1.007230E+0	1.214469E+9	1.023567E+0	2.995921E+10	1.013321E+0	1.210560E+9	1.019580E+0	2.065870E+11	1.020146E+0	2.079216E+11	1.020083E+0	2.365462E+11	1.019369E+0	2.375729E+11	-6.731495E-3	-1.024633E-2	-6.090673E-3	3.514832E-3	-1.213942E-2	-2.843683E+10	-2.874865E+10	3.909048E+6	3.118170E+8	-2.363585E+11
5.595110E+2	1.021151E+0	2.985160E+10	1.038807E+0	1.250621E+9	1.024068E+0	2.997318E+10	9.760363E-1	1.168119E+9	1.020644E+0	2.067924E+11	1.019712E+0	2.078375E+11	1.021076E+0	2.367656E+11	1.019893E+0	2.376891E+11	1.765608E-2	-4.803144E-2	6.277101E-2	6.568752E-2	1.891455E-2	-2.860098E+10	-2.880506E+10	8.250213E+7	2.040847E+8	-2.364385E+11
5.600520E+2	1.004681E+0	2.939278E+10	1.023450E+0	1.233038E+9	1.005432E+0	2.945333E+10	1.012181E+0	1.209262E+9	1.003720E+0	2.035258E+11	1.005016E+0	2.049855E+11	1.003936E+0	2.329791E+11	1.004974E+0	2.343783E+11	1.876808E-2	6.748700E-3	1.126858E-2	1.201938E-2	1.847552E-2	-2.815974E+10	-2.824406E+10	2.377578E+7	8.432375E+7	-2.331452E+11
5.605090E+2	1.005121E+0	2.940501E+10	9.898018E-1	1.194516E+9	9.986848E-1	2.926510E+10	9.963286E-1	1.191218E+9	9.971298E-1	2.022538E+11	9.977707E-1	2.035794E+11	9.973262E-1	2.315189E+11	9.986934E-1	2.329844E+11	-1.531877E-2	-2.356267E-3	-6.526719E-3	-1.296250E-2	-8.891519E-3	-2.821050E+10	-2.807388E+10	3.298125E+6	-1.366141E+8	-2.317899E+11
5.610010E+2	1.009532E+0	2.952791E+10	1.022196E+0	1.231603E+9	9.993589E-1	2.928390E+10	9.882698E-1	1.182044E+9	1.003884E+0	2.035575E+11	1.002308E+0	2.044599E+11	1.003313E+0	2.328414E+11	1.003214E+0	2.339878E+11	1.266383E-2	-1.108910E-2	3.392615E-2	2.375292E-2	1.898152E-2	-2.829631E+10	-2.810186E+10	4.955873E+7	-1.944471E+8	-2.327562E+11
