Photon Energy (eV)	X ref norm	X ref	X pump norm	X pump	Y ref norm	Y ref	Y pump norm	Y pump	X all norm	X all	Y all norm	Y all	X all Y ref norm	X all Y ref	Y all X ref norm	Y all X ref	BC(X hist) norm	BC(Y hist) norm	StS norm	BCSC norm	BCLR norm	BC(X hist)	BC(Y hist)	StS	BCSC	BCLR	
5.300270E+2	-9.303666E-3	1.021554E+9	-1.352895E-2	4.394549E+7	-7.945573E-3	1.076227E+9	-1.177383E-2	4.475928E+7	-9.259986E-3	8.014584E+9	-8.473913E-3	8.238115E+9	-9.106598E-3	9.090811E+9	-8.570294E-3	9.259669E+9	-4.225281E-3	-3.828252E-3	-1.755122E-3	-3.970294E-4	-4.958653E-3	-9.776086E+8	-1.031468E+9	-8.137930E+5	5.385921E+7	-9.215723E+9
5.305230E+2	-5.968786E-3	1.107192E+9	-1.327759E-2	4.424089E+7	-6.431829E-3	1.115076E+9	-8.731947E-3	4.833726E+7	-6.402051E-3	8.569756E+9	-6.291885E-3	8.664477E+9	-6.405526E-3	9.684832E+9	-6.254355E-3	9.771668E+9	-7.308804E-3	-2.300118E-3	-4.545643E-3	-5.008686E-3	-7.023234E-3	-1.062951E+9	-1.066739E+9	-4.096373E+6	3.787819E+6	-9.727428E+9
5.310050E+2	-5.573847E-3	1.117333E+9	-5.943154E-3	5.286040E+7	-6.043287E-3	1.125047E+9	-7.695308E-3	4.955660E+7	-6.828404E-3	8.486934E+9	-6.386098E-3	8.646068E+9	-6.736783E-3	9.611982E+9	-6.291750E-3	9.763401E+9	-3.693073E-4	-1.652022E-3	1.752154E-3	1.282714E-3	3.485958E-4	-1.064473E+9	-1.075491E+9	3.303807E+6	1.101780E+7	-9.710541E+9
5.315080E+2	-3.708188E-3	1.165242E+9	1.841355E-3	6.200885E+7	-4.731363E-3	1.158717E+9	-6.233446E-4	5.787492E+7	-3.828920E-3	9.069603E+9	-3.700411E-3	9.170844E+9	-3.934232E-3	1.022832E+10	-3.701314E-3	1.033609E+10	5.549543E-3	4.108019E-3	2.464700E-3	1.441524E-3	5.542669E-3	-1.103233E+9	-1.100842E+9	4.133929E+6	-2.391760E+6	-1.027408E+10
5.320120E+2	-4.071549E-4	1.250011E+9	-1.000398E-2	4.808808E+7	-9.014694E-4	1.257007E+9	-6.124297E-3	5.140448E+7	-1.949162E-4	9.775531E+9	-2.578871E-4	9.843503E+9	-2.773689E-4	1.103254E+10	-2.752254E-4	1.109351E+10	-9.596822E-3	-5.222827E-3	-3.879680E-3	-4.373994E-3	-9.728751E-3	-1.201923E+9	-1.205603E+9	-3.316406E+6	3.680034E+6	-1.104543E+10
5.325120E+2	6.849643E-3	1.436361E+9	1.729853E-2	8.017430E+7	7.068038E-3	1.461537E+9	8.394631E-3	6.848222E+7	6.959261E-3	1.116528E+10	7.036047E-3	1.126872E+10	6.971955E-3	1.262681E+10	7.014395E-3	1.270508E+10	1.044888E-2	1.326593E-3	8.903895E-3	9.122289E-3	1.028413E-2	-1.356186E+9	-1.393055E+9	1.169208E+7	3.686831E+7	-1.262490E+10
5.330230E+2	1.811200E-2	1.725571E+9	2.361379E-2	8.759607E+7	1.898548E-2	1.767387E+9	2.655409E-2	8.984210E+7	1.955502E-2	1.361208E+10	1.807415E-2	1.342553E+10	1.948855E-2	1.537947E+10	1.807854E-2	1.515110E+10	5.501790E-3	7.568607E-3	-2.940304E-3	-2.066818E-3	5.535243E-3	-1.637975E+9	-1.677545E+9	-2.246033E+6	3.956994E+7	-1.506351E+10
5.331580E+2	2.579636E-2	1.922900E+9	3.104523E-2	9.632959E+7	2.386512E-2	1.892618E+9	2.318157E-2	8.587521E+7	2.473926E-2	1.461915E+10	2.385999E-2	1.455607E+10	2.463725E-2	1.651177E+10	2.408491E-2	1.647897E+10	5.248863E-3	-6.835452E-4	7.863654E-3	5.932408E-3	6.960318E-3	-1.826571E+9	-1.806743E+9	1.045437E+7	-1.982815E+7	-1.638264E+10
5.333080E+2	3.388420E-2	2.130591E+9	2.854018E-2	9.338563E+7	3.322536E-2	2.132839E+9	2.892644E-2	9.263256E+7	3.275522E-2	1.617630E+10	3.323086E-2	1.638711E+10	3.281008E-2	1.830914E+10	3.330675E-2	1.851770E+10	-5.344021E-3	-4.298916E-3	-3.862626E-4	-1.045105E-3	-4.766571E-3	-2.037205E+9	-2.040207E+9	7.530677E+5	3.001646E+6	-1.842432E+10
5.334580E+2	4.074220E-2	2.306700E+9	3.074997E-2	9.598260E+7	4.130217E-2	2.340123E+9	4.133719E-2	1.072306E+8	4.281388E-2	1.813026E+10	4.150800E-2	1.800444E+10	4.263747E-2	2.047038E+10	4.141905E-2	2.031114E+10	-9.992227E-3	3.501142E-5	-1.058722E-2	-1.002724E-2	-1.066908E-2	-2.210717E+9	-2.232893E+9	-1.124797E+7	2.217537E+7	-2.021516E+10
5.336130E+2	5.738709E-2	2.734130E+9	5.267523E-2	1.217494E+8	5.647255E-2	2.729456E+9	5.114057E-2	1.187617E+8	5.910124E-2	2.129418E+10	5.736780E-2	2.110340E+10	5.879448E-2	2.402364E+10	5.737004E-2	2.383753E+10	-4.711853E-3	-5.331982E-3	1.534665E-3	6.201290E-4	-4.694804E-3	-2.612380E+9	-2.610695E+9	2.987728E+6	-1.685935E+6	-2.371578E+10
5.337740E+2	8.139918E-2	3.350745E+9	8.388792E-2	1.584309E+8	7.952394E-2	3.321048E+9	8.999725E-2	1.644665E+8	8.397919E-2	2.612688E+10	7.994000E-2	2.551395E+10	8.345928E-2	2.944793E+10	8.010949E-2	2.886469E+10	2.488739E-3	1.047331E-2	-6.109337E-3	-7.984572E-3	3.778428E-3	-3.192314E+9	-3.156582E+9	-6.035537E+6	-3.573255E+7	-2.870626E+10
5.339090E+2	1.069799E-1	4.007641E+9	1.199530E-1	2.008150E+8	1.099350E-1	4.101517E+9	1.132549E-1	1.918231E+8	1.177253E-1	3.268227E+10	1.122155E-1	3.182050E+10	1.168162E-1	3.678379E+10	1.116074E-1	3.582814E+10	1.297311E-2	3.319978E-3	6.698038E-3	9.653136E-3	8.345587E-3	-3.806826E+9	-3.909694E+9	8.991934E+6	1.028688E+8	-3.562733E+10
5.340590E+2	1.665868E-1	5.538308E+9	1.724265E-1	2.624825E+8	1.741134E-1	5.748595E+9	1.984081E-1	2.919837E+8	1.859807E-1	4.594132E+10	1.773994E-1	4.455725E+10	1.845958E-1	5.168991E+10	1.761435E-1	5.009556E+10	5.839736E-3	2.429477E-2	-2.598165E-2	-1.845504E-2	-3.716982E-3	-5.275825E+9	-5.456611E+9	-2.950115E+7	1.807859E+8	-4.983308E+10
5.342090E+2	2.977761E-1	8.907167E+9	3.340349E-1	4.524067E+8	3.012763E-1	9.012109E+9	2.823458E-1	3.907145E+8	3.205875E-1	7.208953E+10	3.028298E-1	6.906600E+10	3.183339E-1	8.110164E+10	3.022428E-1	7.797317E+10	3.625879E-2	-1.893049E-2	5.168913E-2	5.518929E-2	3.179215E-2	-8.454760E+9	-8.621394E+9	6.169217E+7	1.666341E+8	-7.752076E+10
5.343600E+2	5.352312E-1	1.500486E+10	6.058465E-1	7.718429E+8	5.357847E-1	1.503054E+10	5.628817E-1	7.206920E+8	5.631062E-1	1.192003E+11	5.334894E-1	1.141362E+11	5.599178E-1	1.342309E+11	5.336917E-1	1.291411E+11	7.061536E-2	2.709703E-2	4.296483E-2	4.351833E-2	7.215484E-2	-1.423302E+10	-1.430985E+10	5.115089E+7	7.683131E+7	-1.283693E+11
5.345110E+2	8.950847E-1	2.424567E+10	9.583456E-1	1.186104E+9	8.994133E-1	2.436272E+10	8.727395E-1	1.085159E+9	9.230764E-1	1.891268E+11	8.966504E-1	1.850969E+11	9.203150E-1	2.134895E+11	8.964685E-1	2.093426E+11	6.326092E-2	-2.667384E-2	8.560615E-2	8.993476E-2	6.187711E-2	-2.305956E+10	-2.327756E+10	1.009449E+8	2.179961E+8	-2.081565E+11
5.346560E+2	1.269419E+0	3.385834E+10	1.333446E+0	1.626926E+9	1.281774E+0	3.417564E+10	1.284398E+0	1.569368E+9	1.289865E+0	2.603777E+11	1.268898E+0	2.578331E+11	1.288921E+0	2.945534E+11	1.268959E+0	2.916914E+11	6.402641E-2	2.623588E-3	4.904790E-2	6.140282E-2	6.448700E-2	-3.223141E+10	-3.260627E+10	5.755807E+7	3.748615E+8	-2.900645E+11
5.348070E+2	1.633770E+0	4.321464E+10	1.661466E+0	2.012419E+9	1.642992E+0	4.344596E+10	1.642794E+0	1.990928E+9	1.633490E+0	3.271290E+11	1.618777E+0	3.261985E+11	1.634599E+0	3.705750E+11	1.620519E+0	3.694131E+11	2.769564E-2	-1.982323E-4	1.867151E-2	2.789387E-2	4.094706E-2	-4.120222E+10	-4.145503E+10	2.149095E+7	2.528175E+8	-3.674007E+11
5.349630E+2	1.949652E+0	5.132628E+10	1.908317E+0	2.302522E+9	1.950921E+0	5.134866E+10	1.968231E+0	2.373720E+9	1.908068E+0	3.804676E+11	1.915227E+0	3.841240E+11	1.913069E+0	4.318163E+11	1.919226E+0	4.354503E+11	-4.133511E-2	1.730946E-2	-5.991397E-2	-5.864457E-2	-1.090882E-2	-4.902376E+10	-4.897494E+10	-7.119818E+7	-4.881661E+7	-4.331477E+11
5.351090E+2	2.084007E+0	5.477644E+10	2.081749E+0	2.506341E+9	2.083600E+0	5.475372E+10	2.035115E+0	2.452392E+9	2.029060E+0	4.039712E+11	2.039547E+0	4.084157E+11	2.035425E+0	4.587249E+11	2.044711E+0	4.631921E+11	-2.257861E-3	-4.848440E-2	4.663417E-2	4.622654E-2	3.703818E-2	-5.227009E+10	-5.230133E+10	5.394970E+7	3.123314E+7	-4.606858E+11
5.352600E+2	1.996529E+0	5.253004E+10	1.967963E+0	2.372618E+9	2.006984E+0	5.278746E+10	1.968602E+0	2.374156E+9	1.941034E+0	3.868714E+11	1.956444E+0	3.921776E+11	1.948730E+0	4.396588E+11	1.961100E+0	4.447076E+11	-2.856565E-2	-3.838231E-2	-6.390080E-4	9.816658E-3	6.863117E-3	-5.015743E+10	-5.041331E+10	-1.537919E+6	2.558819E+8	-4.423350E+11
5.354060E+2	1.765104E+0	4.658722E+10	1.776419E+0	2.147514E+9	1.768983E+0	4.667939E+10	1.734435E+0	2.098720E+9	1.726401E+0	3.451776E+11	1.731859E+0	3.482944E+11	1.731370E+0	3.918570E+11	1.735721E+0	3.948816E+11	1.131454E-2	-3.454818E-2	4.198399E-2	4.586272E-2	4.069820E-2	-4.443971E+10	-4.458067E+10	4.879385E+7	1.409688E+8	-3.927341E+11
5.355630E+2	1.537378E+0	4.073934E+10	1.555407E+0	1.887777E+9	1.534176E+0	4.065329E+10	1.568269E+0	1.903268E+9	1.504404E+0	3.020534E+11	1.508129E+0	3.045781E+11	1.507879E+0	3.427067E+11	1.511526E+0	3.453175E+11	1.802921E-2	3.409256E-2	-1.286172E-2	-1.606335E-2	4.388049E-2	-3.885156E+10	-3.875003E+10	-1.549066E+7	-1.015369E+8	-3.434297E+11
5.357140E+2	1.276548E+0	3.404141E+10	1.273784E+0	1.556811E+9	1.279092E+0	3.410681E+10	1.290087E+0	1.576060E+9	1.258721E+0	2.543280E+11	1.268620E+0	2.577788E+11	1.261099E+0	2.884348E+11	1.269541E+0	2.918202E+11	-2.764336E-3	1.099515E-2	-1.630337E-2	-1.375948E-2	4.242613E-3	-3.248460E+10	-3.253075E+10	-1.924936E+7	4.615386E+7	-2.902634E+11
5.358600E+2	1.073545E+0	2.882842E+10	1.021619E+0	1.260463E+9	1.072427E+0	2.880295E+10	1.094228E+0	1.345683E+9	1.064477E+0	2.165947E+11	1.072600E+0	2.194769E+11	1.065404E+0	2.453976E+11	1.072710E+0	2.483053E+11	-5.192629E-2	2.180101E-2	-7.260908E-2	-7.372730E-2	-5.109077E-2	-2.756795E+10	-2.745726E+10	-8.521915E+7	-1.106900E+8	-2.470449E+11
5.360070E+2	9.292181E-1	2.512219E+10	9.725623E-1	1.202812E+9	9.161476E-1	2.479219E+10	9.767150E-1	1.207459E+9	9.284039E-1	1.901617E+11	9.289001E-1	1.913984E+11	9.269737E-1	2.149539E+11	9.289370E-1	2.165206E+11	4.334417E-2	6.056737E-2	-4.152731E-3	-1.722320E-2	4.362528E-2	-2.391938E+10	-2.358473E+10	-4.647643E+6	-3.346500E+8	-2.153178E+11
5.362680E+2	7.025909E-1	1.930255E+10	7.288521E-1	9.164005E+8	7.052624E-1	1.938002E+10	7.325651E-1	9.202804E+8	7.070978E-1	1.471716E+11	7.104037E-1	1.487048E+11	7.068836E-1	1.665516E+11	7.094962E-1	1.680074E+11	2.626119E-2	2.730271E-2	-3.713031E-3	-1.041523E-3	1.935590E-2	-1.838615E+10	-1.845974E+10	-3.879920E+6	7.359288E+7	-1.670910E+11
5.365140E+2	5.661353E-1	1.579846E+10	5.781237E-1	7.392627E+8	5.661714E-1	1.581039E+10	5.892107E-1	7.516612E+8	5.746915E-1	1.214508E+11	5.719509E-1	1.216515E+11	5.736973E-1	1.372612E+11	5.712754E-1	1.374500E+11	1.198847E-2	2.303925E-2	-1.108695E-2	-1.105079E-2	6.848329E-3	-1.505919E+10	-1.505873E+10	-1.239847E+7	-4.685973E+5	-1.367107E+11
5.367970E+2	5.007555E-1	1.411955E+10	5.526131E-1	7.092823E+8	5.011297E-1	1.414115E+10	5.087845E-1	6.570607E+8	5.086214E-1	1.086163E+11	5.042874E-1	1.084303E+11	5.077471E-1	1.227574E+11	5.038772E-1	1.225498E+11	5.185751E-2	7.654811E-3	4.382857E-2	4.420270E-2	4.873589E-2	-1.341027E+10	-1.348409E+10	5.222158E+7	7.382683E+7	-1.218405E+11
5.370070E+2	4.949469E-1	1.397039E+10	4.854604E-1	6.303636E+8	4.931219E-1	1.393564E+10	5.336656E-1	6.863268E+8	5.018510E-1	1.073011E+11	4.954639E-1	1.067062E+11	5.008323E-1	1.212367E+11	4.954039E-1	1.206766E+11	-9.486566E-3	4.054370E-2	-4.820522E-2	-5.003027E-2	-9.943537E-3	-1.334002E+10	-1.324931E+10	-5.596320E+7	-9.070857E+7	-1.200462E+11
5.372800E+2	5.132820E-1	1.444122E+10	5.332506E-1	6.865273E+8	5.111357E-1	1.439795E+10	5.418313E-1	6.959317E+8	5.211568E-1	1.110514E+11	5.190991E-1	1.113244E+11	5.199874E-1	1.254493E+11	5.184234E-1	1.257656E+11	1.996861E-2	3.069561E-2	-8.580651E-3	-1.072700E-2	1.482722E-2	-1.375469E+10	-1.370202E+10	-9.404333E+6	-5.267655E+7	-1.250791E+11
5.375060E+2	5.934823E-1	1.650071E+10	6.148178E-1	7.823860E+8	5.954353E-1	1.656142E+10	6.059539E-1	7.713552E+8	6.023296E-1	1.268197E+11	6.012690E-1	1.273802E+11	6.015250E-1	1.433811E+11	6.003645E-1	1.438809E+11	2.133544E-2	1.051864E-2	8.863883E-3	1.081680E-2	1.445323E-2	-1.571833E+10	-1.579006E+10	1.103077E+7	7.173347E+7	-1.430985E+11
5.377630E+2	7.110863E-1	1.952071E+10	7.666550E-1	9.608269E+8	7.180854E-1	1.970911E+10	7.402539E-1	9.293243E+8	7.247226E-1	1.505953E+11	7.242210E-1	1.514047E+11	7.239481E-1	1.703044E+11	7.226954E-1	1.709254E+11	5.556869E-2	2.216849E-2	2.640108E-2	3.340020E-2	4.395965E-2	-1.855988E+10	-1.877979E+10	3.150264E+7	2.199093E+8	-1.699646E+11
5.380480E+2	8.723808E-1	2.366265E+10	8.475506E-1	1.055896E+9	8.672745E-1	2.353791E+10	8.552418E-1	1.064578E+9	8.722885E-1	1.792609E+11	8.654027E-1	1.789912E+11	8.717034E-1	2.027988E+11	8.662132E-1	2.026538E+11	-2.483020E-2	-1.203278E-2	-7.691205E-3	-1.279742E-2	-1.866267E-2	-2.260675E+10	-2.247333E+10	-8.681227E+6	-1.334177E+8	-2.015979E+11
5.382640E+2	1.017440E+0	2.738768E+10	9.965524E-1	1.231005E+9	1.016931E+0	2.737869E+10	1.033322E+0	1.274042E+9	1.020468E+0	2.080458E+11	1.012196E+0	2.076743E+11	1.020056E+0	2.354245E+11	1.012805E+0	2.350619E+11	-2.088775E-2	1.639082E-2	-3.676915E-2	-3.727857E-2	-1.625297E-2	-2.615667E+10	-2.610465E+10	-4.303704E+7	-5.202377E+7	-2.338309E+11
5.385170E+2	1.239236E+0	3.308325E+10	1.265689E+0	1.547297E+9	1.237972E+0	3.305150E+10	1.218251E+0	1.491563E+9	1.232057E+0	2.491483E+11	1.223409E+0	2.489447E+11	1.232747E+0	2.821998E+11	1.225248E+0	2.820280E+11	2.645287E-2	-1.972141E-2	4.743800E-2	4.617427E-2	4.044090E-2	-3.153595E+10	-3.155994E+10	5.573410E+7	2.399037E+7	-2.804807E+11
5.387970E+2	1.440809E+0	3.825952E+10	1.429545E+0	1.739863E+9	1.447880E+0	3.843859E+10	1.419487E+0	1.728266E+9	1.436951E+0	2.889503E+11	1.429487E+0	2.892117E+11	1.438227E+0	3.273888E+11	1.430802E+0	3.274712E+11	-1.126405E-2	-2.839257E-2	1.005766E-2	1.712853E-2	-1.256816E-3	-3.651966E+10	-3.671032E+10	1.159741E+7	1.906645E+8	-3.257313E+11
5.390130E+2	1.668711E+0	4.411189E+10	1.643073E+0	1.990804E+9	1.664690E+0	4.400282E+10	1.671321E+0	2.024483E+9	1.648711E+0	3.300859E+11	1.644130E+0	3.311525E+11	1.650576E+0	3.740887E+11	1.646986E+0	3.752643E+11	-2.563762E-2	6.630685E-3	-2.824804E-2	-3.226831E-2	-3.912540E-3	-4.212109E+10	-4.197834E+10	-3.367878E+7	-1.427471E+8	-3.732735E+11
5.392930E+2	1.887595E+0	4.973270E+10	1.900331E+0	2.293137E+9	1.880569E+0	4.954313E+10	1.887231E+0	2.278444E+9	1.838260E+0	3.669069E+11	1.839813E+0	3.693882E+11	1.843197E+0	4.164500E+11	1.845363E+0	4.191209E+11	1.273623E-2	6.662117E-3	1.310032E-2	6.074114E-3	5.496837E-2	-4.743956E+10	-4.726469E+10	1.469234E+7	-1.748741E+8	-4.168278E+11
5.395210E+2	2.033798E+0	5.348711E+10	2.043505E+0	2.461396E+9	2.039848E+0	5.363089E+10	2.114432E+0	2.545687E+9	1.989755E+0	3.963357E+11	2.000951E+0	4.008743E+11	1.995600E+0	4.499666E+11	2.004767E+0	4.543614E+11	9.706665E-3	7.458324E-2	-7.092657E-2	-6.487657E-2	3.873825E-2	-5.102571E+10	-5.108520E+10	-8.429061E+7	5.949096E+7	-4.519000E+11
5.397650E+2	2.046053E+0	5.380181E+10	2.076431E+0	2.500091E+9	2.060333E+0	5.415660E+10	2.029204E+0	2.445439E+9	1.999634E+0	3.982549E+11	2.007037E+0	4.020633E+11	2.006718E+0	4.524115E+11	2.011569E+0	4.558651E+11	3.037740E-2	-3.112820E-2	4.722644E-2	6.150560E-2	6.486211E-2	-5.130172E+10	-5.171116E+10	5.465183E+7	4.094391E+8	-4.533650E+11
5.400190E+2	2.026851E+0	5.330869E+10	2.074435E+0	2.497746E+9	2.031712E+0	5.342208E+10	2.066708E+0	2.489552E+9	1.985027E+0	3.954173E+11	1.985985E+0	3.979499E+11	1.990475E+0	4.488394E+11	1.990732E+0	4.512586E+11	4.758487E-2	3.499556E-2	7.727814E-3	1.258931E-2	8.370355E-2	-5.081095E+10	-5.093253E+10	8.194018E+6	1.215802E+8	-4.487608E+11
5.402790E+2	1.944626E+0	5.119722E+10	1.901057E+0	2.293990E+9	1.932228E+0	5.086891E+10	1.943616E+0	2.344766E+9	1.889280E+0	3.768179E+11	1.897739E+0	3.807068E+11	1.894292E+0	4.276868E+11	1.903185E+0	4.319040E+11	-4.356886E-2	1.138791E-2	-4.255853E-2	-5.495677E-2	-2.127961E-3	-4.890323E+10	-4.852414E+10	-5.077656E+7	-3.790849E+8	-4.296100E+11
5.405080E+2	1.863844E+0	4.912279E+10	1.797245E+0	2.171989E+9	1.865123E+0	4.914673E+10	1.826084E+0	2.206521E+9	1.828373E+0	3.649864E+11	1.834439E+0	3.683381E+11	1.832662E+0	4.141331E+11	1.837854E+0	4.174609E+11	-6.659849E-2	-3.903889E-2	-2.883867E-2	-2.755960E-2	-4.060878E-2	-4.695080E+10	-4.694021E+10	-3.453199E+7	-1.058774E+7	-4.152889E+11
5.407630E+2	1.761557E+0	4.649611E+10	1.813736E+0	2.191369E+9	1.760860E+0	4.647092E+10	1.739288E+0	2.104428E+9	1.736405E+0	3.471209E+11	1.732497E+0	3.484190E+11	1.739259E+0	3.935919E+11	1.735872E+0	3.949151E+11	5.217904E-2	-2.157208E-2	7.444782E-2	7.375113E-2	7.786324E-2	-4.430475E+10	-4.436649E+10	8.694074E+7	6.174641E+7	-3.927238E+11
5.410240E+2	1.612892E+0	4.267849E+10	1.617023E+0	1.960189E+9	1.618016E+0	4.280495E+10	1.635178E+0	1.981970E+9	1.586280E+0	3.179582E+11	1.591661E+0	3.209001E+11	1.589983E+0	3.607632E+11	1.594127E+0	3.635786E+11	4.131375E-3	1.716277E-2	-1.815528E-2	-1.303139E-2	2.289584E-2	-4.071830E+10	-4.082298E+10	-2.178050E+7	1.046826E+8	-3.616184E+11
5.412640E+2	1.576969E+0	4.175602E+10	1.582298E+0	1.919380E+9	1.582610E+0	4.189630E+10	1.634997E+0	1.981756E+9	1.552864E+0	3.114669E+11	1.562254E+0	3.151539E+11	1.556335E+0	3.533632E+11	1.563963E+0	3.569100E+11	5.329235E-3	5.238701E-2	-5.269863E-2	-4.705777E-2	1.833516E-2	-3.983664E+10	-3.991454E+10	-6.237606E+7	7.790490E+7	-3.549906E+11
5.415190E+2	1.483795E+0	3.936338E+10	1.474251E+0	1.792402E+9	1.479086E+0	3.923945E+10	1.496585E+0	1.818951E+9	1.468206E+0	2.950217E+11	1.471658E+0	2.974519E+11	1.469476E+0	3.342611E+11	1.473068E+0	3.368152E+11	-9.544639E-3	1.749969E-2	-2.233469E-2	-2.704433E-2	1.182513E-3	-3.757098E+10	-3.742050E+10	-2.654972E+7	-1.504767E+8	-3.350228E+11
5.417650E+2	1.302801E+0	3.471557E+10	1.346497E+0	1.642264E+9	1.301391E+0	3.467910E+10	1.295378E+0	1.582283E+9	1.303687E+0	2.630628E+11	1.301644E+0	2.642315E+11	1.303419E+0	2.977419E+11	1.301778E+0	2.989471E+11	4.369544E-2	-6.013694E-3	5.111898E-2	4.970913E-2	4.471826E-2	-3.307330E+10	-3.309682E+10	5.998075E+7	2.351292E+7	-2.973048E+11
5.420160E+2	1.157436E+0	3.098268E+10	1.170754E+0	1.435729E+9	1.158543E+0	3.101304E+10	1.222047E+0	1.496029E+9	1.153591E+0	2.339057E+11	1.156292E+0	2.358302E+11	1.154169E+0	2.649188E+11	1.156425E+0	2.668129E+11	1.331814E-2	6.350380E-2	-5.129299E-2	-5.018567E-2	1.432913E-2	-2.954695E+10	-2.951701E+10	-6.029963E+7	-2.993940E+7	-2.653771E+11
5.422890E+2	9.867612E-1	2.659986E+10	9.717276E-1	1.201831E+9	9.840983E-1	2.653608E+10	1.041213E+0	1.283324E+9	9.864940E-1	2.014461E+11	9.875894E-1	2.028661E+11	9.862144E-1	2.279821E+11	9.874932E-1	2.294660E+11	-1.503357E-2	5.711442E-2	-6.948507E-2	-7.214798E-2	-1.576555E-2	-2.539803E+10	-2.525275E+10	-8.149329E+7	-1.452774E+8	-2.282642E+11
5.425300E+2	9.785341E-1	2.638860E+10	1.011522E+0	1.248597E+9	9.752784E-1	2.630972E+10	1.002622E+0	1.237932E+9	9.813421E-1	2.004453E+11	9.734391E-1	2.001012E+11	9.806345E-1	2.267550E+11	9.740309E-1	2.264898E+11	3.298765E-2	2.734333E-2	8.900039E-3	5.644323E-3	3.749085E-2	-2.514000E+10	-2.507179E+10	1.066549E+7	-6.820625E+7	-2.252412E+11
5.427650E+2	9.767015E-1	2.634154E+10	1.026425E+0	1.266112E+9	9.907825E-1	2.670762E+10	1.052068E+0	1.296092E+9	9.880362E-1	2.017456E+11	9.863615E-1	2.026262E+11	9.883567E-1	2.284533E+11	9.852395E-1	2.289677E+11	4.972347E-2	6.128557E-2	-2.564305E-2	-1.156210E-2	4.118555E-2	-2.507543E+10	-2.541153E+10	-2.998078E+7	3.361042E+8	-2.277016E+11
5.430170E+2	1.097050E+0	2.943202E+10	1.088088E+0	1.338579E+9	1.102620E+0	2.957782E+10	1.155169E+0	1.417364E+9	1.100168E+0	2.235279E+11	1.098617E+0	2.245607E+11	1.100454E+0	2.531057E+11	1.098435E+0	2.539927E+11	-8.962453E-3	5.254897E-2	-6.708067E-2	-6.151142E-2	-1.034733E-2	-2.809344E+10	-2.816045E+10	-7.878475E+7	6.701191E+7	-2.526541E+11
5.432960E+2	1.254512E+0	3.347553E+10	1.244079E+0	1.521901E+9	1.250353E+0	3.336925E+10	1.294935E+0	1.581762E+9	1.246877E+0	2.520271E+11	1.245292E+0	2.532206E+11	1.247282E+0	2.853963E+11	1.246363E+0	2.866961E+11	-1.043307E-2	4.458191E-2	-5.085612E-2	-5.501499E-2	-2.284301E-3	-3.195363E+10	-3.178749E+10	-5.986114E+7	-1.661400E+8	-2.851742E+11
5.435220E+2	1.345956E+0	3.582377E+10	1.391958E+0	1.695691E+9	1.328912E+0	3.538539E+10	1.324270E+0	1.616268E+9	1.331209E+0	2.684091E+11	1.324740E+0	2.687444E+11	1.330941E+0	3.037945E+11	1.327204E+0	3.045681E+11	4.600171E-2	-4.641370E-3	6.768764E-2	5.064309E-2	6.475401E-2	-3.412807E+10	-3.376912E+10	7.942274E+7	-3.589561E+8	-3.028724E+11
5.437910E+2	1.550730E+0	4.108222E+10	1.603384E+0	1.944161E+9	1.564653E+0	4.143545E+10	1.584801E+0	1.922714E+9	1.538839E+0	3.087425E+11	1.539864E+0	3.107792E+11	1.541851E+0	3.501780E+11	1.541127E+0	3.518614E+11	5.265378E-2	2.014820E-2	1.858317E-2	3.250557E-2	6.225736E-2	-3.913806E+10	-3.951273E+10	2.144675E+7	3.746677E+8	-3.499172E+11
5.440170E+2	1.602102E+0	4.240143E+10	1.603831E+0	1.944686E+9	1.591112E+0	4.211450E+10	1.518394E+0	1.844604E+9	1.573224E+0	3.154221E+11	1.572188E+0	3.170951E+11	1.575312E+0	3.575366E+11	1.575663E+0	3.594965E+11	1.728412E-3	-7.271796E-2	8.543669E-2	7.444637E-2	2.816806E-2	-4.045674E+10	-4.026990E+10	1.000821E+8	-1.868451E+8	-3.575518E+11
5.442590E+2	1.646304E+0	4.353651E+10	1.667681E+0	2.019723E+9	1.654137E+0	4.373198E+10	1.721609E+0	2.083633E+9	1.614248E+0	3.233913E+11	1.617315E+0	3.259128E+11	1.618903E+0	3.671232E+11	1.620682E+0	3.694493E+11	2.137638E-2	6.747175E-2	-5.392797E-2	-4.609537E-2	4.699861E-2	-4.151679E+10	-4.164834E+10	-6.390984E+7	1.315578E+8	-3.674295E+11
5.445180E+2	1.581489E+0	4.187208E+10	1.588008E+0	1.926091E+9	1.591781E+0	4.213168E+10	1.592254E+0	1.931480E+9	1.559536E+0	3.127631E+11	1.570272E+0	3.167206E+11	1.563299E+0	3.548947E+11	1.571575E+0	3.585927E+11	6.519627E-3	4.722852E-4	-4.245383E-3	6.047342E-3	1.643364E-2	-3.994599E+10	-4.020020E+10	-5.389293E+6	2.542081E+8	-3.566666E+11
5.447610E+2	1.450450E+0	3.850709E+10	1.433406E+0	1.744400E+9	1.459745E+0	3.874310E+10	1.485044E+0	1.805376E+9	1.439735E+0	2.894911E+11	1.449091E+0	2.930423E+11	1.442071E+0	3.282342E+11	1.449249E+0	3.315493E+11	-1.704391E-2	2.529883E-2	-5.163845E-2	-4.234273E-2	-1.584290E-2	-3.676269E+10	-3.693773E+10	-6.097598E+7	1.750419E+8	-3.298049E+11
5.450090E+2	1.448280E+0	3.845137E+10	1.463339E+0	1.779578E+9	1.446046E+0	3.839152E+10	1.548296E+0	1.879776E+9	1.426855E+0	2.869890E+11	1.431822E+0	2.896679E+11	1.429095E+0	3.253805E+11	1.433733E+0	3.281193E+11	1.505870E-2	1.022503E-1	-8.495783E-2	-8.719161E-2	2.960518E-2	-3.667179E+10	-3.651175E+10	-1.001983E+8	-1.600407E+8	-3.263397E+11
5.452640E+2	1.332236E+0	3.547143E+10	1.337256E+0	1.631404E+9	1.329446E+0	3.539910E+10	1.369787E+0	1.669806E+9	1.317908E+0	2.658252E+11	1.320803E+0	2.679752E+11	1.319254E+0	3.012243E+11	1.322131E+0	3.034467E+11	5.019880E-3	4.034092E-2	-3.253150E-2	-3.532104E-2	1.512436E-2	-3.384002E+10	-3.372929E+10	-3.840278E+7	-1.107301E+8	-3.018152E+11
5.455290E+2	1.296135E+0	3.454438E+10	1.271431E+0	1.554046E+9	1.289940E+0	3.438522E+10	1.279256E+0	1.563321E+9	1.285202E+0	2.594720E+11	1.286785E+0	2.613282E+11	1.285755E+0	2.938572E+11	1.287871E+0	2.958726E+11	-2.470340E-2	-1.068387E-2	-7.825178E-3	-1.401953E-2	-1.644012E-2	-3.299033E+10	-3.282190E+10	-9.274555E+6	-1.684299E+8	-2.943185E+11
5.457670E+2	1.181761E+0	3.160733E+10	1.115808E+0	1.371156E+9	1.165677E+0	3.119611E+10	1.172024E+0	1.437189E+9	1.164338E+0	2.359933E+11	1.161139E+0	2.367773E+11	1.164494E+0	2.671894E+11	1.163535E+0	2.683846E+11	-6.595280E-2	6.347315E-3	-5.621571E-2	-7.230012E-2	-4.772647E-2	-3.023618E+10	-2.975892E+10	-6.603345E+7	-4.772551E+8	-2.670135E+11
5.460110E+2	1.171800E+0	3.135154E+10	1.171355E+0	1.436435E+9	1.154040E+0	3.089748E+10	1.144478E+0	1.404789E+9	1.156148E+0	2.344025E+11	1.153256E+0	2.352369E+11	1.155902E+0	2.652999E+11	1.155410E+0	2.665884E+11	-4.455283E-4	-9.562194E-3	2.687656E-2	9.116666E-3	1.594497E-2	-2.991511E+10	-2.949269E+10	3.164589E+7	-4.224229E+8	-2.651520E+11
5.467660E+2	1.244771E+0	3.322538E+10	1.244344E+0	1.522213E+9	1.236733E+0	3.301971E+10	1.280829E+0	1.565170E+9	1.231172E+0	2.489763E+11	1.230523E+0	2.503347E+11	1.231821E+0	2.819960E+11	1.232178E+0	2.835601E+11	-4.264708E-4	4.409549E-2	-3.648446E-2	-4.452196E-2	1.216613E-2	-3.170317E+10	-3.145454E+10	-4.295690E+7	-2.486279E+8	-2.820379E+11
5.475180E+2	1.305304E+0	3.477984E+10	1.320287E+0	1.611461E+9	1.312120E+0	3.495444E+10	1.324890E+0	1.616997E+9	1.301846E+0	2.627052E+11	1.297492E+0	2.634203E+11	1.303045E+0	2.976597E+11	1.298400E+0	2.982001E+11	1.498260E-2	1.277032E-2	-4.603763E-3	2.212285E-3	2.188704E-2	-3.316838E+10	-3.333744E+10	-5.535620E+6	1.690679E+8	-2.965887E+11
5.482600E+2	1.397967E+0	3.715937E+10	1.367233E+0	1.666633E+9	1.408718E+0	3.743353E+10	1.415460E+0	1.723528E+9	1.385303E+0	2.789172E+11	1.389907E+0	2.814780E+11	1.388035E+0	3.163507E+11	1.390844E+0	3.186373E+11	-3.073446E-2	6.741808E-3	-4.822656E-2	-3.747627E-2	-2.361062E-2	-3.549274E+10	-3.571000E+10	-5.689475E+7	2.172576E+8	-3.169707E+11
5.490100E+2	1.326715E+0	3.532966E+10	1.314845E+0	1.605066E+9	1.324911E+0	3.528270E+10	1.351353E+0	1.648124E+9	1.311511E+0	2.645826E+11	1.316706E+0	2.671747E+11	1.313075E+0	2.998653E+11	1.317869E+0	3.025043E+11	-1.187031E-2	2.644246E-2	-3.650821E-2	-3.831277E-2	-3.023975E-3	-3.372460E+10	-3.363458E+10	-4.305730E+7	-9.002145E+7	-3.008993E+11
5.497740E+2	1.309238E+0	3.488086E+10	1.351562E+0	1.648216E+9	1.311786E+0	3.494587E+10	1.285090E+0	1.570183E+9	1.300944E+0	2.625300E+11	1.300834E+0	2.640733E+11	1.302209E+0	2.974758E+11	1.301810E+0	2.989541E+11	4.232376E-2	-2.669567E-2	6.647128E-2	6.901943E-2	4.975132E-2	-3.323264E+10	-3.337568E+10	7.803353E+7	1.430452E+8	-2.973059E+11
5.505060E+2	1.313596E+0	3.499278E+10	1.340312E+0	1.634996E+9	1.325162E+0	3.528916E+10	1.362471E+0	1.661201E+9	1.304610E+0	2.632422E+11	1.308533E+0	2.655776E+11	1.307009E+0	2.985313E+11	1.309121E+0	3.005704E+11	2.671583E-2	3.730856E-2	-2.215873E-2	-1.059272E-2	3.119127E-2	-3.335779E+10	-3.362796E+10	-2.620506E+7	2.701746E+8	-2.989354E+11
5.512620E+2	1.261629E+0	3.365829E+10	1.215788E+0	1.488653E+9	1.259989E+0	3.361655E+10	1.296861E+0	1.584027E+9	1.256087E+0	2.538162E+11	1.258886E+0	2.558767E+11	1.256542E+0	2.874328E+11	1.259204E+0	2.895350E+11	-4.584099E-2	3.687167E-2	-8.107286E-2	-8.271266E-2	-4.341641E-2	-3.216964E+10	-3.203252E+10	-9.537420E+7	-1.371126E+8	-2.880463E+11
5.520100E+2	1.298021E+0	3.459280E+10	1.331103E+0	1.624173E+9	1.288470E+0	3.434748E+10	1.327620E+0	1.620207E+9	1.289372E+0	2.602820E+11	1.288974E+0	2.617559E+11	1.289267E+0	2.946295E+11	1.290025E+0	2.963487E+11	3.308255E-2	3.914969E-2	3.483479E-3	-6.067147E-3	4.107791E-2	-3.296863E+10	-3.272728E+10	3.965797E+6	-2.413540E+8	-2.947246E+11
5.527590E+2	1.231046E+0	3.287293E+10	1.250752E+0	1.529744E+9	1.240544E+0	3.311750E+10	1.216467E+0	1.489465E+9	1.225096E+0	2.477961E+11	1.225653E+0	2.493831E+11	1.226899E+0	2.809136E+11	1.226279E+0	2.822560E+11	1.970636E-2	-2.407689E-2	3.428529E-2	4.378325E-2	2.447266E-2	-3.134319E+10	-3.162804E+10	4.027871E+7	2.848487E+8	-2.807263E+11
5.534880E+2	1.181468E+0	3.159981E+10	1.172897E+0	1.438247E+9	1.173715E+0	3.140241E+10	1.136960E+0	1.395946E+9	1.168416E+0	2.367855E+11	1.172068E+0	2.389127E+11	1.169034E+0	2.681879E+11	1.173160E+0	2.705125E+11	-8.570852E-3	-3.675474E-2	3.593693E-2	2.818389E-2	-2.625465E-4	-3.016156E+10	-3.000646E+10	4.230147E+7	-1.550991E+8	-2.690743E+11
5.542530E+2	1.139473E+0	3.052141E+10	1.162408E+0	1.425920E+9	1.134876E+0	3.040564E+10	1.195555E+0	1.464867E+9	1.125712E+0	2.284900E+11	1.122524E+0	2.292320E+11	1.126781E+0	2.588956E+11	1.124493E+0	2.597534E+11	2.293454E-2	6.067874E-2	-3.314669E-2	-3.774420E-2	3.791485E-2	-2.909549E+10	-2.894077E+10	-3.894665E+7	-1.547202E+8	-2.583275E+11
5.550140E+2	1.027931E+0	2.765708E+10	1.042030E+0	1.284450E+9	1.037765E+0	2.791339E+10	1.086012E+0	1.336019E+9	1.020647E+0	2.080804E+11	1.026856E+0	2.105388E+11	1.022644E+0	2.359938E+11	1.026981E+0	2.381958E+11	1.409864E-2	4.824637E-2	-4.398226E-2	-3.414773E-2	1.504849E-2	-2.637262E+10	-2.657738E+10	-5.156813E+7	2.047517E+8	-2.369114E+11
5.557600E+2	1.008156E+0	2.714926E+10	1.050970E+0	1.294957E+9	1.005756E+0	2.709190E+10	1.072079E+0	1.319631E+9	9.999783E-1	2.040655E+11	9.986515E-1	2.050276E+11	1.000653E+0	2.311574E+11	9.997554E-1	2.321769E+11	4.281454E-2	6.632337E-2	-2.110922E-2	-2.350883E-2	5.121467E-2	-2.585430E+10	-2.577227E+10	-2.467314E+7	-8.202774E+7	-2.308819E+11
5.560190E+2	9.720789E-1	2.622283E+10	9.973682E-1	1.231964E+9	9.683376E-1	2.613159E+10	1.014729E+0	1.252172E+9	9.736916E-1	1.989591E+11	9.764946E-1	2.006982E+11	9.730668E-1	2.250907E+11	9.759817E-1	2.269211E+11	2.528928E-2	4.639106E-2	-1.736043E-2	-2.110178E-2	2.138649E-2	-2.499087E+10	-2.487942E+10	-2.020857E+7	-1.114447E+8	-2.256891E+11
5.565140E+2	9.604787E-1	2.592494E+10	9.466704E-1	1.172383E+9	9.441563E-1	2.551101E+10	9.860745E-1	1.218468E+9	9.567140E-1	1.956611E+11	9.558644E-1	1.966672E+11	9.552485E-1	2.211721E+11	9.564004E-1	2.225921E+11	-1.380826E-2	4.191820E-2	-3.940412E-2	-5.572646E-2	-9.729969E-3	-2.475256E+10	-2.429254E+10	-4.608512E+7	-4.600225E+8	-2.214197E+11
5.570220E+2	9.802825E-1	2.643349E+10	1.011731E+0	1.248843E+9	9.974227E-1	2.687804E+10	9.778610E-1	1.208807E+9	9.917769E-1	2.024723E+11	9.917096E-1	2.036712E+11	9.924358E-1	2.293503E+11	9.903823E-1	2.301047E+11	3.144803E-2	-1.956170E-2	3.386956E-2	5.100974E-2	2.134820E-2	-2.518465E+10	-2.566923E+10	4.003542E+7	4.845779E+8	-2.288559E+11
5.575420E+2	9.936998E-1	2.677804E+10	1.005387E+0	1.241388E+9	9.843803E-1	2.654332E+10	9.775526E-1	1.208444E+9	9.863595E-1	2.014199E+11	9.898239E-1	2.033027E+11	9.861285E-1	2.279632E+11	9.902741E-1	2.300808E+11	1.168773E-2	-6.827760E-3	2.783492E-2	1.851549E-2	1.511343E-2	-2.553665E+10	-2.533487E+10	3.294377E+7	-2.017799E+8	-2.288394E+11
5.580060E+2	9.927297E-1	2.675313E+10	9.828480E-1	1.214899E+9	9.865894E-1	2.660001E+10	9.890461E-1	1.221964E+9	9.903914E-1	2.022032E+11	9.890604E-1	2.031536E+11	9.899477E-1	2.288032E+11	9.894866E-1	2.299067E+11	-9.881682E-3	2.456692E-3	-6.198134E-3	-1.233837E-2	-6.638641E-3	-2.553823E+10	-2.537805E+10	-7.064102E+6	-1.601819E+8	-2.286918E+11
5.585160E+2	1.004084E+0	2.704469E+10	9.944481E-1	1.228532E+9	9.939682E-1	2.678938E+10	9.910124E-1	1.224276E+9	9.979171E-1	2.036651E+11	9.946234E-1	2.042406E+11	9.974563E-1	2.304545E+11	9.957222E-1	2.312852E+11	-9.635580E-3	-2.955780E-3	3.435659E-3	-6.679800E-3	-1.274146E-3	-2.581616E+10	-2.556510E+10	4.255625E+6	-2.510563E+8	-2.300567E+11
5.590040E+2	9.938980E-1	2.678313E+10	1.009760E+0	1.246527E+9	9.957794E-1	2.683586E+10	1.014763E+0	1.252212E+9	1.000991E+0	2.042622E+11	1.002231E+0	2.057270E+11	1.000383E+0	2.310981E+11	1.001263E+0	2.325101E+11	1.586202E-2	1.898315E-2	-5.002496E-3	-3.121128E-3	8.497318E-3	-2.553660E+10	-2.558365E+10	-5.685409E+6	4.704576E+7	-2.312636E+11
5.595110E+2	1.036865E+0	2.788651E+10	1.016604E+0	1.254570E+9	1.038811E+0	2.794022E+10	1.024723E+0	1.263928E+9	1.033755E+0	2.106267E+11	1.036098E+0	2.123446E+11	1.034345E+0	2.385669E+11	1.036187E+0	2.402311E+11	-2.026125E-2	-1.408802E-2	-8.118339E-3	-6.173231E-3	-1.958291E-2	-2.663194E+10	-2.667629E+10	-9.357424E+6	4.435120E+7	-2.389765E+11
5.600470E+2	1.040057E+0	2.796846E+10	1.030296E+0	1.270662E+9	1.045545E+0	2.811305E+10	1.062905E+0	1.308839E+9	1.040907E+0	2.120162E+11	1.042095E+0	2.135164E+11	1.041449E+0	2.401293E+11	1.041858E+0	2.414849E+11	-9.760467E-3	1.735934E-2	-3.260807E-2	-2.711981E-2	-1.156188E-2	-2.669780E+10	-2.680422E+10	-3.817730E+7	1.064142E+8	-2.402142E+11
5.605210E+2	1.030813E+0	2.773109E+10	1.012422E+0	1.249655E+9	1.023584E+0	2.754944E+10	9.860444E-1	1.218433E+9	1.026854E+0	2.092863E+11	1.022472E+0	2.096821E+11	1.026473E+0	2.368357E+11	1.023441E+0	2.374131E+11	-1.839104E-2	-3.753956E-2	2.637768E-2	1.914852E-2	-1.101859E-2	-2.648143E+10	-2.633101E+10	3.122247E+7	-1.504251E+8	-2.361635E+11
5.610010E+2	9.670921E-1	2.609477E+10	9.898326E-1	1.223108E+9	9.897639E-1	2.668148E+10	9.900193E-1	1.223108E+9	9.743337E-1	1.990839E+11	9.760228E-1	2.006061E+11	9.761344E-1	2.257653E+11	9.749855E-1	2.267008E+11	2.274050E-2	2.554401E-4	-1.866538E-4	2.248506E-2	1.484719E-2	-2.487167E+10	-2.545837E+10	-3.388528E+2	5.867058E+8	-2.254777E+11
