Photon Energy (eV)	X ref norm	X ref	X pump norm	X pump	Y ref norm	Y ref	Y pump norm	Y pump	X all norm	X all	Y all norm	Y all	X all Y ref norm	X all Y ref	Y all X ref norm	Y all X ref	BC(X hist) norm	BC(Y hist) norm	StS norm	BCSC norm	BCLR norm	BC(X hist)	BC(Y hist)	StS	BCSC	BCLR	
5.300270E+2	-9.303666E-3	1.021554E+9	3.120768E-4	6.316070E+7	-7.945573E-3	1.076227E+9	5.555983E-3	6.624167E+7	-9.259986E-3	8.014584E+9	-8.473913E-3	8.238115E+9	-9.106598E-3	9.090811E+9	-8.570294E-3	9.259669E+9	9.615743E-3	1.350156E-2	-5.243906E-3	-3.885814E-3	8.882371E-3	-9.583933E+8	-1.009985E+9	-3.080977E+6	5.159203E+7	-9.196508E+9
5.305230E+2	-5.968786E-3	1.107192E+9	1.261036E-3	6.430632E+7	-6.431829E-3	1.115076E+9	-1.249005E-2	4.416216E+7	-6.402051E-3	8.569756E+9	-6.291885E-3	8.664477E+9	-6.405526E-3	9.684832E+9	-6.254355E-3	9.771668E+9	7.229822E-3	-6.058217E-3	1.375108E-2	1.328804E-2	7.515392E-3	-1.042885E+9	-1.070914E+9	2.014416E+7	2.802835E+7	-9.707362E+9
5.310050E+2	-5.573847E-3	1.117333E+9	-1.394948E-2	4.594348E+7	-6.043287E-3	1.125047E+9	-8.488299E-3	4.905834E+7	-6.828404E-3	8.486934E+9	-6.386098E-3	8.646068E+9	-6.736783E-3	9.611982E+9	-6.291750E-3	9.763401E+9	-8.375630E-3	-2.445013E-3	-5.461177E-3	-5.930617E-3	-7.657726E-3	-1.071390E+9	-1.075989E+9	-3.114859E+6	4.599133E+6	-9.717458E+9
5.315080E+2	-3.708188E-3	1.165242E+9	-1.387292E-2	4.603590E+7	-4.731363E-3	1.158717E+9	-3.305848E-3	5.539913E+7	-3.828920E-3	9.069603E+9	-3.700411E-3	9.170844E+9	-3.934232E-3	1.022832E+10	-3.701314E-3	1.033609E+10	-1.016473E-2	1.425515E-3	-1.056707E-2	-1.159025E-2	-1.017161E-2	-1.119206E+9	-1.103318E+9	-9.363223E+6	-1.588891E+7	-1.029005E+10
5.320120E+2	-4.071549E-4	1.250011E+9	9.669429E-3	7.445733E+7	-9.014694E-4	1.257007E+9	-5.665548E-3	5.251201E+7	-1.949162E-4	9.775531E+9	-2.578871E-4	9.843503E+9	-2.773689E-4	1.103254E+10	-2.752254E-4	1.109351E+10	1.007658E-2	-4.764079E-3	1.533498E-2	1.484066E-2	9.944654E-3	-1.175553E+9	-1.204495E+9	2.194532E+7	2.894176E+7	-1.101906E+10
5.325120E+2	6.849643E-3	1.436361E+9	-9.908062E-4	6.158779E+7	7.068038E-3	1.461537E+9	6.269732E-3	6.711495E+7	6.959261E-3	1.116528E+10	7.036047E-3	1.126872E+10	6.971955E-3	1.262681E+10	7.014395E-3	1.270508E+10	-7.840449E-3	-7.983056E-4	-7.260538E-3	-7.042144E-3	-8.005201E-3	-1.374773E+9	-1.394422E+9	-5.527157E+6	1.964908E+7	-1.264349E+10
5.330230E+2	1.811200E-2	1.725571E+9	1.757066E-2	8.399607E+7	1.898548E-2	1.767387E+9	1.812403E-2	8.161881E+7	1.955502E-2	1.361208E+10	1.807415E-2	1.342553E+10	1.948855E-2	1.537947E+10	1.807854E-2	1.515110E+10	-5.413357E-4	-8.614580E-4	-5.533637E-4	3.201223E-4	-5.078820E-4	-1.641575E+9	-1.685768E+9	2.377258E+6	4.419323E+7	-1.506711E+10
5.331580E+2	2.579636E-2	1.922900E+9	2.578706E-2	9.391529E+7	2.386512E-2	1.892618E+9	1.204834E-2	7.418514E+7	2.473926E-2	1.461915E+10	2.385999E-2	1.455607E+10	2.463725E-2	1.651177E+10	2.408491E-2	1.647897E+10	-9.302371E-6	-1.181677E-2	1.373872E-2	1.180747E-2	1.702153E-3	-1.828985E+9	-1.818433E+9	1.973014E+7	-1.055238E+7	-1.638505E+10
5.333080E+2	3.388420E-2	2.130591E+9	3.504950E-2	1.050973E+8	3.322536E-2	2.132839E+9	2.560010E-2	9.076586E+7	3.275522E-2	1.617630E+10	3.323086E-2	1.638711E+10	3.281008E-2	1.830914E+10	3.330675E-2	1.851770E+10	1.165297E-3	-7.625263E-3	9.449402E-3	8.790560E-3	1.742747E-3	-2.025494E+9	-2.042074E+9	1.433147E+7	1.658005E+7	-1.841261E+10
5.334580E+2	4.074220E-2	2.306700E+9	6.145799E-2	1.369789E+8	4.130217E-2	2.340123E+9	3.683811E-2	1.045157E+8	4.281388E-2	1.813026E+10	4.150800E-2	1.800444E+10	4.263747E-2	2.047038E+10	4.141905E-2	2.031114E+10	2.071579E-2	-4.464067E-3	2.461988E-2	2.517986E-2	2.003894E-2	-2.169721E+9	-2.235607E+9	3.246321E+7	6.588655E+7	-2.017416E+10
5.336130E+2	5.738709E-2	2.734130E+9	6.619525E-2	1.426979E+8	5.647255E-2	2.729456E+9	4.227062E-2	1.111624E+8	5.910124E-2	2.129418E+10	5.736780E-2	2.110340E+10	5.879448E-2	2.402364E+10	5.737004E-2	2.383753E+10	8.808165E-3	-1.420193E-2	2.392463E-2	2.301010E-2	8.825214E-3	-2.591432E+9	-2.618294E+9	3.153552E+7	2.686185E+7	-2.369483E+10
5.337740E+2	8.139918E-2	3.350745E+9	7.663396E-2	1.553000E+8	7.952394E-2	3.321048E+9	7.834517E-2	1.553000E+8	8.397919E-2	2.612688E+10	7.994000E-2	2.551395E+10	8.345928E-2	2.944793E+10	8.010949E-2	2.886469E+10	-4.765219E-3	-1.178774E-3	-1.711209E-3	-3.586444E-3	-3.475530E-3	-3.195445E+9	-3.165748E+9	1.099046E+1	-2.969700E+7	-2.870939E+10
5.339090E+2	1.069799E-1	4.007641E+9	1.143743E-1	2.008619E+8	1.099350E-1	4.101517E+9	9.425511E-2	1.747660E+8	1.177253E-1	3.268227E+10	1.122155E-1	3.182050E+10	1.168162E-1	3.678379E+10	1.116074E-1	3.582814E+10	7.394422E-3	-1.567985E-2	2.011917E-2	2.307427E-2	2.766896E-3	-3.806779E+9	-3.926751E+9	2.609591E+7	1.199728E+8	-3.562728E+10
5.340590E+2	1.665868E-1	5.538308E+9	1.962848E-1	2.997481E+8	1.741134E-1	5.748595E+9	1.722332E-1	2.701730E+8	1.859807E-1	4.594132E+10	1.773994E-1	4.455725E+10	1.845958E-1	5.168991E+10	1.761435E-1	5.009556E+10	2.969803E-2	-1.880172E-3	2.405160E-2	3.157821E-2	2.014132E-2	-5.238559E+9	-5.478422E+9	2.957507E+7	2.398621E+8	-4.979581E+10
5.342090E+2	2.977761E-1	8.907167E+9	3.319243E-1	4.634984E+8	3.012763E-1	9.012109E+9	2.762183E-1	3.973999E+8	3.205875E-1	7.208953E+10	3.028298E-1	6.906600E+10	3.183339E-1	8.110164E+10	3.022428E-1	7.797317E+10	3.414811E-2	-2.505804E-2	5.570599E-2	5.920615E-2	2.968147E-2	-8.443669E+9	-8.614709E+9	6.609851E+7	1.710405E+8	-7.750967E+10
5.343600E+2	5.352312E-1	1.500486E+10	5.884564E-1	7.731960E+8	5.357847E-1	1.503054E+10	5.543092E-1	7.376472E+8	5.631062E-1	1.192003E+11	5.334894E-1	1.141362E+11	5.599178E-1	1.342309E+11	5.336917E-1	1.291411E+11	5.322524E-2	1.852455E-2	3.414719E-2	3.470069E-2	5.476472E-2	-1.423166E+10	-1.429289E+10	3.554883E+7	6.122925E+7	-1.283679E+11
5.345110E+2	8.950847E-1	2.424567E+10	9.179555E-1	1.170983E+9	8.994133E-1	2.436272E+10	9.091445E-1	1.171792E+9	9.230764E-1	1.891268E+11	8.966504E-1	1.850969E+11	9.203150E-1	2.134895E+11	8.964685E-1	2.093426E+11	2.287077E-2	9.731141E-3	8.811028E-3	1.313963E-2	2.148696E-2	-2.307469E+10	-2.319093E+10	-8.092437E+5	1.162419E+8	-2.081716E+11
5.346560E+2	1.269419E+0	3.385834E+10	1.372677E+0	1.719944E+9	1.281774E+0	3.417564E+10	1.246983E+0	1.585141E+9	1.289865E+0	2.603777E+11	1.268898E+0	2.578331E+11	1.288921E+0	2.945534E+11	1.268959E+0	2.916914E+11	1.032581E-1	-3.479077E-2	1.256940E-1	1.380489E-1	1.037187E-1	-3.213839E+10	-3.259050E+10	1.348027E+8	4.521061E+8	-2.899715E+11
5.348070E+2	1.633770E+0	4.321464E+10	1.665322E+0	2.073239E+9	1.642992E+0	4.344596E+10	1.590827E+0	2.005837E+9	1.633490E+0	3.271290E+11	1.618777E+0	3.261985E+11	1.634599E+0	3.705750E+11	1.620519E+0	3.694131E+11	3.155221E-2	-5.216569E-2	7.449553E-2	8.371790E-2	4.480363E-2	-4.114140E+10	-4.144012E+10	6.740122E+7	2.987278E+8	-3.673399E+11
5.349630E+2	1.949652E+0	5.132628E+10	1.844955E+0	2.290099E+9	1.950921E+0	5.134866E+10	1.910823E+0	2.397356E+9	1.908068E+0	3.804676E+11	1.915227E+0	3.841240E+11	1.913069E+0	4.318163E+11	1.919226E+0	4.354503E+11	-1.046975E-1	-4.009892E-2	-6.586795E-2	-6.459854E-2	-7.427117E-2	-4.903618E+10	-4.895131E+10	-1.072566E+8	-8.487500E+7	-4.331602E+11
5.351090E+2	2.084007E+0	5.477644E+10	2.014827E+0	2.495177E+9	2.083600E+0	5.475372E+10	2.078718E+0	2.602778E+9	2.029060E+0	4.039712E+11	2.039547E+0	4.084157E+11	2.035425E+0	4.587249E+11	2.044711E+0	4.631921E+11	-6.918008E-2	-4.881431E-3	-6.389102E-2	-6.429865E-2	-2.988404E-2	-5.228126E+10	-5.215094E+10	-1.076006E+8	-1.303171E+8	-4.606970E+11
5.352600E+2	1.996529E+0	5.253004E+10	1.952209E+0	2.419582E+9	2.006984E+0	5.278746E+10	1.898379E+0	2.382131E+9	1.941034E+0	3.868714E+11	1.956444E+0	3.921776E+11	1.948730E+0	4.396588E+11	1.961100E+0	4.447076E+11	-4.431941E-2	-1.086049E-1	5.382986E-2	6.428553E-2	-8.890645E-3	-5.011046E+10	-5.040533E+10	3.745059E+7	2.948704E+8	-4.422881E+11
5.354060E+2	1.765104E+0	4.658722E+10	1.768691E+0	2.198030E+9	1.768983E+0	4.667939E+10	1.748579E+0	2.198849E+9	1.726401E+0	3.451776E+11	1.731859E+0	3.482944E+11	1.731370E+0	3.918570E+11	1.735721E+0	3.948816E+11	3.586688E-3	-2.040427E-2	2.011223E-2	2.399096E-2	3.297035E-2	-4.438919E+10	-4.448054E+10	-8.185335E+5	9.135643E+7	-3.926836E+11
5.355630E+2	1.537378E+0	4.073934E+10	1.462199E+0	1.828019E+9	1.534176E+0	4.065329E+10	1.532512E+0	1.934489E+9	1.504404E+0	3.020534E+11	1.508129E+0	3.045781E+11	1.507879E+0	3.427067E+11	1.511526E+0	3.453175E+11	-7.517816E-2	-1.663828E-3	-7.031271E-2	-7.351433E-2	-4.932688E-2	-3.891132E+10	-3.871880E+10	-1.064696E+8	-1.925158E+8	-3.434894E+11
5.357140E+2	1.276548E+0	3.404141E+10	1.202917E+0	1.515002E+9	1.279092E+0	3.410681E+10	1.242831E+0	1.580061E+9	1.258721E+0	2.543280E+11	1.268620E+0	2.577788E+11	1.261099E+0	2.884348E+11	1.269541E+0	2.918202E+11	-7.363102E-2	-3.626130E-2	-3.991361E-2	-3.736972E-2	-6.662407E-2	-3.252641E+10	-3.252675E+10	-6.505900E+7	3.442203E+5	-2.903052E+11
5.358600E+2	1.073545E+0	2.882842E+10	1.044196E+0	1.323386E+9	1.072427E+0	2.880295E+10	1.078307E+0	1.378764E+9	1.064477E+0	2.165947E+11	1.072600E+0	2.194769E+11	1.065404E+0	2.453976E+11	1.072710E+0	2.483053E+11	-2.934905E-2	5.880414E-3	-3.411124E-2	-3.522946E-2	-2.851353E-2	-2.750503E+10	-2.742418E+10	-5.537829E+7	-8.084912E+7	-2.469819E+11
5.360070E+2	9.292181E-1	2.512219E+10	9.028995E-1	1.152806E+9	9.161476E-1	2.479219E+10	8.576951E-1	1.108843E+9	9.284039E-1	1.901617E+11	9.289001E-1	1.913984E+11	9.269737E-1	2.149539E+11	9.289370E-1	2.165206E+11	-2.631863E-2	-5.845252E-2	4.520436E-2	3.213389E-2	-2.603751E-2	-2.396939E+10	-2.368335E+10	4.396326E+7	-2.860391E+8	-2.153678E+11
5.362680E+2	7.025909E-1	1.930255E+10	7.005139E-1	9.084771E+8	7.052624E-1	1.938002E+10	7.012640E-1	9.174479E+8	7.070978E-1	1.471716E+11	7.104037E-1	1.487048E+11	7.068836E-1	1.665516E+11	7.094962E-1	1.680074E+11	-2.076965E-3	-3.998414E-3	-7.500592E-4	1.921449E-3	-8.982254E-3	-1.839407E+10	-1.846258E+10	-8.970849E+6	6.850195E+7	-1.670989E+11
5.365140E+2	5.661353E-1	1.579846E+10	5.490695E-1	7.256463E+8	5.661714E-1	1.581039E+10	5.245314E-1	7.012136E+8	5.746915E-1	1.214508E+11	5.719509E-1	1.216515E+11	5.736973E-1	1.372612E+11	5.712754E-1	1.374500E+11	-1.706574E-2	-4.164007E-2	2.453816E-2	2.457432E-2	-2.220588E-2	-1.507281E+10	-1.510917E+10	2.443267E+7	3.636254E+7	-1.367243E+11
5.367970E+2	5.007555E-1	1.411955E+10	4.916778E-1	6.563603E+8	5.011297E-1	1.414115E+10	5.099453E-1	6.833674E+8	5.086214E-1	1.086163E+11	5.042874E-1	1.084303E+11	5.077471E-1	1.227574E+11	5.038772E-1	1.225498E+11	-9.077729E-3	8.815596E-3	-1.826745E-2	-1.789333E-2	-1.219934E-2	-1.346319E+10	-1.345779E+10	-2.700704E+7	-5.401782E+6	-1.218934E+11
5.370070E+2	4.949469E-1	1.397039E+10	4.806120E-1	6.430011E+8	4.931219E-1	1.393564E+10	4.836136E-1	6.511504E+8	5.018510E-1	1.073011E+11	4.954639E-1	1.067062E+11	5.008323E-1	1.212367E+11	4.954039E-1	1.206766E+11	-1.433495E-2	-9.508235E-3	-3.001672E-3	-4.826718E-3	-1.479192E-2	-1.332739E+10	-1.328449E+10	-8.149217E+6	-4.289459E+7	-1.200336E+11
5.372800E+2	5.132820E-1	1.444122E+10	5.172726E-1	6.872595E+8	5.111357E-1	1.439795E+10	4.929449E-1	6.625673E+8	5.211568E-1	1.110514E+11	5.190991E-1	1.113244E+11	5.199874E-1	1.254493E+11	5.184234E-1	1.257656E+11	3.990555E-3	-1.819077E-2	2.432767E-2	2.218133E-2	-1.150833E-3	-1.375396E+10	-1.373538E+10	2.469228E+7	-1.857993E+7	-1.250784E+11
5.375060E+2	5.934823E-1	1.650071E+10	5.951170E-1	7.812369E+8	5.954353E-1	1.656142E+10	5.966996E-1	7.895123E+8	6.023296E-1	1.268197E+11	6.012690E-1	1.273802E+11	6.015250E-1	1.433811E+11	6.003645E-1	1.438809E+11	1.634665E-3	1.264374E-3	-1.582630E-3	3.702901E-4	-5.247543E-3	-1.571948E+10	-1.577190E+10	-8.275323E+6	5.242737E+7	-1.430997E+11
5.377630E+2	7.110863E-1	1.952071E+10	7.043294E-1	9.130833E+8	7.180854E-1	1.970911E+10	6.895847E-1	9.031582E+8	7.247226E-1	1.505953E+11	7.242210E-1	1.514047E+11	7.239481E-1	1.703044E+11	7.226954E-1	1.709254E+11	-6.756878E-3	-2.850075E-2	1.474475E-2	2.174387E-2	-1.836592E-2	-1.860762E+10	-1.880596E+10	9.925158E+6	1.983319E+8	-1.700123E+11
5.380480E+2	8.723808E-1	2.366265E+10	8.953148E-1	1.143650E+9	8.672745E-1	2.353791E+10	7.994441E-1	1.037572E+9	8.722885E-1	1.792609E+11	8.654027E-1	1.789912E+11	8.717034E-1	2.027988E+11	8.662132E-1	2.026538E+11	2.293408E-2	-6.783042E-2	9.587071E-2	9.076450E-2	2.910161E-2	-2.251900E+10	-2.250034E+10	1.060774E+8	-1.865899E+7	-2.015102E+11
5.382640E+2	1.017440E+0	2.738768E+10	1.009885E+0	1.281964E+9	1.016931E+0	2.737869E+10	9.958124E-1	1.277831E+9	1.020468E+0	2.080458E+11	1.012196E+0	2.076743E+11	1.020056E+0	2.354245E+11	1.012805E+0	2.350619E+11	-7.555555E-3	-2.111838E-2	1.407224E-2	1.356283E-2	-2.920772E-3	-2.610572E+10	-2.610086E+10	4.132767E+6	-4.853958E+6	-2.337800E+11
5.385170E+2	1.239236E+0	3.308325E+10	1.211197E+0	1.524998E+9	1.237972E+0	3.305150E+10	1.182794E+0	1.506605E+9	1.232057E+0	2.491483E+11	1.223409E+0	2.489447E+11	1.232747E+0	2.821998E+11	1.225248E+0	2.820280E+11	-2.803825E-2	-5.517836E-2	2.840384E-2	2.714011E-2	-1.405021E-2	-3.155825E+10	-3.154490E+10	1.839345E+7	-1.335027E+7	-2.805030E+11
5.387970E+2	1.440809E+0	3.825952E+10	1.397863E+0	1.750349E+9	1.447880E+0	3.843859E+10	1.398897E+0	1.771009E+9	1.436951E+0	2.889503E+11	1.429487E+0	2.892117E+11	1.438227E+0	3.273888E+11	1.430802E+0	3.274712E+11	-4.294664E-2	-4.898308E-2	-1.034422E-3	6.036446E-3	-3.293941E-2	-3.650917E+10	-3.666758E+10	-2.066051E+7	1.584065E+8	-3.257208E+11
5.390130E+2	1.668711E+0	4.411189E+10	1.684207E+0	2.096038E+9	1.664690E+0	4.400282E+10	1.558840E+0	1.966702E+9	1.648711E+0	3.300859E+11	1.644130E+0	3.311525E+11	1.650576E+0	3.740887E+11	1.646986E+0	3.752643E+11	1.549662E-2	-1.058503E-1	1.253671E-1	1.213469E-1	3.722170E-2	-4.201585E+10	-4.203612E+10	1.293360E+8	2.026775E+7	-3.731683E+11
5.392930E+2	1.887595E+0	4.973270E+10	1.883495E+0	2.336628E+9	1.880569E+0	4.954313E+10	1.808499E+0	2.272162E+9	1.838260E+0	3.669069E+11	1.839813E+0	3.693882E+11	1.843197E+0	4.164500E+11	1.845363E+0	4.191209E+11	-4.099625E-3	-7.206984E-2	7.499642E-2	6.797022E-2	3.813252E-2	-4.739607E+10	-4.727097E+10	6.446567E+7	-1.251007E+8	-4.167843E+11
5.395210E+2	2.033798E+0	5.348711E+10	1.990717E+0	2.466070E+9	2.039848E+0	5.363089E+10	2.026183E+0	2.538501E+9	1.989755E+0	3.963357E+11	2.000951E+0	4.008743E+11	1.995600E+0	4.499666E+11	2.004767E+0	4.543614E+11	-4.308180E-2	-1.366533E-2	-3.546647E-2	-2.941647E-2	-1.405021E-2	-5.102104E+10	-5.109239E+10	-7.243071E+7	7.135085E+7	-4.518953E+11
5.397650E+2	2.046053E+0	5.380181E+10	1.991700E+0	2.467258E+9	2.060333E+0	5.415660E+10	1.996831E+0	2.502588E+9	1.999634E+0	3.982549E+11	2.007037E+0	4.020633E+11	2.006718E+0	4.524115E+11	2.011569E+0	4.558651E+11	-5.435305E-2	-6.350153E-2	-5.130681E-3	9.148479E-3	-1.986833E-2	-5.133455E+10	-5.165401E+10	-3.533055E+7	3.194567E+8	-4.533979E+11
5.400190E+2	2.026851E+0	5.330869E+10	1.969659E+0	2.440649E+9	2.031712E+0	5.342208E+10	1.941351E+0	2.434707E+9	1.985027E+0	3.954173E+11	1.985985E+0	3.979499E+11	1.990475E+0	4.488394E+11	1.990732E+0	4.512586E+11	-5.719119E-2	-9.036122E-2	2.830853E-2	3.317003E-2	-2.107251E-2	-5.086804E+10	-5.098737E+10	5.941160E+6	1.193274E+8	-4.488179E+11
5.402790E+2	1.944626E+0	5.119722E+10	1.877747E+0	2.329687E+9	1.932228E+0	5.086891E+10	1.857602E+0	2.332240E+9	1.889280E+0	3.768179E+11	1.897739E+0	3.807068E+11	1.894292E+0	4.276868E+11	1.903185E+0	4.319040E+11	-6.687930E-2	-7.462585E-2	2.014478E-2	7.746542E-3	-2.543840E-2	-4.886753E+10	-4.853667E+10	-2.552405E+6	-3.308607E+8	-4.295744E+11
5.405080E+2	1.863844E+0	4.912279E+10	1.803977E+0	2.240629E+9	1.865123E+0	4.914673E+10	1.774332E+0	2.230358E+9	1.828373E+0	3.649864E+11	1.834439E+0	3.683381E+11	1.832662E+0	4.141331E+11	1.837854E+0	4.174609E+11	-5.986746E-2	-9.079081E-2	2.964428E-2	3.092335E-2	-3.387775E-2	-4.688216E+10	-4.691637E+10	1.027015E+7	3.421440E+7	-4.152203E+11
5.407630E+2	1.761557E+0	4.649611E+10	1.741904E+0	2.165692E+9	1.760860E+0	4.647092E+10	1.764887E+0	2.218802E+9	1.736405E+0	3.471209E+11	1.732497E+0	3.484190E+11	1.739259E+0	3.935919E+11	1.735872E+0	3.949151E+11	-1.965229E-2	4.026732E-3	-2.298234E-2	-2.367903E-2	6.031907E-3	-4.433042E+10	-4.425212E+10	-5.310954E+7	-7.830387E+7	-3.927495E+11
5.410240E+2	1.612892E+0	4.267849E+10	1.629482E+0	2.029971E+9	1.618016E+0	4.280495E+10	1.518676E+0	1.917560E+9	1.586280E+0	3.179582E+11	1.591661E+0	3.209001E+11	1.589983E+0	3.607632E+11	1.594127E+0	3.635786E+11	1.659059E-2	-9.933957E-2	1.108063E-1	1.159302E-1	3.535505E-2	-4.064852E+10	-4.088739E+10	1.124107E+8	2.388738E+8	-3.615486E+11
5.412640E+2	1.576969E+0	4.175602E+10	1.573895E+0	1.962864E+9	1.582610E+0	4.189630E+10	1.559730E+0	1.967791E+9	1.552864E+0	3.114669E+11	1.562254E+0	3.151539E+11	1.556335E+0	3.533632E+11	1.563963E+0	3.569100E+11	-3.073464E-3	-2.287947E-2	1.416514E-2	1.980600E-2	9.932462E-3	-3.979315E+10	-3.992851E+10	-4.926688E+6	1.353543E+8	-3.549471E+11
5.415190E+2	1.483795E+0	3.936338E+10	1.399712E+0	1.752581E+9	1.479086E+0	3.923945E+10	1.418359E+0	1.794821E+9	1.468206E+0	2.950217E+11	1.471658E+0	2.974519E+11	1.469476E+0	3.342611E+11	1.473068E+0	3.368152E+11	-8.408357E-2	-6.072701E-2	-1.864692E-2	-2.335656E-2	-7.335642E-2	-3.761080E+10	-3.744463E+10	-4.223967E+7	-1.661666E+8	-3.350627E+11
5.417650E+2	1.302801E+0	3.471557E+10	1.334827E+0	1.674250E+9	1.301391E+0	3.467910E+10	1.283983E+0	1.630411E+9	1.303687E+0	2.630628E+11	1.301644E+0	2.642315E+11	1.303419E+0	2.977419E+11	1.301778E+0	2.989471E+11	3.202615E-2	-1.740832E-2	5.084432E-2	4.943447E-2	3.304897E-2	-3.304132E+10	-3.304869E+10	4.383890E+7	7.371067E+6	-2.972728E+11
5.420160E+2	1.157436E+0	3.098268E+10	1.170693E+0	1.476099E+9	1.158543E+0	3.101304E+10	1.107507E+0	1.414491E+9	1.153591E+0	2.339057E+11	1.156292E+0	2.358302E+11	1.154169E+0	2.649188E+11	1.156425E+0	2.668129E+11	1.325717E-2	-5.103585E-2	6.318569E-2	6.429302E-2	1.426816E-2	-2.950658E+10	-2.959855E+10	6.160820E+7	9.196842E+7	-2.653368E+11
5.422890E+2	9.867612E-1	2.659986E+10	9.942674E-1	1.263110E+9	9.840983E-1	2.653608E+10	9.470801E-1	1.218207E+9	9.864940E-1	2.014461E+11	9.875894E-1	2.028661E+11	9.862144E-1	2.279821E+11	9.874932E-1	2.294660E+11	7.506172E-3	-3.701818E-2	4.718726E-2	4.452435E-2	6.774189E-3	-2.533675E+10	-2.531787E+10	4.490335E+7	-1.888072E+7	-2.282029E+11
5.425300E+2	9.785341E-1	2.638860E+10	9.847739E-1	1.251649E+9	9.752784E-1	2.630972E+10	9.927663E-1	1.274104E+9	9.813421E-1	2.004453E+11	9.734391E-1	2.001012E+11	9.806345E-1	2.267550E+11	9.740309E-1	2.264898E+11	6.239754E-3	1.748786E-2	-7.992389E-3	-1.124811E-2	1.074296E-2	-2.513695E+10	-2.503562E+10	-2.245515E+7	-1.013269E+8	-2.252382E+11
5.427650E+2	9.767015E-1	2.634154E+10	9.739120E-1	1.238536E+9	9.907825E-1	2.670762E+10	9.808414E-1	1.259514E+9	9.880362E-1	2.017456E+11	9.863615E-1	2.026262E+11	9.883567E-1	2.284533E+11	9.852395E-1	2.289677E+11	-2.789533E-3	-9.941076E-3	-6.929400E-3	7.151543E-3	-1.132745E-2	-2.510300E+10	-2.544811E+10	-2.097791E+7	3.451071E+8	-2.277292E+11
5.430170E+2	1.097050E+0	2.943202E+10	1.086935E+0	1.374983E+9	1.102620E+0	2.957782E+10	1.063624E+0	1.360799E+9	1.100168E+0	2.235279E+11	1.098617E+0	2.245607E+11	1.100454E+0	2.531057E+11	1.098435E+0	2.539927E+11	-1.011544E-2	-3.899607E-2	2.331138E-2	2.888063E-2	-1.150032E-2	-2.805704E+10	-2.821702E+10	1.418379E+7	1.599805E+8	-2.526177E+11
5.432960E+2	1.254512E+0	3.347553E+10	1.264383E+0	1.589206E+9	1.250353E+0	3.336925E+10	1.211981E+0	1.542315E+9	1.246877E+0	2.520271E+11	1.245292E+0	2.532206E+11	1.247282E+0	2.853963E+11	1.246363E+0	2.866961E+11	9.870707E-3	-3.837244E-2	5.240202E-2	4.824315E-2	1.801948E-2	-3.188632E+10	-3.182694E+10	4.689048E+7	-5.938841E+7	-2.851069E+11
5.435220E+2	1.345956E+0	3.582377E+10	1.287983E+0	1.617697E+9	1.328912E+0	3.538539E+10	1.298332E+0	1.647967E+9	1.331209E+0	2.684091E+11	1.324740E+0	2.687444E+11	1.330941E+0	3.037945E+11	1.327204E+0	3.045681E+11	-5.797339E-2	-3.057965E-2	-1.034918E-2	-2.739374E-2	-3.922109E-2	-3.420607E+10	-3.373742E+10	-3.027012E+7	-4.686490E+8	-3.029504E+11
5.437910E+2	1.550730E+0	4.108222E+10	1.557780E+0	1.943409E+9	1.564653E+0	4.143545E+10	1.537760E+0	1.940910E+9	1.538839E+0	3.087425E+11	1.539864E+0	3.107792E+11	1.541851E+0	3.501780E+11	1.541127E+0	3.518614E+11	7.049861E-3	-2.689266E-2	2.002012E-2	3.394252E-2	1.665344E-2	-3.913882E+10	-3.949454E+10	2.499035E+6	3.557200E+8	-3.499180E+11
5.440170E+2	1.602102E+0	4.240143E+10	1.509311E+0	1.884895E+9	1.591112E+0	4.211450E+10	1.544675E+0	1.949370E+9	1.573224E+0	3.154221E+11	1.572188E+0	3.170951E+11	1.575312E+0	3.575366E+11	1.575663E+0	3.594965E+11	-9.279103E-2	-4.643745E-2	-3.536327E-2	-4.635359E-2	-6.635138E-2	-4.051653E+10	-4.016513E+10	-6.447484E+7	-3.514020E+8	-3.576116E+11
5.442590E+2	1.646304E+0	4.353651E+10	1.633160E+0	2.034410E+9	1.654137E+0	4.373198E+10	1.565455E+0	1.974795E+9	1.614248E+0	3.233913E+11	1.617315E+0	3.259128E+11	1.618903E+0	3.671232E+11	1.620682E+0	3.694493E+11	-1.314478E-2	-8.868230E-2	6.770491E-2	7.553752E-2	1.247745E-2	-4.150210E+10	-4.175718E+10	5.961592E+7	2.550836E+8	-3.674149E+11
5.445180E+2	1.581489E+0	4.187208E+10	1.586502E+0	1.978084E+9	1.591781E+0	4.213168E+10	1.560608E+0	1.968865E+9	1.559536E+0	3.127631E+11	1.570272E+0	3.167206E+11	1.563299E+0	3.548947E+11	1.571575E+0	3.585927E+11	5.013738E-3	-3.117312E-2	2.589413E-2	3.618686E-2	1.492775E-2	-3.989400E+10	-4.016281E+10	9.218815E+6	2.688162E+8	-3.566146E+11
5.447610E+2	1.450450E+0	3.850709E+10	1.518620E+0	1.896133E+9	1.459745E+0	3.874310E+10	1.446989E+0	1.829850E+9	1.439735E+0	2.894911E+11	1.449091E+0	2.930423E+11	1.442071E+0	3.282342E+11	1.449249E+0	3.315493E+11	6.817035E-2	-1.275644E-2	7.163107E-2	8.092679E-2	6.937136E-2	-3.661095E+10	-3.691325E+10	6.628250E+7	3.023004E+8	-3.296532E+11
5.450090E+2	1.448280E+0	3.845137E+10	1.332700E+0	1.671681E+9	1.446046E+0	3.839152E+10	1.405349E+0	1.778904E+9	1.426855E+0	2.869890E+11	1.431822E+0	2.896679E+11	1.429095E+0	3.253805E+11	1.433733E+0	3.281193E+11	-1.155801E-1	-4.069682E-2	-7.264945E-2	-7.488323E-2	-1.010336E-1	-3.677969E+10	-3.661262E+10	-1.072224E+8	-1.670648E+8	-3.264476E+11
5.452640E+2	1.332236E+0	3.547143E+10	1.283422E+0	1.612191E+9	1.329446E+0	3.539910E+10	1.280005E+0	1.625544E+9	1.317908E+0	2.658252E+11	1.320803E+0	2.679752E+11	1.319254E+0	3.012243E+11	1.322131E+0	3.034467E+11	-4.881366E-2	-4.944113E-2	3.417012E-3	6.274692E-4	-3.870917E-2	-3.385924E+10	-3.377356E+10	-1.335286E+7	-8.568020E+7	-3.018345E+11
5.455290E+2	1.296135E+0	3.454438E+10	1.261174E+0	1.585332E+9	1.289940E+0	3.438522E+10	1.238901E+0	1.575253E+9	1.285202E+0	2.594720E+11	1.286785E+0	2.613282E+11	1.285755E+0	2.938572E+11	1.287871E+0	2.958726E+11	-3.496116E-2	-5.103934E-2	2.227253E-2	1.607818E-2	-2.669789E-2	-3.295904E+10	-3.280997E+10	1.007892E+7	-1.490764E+8	-2.942873E+11
5.457670E+2	1.181761E+0	3.160733E+10	1.167557E+0	1.472314E+9	1.165677E+0	3.119611E+10	1.143030E+0	1.457954E+9	1.164338E+0	2.359933E+11	1.161139E+0	2.367773E+11	1.164494E+0	2.671894E+11	1.163535E+0	2.683846E+11	-1.420362E-2	-2.264619E-2	2.452698E-2	8.442576E-3	4.022709E-3	-3.013502E+10	-2.973816E+10	1.435985E+7	-3.968618E+8	-2.669123E+11
5.460110E+2	1.171800E+0	3.135154E+10	1.121065E+0	1.416185E+9	1.154040E+0	3.089748E+10	1.102040E+0	1.407801E+9	1.156148E+0	2.344025E+11	1.153256E+0	2.352369E+11	1.155902E+0	2.652999E+11	1.155410E+0	2.665884E+11	-5.073565E-2	-5.200048E-2	1.902473E-2	1.264834E-3	-3.434514E-2	-2.993536E+10	-2.948967E+10	8.383945E+6	-4.456848E+8	-2.651722E+11
5.467660E+2	1.244771E+0	3.322538E+10	1.209600E+0	1.523070E+9	1.236733E+0	3.301971E+10	1.232332E+0	1.567215E+9	1.231172E+0	2.489763E+11	1.230523E+0	2.503347E+11	1.231821E+0	2.819960E+11	1.232178E+0	2.835601E+11	-3.517051E-2	-4.401332E-3	-2.273168E-2	-3.076918E-2	-2.257791E-2	-3.170231E+10	-3.145249E+10	-4.414542E+7	-2.498164E+8	-2.820370E+11
5.475180E+2	1.305304E+0	3.477984E+10	1.262141E+0	1.586499E+9	1.312120E+0	3.495444E+10	1.229879E+0	1.564213E+9	1.301846E+0	2.627052E+11	1.297492E+0	2.634203E+11	1.303045E+0	2.976597E+11	1.298400E+0	2.982001E+11	-4.316309E-2	-8.224153E-2	3.226240E-2	3.907844E-2	-3.625865E-2	-3.319334E+10	-3.339023E+10	2.228590E+7	1.968894E+8	-2.966136E+11
5.482600E+2	1.397967E+0	3.715937E+10	1.376757E+0	1.724869E+9	1.408718E+0	3.743353E+10	1.391228E+0	1.761626E+9	1.385303E+0	2.789172E+11	1.389907E+0	2.814780E+11	1.388035E+0	3.163507E+11	1.390844E+0	3.186373E+11	-2.121060E-2	-1.749006E-2	-1.447084E-2	-3.720545E-3	-1.408677E-2	-3.543451E+10	-3.567190E+10	-3.675684E+7	2.373955E+8	-3.169125E+11
5.490100E+2	1.326715E+0	3.532966E+10	1.281981E+0	1.610451E+9	1.324911E+0	3.528270E+10	1.324039E+0	1.679420E+9	1.311511E+0	2.645826E+11	1.316706E+0	2.671747E+11	1.313075E+0	2.998653E+11	1.317869E+0	3.025043E+11	-4.473426E-2	-8.712754E-4	-4.205842E-2	-4.386298E-2	-3.588793E-2	-3.371921E+10	-3.360328E+10	-6.896910E+7	-1.159333E+8	-3.008939E+11
5.497740E+2	1.309238E+0	3.488086E+10	1.294443E+0	1.625495E+9	1.311786E+0	3.494587E+10	1.272225E+0	1.616024E+9	1.300944E+0	2.625300E+11	1.300834E+0	2.640733E+11	1.302209E+0	2.974758E+11	1.301810E+0	2.989541E+11	-1.479526E-2	-3.956125E-2	2.221785E-2	2.476599E-2	-7.367701E-3	-3.325536E+10	-3.332984E+10	9.470927E+6	7.448262E+7	-2.973286E+11
5.505060E+2	1.313596E+0	3.499278E+10	1.330293E+0	1.668775E+9	1.325162E+0	3.528916E+10	1.330089E+0	1.686822E+9	1.304610E+0	2.632422E+11	1.308533E+0	2.655776E+11	1.307009E+0	2.985313E+11	1.309121E+0	3.005704E+11	1.669605E-2	4.926471E-3	2.035744E-4	1.176958E-2	2.117149E-2	-3.332401E+10	-3.360234E+10	-1.804684E+7	2.783328E+8	-2.989016E+11
5.512620E+2	1.261629E+0	3.365829E+10	1.254178E+0	1.576887E+9	1.259989E+0	3.361655E+10	1.195287E+0	1.521891E+9	1.256087E+0	2.538162E+11	1.258886E+0	2.558767E+11	1.256542E+0	2.874328E+11	1.259204E+0	2.895350E+11	-7.450538E-3	-6.470169E-2	5.889095E-2	5.725116E-2	-5.025961E-3	-3.208140E+10	-3.209466E+10	5.499573E+7	1.325730E+7	-2.879581E+11
5.520100E+2	1.298021E+0	3.459280E+10	1.368415E+0	1.714798E+9	1.288470E+0	3.434748E+10	1.267464E+0	1.610199E+9	1.289372E+0	2.602820E+11	1.288974E+0	2.617559E+11	1.289267E+0	2.946295E+11	1.290025E+0	2.963487E+11	7.039399E-2	-2.100606E-2	1.009507E-1	9.140005E-2	7.838936E-2	-3.287800E+10	-3.273728E+10	1.045983E+8	-1.407215E+8	-2.946339E+11
5.527590E+2	1.231046E+0	3.287293E+10	1.226531E+0	1.543510E+9	1.240544E+0	3.311750E+10	1.194098E+0	1.520436E+9	1.225096E+0	2.477961E+11	1.225653E+0	2.493831E+11	1.226899E+0	2.809136E+11	1.226279E+0	2.822560E+11	-4.514281E-3	-4.644561E-2	3.243337E-2	4.193133E-2	2.520179E-4	-3.132942E+10	-3.159707E+10	2.307424E+7	2.676443E+8	-2.807125E+11
5.534880E+2	1.181468E+0	3.159981E+10	1.145505E+0	1.445691E+9	1.173715E+0	3.140241E+10	1.188095E+0	1.513091E+9	1.168416E+0	2.367855E+11	1.172068E+0	2.389127E+11	1.169034E+0	2.681879E+11	1.173160E+0	2.705125E+11	-3.596330E-2	1.438054E-2	-4.259081E-2	-5.034385E-2	-2.765500E-2	-3.015412E+10	-2.988931E+10	-6.740082E+7	-2.648014E+8	-2.690668E+11
5.542530E+2	1.139473E+0	3.052141E+10	1.150833E+0	1.452123E+9	1.134876E+0	3.040564E+10	1.105998E+0	1.412645E+9	1.125712E+0	2.284900E+11	1.122524E+0	2.292320E+11	1.126781E+0	2.588956E+11	1.124493E+0	2.597534E+11	1.135924E-2	-2.887755E-2	4.483430E-2	4.023679E-2	2.633955E-2	-2.906929E+10	-2.899299E+10	3.947809E+7	-7.629548E+7	-2.583013E+11
5.550140E+2	1.027931E+0	2.765708E+10	1.016458E+0	1.289900E+9	1.037765E+0	2.791339E+10	1.009882E+0	1.295045E+9	1.020647E+0	2.080804E+11	1.026856E+0	2.105388E+11	1.022644E+0	2.359938E+11	1.026981E+0	2.381958E+11	-1.147287E-2	-2.788363E-2	6.576235E-3	1.641076E-2	-1.052302E-2	-2.636718E+10	-2.661835E+10	-5.145592E+6	2.511743E+8	-2.369059E+11
5.557600E+2	1.008156E+0	2.714926E+10	9.492735E-1	1.208791E+9	1.005756E+0	2.709190E+10	9.232338E-1	1.189030E+9	9.999783E-1	2.040655E+11	9.986515E-1	2.050276E+11	1.000653E+0	2.311574E+11	9.997554E-1	2.321769E+11	-5.888211E-2	-8.252216E-2	2.603966E-2	2.364005E-2	-5.048198E-2	-2.594046E+10	-2.590287E+10	1.976082E+7	-3.759379E+7	-2.309681E+11
5.560190E+2	9.720789E-1	2.622283E+10	9.310068E-1	1.186739E+9	9.683376E-1	2.613159E+10	9.480504E-1	1.219394E+9	9.736916E-1	1.989591E+11	9.764946E-1	2.006982E+11	9.730668E-1	2.250907E+11	9.759817E-1	2.269211E+11	-4.107212E-2	-2.028719E-2	-1.704358E-2	-2.078493E-2	-4.497491E-2	-2.503609E+10	-2.491220E+10	-3.265490E+7	-1.238910E+8	-2.257343E+11
5.565140E+2	9.604787E-1	2.592494E+10	9.276786E-1	1.182721E+9	9.441563E-1	2.551101E+10	9.566295E-1	1.229890E+9	9.567140E-1	1.956611E+11	9.558644E-1	1.966672E+11	9.552485E-1	2.211721E+11	9.564004E-1	2.225921E+11	-3.280006E-2	1.247319E-2	-2.895091E-2	-4.527325E-2	-2.872176E-2	-2.474222E+10	-2.428112E+10	-4.716952E+7	-4.611069E+8	-2.214094E+11
5.570220E+2	9.802825E-1	2.643349E+10	1.018297E+0	1.292120E+9	9.974227E-1	2.687804E+10	9.601726E-1	1.234225E+9	9.917769E-1	2.024723E+11	9.917096E-1	2.036712E+11	9.924358E-1	2.293503E+11	9.903823E-1	2.301047E+11	3.801498E-2	-3.725008E-2	5.812488E-2	7.526506E-2	2.791514E-2	-2.514137E+10	-2.564381E+10	5.789482E+7	5.024373E+8	-2.288126E+11
5.575420E+2	9.936998E-1	2.677804E+10	1.005781E+0	1.277010E+9	9.843803E-1	2.654332E+10	1.008018E+0	1.292765E+9	9.863595E-1	2.014199E+11	9.898239E-1	2.033027E+11	9.861285E-1	2.279632E+11	9.902741E-1	2.300808E+11	1.208124E-2	2.363789E-2	-2.237214E-3	-1.155665E-2	1.550694E-2	-2.550103E+10	-2.525055E+10	-1.575529E+7	-2.504790E+8	-2.288038E+11
5.580060E+2	9.927297E-1	2.675313E+10	9.709729E-1	1.234988E+9	9.865894E-1	2.660001E+10	1.000478E+0	1.283539E+9	9.903914E-1	2.022032E+11	9.890604E-1	2.031536E+11	9.899477E-1	2.288032E+11	9.894866E-1	2.299067E+11	-2.175683E-2	1.388836E-2	-2.950495E-2	-3.564519E-2	-1.851379E-2	-2.551814E+10	-2.531647E+10	-4.855153E+7	-2.016693E+8	-2.286717E+11
5.585160E+2	1.004084E+0	2.704469E+10	1.015677E+0	1.288957E+9	9.939682E-1	2.678938E+10	9.998381E-1	1.282757E+9	9.979171E-1	2.036651E+11	9.946234E-1	2.042406E+11	9.974563E-1	2.304545E+11	9.957222E-1	2.312852E+11	1.159381E-2	5.869905E-3	1.583936E-2	5.723901E-3	1.995524E-2	-2.575573E+10	-2.550662E+10	6.200637E+6	-2.491113E+8	-2.299963E+11
5.590040E+2	9.938980E-1	2.678313E+10	9.897517E-1	1.257658E+9	9.957794E-1	2.683586E+10	9.872925E-1	1.267407E+9	1.000991E+0	2.042622E+11	1.002231E+0	2.057270E+11	1.000383E+0	2.310981E+11	1.001263E+0	2.325101E+11	-4.146317E-3	-8.486915E-3	2.459229E-3	4.340597E-3	-1.151102E-2	-2.552547E+10	-2.556845E+10	-9.748437E+6	4.298273E+7	-2.312525E+11
5.595110E+2	1.036865E+0	2.788651E+10	1.014870E+0	1.287982E+9	1.038811E+0	2.794022E+10	1.059204E+0	1.355392E+9	1.033755E+0	2.106267E+11	1.036098E+0	2.123446E+11	1.034345E+0	2.385669E+11	1.036187E+0	2.402311E+11	-2.199585E-2	2.039378E-2	-4.433473E-2	-4.238962E-2	-2.131750E-2	-2.659853E+10	-2.658483E+10	-6.740987E+7	-1.370124E+7	-2.389431E+11
5.600470E+2	1.040057E+0	2.796846E+10	1.044223E+0	1.323418E+9	1.045545E+0	2.811305E+10	1.016906E+0	1.303639E+9	1.040907E+0	2.120162E+11	1.042095E+0	2.135164E+11	1.041449E+0	2.401293E+11	1.041858E+0	2.414849E+11	4.165651E-3	-2.863970E-2	2.731708E-2	3.280535E-2	2.364236E-3	-2.664505E+10	-2.680942E+10	1.977949E+7	1.643710E+8	-2.401614E+11
5.605210E+2	1.030813E+0	2.773109E+10	1.045867E+0	1.325404E+9	1.023584E+0	2.754944E+10	1.053959E+0	1.348974E+9	1.026854E+0	2.092863E+11	1.022472E+0	2.096821E+11	1.026473E+0	2.368357E+11	1.023441E+0	2.374131E+11	1.505394E-2	3.037520E-2	-8.092094E-3	-1.532126E-2	2.242639E-2	-2.640568E+10	-2.620047E+10	-2.357076E+7	-2.052183E+8	-2.360877E+11
5.610010E+2	9.670921E-1	2.609477E+10	9.668816E-1	1.230049E+9	9.897639E-1	2.668148E+10	9.575022E-1	1.230958E+9	9.743337E-1	1.990839E+11	9.760228E-1	2.006061E+11	9.761344E-1	2.257653E+11	9.749855E-1	2.267008E+11	-2.105702E-4	-3.226163E-2	9.379349E-3	3.205106E-2	-8.103880E-3	-2.486472E+10	-2.545052E+10	-9.096345E+5	5.857965E+8	-2.254708E+11
