Photon Energy (eV)	X ref norm	X ref	X pump norm	X pump	Y ref norm	Y ref	Y pump norm	Y pump	X all norm	X all	Y all norm	Y all	X all Y ref norm	X all Y ref	Y all X ref norm	Y all X ref	BC(X hist) norm	BC(Y hist) norm	StS norm	BCSC norm	BCLR norm	BC(X hist)	BC(Y hist)	StS	BCSC	BCLR	
5.300270E+2	-9.303666E-3	1.021554E+9	-3.997106E-3	5.132206E+7	-7.945573E-3	1.076227E+9	-1.737433E-3	5.660524E+7	-9.259986E-3	8.014584E+9	-8.473913E-3	8.238115E+9	-9.106598E-3	9.090811E+9	-8.570294E-3	9.259669E+9	5.306560E-3	6.208140E-3	-2.259672E-3	-9.015796E-4	4.573188E-3	-9.702320E+8	-1.019622E+9	-5.283177E+6	4.938983E+7	-9.208347E+9
5.305230E+2	-5.968786E-3	1.107192E+9	-9.735218E-3	4.482162E+7	-6.431829E-3	1.115076E+9	-1.069988E-2	4.634095E+7	-6.402051E-3	8.569756E+9	-6.291885E-3	8.664477E+9	-6.405526E-3	9.684832E+9	-6.254355E-3	9.771668E+9	-3.766432E-3	-4.268048E-3	9.646589E-4	5.016153E-4	-3.480862E-3	-1.062370E+9	-1.068735E+9	-1.519336E+6	6.364856E+6	-9.726847E+9
5.310050E+2	-5.573847E-3	1.117333E+9	-9.456834E-3	4.513699E+7	-6.043287E-3	1.125047E+9	-1.575915E-2	4.054679E+7	-6.828404E-3	8.486934E+9	-6.386098E-3	8.646068E+9	-6.736783E-3	9.611982E+9	-6.291750E-3	9.763401E+9	-3.882987E-3	-9.715864E-3	6.302317E-3	5.832877E-3	-3.165084E-3	-1.072196E+9	-1.084501E+9	4.590194E+6	1.230419E+7	-9.718264E+9
5.315080E+2	-3.708188E-3	1.165242E+9	-7.390075E-3	4.747832E+7	-4.731363E-3	1.158717E+9	-1.014249E-3	5.743347E+7	-3.828920E-3	9.069603E+9	-3.700411E-3	9.170844E+9	-3.934232E-3	1.022832E+10	-3.701314E-3	1.033609E+10	-3.681888E-3	3.717114E-3	-6.375826E-3	-7.399001E-3	-3.688761E-3	-1.117764E+9	-1.101283E+9	-9.955148E+6	-1.648084E+7	-1.028861E+10
5.320120E+2	-4.071549E-4	1.250011E+9	1.036501E-2	6.759225E+7	-9.014694E-4	1.257007E+9	-1.533414E-3	5.683889E+7	-1.949162E-4	9.775531E+9	-2.578871E-4	9.843503E+9	-2.773689E-4	1.103254E+10	-2.752254E-4	1.109351E+10	1.077217E-2	-6.319447E-4	1.189843E-2	1.140411E-2	1.064024E-2	-1.182419E+9	-1.200168E+9	1.075336E+7	1.774980E+7	-1.102592E+10
5.325120E+2	6.849643E-3	1.436361E+9	5.626369E-4	5.648759E+7	7.068038E-3	1.461537E+9	1.775388E-2	7.892778E+7	6.959261E-3	1.116528E+10	7.036047E-3	1.126872E+10	6.971955E-3	1.262681E+10	7.014395E-3	1.270508E+10	-6.287006E-3	1.068585E-2	-1.719125E-2	-1.697285E-2	-6.451758E-3	-1.379873E+9	-1.382609E+9	-2.244019E+7	2.736046E+6	-1.264859E+10
5.330230E+2	1.811200E-2	1.725571E+9	1.965158E-2	7.811258E+7	1.898548E-2	1.767387E+9	1.299024E-2	7.347219E+7	1.955502E-2	1.361208E+10	1.807415E-2	1.342553E+10	1.948855E-2	1.537947E+10	1.807854E-2	1.515110E+10	1.539583E-3	-5.995243E-3	6.661340E-3	7.534826E-3	1.573037E-3	-1.647458E+9	-1.693915E+9	4.640393E+6	4.645636E+7	-1.507299E+10
5.331580E+2	2.579636E-2	1.922900E+9	1.878131E-2	7.712669E+7	2.386512E-2	1.892618E+9	2.830328E-2	9.100953E+7	2.473926E-2	1.461915E+10	2.385999E-2	1.455607E+10	2.463725E-2	1.651177E+10	2.408491E-2	1.647897E+10	-7.015051E-3	4.438164E-3	-9.521969E-3	-1.145322E-2	-5.303596E-3	-1.845774E+9	-1.801608E+9	-1.388284E+7	-4.416536E+7	-1.640184E+10
5.333080E+2	3.388420E-2	2.130591E+9	3.586369E-2	9.647854E+7	3.322536E-2	2.132839E+9	3.307867E-2	9.647857E+7	3.275522E-2	1.617630E+10	3.323086E-2	1.638711E+10	3.281008E-2	1.830914E+10	3.330675E-2	1.851770E+10	1.979483E-3	-1.466932E-4	2.785019E-3	2.126176E-3	2.556933E-3	-2.034112E+9	-2.036361E+9	-3.221140E+1	2.248546E+6	-1.842122E+10
5.334580E+2	4.074220E-2	2.306700E+9	3.141862E-2	9.144292E+7	4.130217E-2	2.340123E+9	4.898126E-2	1.146911E+8	4.281388E-2	1.813026E+10	4.150800E-2	1.800444E+10	4.263747E-2	2.047038E+10	4.141905E-2	2.031114E+10	-9.323577E-3	7.679084E-3	-1.756264E-2	-1.700266E-2	-1.000043E-2	-2.215257E+9	-2.225432E+9	-2.324817E+7	1.017517E+7	-2.021970E+10
5.336130E+2	5.738709E-2	2.734130E+9	6.107460E-2	1.250388E+8	5.647255E-2	2.729456E+9	5.060321E-2	1.165486E+8	5.910124E-2	2.129418E+10	5.736780E-2	2.110340E+10	5.879448E-2	2.402364E+10	5.737004E-2	2.383753E+10	3.687512E-3	-5.869344E-3	1.047139E-2	9.556855E-3	3.704560E-3	-2.609091E+9	-2.612908E+9	8.490186E+6	3.816522E+6	-2.371249E+10
5.337740E+2	8.139918E-2	3.350745E+9	6.976368E-2	1.348823E+8	7.952394E-2	3.321048E+9	8.363092E-2	1.543738E+8	8.397919E-2	2.612688E+10	7.994000E-2	2.551395E+10	8.345928E-2	2.944793E+10	8.010949E-2	2.886469E+10	-1.163550E-2	4.106978E-3	-1.386724E-2	-1.574247E-2	-1.034581E-2	-3.215863E+9	-3.166674E+9	-1.949152E+7	-4.918853E+7	-2.872981E+10
5.339090E+2	1.069799E-1	4.007641E+9	1.270571E-1	1.997874E+8	1.099350E-1	4.101517E+9	1.226084E-1	1.990129E+8	1.177253E-1	3.268227E+10	1.122155E-1	3.182050E+10	1.168162E-1	3.678379E+10	1.116074E-1	3.582814E+10	2.007727E-2	1.267340E-2	4.448775E-3	7.403872E-3	1.544975E-2	-3.807853E+9	-3.902504E+9	7.745007E+5	9.465137E+7	-3.562835E+10
5.340590E+2	1.665868E-1	5.538308E+9	1.867500E-1	2.674107E+8	1.741134E-1	5.748595E+9	1.877927E-1	2.736656E+8	1.859807E-1	4.594132E+10	1.773994E-1	4.455725E+10	1.845958E-1	5.168991E+10	1.761435E-1	5.009556E+10	2.016322E-2	1.367930E-2	-1.042695E-3	6.483915E-3	1.060650E-2	-5.270897E+9	-5.474929E+9	-6.254888E+6	2.040322E+8	-4.982815E+10
5.342090E+2	2.977761E-1	8.907167E+9	3.225218E-1	4.212205E+8	3.012763E-1	9.012109E+9	3.118201E-1	4.157087E+8	3.205875E-1	7.208953E+10	3.028298E-1	6.906600E+10	3.183339E-1	8.110164E+10	3.022428E-1	7.797317E+10	2.474569E-2	1.054379E-2	1.070174E-2	1.420190E-2	2.027904E-2	-8.485946E+9	-8.596400E+9	5.511779E+6	1.104538E+8	-7.755195E+10
5.343600E+2	5.352312E-1	1.500486E+10	5.491448E-1	6.779513E+8	5.357847E-1	1.503054E+10	4.987647E-1	6.298081E+8	5.631062E-1	1.192003E+11	5.334894E-1	1.141362E+11	5.599178E-1	1.342309E+11	5.336917E-1	1.291411E+11	1.391366E-2	-3.701993E-2	5.038009E-2	5.093359E-2	1.545314E-2	-1.432691E+10	-1.440073E+10	4.814327E+7	7.382369E+7	-1.284632E+11
5.345110E+2	8.950847E-1	2.424567E+10	8.985260E-1	1.073749E+9	8.994133E-1	2.436272E+10	8.850189E-1	1.072168E+9	9.230764E-1	1.891268E+11	8.966504E-1	1.850969E+11	9.203150E-1	2.134895E+11	8.964685E-1	2.093426E+11	3.441267E-3	-1.439437E-2	1.350703E-2	1.783563E-2	2.057450E-3	-2.317192E+10	-2.329055E+10	1.581508E+6	1.186327E+8	-2.082688E+11
5.346560E+2	1.269419E+0	3.385834E+10	1.235689E+0	1.455706E+9	1.281774E+0	3.417564E+10	1.294722E+0	1.541382E+9	1.289865E+0	2.603777E+11	1.268898E+0	2.578331E+11	1.288921E+0	2.945534E+11	1.268959E+0	2.916914E+11	-3.373013E-2	1.294780E-2	-5.903285E-2	-4.667793E-2	-3.326954E-2	-3.240263E+10	-3.263426E+10	-8.567636E+7	2.316271E+8	-2.902357E+11
5.348070E+2	1.633770E+0	4.321464E+10	1.621166E+0	1.892395E+9	1.642992E+0	4.344596E+10	1.554104E+0	1.838441E+9	1.633490E+0	3.271290E+11	1.618777E+0	3.261985E+11	1.634599E+0	3.705750E+11	1.620519E+0	3.694131E+11	-1.260405E-2	-8.888862E-2	6.706220E-2	7.628457E-2	6.473695E-4	-4.132224E+10	-4.160752E+10	5.395438E+7	2.852810E+8	-3.675207E+11
5.349630E+2	1.949652E+0	5.132628E+10	1.854928E+0	2.157214E+9	1.950921E+0	5.134866E+10	1.875050E+0	2.206007E+9	1.908068E+0	3.804676E+11	1.915227E+0	3.841240E+11	1.913069E+0	4.318163E+11	1.919226E+0	4.354503E+11	-9.472368E-2	-7.587099E-2	-2.012209E-2	-1.885268E-2	-6.429739E-2	-4.916907E+10	-4.914266E+10	-4.879280E+7	-2.641123E+7	-4.332930E+11
5.351090E+2	2.084007E+0	5.477644E+10	2.033001E+0	2.358944E+9	2.083600E+0	5.475372E+10	1.987847E+0	2.335188E+9	2.029060E+0	4.039712E+11	2.039547E+0	4.084157E+11	2.035425E+0	4.587249E+11	2.044711E+0	4.631921E+11	-5.100642E-2	-9.575244E-2	4.515365E-2	4.474602E-2	-1.171038E-2	-5.241749E+10	-5.241853E+10	2.375632E+7	1.039757E+6	-4.608332E+11
5.352600E+2	1.996529E+0	5.253004E+10	1.846788E+0	2.147992E+9	2.006984E+0	5.278746E+10	1.906939E+0	2.242528E+9	1.941034E+0	3.868714E+11	1.956444E+0	3.921776E+11	1.948730E+0	4.396588E+11	1.961100E+0	4.447076E+11	-1.497408E-1	-1.000449E-1	-6.015158E-2	-4.969592E-2	-1.143120E-1	-5.038205E+10	-5.054494E+10	-9.453584E+7	1.628840E+8	-4.425597E+11
5.354060E+2	1.765104E+0	4.658722E+10	1.674963E+0	1.953339E+9	1.768983E+0	4.667939E+10	1.710611E+0	2.017681E+9	1.726401E+0	3.451776E+11	1.731859E+0	3.482944E+11	1.731370E+0	3.918570E+11	1.735721E+0	3.948816E+11	-9.014145E-2	-5.837229E-2	-3.564789E-2	-3.176916E-2	-6.075779E-2	-4.463388E+10	-4.466171E+10	-6.434205E+7	2.783291E+7	-3.929283E+11
5.355630E+2	1.537378E+0	4.073934E+10	1.483149E+0	1.736042E+9	1.534176E+0	4.065329E+10	1.452472E+0	1.722047E+9	1.504404E+0	3.020534E+11	1.508129E+0	3.045781E+11	1.507879E+0	3.427067E+11	1.511526E+0	3.453175E+11	-5.422897E-2	-8.170359E-2	3.067624E-2	2.747462E-2	-2.837769E-2	-3.900330E+10	-3.893125E+10	1.399472E+7	-7.205150E+7	-3.435814E+11
5.357140E+2	1.276548E+0	3.404141E+10	1.211224E+0	1.427991E+9	1.279092E+0	3.410681E+10	1.256389E+0	1.497481E+9	1.258721E+0	2.543280E+11	1.268620E+0	2.577788E+11	1.261099E+0	2.884348E+11	1.269541E+0	2.918202E+11	-6.532375E-2	-2.270328E-2	-4.516435E-2	-4.262047E-2	-5.831680E-2	-3.261342E+10	-3.260933E+10	-6.948999E+7	-4.086775E+6	-2.903922E+11
5.358600E+2	1.073545E+0	2.882842E+10	1.088103E+0	1.288513E+9	1.072427E+0	2.880295E+10	1.025907E+0	1.233520E+9	1.064477E+0	2.165947E+11	1.072600E+0	2.194769E+11	1.065404E+0	2.453976E+11	1.072710E+0	2.483053E+11	1.455836E-2	-4.652022E-2	6.219680E-2	6.107857E-2	1.539387E-2	-2.753990E+10	-2.756942E+10	5.499277E+7	2.952194E+7	-2.470168E+11
5.360070E+2	9.292181E-1	2.512219E+10	9.301909E-1	1.109621E+9	9.161476E-1	2.479219E+10	9.092125E-1	1.099876E+9	9.284039E-1	1.901617E+11	9.289001E-1	1.913984E+11	9.269737E-1	2.149539E+11	9.289370E-1	2.165206E+11	9.727986E-4	-6.935124E-3	2.097839E-2	7.907922E-3	1.253915E-3	-2.401257E+10	-2.369231E+10	9.745450E+6	-3.202569E+8	-2.154110E+11
5.362680E+2	7.025909E-1	1.930255E+10	7.181010E-1	8.693541E+8	7.052624E-1	1.938002E+10	6.561448E-1	8.100485E+8	7.070978E-1	1.471716E+11	7.104037E-1	1.487048E+11	7.068836E-1	1.665516E+11	7.094962E-1	1.680074E+11	1.551014E-2	-4.911758E-2	6.195621E-2	6.462772E-2	8.604851E-3	-1.843320E+10	-1.856998E+10	5.930565E+7	1.367784E+8	-1.671380E+11
5.365140E+2	5.661353E-1	1.579846E+10	5.506168E-1	6.796188E+8	5.661714E-1	1.581039E+10	5.623634E-1	7.026448E+8	5.746915E-1	1.214508E+11	5.719509E-1	1.216515E+11	5.736973E-1	1.372612E+11	5.712754E-1	1.374500E+11	-1.551850E-2	-3.808041E-3	-1.174662E-2	-1.171046E-2	-2.065864E-2	-1.511884E+10	-1.510774E+10	-2.302594E+7	-1.109607E+7	-1.367704E+11
5.367970E+2	5.007555E-1	1.411955E+10	5.250171E-1	6.506181E+8	5.011297E-1	1.414115E+10	4.954861E-1	6.260532E+8	5.086214E-1	1.086163E+11	5.042874E-1	1.084303E+11	5.077471E-1	1.227574E+11	5.038772E-1	1.225498E+11	2.426151E-2	-5.643585E-3	2.953097E-2	2.990509E-2	2.113989E-2	-1.346893E+10	-1.351510E+10	2.456490E+7	4.617016E+7	-1.218992E+11
5.370070E+2	4.949469E-1	1.397039E+10	5.180067E-1	6.426764E+8	4.931219E-1	1.393564E+10	4.965522E-1	6.272742E+8	5.018510E-1	1.073011E+11	4.954639E-1	1.067062E+11	5.008323E-1	1.212367E+11	4.954039E-1	1.206766E+11	2.305978E-2	3.430373E-3	2.145445E-2	1.962941E-2	2.260281E-2	-1.332771E+10	-1.330837E+10	1.540217E+7	-1.934320E+7	-1.200339E+11
5.372800E+2	5.132820E-1	1.444122E+10	5.328817E-1	6.595276E+8	5.111357E-1	1.439795E+10	4.846373E-1	6.136286E+8	5.211568E-1	1.110514E+11	5.190991E-1	1.113244E+11	5.199874E-1	1.254493E+11	5.184234E-1	1.257656E+11	1.959968E-2	-2.649837E-2	4.824440E-2	4.609805E-2	1.445830E-2	-1.378169E+10	-1.378432E+10	4.589903E+7	2.626823E+6	-1.251061E+11
5.375060E+2	5.934823E-1	1.650071E+10	5.676059E-1	6.988651E+8	5.954353E-1	1.656142E+10	6.316205E-1	7.819619E+8	6.023296E-1	1.268197E+11	6.012690E-1	1.273802E+11	6.015250E-1	1.433811E+11	6.003645E-1	1.438809E+11	-2.587640E-2	3.618526E-2	-6.401457E-2	-6.206165E-2	-3.275860E-2	-1.580185E+10	-1.577945E+10	-8.309678E+7	-2.239408E+7	-1.431820E+11
5.377630E+2	7.110863E-1	1.952071E+10	7.105449E-1	8.607941E+8	7.180854E-1	1.970911E+10	7.066507E-1	8.678906E+8	7.247226E-1	1.505953E+11	7.242210E-1	1.514047E+11	7.239481E-1	1.703044E+11	7.226954E-1	1.709254E+11	-5.414518E-4	-1.143478E-2	3.894204E-3	1.089333E-2	-1.215050E-2	-1.865991E+10	-1.884122E+10	-7.096473E+6	1.813102E+8	-1.700646E+11
5.380480E+2	8.723808E-1	2.366265E+10	8.510179E-1	1.019930E+9	8.672745E-1	2.353791E+10	8.387853E-1	1.019218E+9	8.722885E-1	1.792609E+11	8.654027E-1	1.789912E+11	8.717034E-1	2.027988E+11	8.662132E-1	2.026538E+11	-2.136290E-2	-2.848924E-2	1.223255E-2	7.126342E-3	-1.519537E-2	-2.264272E+10	-2.251869E+10	7.110574E+5	-1.240254E+8	-2.016339E+11
5.382640E+2	1.017440E+0	2.738768E+10	1.031298E+0	1.224161E+9	1.016931E+0	2.737869E+10	9.539103E-1	1.151066E+9	1.020468E+0	2.080458E+11	1.012196E+0	2.076743E+11	1.020056E+0	2.354245E+11	1.012805E+0	2.350619E+11	1.385781E-2	-6.302050E-2	7.738773E-2	7.687831E-2	1.849259E-2	-2.616352E+10	-2.622763E+10	7.309471E+7	6.410799E+7	-2.338378E+11
5.385170E+2	1.239236E+0	3.308325E+10	1.188712E+0	1.402488E+9	1.237972E+0	3.305150E+10	1.213576E+0	1.448450E+9	1.232057E+0	2.491483E+11	1.223409E+0	2.489447E+11	1.232747E+0	2.821998E+11	1.225248E+0	2.820280E+11	-5.052331E-2	-2.439572E-2	-2.486386E-2	-2.612759E-2	-3.653527E-2	-3.168076E+10	-3.160305E+10	-4.596157E+7	-7.770529E+7	-2.806255E+11
5.387970E+2	1.440809E+0	3.825952E+10	1.390479E+0	1.631061E+9	1.447880E+0	3.843859E+10	1.358762E+0	1.614725E+9	1.436951E+0	2.889503E+11	1.429487E+0	2.892117E+11	1.438227E+0	3.273888E+11	1.430802E+0	3.274712E+11	-5.032970E-2	-8.911776E-2	3.171719E-2	3.878806E-2	-4.032247E-2	-3.662846E+10	-3.682386E+10	1.633606E+7	1.954031E+8	-3.258401E+11
5.390130E+2	1.668711E+0	4.411189E+10	1.603447E+0	1.872323E+9	1.664690E+0	4.400282E+10	1.596227E+0	1.886682E+9	1.648711E+0	3.300859E+11	1.644130E+0	3.311525E+11	1.650576E+0	3.740887E+11	1.646986E+0	3.752643E+11	-6.526338E-2	-6.846376E-2	7.220650E-3	3.200380E-3	-4.353830E-2	-4.223957E+10	-4.211614E+10	-1.435975E+7	-1.234280E+8	-3.733920E+11
5.392930E+2	1.887595E+0	4.973270E+10	1.840294E+0	2.140635E+9	1.880569E+0	4.954313E+10	1.835583E+0	2.160806E+9	1.838260E+0	3.669069E+11	1.839813E+0	3.693882E+11	1.843197E+0	4.164500E+11	1.845363E+0	4.191209E+11	-4.730147E-2	-4.498636E-2	4.711092E-3	-2.315109E-3	-5.069334E-3	-4.759206E+10	-4.738233E+10	-2.017098E+7	-2.097374E+8	-4.169803E+11
5.395210E+2	2.033798E+0	5.348711E+10	1.908947E+0	2.218409E+9	2.039848E+0	5.363089E+10	1.922595E+0	2.260457E+9	1.989755E+0	3.963357E+11	2.000951E+0	4.008743E+11	1.995600E+0	4.499666E+11	2.004767E+0	4.543614E+11	-1.248515E-1	-1.172537E-1	-1.364776E-2	-7.597760E-3	-9.581987E-2	-5.126870E+10	-5.137043E+10	-4.204792E+7	1.017336E+8	-4.521430E+11
5.397650E+2	2.046053E+0	5.380181E+10	2.009125E+0	2.331896E+9	2.060333E+0	5.415660E+10	1.917927E+0	2.255111E+9	1.999634E+0	3.982549E+11	2.007037E+0	4.020633E+11	2.006718E+0	4.524115E+11	2.011569E+0	4.558651E+11	-3.692886E-2	-1.424057E-1	9.119765E-2	1.054768E-1	-2.444145E-3	-5.146991E+10	-5.190149E+10	7.678455E+7	4.315718E+8	-4.535332E+11
5.400190E+2	2.026851E+0	5.330869E+10	1.968575E+0	2.285960E+9	2.031712E+0	5.342208E+10	1.924440E+0	2.262571E+9	1.985027E+0	3.954173E+11	1.985985E+0	3.979499E+11	1.990475E+0	4.488394E+11	1.990732E+0	4.512586E+11	-5.827516E-2	-1.072717E-1	4.413509E-2	4.899659E-2	-2.215648E-2	-5.102273E+10	-5.115951E+10	2.338875E+7	1.367750E+8	-4.489726E+11
5.402790E+2	1.944626E+0	5.119722E+10	1.885275E+0	2.191593E+9	1.932228E+0	5.086891E+10	1.850953E+0	2.178410E+9	1.889280E+0	3.768179E+11	1.897739E+0	3.807068E+11	1.894292E+0	4.276868E+11	1.903185E+0	4.319040E+11	-5.935075E-2	-8.127423E-2	3.432172E-2	2.192348E-2	-1.790985E-2	-4.900562E+10	-4.869050E+10	1.318293E+7	-3.151254E+8	-4.297124E+11
5.405080E+2	1.863844E+0	4.912279E+10	1.778968E+0	2.071162E+9	1.865123E+0	4.914673E+10	1.830034E+0	2.154451E+9	1.828373E+0	3.649864E+11	1.834439E+0	3.683381E+11	1.832662E+0	4.141331E+11	1.837854E+0	4.174609E+11	-8.487551E-2	-3.508900E-2	-5.106558E-2	-4.978651E-2	-5.888580E-2	-4.705162E+10	-4.699228E+10	-8.328902E+7	-5.934477E+7	-4.153898E+11
5.407630E+2	1.761557E+0	4.649611E+10	1.689135E+0	1.969394E+9	1.760860E+0	4.647092E+10	1.694122E+0	1.998797E+9	1.736405E+0	3.471209E+11	1.732497E+0	3.484190E+11	1.739259E+0	3.935919E+11	1.735872E+0	3.949151E+11	-7.242187E-2	-6.673816E-2	-4.987022E-3	-5.683709E-3	-4.673766E-2	-4.452672E+10	-4.447212E+10	-2.940327E+7	-5.459759E+7	-3.929458E+11
5.410240E+2	1.612892E+0	4.267849E+10	1.580109E+0	1.845883E+9	1.618016E+0	4.280495E+10	1.534878E+0	1.816422E+9	1.586280E+0	3.179582E+11	1.591661E+0	3.209001E+11	1.589983E+0	3.607632E+11	1.594127E+0	3.635786E+11	-3.278310E-2	-8.313748E-2	4.523048E-2	5.035437E-2	-1.401864E-2	-4.083261E+10	-4.098853E+10	2.946064E+7	1.559237E+8	-3.617327E+11
5.412640E+2	1.576969E+0	4.175602E+10	1.469605E+0	1.720699E+9	1.582610E+0	4.189630E+10	1.486041E+0	1.760491E+9	1.552864E+0	3.114669E+11	1.562254E+0	3.151539E+11	1.556335E+0	3.533632E+11	1.563963E+0	3.569100E+11	-1.073638E-1	-9.656882E-2	-1.643587E-2	-1.079501E-2	-9.435791E-2	-4.003532E+10	-4.013581E+10	-3.979272E+7	1.004882E+8	-3.551893E+11
5.415190E+2	1.483795E+0	3.936338E+10	1.412222E+0	1.655692E+9	1.479086E+0	3.923945E+10	1.439994E+0	1.707756E+9	1.468206E+0	2.950217E+11	1.471658E+0	2.974519E+11	1.469476E+0	3.342611E+11	1.473068E+0	3.368152E+11	-7.157366E-2	-3.909158E-2	-2.777245E-2	-3.248209E-2	-6.084651E-2	-3.770769E+10	-3.753169E+10	-5.206439E+7	-1.759913E+8	-3.351595E+11
5.417650E+2	1.302801E+0	3.471557E+10	1.308065E+0	1.537697E+9	1.301391E+0	3.467910E+10	1.320760E+0	1.571203E+9	1.303687E+0	2.630628E+11	1.301644E+0	2.642315E+11	1.303419E+0	2.977419E+11	1.301778E+0	2.989471E+11	5.263544E-3	1.936863E-2	-1.269523E-2	-1.410508E-2	6.286363E-3	-3.317787E+10	-3.310790E+10	-3.350548E+7	-6.997331E+7	-2.974094E+11
5.420160E+2	1.157436E+0	3.098268E+10	1.135236E+0	1.341907E+9	1.158543E+0	3.101304E+10	1.139582E+0	1.363708E+9	1.153591E+0	2.339057E+11	1.156292E+0	2.358302E+11	1.154169E+0	2.649188E+11	1.156425E+0	2.668129E+11	-2.220005E-2	-1.896091E-2	-4.346461E-3	-3.239140E-3	-2.118906E-2	-2.964077E+10	-2.964933E+10	-2.180075E+7	8.559480E+6	-2.654710E+11
5.422890E+2	9.867612E-1	2.659986E+10	9.708029E-1	1.155629E+9	9.840983E-1	2.653608E+10	9.408351E-1	1.136092E+9	9.864940E-1	2.014461E+11	9.875894E-1	2.028661E+11	9.862144E-1	2.279821E+11	9.874932E-1	2.294660E+11	-1.595830E-2	-4.326312E-2	2.996773E-2	2.730482E-2	-1.669028E-2	-2.544423E+10	-2.539999E+10	1.953691E+7	-4.424716E+7	-2.283104E+11
5.425300E+2	9.785341E-1	2.638860E+10	9.865250E-1	1.173439E+9	9.752784E-1	2.630972E+10	9.307805E-1	1.124576E+9	9.813421E-1	2.004453E+11	9.734391E-1	2.001012E+11	9.806345E-1	2.267550E+11	9.740309E-1	2.264898E+11	7.990892E-3	-4.449796E-2	5.574457E-2	5.248885E-2	1.249409E-2	-2.521516E+10	-2.518515E+10	4.886300E+7	-3.000874E+7	-2.253164E+11
5.427650E+2	9.767015E-1	2.634154E+10	1.016649E+0	1.207566E+9	9.907825E-1	2.670762E+10	1.004568E+0	1.209083E+9	9.880362E-1	2.017456E+11	9.863615E-1	2.026262E+11	9.883567E-1	2.284533E+11	9.852395E-1	2.289677E+11	3.994788E-2	1.378597E-2	1.208096E-2	2.616191E-2	3.140996E-2	-2.513397E+10	-2.549854E+10	-1.516555E+6	3.645684E+8	-2.277602E+11
5.430170E+2	1.097050E+0	2.943202E+10	1.098062E+0	1.299795E+9	1.102620E+0	2.957782E+10	1.105525E+0	1.324704E+9	1.100168E+0	2.235279E+11	1.098617E+0	2.245607E+11	1.100454E+0	2.531057E+11	1.098435E+0	2.539927E+11	1.011519E-3	2.905432E-3	-7.463167E-3	-1.893914E-3	-3.733635E-4	-2.813223E+10	-2.825311E+10	-2.490917E+7	1.208875E+8	-2.526929E+11
5.432960E+2	1.254512E+0	3.347553E+10	1.245239E+0	1.466525E+9	1.250353E+0	3.336925E+10	1.236634E+0	1.474856E+9	1.246877E+0	2.520271E+11	1.245292E+0	2.532206E+11	1.247282E+0	2.853963E+11	1.246363E+0	2.866961E+11	-9.272760E-3	-1.371944E-2	8.605547E-3	4.446678E-3	-1.123986E-3	-3.200901E+10	-3.189440E+10	-8.331542E+6	-1.146104E+8	-2.852296E+11
5.435220E+2	1.345956E+0	3.582377E+10	1.349325E+0	1.584439E+9	1.328912E+0	3.538539E+10	1.285802E+0	1.531167E+9	1.331209E+0	2.684091E+11	1.324740E+0	2.687444E+11	1.330941E+0	3.037945E+11	1.327204E+0	3.045681E+11	3.368582E-3	-4.310983E-2	6.352298E-2	4.647842E-2	2.212088E-2	-3.423933E+10	-3.385422E+10	5.327217E+7	-3.851067E+8	-3.029837E+11
5.437910E+2	1.550730E+0	4.108222E+10	1.510249E+0	1.766743E+9	1.564653E+0	4.143545E+10	1.525841E+0	1.806073E+9	1.538839E+0	3.087425E+11	1.539864E+0	3.107792E+11	1.541851E+0	3.501780E+11	1.541127E+0	3.518614E+11	-4.048091E-2	-3.881154E-2	-1.559178E-2	-1.669368E-3	-3.087733E-2	-3.931548E+10	-3.962937E+10	-3.933006E+7	3.138909E+8	-3.500946E+11
5.440170E+2	1.602102E+0	4.240143E+10	1.574321E+0	1.839327E+9	1.591112E+0	4.211450E+10	1.548905E+0	1.832487E+9	1.573224E+0	3.154221E+11	1.572188E+0	3.170951E+11	1.575312E+0	3.575366E+11	1.575663E+0	3.594965E+11	-2.778093E-2	-4.220665E-2	2.541603E-2	1.442572E-2	-1.341283E-3	-4.056210E+10	-4.028201E+10	6.839802E+6	-2.800874E+8	-3.576572E+11
5.442590E+2	1.646304E+0	4.353651E+10	1.564604E+0	1.828318E+9	1.654137E+0	4.373198E+10	1.555879E+0	1.840474E+9	1.614248E+0	3.233913E+11	1.617315E+0	3.259128E+11	1.618903E+0	3.671232E+11	1.620682E+0	3.694493E+11	-8.170085E-2	-9.825792E-2	8.724467E-3	1.655707E-2	-5.607862E-2	-4.170819E+10	-4.189150E+10	-1.215580E+7	1.833119E+8	-3.676209E+11
5.445180E+2	1.581489E+0	4.187208E+10	1.554949E+0	1.817381E+9	1.591781E+0	4.213168E+10	1.515878E+0	1.794662E+9	1.559536E+0	3.127631E+11	1.570272E+0	3.167206E+11	1.563299E+0	3.548947E+11	1.571575E+0	3.585927E+11	-2.653919E-2	-7.590359E-2	3.907168E-2	4.936440E-2	-1.662517E-2	-4.005470E+10	-4.033701E+10	2.271924E+7	2.823166E+8	-3.567753E+11
5.447610E+2	1.450450E+0	3.850709E+10	1.448450E+0	1.696733E+9	1.459745E+0	3.874310E+10	1.438966E+0	1.706578E+9	1.439735E+0	2.894911E+11	1.449091E+0	2.930423E+11	1.442071E+0	3.282342E+11	1.449249E+0	3.315493E+11	-1.999740E-3	-2.077990E-2	9.484444E-3	1.878016E-2	-7.987320E-4	-3.681035E+10	-3.703653E+10	-9.845003E+6	2.261729E+8	-3.298526E+11
5.450090E+2	1.448280E+0	3.845137E+10	1.416177E+0	1.660173E+9	1.446046E+0	3.839152E+10	1.445699E+0	1.714290E+9	1.426855E+0	2.869890E+11	1.431822E+0	2.896679E+11	1.429095E+0	3.253805E+11	1.433733E+0	3.281193E+11	-3.210281E-2	-3.469083E-4	-2.952212E-2	-3.175590E-2	-1.755633E-2	-3.679119E+10	-3.667723E+10	-5.411726E+7	-1.139597E+8	-3.264591E+11
5.452640E+2	1.332236E+0	3.547143E+10	1.331414E+0	1.564149E+9	1.329446E+0	3.539910E+10	1.317892E+0	1.567918E+9	1.317908E+0	2.658252E+11	1.320803E+0	2.679752E+11	1.319254E+0	3.012243E+11	1.322131E+0	3.034467E+11	-8.216536E-4	-1.155417E-2	1.352206E-2	1.073251E-2	9.282829E-3	-3.390728E+10	-3.383118E+10	-3.769540E+6	-7.609688E+7	-3.018825E+11
5.455290E+2	1.296135E+0	3.454438E+10	1.272937E+0	1.497902E+9	1.289940E+0	3.438522E+10	1.241524E+0	1.480457E+9	1.285202E+0	2.594720E+11	1.286785E+0	2.613282E+11	1.285755E+0	2.938572E+11	1.287871E+0	2.958726E+11	-2.319780E-2	-4.841645E-2	3.141300E-2	2.521865E-2	-1.493453E-2	-3.304647E+10	-3.290476E+10	1.744534E+7	-1.417100E+8	-2.943747E+11
5.457670E+2	1.181761E+0	3.160733E+10	1.195390E+0	1.410053E+9	1.165677E+0	3.119611E+10	1.117457E+0	1.338369E+9	1.164338E+0	2.359933E+11	1.161139E+0	2.367773E+11	1.164494E+0	2.671894E+11	1.163535E+0	2.683846E+11	1.362940E-2	-4.821960E-2	7.793340E-2	6.184899E-2	3.185572E-2	-3.019728E+10	-2.985774E+10	7.168473E+7	-3.395369E+8	-2.669746E+11
5.460110E+2	1.171800E+0	3.135154E+10	1.162504E+0	1.372798E+9	1.154040E+0	3.089748E+10	1.134290E+0	1.357646E+9	1.156148E+0	2.344025E+11	1.153256E+0	2.352369E+11	1.155902E+0	2.652999E+11	1.155410E+0	2.665884E+11	-9.296054E-3	-1.975078E-2	2.821462E-2	1.045472E-2	7.094448E-3	-2.997875E+10	-2.953983E+10	1.515185E+7	-4.389169E+8	-2.652156E+11
5.467660E+2	1.244771E+0	3.322538E+10	1.196669E+0	1.411502E+9	1.236733E+0	3.301971E+10	1.229542E+0	1.466735E+9	1.231172E+0	2.489763E+11	1.230523E+0	2.503347E+11	1.231821E+0	2.819960E+11	1.232178E+0	2.835601E+11	-4.810115E-2	-7.191086E-3	-3.287257E-2	-4.091007E-2	-3.550855E-2	-3.181388E+10	-3.155297E+10	-5.523226E+7	-2.609033E+8	-2.821486E+11
5.475180E+2	1.305304E+0	3.477984E+10	1.292384E+0	1.519933E+9	1.312120E+0	3.495444E+10	1.239484E+0	1.478120E+9	1.301846E+0	2.627052E+11	1.297492E+0	2.634203E+11	1.303045E+0	2.976597E+11	1.298400E+0	2.982001E+11	-1.292030E-2	-7.263655E-2	5.290021E-2	5.971625E-2	-6.015861E-3	-3.325991E+10	-3.347632E+10	4.181252E+7	2.164161E+8	-2.966802E+11
5.482600E+2	1.397967E+0	3.715937E+10	1.385165E+0	1.625040E+9	1.408718E+0	3.743353E+10	1.334078E+0	1.586455E+9	1.385303E+0	2.789172E+11	1.389907E+0	2.814780E+11	1.388035E+0	3.163507E+11	1.390844E+0	3.186373E+11	-1.280247E-2	-7.463981E-2	5.108704E-2	6.183733E-2	-5.678641E-3	-3.553433E+10	-3.584707E+10	3.858540E+7	3.127378E+8	-3.170123E+11
5.490100E+2	1.326715E+0	3.532966E+10	1.343941E+0	1.578339E+9	1.324911E+0	3.528270E+10	1.310674E+0	1.559651E+9	1.311511E+0	2.645826E+11	1.316706E+0	2.671747E+11	1.313075E+0	2.998653E+11	1.317869E+0	3.025043E+11	1.722538E-2	-1.423689E-2	3.326683E-2	3.146227E-2	2.607171E-2	-3.375133E+10	-3.372305E+10	1.868793E+7	-2.827622E+7	-3.009260E+11
5.497740E+2	1.309238E+0	3.488086E+10	1.310740E+0	1.540728E+9	1.311786E+0	3.494587E+10	1.291435E+0	1.537618E+9	1.300944E+0	2.625300E+11	1.300834E+0	2.640733E+11	1.302209E+0	2.974758E+11	1.301810E+0	2.989541E+11	1.502142E-3	-2.035129E-2	1.930528E-2	2.185343E-2	8.929701E-3	-3.334013E+10	-3.340825E+10	3.110109E+6	6.812180E+7	-2.974134E+11
5.505060E+2	1.313596E+0	3.499278E+10	1.298302E+0	1.526637E+9	1.325162E+0	3.528916E+10	1.251998E+0	1.492452E+9	1.304610E+0	2.632422E+11	1.308533E+0	2.655776E+11	1.307009E+0	2.985313E+11	1.309121E+0	3.005704E+11	-1.529494E-2	-7.316483E-2	4.630389E-2	5.786990E-2	-1.081950E-2	-3.346615E+10	-3.379671E+10	3.418466E+7	3.305643E+8	-2.990437E+11
5.512620E+2	1.261629E+0	3.365829E+10	1.259140E+0	1.482273E+9	1.259989E+0	3.361655E+10	1.184712E+0	1.415393E+9	1.256087E+0	2.538162E+11	1.258886E+0	2.558767E+11	1.256542E+0	2.874328E+11	1.259204E+0	2.895350E+11	-2.488895E-3	-7.527667E-2	7.442757E-2	7.278777E-2	-6.431816E-5	-3.217602E+10	-3.220116E+10	6.687911E+7	2.514068E+7	-2.880527E+11
5.520100E+2	1.298021E+0	3.459280E+10	1.305119E+0	1.534359E+9	1.288470E+0	3.434748E+10	1.288587E+0	1.534357E+9	1.289372E+0	2.602820E+11	1.288974E+0	2.617559E+11	1.289267E+0	2.946295E+11	1.290025E+0	2.963487E+11	7.098025E-3	1.174741E-4	1.653118E-2	6.980551E-3	1.509339E-2	-3.305844E+10	-3.281313E+10	2.763242E+3	-2.453170E+8	-2.948144E+11
5.527590E+2	1.231046E+0	3.287293E+10	1.288253E+0	1.515253E+9	1.240544E+0	3.311750E+10	1.236132E+0	1.474281E+9	1.225096E+0	2.477961E+11	1.225653E+0	2.493831E+11	1.226899E+0	2.809136E+11	1.226279E+0	2.822560E+11	5.720689E-2	-4.412147E-3	5.212108E-2	6.161904E-2	6.197319E-2	-3.135768E+10	-3.164322E+10	4.097145E+7	2.855415E+8	-2.807408E+11
5.534880E+2	1.181468E+0	3.159981E+10	1.080405E+0	1.279792E+9	1.173715E+0	3.140241E+10	1.174099E+0	1.403239E+9	1.168416E+0	2.367855E+11	1.172068E+0	2.389127E+11	1.169034E+0	2.681879E+11	1.173160E+0	2.705125E+11	-1.010630E-1	3.845743E-4	-9.369456E-2	-1.014476E-1	-9.275472E-2	-3.032001E+10	-2.999917E+10	-1.234472E+8	-3.208477E+8	-2.692327E+11
5.542530E+2	1.139473E+0	3.052141E+10	1.133413E+0	1.339842E+9	1.134876E+0	3.040564E+10	1.045498E+0	1.255957E+9	1.125712E+0	2.284900E+11	1.122524E+0	2.292320E+11	1.126781E+0	2.588956E+11	1.124493E+0	2.597534E+11	-6.060031E-3	-8.937805E-2	8.791553E-2	8.331802E-2	8.920277E-3	-2.918157E+10	-2.914968E+10	8.388540E+7	-3.188816E+7	-2.584136E+11
5.550140E+2	1.027931E+0	2.765708E+10	1.041329E+0	1.235524E+9	1.037765E+0	2.791339E+10	1.020202E+0	1.226987E+9	1.020647E+0	2.080804E+11	1.026856E+0	2.105388E+11	1.022644E+0	2.359938E+11	1.026981E+0	2.381958E+11	1.339811E-2	-1.756332E-2	2.112690E-2	3.096143E-2	1.434797E-2	-2.642155E+10	-2.668641E+10	8.537305E+6	2.648572E+8	-2.369603E+11
5.557600E+2	1.008156E+0	2.714926E+10	1.001439E+0	1.190334E+9	1.005756E+0	2.709190E+10	9.698567E-1	1.169329E+9	9.999783E-1	2.040655E+11	9.986515E-1	2.050276E+11	1.000653E+0	2.311574E+11	9.997554E-1	2.321769E+11	-6.716899E-3	-3.589924E-2	3.158196E-2	2.918234E-2	1.683233E-3	-2.595892E+10	-2.592257E+10	2.100569E+7	-3.634891E+7	-2.309866E+11
5.560190E+2	9.720789E-1	2.622283E+10	9.972906E-1	1.185635E+9	9.683376E-1	2.613159E+10	9.712137E-1	1.170883E+9	9.736916E-1	1.989591E+11	9.764946E-1	2.006982E+11	9.730668E-1	2.250907E+11	9.759817E-1	2.269211E+11	2.521168E-2	2.876102E-3	2.607693E-2	2.233558E-2	2.130889E-2	-2.503720E+10	-2.496071E+10	1.475247E+7	-7.648367E+7	-2.257354E+11
5.565140E+2	9.604787E-1	2.592494E+10	9.436816E-1	1.124904E+9	9.441563E-1	2.551101E+10	9.612255E-1	1.159444E+9	9.567140E-1	1.956611E+11	9.558644E-1	1.966672E+11	9.552485E-1	2.211721E+11	9.564004E-1	2.225921E+11	-1.679704E-2	1.706922E-2	-1.754392E-2	-3.386626E-2	-1.271875E-2	-2.480004E+10	-2.435156E+10	-3.453974E+7	-4.484772E+8	-2.214672E+11
5.570220E+2	9.802825E-1	2.643349E+10	1.006333E+0	1.195879E+9	9.974227E-1	2.687804E+10	1.003385E+0	1.207727E+9	9.917769E-1	2.024723E+11	9.917096E-1	2.036712E+11	9.924358E-1	2.293503E+11	9.903823E-1	2.301047E+11	2.605024E-2	5.961963E-3	2.948092E-3	2.008827E-2	1.595040E-2	-2.523761E+10	-2.567031E+10	-1.184809E+7	4.326944E+8	-2.289088E+11
5.575420E+2	9.936998E-1	2.677804E+10	9.417947E-1	1.122767E+9	9.843803E-1	2.654332E+10	1.044779E+0	1.255134E+9	9.863595E-1	2.014199E+11	9.898239E-1	2.033027E+11	9.861285E-1	2.279632E+11	9.902741E-1	2.300808E+11	-5.190502E-2	6.039898E-2	-1.029846E-1	-1.123040E-1	-4.847932E-2	-2.565527E+10	-2.528818E+10	-1.323677E+8	-3.670914E+8	-2.289580E+11
5.580060E+2	9.927297E-1	2.675313E+10	1.011900E+0	1.202186E+9	9.865894E-1	2.660001E+10	9.464427E-1	1.142514E+9	9.903914E-1	2.022032E+11	9.890604E-1	2.031536E+11	9.899477E-1	2.288032E+11	9.894866E-1	2.299067E+11	1.917061E-2	-4.014679E-2	6.545763E-2	5.931739E-2	2.241365E-2	-2.555094E+10	-2.545750E+10	5.967226E+7	-9.344552E+7	-2.287045E+11
5.585160E+2	1.004084E+0	2.704469E+10	1.007995E+0	1.197762E+9	9.939682E-1	2.678938E+10	9.849089E-1	1.186567E+9	9.979171E-1	2.036651E+11	9.946234E-1	2.042406E+11	9.974563E-1	2.304545E+11	9.957222E-1	2.312852E+11	3.911640E-3	-9.059277E-3	2.308638E-2	1.297092E-2	1.227307E-2	-2.584693E+10	-2.560281E+10	1.119477E+7	-2.441171E+8	-2.300875E+11
5.590040E+2	9.938980E-1	2.678313E+10	1.028306E+0	1.220772E+9	9.957794E-1	2.683586E+10	1.004983E+0	1.209557E+9	1.000991E+0	2.042622E+11	1.002231E+0	2.057270E+11	1.000383E+0	2.310981E+11	1.001263E+0	2.325101E+11	3.440830E-2	9.203197E-3	2.332373E-2	2.520510E-2	2.704359E-2	-2.556236E+10	-2.562630E+10	1.121473E+7	6.394590E+7	-2.312893E+11
5.595110E+2	1.036865E+0	2.788651E+10	1.019009E+0	1.210239E+9	1.038811E+0	2.794022E+10	1.060116E+0	1.272698E+9	1.033755E+0	2.106267E+11	1.036098E+0	2.123446E+11	1.034345E+0	2.385669E+11	1.036187E+0	2.402311E+11	-1.785639E-2	2.130492E-2	-4.110642E-2	-3.916131E-2	-1.717804E-2	-2.667627E+10	-2.666752E+10	-6.245895E+7	-8.750326E+6	-2.390209E+11
5.600470E+2	1.040057E+0	2.796846E+10	1.031717E+0	1.224635E+9	1.045545E+0	2.811305E+10	1.048619E+0	1.259532E+9	1.040907E+0	2.120162E+11	1.042095E+0	2.135164E+11	1.041449E+0	2.401293E+11	1.041858E+0	2.414849E+11	-8.340280E-3	3.073955E-3	-1.690250E-2	-1.141423E-2	-1.014169E-2	-2.674383E+10	-2.685352E+10	-3.489688E+7	1.096947E+8	-2.402602E+11
5.605210E+2	1.030813E+0	2.773109E+10	1.020801E+0	1.212269E+9	1.023584E+0	2.754944E+10	9.579674E-1	1.155712E+9	1.026854E+0	2.092863E+11	1.022472E+0	2.096821E+11	1.026473E+0	2.368357E+11	1.023441E+0	2.374131E+11	-1.001254E-2	-6.561656E-2	6.283319E-2	5.560402E-2	-2.640086E-3	-2.651882E+10	-2.639373E+10	5.655623E+7	-1.250914E+8	-2.362009E+11
5.610010E+2	9.670921E-1	2.609477E+10	9.884626E-1	1.175634E+9	9.897639E-1	2.668148E+10	9.875743E-1	1.189620E+9	9.743337E-1	1.990839E+11	9.760228E-1	2.006061E+11	9.761344E-1	2.257653E+11	9.749855E-1	2.267008E+11	2.137048E-2	-2.189612E-3	8.883787E-4	2.356009E-2	1.347717E-2	-2.491914E+10	-2.549186E+10	-1.398538E+7	5.727208E+8	-2.255252E+11
