Photon Energy (eV)	X ref norm	X ref	X pump norm	X pump	Y ref norm	Y ref	Y pump norm	Y pump	X all norm	X all	Y all norm	Y all	X all Y ref norm	X all Y ref	Y all X ref norm	Y all X ref	BC(X hist) norm	BC(Y hist) norm	StS norm	BCSC norm	BCLR norm	BC(X hist)	BC(Y hist)	StS	BCSC	BCLR	
5.300270E+2	-9.303666E-3	1.021554E+9	-6.172029E-3	5.527872E+7	-7.945573E-3	1.076227E+9	-2.159051E-2	3.454920E+7	-9.259986E-3	8.014584E+9	-8.473913E-3	8.238115E+9	-9.106598E-3	9.090811E+9	-8.570294E-3	9.259669E+9	3.131637E-3	-1.364494E-2	1.541848E-2	1.677658E-2	2.398265E-3	-9.662753E+8	-1.041678E+9	2.072951E+7	7.540251E+7	-9.204390E+9
5.305230E+2	-5.968786E-3	1.107192E+9	9.521073E-4	6.347031E+7	-6.431829E-3	1.115076E+9	-1.089635E-2	4.695066E+7	-6.402051E-3	8.569756E+9	-6.291885E-3	8.664477E+9	-6.405526E-3	9.684832E+9	-6.254355E-3	9.771668E+9	6.920893E-3	-4.464524E-3	1.184846E-2	1.138542E-2	7.206463E-3	-1.043721E+9	-1.068125E+9	1.651966E+7	2.440385E+7	-9.708198E+9
5.310050E+2	-5.573847E-3	1.117333E+9	-7.029184E-3	5.429313E+7	-6.043287E-3	1.125047E+9	-8.340389E-3	4.991467E+7	-6.828404E-3	8.486934E+9	-6.386098E-3	8.646068E+9	-6.736783E-3	9.611982E+9	-6.291750E-3	9.763401E+9	-1.455337E-3	-2.297102E-3	1.311205E-3	8.417656E-4	-7.374338E-4	-1.063040E+9	-1.075133E+9	4.378454E+6	1.209245E+7	-9.709108E+9
5.315080E+2	-3.708188E-3	1.165242E+9	-1.666727E-3	6.045908E+7	-4.731363E-3	1.158717E+9	-6.047969E-3	5.257307E+7	-3.828920E-3	9.069603E+9	-3.700411E-3	9.170844E+9	-3.934232E-3	1.022832E+10	-3.701314E-3	1.033609E+10	2.041461E-3	-1.316605E-3	4.381242E-3	3.358066E-3	2.034587E-3	-1.104783E+9	-1.106144E+9	7.886007E+6	1.360317E+6	-1.027563E+10
5.320120E+2	-4.071549E-4	1.250011E+9	-5.337916E-3	5.623781E+7	-9.014694E-4	1.257007E+9	9.993915E-3	7.117600E+7	-1.949162E-4	9.775531E+9	-2.578871E-4	9.843503E+9	-2.773689E-4	1.103254E+10	-2.752254E-4	1.109351E+10	-4.930762E-3	1.089538E-2	-1.533183E-2	-1.582615E-2	-5.062691E-3	-1.193773E+9	-1.185831E+9	-1.493819E+7	-7.941751E+6	-1.103728E+10
5.325120E+2	6.849643E-3	1.436361E+9	-4.979225E-3	5.665025E+7	7.068038E-3	1.461537E+9	1.884032E-2	8.143471E+7	6.959261E-3	1.116528E+10	7.036047E-3	1.126872E+10	6.971955E-3	1.262681E+10	7.014395E-3	1.270508E+10	-1.182887E-2	1.177228E-2	-2.381955E-2	-2.360115E-2	-1.199362E-2	-1.379710E+9	-1.380102E+9	-2.478447E+7	3.917672E+5	-1.264843E+10
5.330230E+2	1.811200E-2	1.725571E+9	2.423297E-2	9.023952E+7	1.898548E-2	1.767387E+9	1.804099E-2	8.050777E+7	1.955502E-2	1.361208E+10	1.807415E-2	1.342553E+10	1.948855E-2	1.537947E+10	1.807854E-2	1.515110E+10	6.120977E-3	-9.444987E-4	6.191989E-3	7.065475E-3	6.154430E-3	-1.635331E+9	-1.686879E+9	9.731754E+6	5.154772E+7	-1.506086E+10
5.331580E+2	2.579636E-2	1.922900E+9	9.443385E-3	7.323390E+7	2.386512E-2	1.892618E+9	2.850761E-2	9.264536E+7	2.473926E-2	1.461915E+10	2.385999E-2	1.455607E+10	2.463725E-2	1.651177E+10	2.408491E-2	1.647897E+10	-1.635298E-2	4.642495E-3	-1.906423E-2	-2.099547E-2	-1.464152E-2	-1.849666E+9	-1.799972E+9	-1.941146E+7	-4.969398E+7	-1.640574E+10
5.333080E+2	3.388420E-2	2.130591E+9	2.586329E-2	9.211412E+7	3.322536E-2	2.132839E+9	3.730386E-2	1.028459E+8	3.275522E-2	1.617630E+10	3.323086E-2	1.638711E+10	3.281008E-2	1.830914E+10	3.330675E-2	1.851770E+10	-8.020908E-3	4.078496E-3	-1.144056E-2	-1.209940E-2	-7.443458E-3	-2.038477E+9	-2.029994E+9	-1.073178E+7	-8.483202E+6	-1.842559E+10
5.334580E+2	4.074220E-2	2.306700E+9	2.790424E-2	9.446088E+7	4.130217E-2	2.340123E+9	4.160003E-2	1.078279E+8	4.281388E-2	1.813026E+10	4.150800E-2	1.800444E+10	4.263747E-2	2.047038E+10	4.141905E-2	2.031114E+10	-1.283795E-2	2.978527E-4	-1.369578E-2	-1.313581E-2	-1.351480E-2	-2.212239E+9	-2.232295E+9	-1.336707E+7	2.005627E+7	-2.021668E+10
5.336130E+2	5.738709E-2	2.734130E+9	4.995003E-2	1.198099E+8	5.647255E-2	2.729456E+9	5.805489E-2	1.269098E+8	5.910124E-2	2.129418E+10	5.736780E-2	2.110340E+10	5.879448E-2	2.402364E+10	5.737004E-2	2.383753E+10	-7.437053E-3	1.582341E-3	-8.104858E-3	-9.019394E-3	-7.420004E-3	-2.614320E+9	-2.602546E+9	-7.099837E+6	-1.177350E+7	-2.371772E+10
5.337740E+2	8.139918E-2	3.350745E+9	8.139015E-2	1.559610E+8	7.952394E-2	3.321048E+9	7.924196E-2	1.514793E+8	8.397919E-2	2.612688E+10	7.994000E-2	2.551395E+10	8.345928E-2	2.944793E+10	8.010949E-2	2.886469E+10	-9.031878E-6	-2.819872E-4	2.148191E-3	2.729553E-4	1.280657E-3	-3.194784E+9	-3.169569E+9	4.481650E+6	-2.521536E+7	-2.870873E+10
5.339090E+2	1.069799E-1	4.007641E+9	1.129596E-1	1.922606E+8	1.099350E-1	4.101517E+9	1.167117E-1	1.949311E+8	1.177253E-1	3.268227E+10	1.122155E-1	3.182050E+10	1.168162E-1	3.678379E+10	1.116074E-1	3.582814E+10	5.979704E-3	6.776791E-3	-3.752184E-3	-7.970868E-4	1.352178E-3	-3.815380E+9	-3.906586E+9	-2.670406E+6	9.120646E+7	-3.563588E+10
5.340590E+2	1.665868E-1	5.538308E+9	1.715782E-1	2.596625E+8	1.741134E-1	5.748595E+9	1.926762E-1	2.830231E+8	1.859807E-1	4.594132E+10	1.773994E-1	4.455725E+10	1.845958E-1	5.168991E+10	1.761435E-1	5.009556E+10	4.991454E-3	1.856285E-2	-2.109801E-2	-1.357140E-2	-4.565264E-3	-5.278645E+9	-5.465572E+9	-2.336051E+7	1.869265E+8	-4.983590E+10
5.342090E+2	2.977761E-1	8.907167E+9	3.178618E-1	4.278648E+8	3.012763E-1	9.012109E+9	2.816958E-1	3.862543E+8	3.205875E-1	7.208953E+10	3.028298E-1	6.906600E+10	3.183339E-1	8.110164E+10	3.022428E-1	7.797317E+10	2.008566E-2	-1.958052E-2	3.616601E-2	3.966617E-2	1.561901E-2	-8.479302E+9	-8.625855E+9	4.161049E+7	1.465525E+8	-7.754530E+10
5.343600E+2	5.352312E-1	1.500486E+10	5.686954E-1	7.162826E+8	5.357847E-1	1.503054E+10	5.162500E-1	6.582545E+8	5.631062E-1	1.192003E+11	5.334894E-1	1.141362E+11	5.599178E-1	1.342309E+11	5.336917E-1	1.291411E+11	3.346419E-2	-1.953467E-2	5.244536E-2	5.299886E-2	3.500367E-2	-1.428858E+10	-1.437229E+10	5.802806E+7	8.370848E+7	-1.284248E+11
5.345110E+2	8.950847E-1	2.424567E+10	9.441109E-1	1.147949E+9	8.994133E-1	2.436272E+10	8.899735E-1	1.091642E+9	9.230764E-1	1.891268E+11	8.966504E-1	1.850969E+11	9.203150E-1	2.134895E+11	8.964685E-1	2.093426E+11	4.902618E-2	-9.439770E-3	5.413735E-2	5.846595E-2	4.764237E-2	-2.309772E+10	-2.327108E+10	5.630727E+7	1.733584E+8	-2.081946E+11
5.346560E+2	1.269419E+0	3.385834E+10	1.287883E+0	1.543231E+9	1.281774E+0	3.417564E+10	1.251112E+0	1.510435E+9	1.289865E+0	2.603777E+11	1.268898E+0	2.578331E+11	1.288921E+0	2.945534E+11	1.268959E+0	2.916914E+11	1.846400E-2	-3.066214E-2	3.677121E-2	4.912614E-2	1.892459E-2	-3.231511E+10	-3.266521E+10	3.279619E+7	3.500996E+8	-2.901482E+11
5.348070E+2	1.633770E+0	4.321464E+10	1.662248E+0	1.973690E+9	1.642992E+0	4.344596E+10	1.663160E+0	1.988266E+9	1.633490E+0	3.271290E+11	1.618777E+0	3.261985E+11	1.634599E+0	3.705750E+11	1.620519E+0	3.694131E+11	2.847806E-2	2.016759E-2	-9.118941E-4	8.310472E-3	4.172949E-2	-4.124094E+10	-4.145770E+10	-1.457551E+7	2.167511E+8	-3.674394E+11
5.349630E+2	1.949652E+0	5.132628E+10	1.884974E+0	2.229788E+9	1.950921E+0	5.134866E+10	1.922883E+0	2.289452E+9	1.908068E+0	3.804676E+11	1.915227E+0	3.841240E+11	1.913069E+0	4.318163E+11	1.919226E+0	4.354503E+11	-6.467831E-2	-2.803868E-2	-3.790904E-2	-3.663963E-2	-3.425202E-2	-4.909649E+10	-4.905921E+10	-5.966413E+7	-3.728257E+7	-4.332205E+11
5.351090E+2	2.084007E+0	5.477644E+10	2.063116E+0	2.434623E+9	2.083600E+0	5.475372E+10	1.946368E+0	2.316687E+9	2.029060E+0	4.039712E+11	2.039547E+0	4.084157E+11	2.035425E+0	4.587249E+11	2.044711E+0	4.631921E+11	-2.089153E-2	-1.372317E-1	1.167478E-1	1.163402E-1	1.840451E-2	-5.234181E+10	-5.243703E+10	1.179357E+8	9.521913E+7	-4.607575E+11
5.352600E+2	1.996529E+0	5.253004E+10	1.983657E+0	2.343258E+9	2.006984E+0	5.278746E+10	1.950377E+0	2.321336E+9	1.941034E+0	3.868714E+11	1.956444E+0	3.921776E+11	1.948730E+0	4.396588E+11	1.961100E+0	4.447076E+11	-1.287185E-2	-5.660777E-2	3.328026E-2	4.373592E-2	2.255692E-2	-5.018679E+10	-5.046613E+10	2.192224E+7	2.793420E+8	-4.423644E+11
5.354060E+2	1.765104E+0	4.658722E+10	1.740203E+0	2.063325E+9	1.768983E+0	4.667939E+10	1.725590E+0	2.060662E+9	1.726401E+0	3.451776E+11	1.731859E+0	3.482944E+11	1.731370E+0	3.918570E+11	1.735721E+0	3.948816E+11	-2.490161E-2	-4.339356E-2	1.461322E-2	1.849195E-2	4.482052E-3	-4.452389E+10	-4.461873E+10	2.663395E+6	9.483835E+7	-3.928183E+11
5.355630E+2	1.537378E+0	4.073934E+10	1.536145E+0	1.828692E+9	1.534176E+0	4.065329E+10	1.484946E+0	1.781600E+9	1.504404E+0	3.020534E+11	1.508129E+0	3.045781E+11	1.507879E+0	3.427067E+11	1.511526E+0	3.453175E+11	-1.232307E-3	-4.923032E-2	5.119964E-2	4.799802E-2	2.461897E-2	-3.891065E+10	-3.887169E+10	4.709258E+7	-3.895364E+7	-3.434888E+11
5.357140E+2	1.276548E+0	3.404141E+10	1.250419E+0	1.500153E+9	1.279092E+0	3.410681E+10	1.225160E+0	1.480340E+9	1.258721E+0	2.543280E+11	1.268620E+0	2.577788E+11	1.261099E+0	2.884348E+11	1.269541E+0	2.918202E+11	-2.612945E-2	-5.393201E-2	2.525867E-2	2.780256E-2	-1.912250E-2	-3.254125E+10	-3.262647E+10	1.981324E+7	8.521646E+7	-2.903201E+11
5.358600E+2	1.073545E+0	2.882842E+10	1.091425E+0	1.317337E+9	1.072427E+0	2.880295E+10	1.070910E+0	1.301465E+9	1.064477E+0	2.165947E+11	1.072600E+0	2.194769E+11	1.065404E+0	2.453976E+11	1.072710E+0	2.483053E+11	1.788020E-2	-1.516592E-3	2.051502E-2	1.939679E-2	1.871572E-2	-2.751108E+10	-2.750148E+10	1.587204E+7	-9.598796E+6	-2.469880E+11
5.360070E+2	9.292181E-1	2.512219E+10	9.208981E-1	1.121258E+9	9.161476E-1	2.479219E+10	9.134600E-1	1.118878E+9	9.284039E-1	1.901617E+11	9.289001E-1	1.913984E+11	9.269737E-1	2.149539E+11	9.289370E-1	2.165206E+11	-8.320033E-3	-2.687634E-3	7.438071E-3	-5.632399E-3	-8.038917E-3	-2.400093E+10	-2.367331E+10	2.380300E+6	-3.276221E+8	-2.153993E+11
5.362680E+2	7.025909E-1	1.930255E+10	6.913178E-1	8.572784E+8	7.052624E-1	1.938002E+10	6.871880E-1	8.564823E+8	7.070978E-1	1.471716E+11	7.104037E-1	1.487048E+11	7.068836E-1	1.665516E+11	7.094962E-1	1.680074E+11	-1.127310E-2	-1.807440E-2	4.129798E-3	6.801306E-3	-1.817838E-2	-1.844527E+10	-1.852354E+10	7.960995E+5	7.826890E+7	-1.671501E+11
5.365140E+2	5.661353E-1	1.579846E+10	5.653192E-1	7.124005E+8	5.661714E-1	1.581039E+10	5.410020E-1	6.869581E+8	5.746915E-1	1.214508E+11	5.719509E-1	1.216515E+11	5.736973E-1	1.372612E+11	5.712754E-1	1.374500E+11	-8.160901E-4	-2.516947E-2	2.431722E-2	2.435338E-2	-5.956227E-3	-1.508606E+10	-1.512343E+10	2.544247E+7	3.737233E+7	-1.367376E+11
5.367970E+2	5.007555E-1	1.411955E+10	5.056504E-1	6.437912E+8	5.011297E-1	1.414115E+10	5.244673E-1	6.677837E+8	5.086214E-1	1.086163E+11	5.042874E-1	1.084303E+11	5.077471E-1	1.227574E+11	5.038772E-1	1.225498E+11	4.894863E-3	2.333763E-2	-1.881690E-2	-1.844277E-2	1.773248E-3	-1.347576E+10	-1.347337E+10	-2.399254E+7	-2.387282E+6	-1.219060E+11
5.370070E+2	4.949469E-1	1.397039E+10	4.805570E-1	6.149378E+8	4.931219E-1	1.393564E+10	4.905890E-1	6.284968E+8	5.018510E-1	1.073011E+11	4.954639E-1	1.067062E+11	5.008323E-1	1.212367E+11	4.954039E-1	1.206766E+11	-1.438995E-2	-2.532874E-3	-1.003203E-2	-1.185708E-2	-1.484692E-2	-1.335545E+10	-1.330714E+10	-1.355902E+7	-4.830439E+7	-1.200616E+11
5.372800E+2	5.132820E-1	1.444122E+10	5.297945E-1	6.715529E+8	5.111357E-1	1.439795E+10	5.159277E-1	6.578807E+8	5.211568E-1	1.110514E+11	5.190991E-1	1.113244E+11	5.199874E-1	1.254493E+11	5.184234E-1	1.257656E+11	1.651246E-2	4.791974E-3	1.386683E-2	1.172048E-2	1.137107E-2	-1.376967E+10	-1.374007E+10	1.367220E+7	-2.960001E+7	-1.250941E+11
5.375060E+2	5.934823E-1	1.650071E+10	6.243642E-1	7.802927E+8	5.954353E-1	1.656142E+10	6.431038E-1	8.053602E+8	6.023296E-1	1.268197E+11	6.012690E-1	1.273802E+11	6.015250E-1	1.433811E+11	6.003645E-1	1.438809E+11	3.088191E-2	4.766855E-2	-1.873957E-2	-1.678665E-2	2.399970E-2	-1.572042E+10	-1.575606E+10	-2.506747E+7	3.563522E+7	-1.431006E+11
5.377630E+2	7.110863E-1	1.952071E+10	7.524746E-1	9.275988E+8	7.180854E-1	1.970911E+10	7.122816E-1	8.855820E+8	7.247226E-1	1.505953E+11	7.242210E-1	1.514047E+11	7.239481E-1	1.703044E+11	7.226954E-1	1.709254E+11	4.138832E-2	-5.803899E-3	4.019309E-2	4.719221E-2	2.977927E-2	-1.859311E+10	-1.882353E+10	4.201684E+7	2.304236E+8	-1.699978E+11
5.380480E+2	8.723808E-1	2.366265E+10	8.456221E-1	1.034703E+9	8.672745E-1	2.353791E+10	9.134829E-1	1.118905E+9	8.722885E-1	1.792609E+11	8.654027E-1	1.789912E+11	8.717034E-1	2.027988E+11	8.662132E-1	2.026538E+11	-2.675866E-2	4.620838E-2	-6.786083E-2	-7.296704E-2	-2.059114E-2	-2.262794E+10	-2.241900E+10	-8.420140E+7	-2.089378E+8	-2.016191E+11
5.382640E+2	1.017440E+0	2.738768E+10	1.007808E+0	1.221191E+9	1.016931E+0	2.737869E+10	1.006563E+0	1.226844E+9	1.020468E+0	2.080458E+11	1.012196E+0	2.076743E+11	1.020056E+0	2.354245E+11	1.012805E+0	2.350619E+11	-9.632233E-3	-1.036794E-2	1.245118E-3	7.357021E-4	-4.997451E-3	-2.616649E+10	-2.615185E+10	-5.653946E+6	-1.464067E+7	-2.338407E+11
5.385170E+2	1.239236E+0	3.308325E+10	1.197034E+0	1.438769E+9	1.237972E+0	3.305150E+10	1.170279E+0	1.416697E+9	1.232057E+0	2.491483E+11	1.223409E+0	2.489447E+11	1.232747E+0	2.821998E+11	1.225248E+0	2.820280E+11	-4.220215E-2	-6.769302E-2	2.675460E-2	2.549087E-2	-2.821411E-2	-3.164448E+10	-3.163481E+10	2.207171E+7	-9.672009E+6	-2.805892E+11
5.387970E+2	1.440809E+0	3.825952E+10	1.392331E+0	1.663329E+9	1.447880E+0	3.843859E+10	1.397002E+0	1.679616E+9	1.436951E+0	2.889503E+11	1.429487E+0	2.892117E+11	1.438227E+0	3.273888E+11	1.430802E+0	3.274712E+11	-4.847838E-2	-5.087789E-2	-4.671350E-3	2.399518E-3	-3.847115E-2	-3.659619E+10	-3.675897E+10	-1.628721E+7	1.627798E+8	-3.258078E+11
5.390130E+2	1.668711E+0	4.411189E+10	1.586929E+0	1.887086E+9	1.664690E+0	4.400282E+10	1.636175E+0	1.956973E+9	1.648711E+0	3.300859E+11	1.644130E+0	3.311525E+11	1.650576E+0	3.740887E+11	1.646986E+0	3.752643E+11	-8.178157E-2	-2.851510E-2	-4.924621E-2	-5.326648E-2	-6.005649E-2	-4.222480E+10	-4.204585E+10	-6.988737E+7	-1.789557E+8	-3.733773E+11
5.392930E+2	1.887595E+0	4.973270E+10	1.797861E+0	2.129623E+9	1.880569E+0	4.954313E+10	1.836997E+0	2.189855E+9	1.838260E+0	3.669069E+11	1.839813E+0	3.693882E+11	1.843197E+0	4.164500E+11	1.845363E+0	4.191209E+11	-8.973423E-2	-4.357173E-2	-3.913631E-2	-4.616251E-2	-4.750209E-2	-4.760308E+10	-4.735328E+10	-6.023274E+7	-2.497991E+8	-4.169913E+11
5.395210E+2	2.033798E+0	5.348711E+10	2.006275E+0	2.369265E+9	2.039848E+0	5.363089E+10	2.020345E+0	2.402474E+9	1.989755E+0	3.963357E+11	2.000951E+0	4.008743E+11	1.995600E+0	4.499666E+11	2.004767E+0	4.543614E+11	-2.752303E-2	-1.950315E-2	-1.406987E-2	-8.019875E-3	1.508559E-3	-5.111784E+10	-5.122841E+10	-3.320911E+7	1.105725E+8	-4.519921E+11
5.397650E+2	2.046053E+0	5.380181E+10	1.945123E+0	2.298950E+9	2.060333E+0	5.415660E+10	1.966116E+0	2.339588E+9	1.999634E+0	3.982549E+11	2.007037E+0	4.020633E+11	2.006718E+0	4.524115E+11	2.011569E+0	4.558651E+11	-1.009305E-1	-9.421658E-2	-2.099312E-2	-6.713964E-3	-6.644584E-2	-5.150286E+10	-5.181701E+10	-4.063772E+7	3.141496E+8	-4.535662E+11
5.400190E+2	2.026851E+0	5.330869E+10	1.978340E+0	2.337144E+9	2.031712E+0	5.342208E+10	2.026066E+0	2.409109E+9	1.985027E+0	3.954173E+11	1.985985E+0	3.979499E+11	1.990475E+0	4.488394E+11	1.990732E+0	4.512586E+11	-4.851069E-2	-5.645892E-3	-4.772630E-2	-4.286480E-2	-1.239201E-2	-5.097155E+10	-5.101297E+10	-7.196464E+7	4.142158E+7	-4.489214E+11
5.402790E+2	1.944626E+0	5.119722E+10	1.854670E+0	2.194944E+9	1.932228E+0	5.086891E+10	1.915130E+0	2.280462E+9	1.889280E+0	3.768179E+11	1.897739E+0	3.807068E+11	1.894292E+0	4.276868E+11	1.903185E+0	4.319040E+11	-8.995635E-2	-1.709778E-2	-6.046034E-2	-7.285857E-2	-4.851545E-2	-4.900227E+10	-4.858845E+10	-8.551840E+7	-4.138267E+8	-4.297091E+11
5.405080E+2	1.863844E+0	4.912279E+10	1.762294E+0	2.088726E+9	1.865123E+0	4.914673E+10	1.850181E+0	2.205144E+9	1.828373E+0	3.649864E+11	1.834439E+0	3.683381E+11	1.832662E+0	4.141331E+11	1.837854E+0	4.174609E+11	-1.015504E-1	-1.494181E-2	-8.788766E-2	-8.660859E-2	-7.556069E-2	-4.703406E+10	-4.694159E+10	-1.164182E+8	-9.247394E+7	-4.153722E+11
5.407630E+2	1.761557E+0	4.649611E+10	1.778748E+0	2.107646E+9	1.760860E+0	4.647092E+10	1.753050E+0	2.092506E+9	1.736405E+0	3.471209E+11	1.732497E+0	3.484190E+11	1.739259E+0	3.935919E+11	1.735872E+0	3.949151E+11	1.719120E-2	-7.810217E-3	2.569810E-2	2.500141E-2	4.287540E-2	-4.438847E+10	-4.437841E+10	1.513981E+7	-1.005451E+7	-3.928075E+11
5.410240E+2	1.612892E+0	4.267849E+10	1.524973E+0	1.815846E+9	1.618016E+0	4.280495E+10	1.552279E+0	1.859682E+9	1.586280E+0	3.179582E+11	1.591661E+0	3.209001E+11	1.589983E+0	3.607632E+11	1.594127E+0	3.635786E+11	-8.791852E-2	-6.573694E-2	-2.730547E-2	-2.218158E-2	-6.915405E-2	-4.086264E+10	-4.094527E+10	-4.383605E+7	8.262701E+7	-3.617627E+11
5.412640E+2	1.576969E+0	4.175602E+10	1.593950E+0	1.895159E+9	1.582610E+0	4.189630E+10	1.523236E+0	1.826003E+9	1.552864E+0	3.114669E+11	1.562254E+0	3.151539E+11	1.556335E+0	3.533632E+11	1.563963E+0	3.569100E+11	1.698157E-2	-5.937395E-2	7.071466E-2	7.635552E-2	2.998750E-2	-3.986086E+10	-4.007029E+10	6.915605E+7	2.094370E+8	-3.550148E+11
5.415190E+2	1.483795E+0	3.936338E+10	1.510731E+0	1.799470E+9	1.479086E+0	3.923945E+10	1.521645E+0	1.824159E+9	1.468206E+0	2.950217E+11	1.471658E+0	2.974519E+11	1.469476E+0	3.342611E+11	1.473068E+0	3.368152E+11	2.693561E-2	4.255993E-2	-1.091468E-2	-1.562431E-2	3.766277E-2	-3.756391E+10	-3.741529E+10	-2.468879E+7	-1.486157E+8	-3.350158E+11
5.417650E+2	1.302801E+0	3.471557E+10	1.271921E+0	1.524877E+9	1.301391E+0	3.467910E+10	1.309793E+0	1.578485E+9	1.303687E+0	2.630628E+11	1.301644E+0	2.642315E+11	1.303419E+0	2.977419E+11	1.301778E+0	2.989471E+11	-3.088065E-2	8.402151E-3	-3.787295E-2	-3.928280E-2	-2.985783E-2	-3.319069E+10	-3.310061E+10	-5.360811E+7	-9.007594E+7	-2.974222E+11
5.420160E+2	1.157436E+0	3.098268E+10	1.179470E+0	1.418574E+9	1.158543E+0	3.101304E+10	1.102803E+0	1.338450E+9	1.153591E+0	2.339057E+11	1.156292E+0	2.358302E+11	1.154169E+0	2.649188E+11	1.156425E+0	2.668129E+11	2.203431E-2	-5.573990E-2	7.666689E-2	7.777421E-2	2.304530E-2	-2.956411E+10	-2.967459E+10	8.012467E+7	1.104849E+8	-2.653943E+11
5.422890E+2	9.867612E-1	2.659986E+10	9.741861E-1	1.182531E+9	9.840983E-1	2.653608E+10	9.361747E-1	1.145219E+9	9.864940E-1	2.014461E+11	9.875894E-1	2.028661E+11	9.862144E-1	2.279821E+11	9.874932E-1	2.294660E+11	-1.257512E-2	-4.792357E-2	3.801137E-2	3.534845E-2	-1.330710E-2	-2.541733E+10	-2.539086E+10	3.731177E+7	-2.647230E+7	-2.282835E+11
5.425300E+2	9.785341E-1	2.638860E+10	9.527221E-1	1.157851E+9	9.752784E-1	2.630972E+10	9.424695E-1	1.152519E+9	9.813421E-1	2.004453E+11	9.734391E-1	2.001012E+11	9.806345E-1	2.267550E+11	9.740309E-1	2.264898E+11	-2.581206E-2	-3.280893E-2	1.025259E-2	6.996872E-3	-2.130886E-2	-2.523075E+10	-2.515721E+10	5.331946E+6	-7.353980E+7	-2.253320E+11
5.427650E+2	9.767015E-1	2.634154E+10	9.746204E-1	1.183030E+9	9.907825E-1	2.670762E+10	9.866780E-1	1.203785E+9	9.880362E-1	2.017456E+11	9.863615E-1	2.026262E+11	9.883567E-1	2.284533E+11	9.852395E-1	2.289677E+11	-2.081103E-3	-4.104496E-3	-1.205755E-2	2.023393E-3	-1.061902E-2	-2.515851E+10	-2.550384E+10	-2.075477E+7	3.453302E+8	-2.277847E+11
5.430170E+2	1.097050E+0	2.943202E+10	1.096686E+0	1.323386E+9	1.102620E+0	2.957782E+10	1.081899E+0	1.314208E+9	1.100168E+0	2.235279E+11	1.098617E+0	2.245607E+11	1.100454E+0	2.531057E+11	1.098435E+0	2.539927E+11	-3.643580E-4	-2.072080E-2	1.478719E-2	2.035645E-2	-1.749240E-3	-2.810863E+10	-2.826361E+10	9.178172E+6	1.549748E+8	-2.526693E+11
5.432960E+2	1.254512E+0	3.347553E+10	1.193004E+0	1.434136E+9	1.250353E+0	3.336925E+10	1.280651E+0	1.544690E+9	1.246877E+0	2.520271E+11	1.245292E+0	2.532206E+11	1.247282E+0	2.853963E+11	1.246363E+0	2.866961E+11	-6.150809E-2	3.029745E-2	-8.764667E-2	-9.180554E-2	-5.335932E-2	-3.204139E+10	-3.182456E+10	-1.105539E+8	-2.168328E+8	-2.852620E+11
5.435220E+2	1.345956E+0	3.582377E+10	1.310872E+0	1.569664E+9	1.328912E+0	3.538539E+10	1.351406E+0	1.626742E+9	1.331209E+0	2.684091E+11	1.324740E+0	2.687444E+11	1.330941E+0	3.037945E+11	1.327204E+0	3.045681E+11	-3.508487E-2	2.249464E-2	-4.053495E-2	-5.757951E-2	-1.633257E-2	-3.425410E+10	-3.375864E+10	-5.707720E+7	-4.954561E+8	-3.029985E+11
5.437910E+2	1.550730E+0	4.108222E+10	1.516437E+0	1.806032E+9	1.564653E+0	4.143545E+10	1.506677E+0	1.806801E+9	1.538839E+0	3.087425E+11	1.539864E+0	3.107792E+11	1.541851E+0	3.501780E+11	1.541127E+0	3.518614E+11	-3.429274E-2	-5.797509E-2	9.759938E-3	2.368235E-2	-2.468916E-2	-3.927619E+10	-3.962864E+10	-7.695168E+5	3.524515E+8	-3.500553E+11
5.440170E+2	1.602102E+0	4.240143E+10	1.564233E+0	1.860989E+9	1.591112E+0	4.211450E+10	1.552742E+0	1.860220E+9	1.573224E+0	3.154221E+11	1.572188E+0	3.170951E+11	1.575312E+0	3.575366E+11	1.575663E+0	3.594965E+11	-3.786907E-2	-3.836954E-2	1.149078E-2	5.004681E-4	-1.142942E-2	-4.054044E+10	-4.025428E+10	7.687642E+5	-2.861584E+8	-3.576355E+11
5.442590E+2	1.646304E+0	4.353651E+10	1.625519E+0	1.931458E+9	1.654137E+0	4.373198E+10	1.552389E+0	1.859810E+9	1.614248E+0	3.233913E+11	1.617315E+0	3.259128E+11	1.618903E+0	3.671232E+11	1.620682E+0	3.694493E+11	-2.078506E-2	-1.017481E-1	7.313042E-2	8.096303E-2	4.837167E-3	-4.160505E+10	-4.187217E+10	7.164778E+7	2.671155E+8	-3.675178E+11
5.445180E+2	1.581489E+0	4.187208E+10	1.579136E+0	1.878125E+9	1.591781E+0	4.213168E+10	1.647967E+0	1.970647E+9	1.559536E+0	3.127631E+11	1.570272E+0	3.167206E+11	1.563299E+0	3.548947E+11	1.571575E+0	3.585927E+11	-2.352541E-3	5.618579E-2	-6.883106E-2	-5.853834E-2	7.561474E-3	-3.999395E+10	-4.016103E+10	-9.252244E+7	1.670749E+8	-3.567146E+11
5.447610E+2	1.450450E+0	3.850709E+10	1.423742E+0	1.699447E+9	1.459745E+0	3.874310E+10	1.428099E+0	1.715677E+9	1.439735E+0	2.894911E+11	1.449091E+0	2.930423E+11	1.442071E+0	3.282342E+11	1.449249E+0	3.315493E+11	-2.670726E-2	-3.164694E-2	-4.356041E-3	4.939675E-3	-2.550625E-2	-3.680764E+10	-3.702743E+10	-1.622972E+7	2.197882E+8	-3.298499E+11
5.450090E+2	1.448280E+0	3.845137E+10	1.423687E+0	1.699384E+9	1.446046E+0	3.839152E+10	1.408683E+0	1.693162E+9	1.426855E+0	2.869890E+11	1.431822E+0	2.896679E+11	1.429095E+0	3.253805E+11	1.433733E+0	3.281193E+11	-2.459274E-2	-3.736295E-2	1.500400E-2	1.277022E-2	-1.004626E-2	-3.675198E+10	-3.669836E+10	6.221648E+6	-5.362074E+7	-3.264199E+11
5.452640E+2	1.332236E+0	3.547143E+10	1.299852E+0	1.556993E+9	1.329446E+0	3.539910E+10	1.250797E+0	1.510070E+9	1.317908E+0	2.658252E+11	1.320803E+0	2.679752E+11	1.319254E+0	3.012243E+11	1.322131E+0	3.034467E+11	-3.238417E-2	-7.864896E-2	4.905434E-2	4.626480E-2	-2.227968E-2	-3.391444E+10	-3.388903E+10	4.692288E+7	-2.540446E+7	-3.018897E+11
5.455290E+2	1.296135E+0	3.454438E+10	1.261618E+0	1.513030E+9	1.289940E+0	3.438522E+10	1.270700E+0	1.533150E+9	1.285202E+0	2.594720E+11	1.286785E+0	2.613282E+11	1.285755E+0	2.938572E+11	1.287871E+0	2.958726E+11	-3.451698E-2	-1.924075E-2	-9.081885E-3	-1.527624E-2	-2.625371E-2	-3.303135E+10	-3.285207E+10	-2.011955E+7	-1.792749E+8	-2.943596E+11
5.457670E+2	1.181761E+0	3.160733E+10	1.138597E+0	1.371576E+9	1.165677E+0	3.119611E+10	1.137348E+0	1.378509E+9	1.164338E+0	2.359933E+11	1.161139E+0	2.367773E+11	1.164494E+0	2.671894E+11	1.163535E+0	2.683846E+11	-4.316428E-2	-2.832898E-2	1.249112E-3	-1.483529E-2	-2.493795E-2	-3.023576E+10	-2.981760E+10	-6.932378E+6	-4.181540E+8	-2.670131E+11
5.460110E+2	1.171800E+0	3.135154E+10	1.089881E+0	1.315561E+9	1.154040E+0	3.089748E+10	1.167414E+0	1.413376E+9	1.156148E+0	2.344025E+11	1.153256E+0	2.352369E+11	1.155902E+0	2.652999E+11	1.155410E+0	2.665884E+11	-8.191907E-2	1.337410E-2	-7.753328E-2	-9.529318E-2	-6.552857E-2	-3.003598E+10	-2.948410E+10	-9.781426E+7	-5.518830E+8	-2.652728E+11
5.467660E+2	1.244771E+0	3.322538E+10	1.221278E+0	1.466646E+9	1.236733E+0	3.301971E+10	1.168325E+0	1.414432E+9	1.231172E+0	2.489763E+11	1.230523E+0	2.503347E+11	1.231821E+0	2.819960E+11	1.232178E+0	2.835601E+11	-2.349261E-2	-6.840777E-2	5.295265E-2	4.491515E-2	-1.090002E-2	-3.175873E+10	-3.160528E+10	5.221438E+7	-1.534566E+8	-2.820934E+11
5.475180E+2	1.305304E+0	3.477984E+10	1.235496E+0	1.482994E+9	1.312120E+0	3.495444E+10	1.248842E+0	1.507802E+9	1.301846E+0	2.627052E+11	1.297492E+0	2.634203E+11	1.303045E+0	2.976597E+11	1.298400E+0	2.982001E+11	-6.980841E-2	-6.327856E-2	-1.334590E-2	-6.529854E-3	-6.290397E-2	-3.329684E+10	-3.344664E+10	-2.480805E+7	1.497955E+8	-2.967171E+11
5.482600E+2	1.397967E+0	3.715937E+10	1.392860E+0	1.663938E+9	1.408718E+0	3.743353E+10	1.357504E+0	1.633813E+9	1.385303E+0	2.789172E+11	1.389907E+0	2.814780E+11	1.388035E+0	3.163507E+11	1.390844E+0	3.186373E+11	-5.106999E-3	-5.121331E-2	3.535602E-2	4.610632E-2	2.016834E-3	-3.549544E+10	-3.579971E+10	3.012523E+7	3.042776E+8	-3.169734E+11
5.490100E+2	1.326715E+0	3.532966E+10	1.281422E+0	1.535802E+9	1.324911E+0	3.528270E+10	1.272988E+0	1.535804E+9	1.311511E+0	2.645826E+11	1.316706E+0	2.671747E+11	1.313075E+0	2.998653E+11	1.317869E+0	3.025043E+11	-4.529376E-2	-5.192227E-2	8.433067E-3	6.628506E-3	-3.644743E-2	-3.379386E+10	-3.374690E+10	-2.664502E+3	-4.696682E+7	-3.009685E+11
5.497740E+2	1.309238E+0	3.488086E+10	1.315518E+0	1.575007E+9	1.311786E+0	3.494587E+10	1.257088E+0	1.517365E+9	1.300944E+0	2.625300E+11	1.300834E+0	2.640733E+11	1.302209E+0	2.974758E+11	1.301810E+0	2.989541E+11	6.280227E-3	-5.469843E-2	5.843051E-2	6.097866E-2	1.370779E-2	-3.330585E+10	-3.342850E+10	5.764224E+7	1.226539E+8	-2.973791E+11
5.505060E+2	1.313596E+0	3.499278E+10	1.335829E+0	1.598361E+9	1.325162E+0	3.528916E+10	1.288071E+0	1.553294E+9	1.304610E+0	2.632422E+11	1.308533E+0	2.655776E+11	1.307009E+0	2.985313E+11	1.309121E+0	3.005704E+11	2.223237E-2	-3.709163E-2	4.775799E-2	5.932400E-2	2.670780E-2	-3.339442E+10	-3.373587E+10	4.506663E+7	3.414463E+8	-2.989720E+11
5.512620E+2	1.261629E+0	3.365829E+10	1.258014E+0	1.508886E+9	1.259989E+0	3.361655E+10	1.213556E+0	1.466884E+9	1.256087E+0	2.538162E+11	1.258886E+0	2.558767E+11	1.256542E+0	2.874328E+11	1.259204E+0	2.895350E+11	-3.615430E-3	-4.643277E-2	4.445713E-2	4.281734E-2	-1.190853E-3	-3.214940E+10	-3.214967E+10	4.200219E+7	2.637587E+5	-2.880261E+11
5.520100E+2	1.298021E+0	3.459280E+10	1.278352E+0	1.532272E+9	1.288470E+0	3.434748E+10	1.273955E+0	1.536925E+9	1.289372E+0	2.602820E+11	1.288974E+0	2.617559E+11	1.289267E+0	2.946295E+11	1.290025E+0	2.963487E+11	-1.966882E-2	-1.451486E-2	4.396668E-3	-5.153959E-3	-1.167345E-2	-3.306053E+10	-3.281056E+10	-4.653349E+6	-2.499731E+8	-2.948165E+11
5.527590E+2	1.231046E+0	3.287293E+10	1.207129E+0	1.450378E+9	1.240544E+0	3.311750E+10	1.181989E+0	1.430277E+9	1.225096E+0	2.477961E+11	1.225653E+0	2.493831E+11	1.226899E+0	2.809136E+11	1.226279E+0	2.822560E+11	-2.391628E-2	-5.855505E-2	2.514081E-2	3.463877E-2	-1.914999E-2	-3.142256E+10	-3.168723E+10	2.010124E+7	2.646713E+8	-2.808057E+11
5.534880E+2	1.181468E+0	3.159981E+10	1.152658E+0	1.387744E+9	1.173715E+0	3.140241E+10	1.125098E+0	1.364303E+9	1.168416E+0	2.367855E+11	1.172068E+0	2.389127E+11	1.169034E+0	2.681879E+11	1.173160E+0	2.705125E+11	-2.881009E-2	-4.861733E-2	2.756029E-2	1.980725E-2	-2.050178E-2	-3.021206E+10	-3.003810E+10	2.344136E+7	-1.739592E+8	-2.691248E+11
5.542530E+2	1.139473E+0	3.052141E+10	1.112027E+0	1.341026E+9	1.134876E+0	3.040564E+10	1.176045E+0	1.423384E+9	1.125712E+0	2.284900E+11	1.122524E+0	2.292320E+11	1.126781E+0	2.588956E+11	1.124493E+0	2.597534E+11	-2.744581E-2	4.116949E-2	-6.401779E-2	-6.861530E-2	-1.246550E-2	-2.918038E+10	-2.898225E+10	-8.235832E+7	-1.981319E+8	-2.584124E+11
5.550140E+2	1.027931E+0	2.765708E+10	1.050412E+0	1.270179E+9	1.037765E+0	2.791339E+10	9.796590E-1	1.195646E+9	1.020647E+0	2.080804E+11	1.026856E+0	2.105388E+11	1.022644E+0	2.359938E+11	1.026981E+0	2.381958E+11	2.248130E-2	-5.810644E-2	7.075322E-2	8.058775E-2	2.343116E-2	-2.638690E+10	-2.671775E+10	7.453298E+7	3.308528E+8	-2.369257E+11
5.557600E+2	1.008156E+0	2.714926E+10	1.045831E+0	1.264910E+9	1.005756E+0	2.709190E+10	9.440715E-1	1.154377E+9	9.999783E-1	2.040655E+11	9.986515E-1	2.050276E+11	1.000653E+0	2.311574E+11	9.997554E-1	2.321769E+11	3.767512E-2	-6.168449E-2	1.017592E-1	9.935962E-2	4.607526E-2	-2.588435E+10	-2.593752E+10	1.105340E+8	5.317936E+7	-2.309120E+11
5.560190E+2	9.720789E-1	2.622283E+10	9.388506E-1	1.141901E+9	9.683376E-1	2.613159E+10	9.473807E-1	1.158214E+9	9.736916E-1	1.989591E+11	9.764946E-1	2.006982E+11	9.730668E-1	2.250907E+11	9.759817E-1	2.269211E+11	-3.322829E-2	-2.095682E-2	-8.530123E-3	-1.227147E-2	-3.713108E-2	-2.508093E+10	-2.497338E+10	-1.631329E+7	-1.075494E+8	-2.257792E+11
5.565140E+2	9.604787E-1	2.592494E+10	9.368314E-1	1.139579E+9	9.441563E-1	2.551101E+10	9.482426E-1	1.159214E+9	9.567140E-1	1.956611E+11	9.558644E-1	1.966672E+11	9.552485E-1	2.211721E+11	9.564004E-1	2.225921E+11	-2.364724E-2	4.086265E-3	-1.141117E-2	-2.773350E-2	-1.956895E-2	-2.478536E+10	-2.435179E+10	-1.963448E+7	-4.335719E+8	-2.214525E+11
5.570220E+2	9.802825E-1	2.643349E+10	9.879413E-1	1.198347E+9	9.974227E-1	2.687804E+10	9.874419E-1	1.204671E+9	9.917769E-1	2.024723E+11	9.917096E-1	2.036712E+11	9.924358E-1	2.293503E+11	9.903823E-1	2.301047E+11	7.658801E-3	-9.980710E-3	4.993292E-4	1.763951E-2	-2.441034E-3	-2.523515E+10	-2.567336E+10	-6.323901E+6	4.382186E+8	-2.289064E+11
5.575420E+2	9.936998E-1	2.677804E+10	9.690368E-1	1.176610E+9	9.843803E-1	2.654332E+10	9.809488E-1	1.197141E+9	9.863595E-1	2.014199E+11	9.898239E-1	2.033027E+11	9.861285E-1	2.279632E+11	9.902741E-1	2.300808E+11	-2.466293E-2	-3.431524E-3	-1.191197E-2	-2.123141E-2	-2.123724E-2	-2.560143E+10	-2.534618E+10	-2.053118E+7	-2.552549E+8	-2.289042E+11
5.580060E+2	9.927297E-1	2.675313E+10	9.955484E-1	1.207094E+9	9.865894E-1	2.660001E+10	9.853766E-1	1.202276E+9	9.903914E-1	2.022032E+11	9.890604E-1	2.031536E+11	9.899477E-1	2.288032E+11	9.894866E-1	2.299067E+11	2.818729E-3	-1.212822E-3	1.017179E-2	4.031551E-3	6.061770E-3	-2.554603E+10	-2.539774E+10	4.818115E+6	-1.482997E+8	-2.286996E+11
5.585160E+2	1.004084E+0	2.704469E+10	9.940961E-1	1.205424E+9	9.939682E-1	2.678938E+10	1.052102E+0	1.279654E+9	9.979171E-1	2.036651E+11	9.946234E-1	2.042406E+11	9.974563E-1	2.304545E+11	9.957222E-1	2.312852E+11	-9.987596E-3	5.813392E-2	-5.800606E-2	-6.812152E-2	-1.626162E-3	-2.583927E+10	-2.550973E+10	-7.422990E+7	-3.295418E+8	-2.300798E+11
5.590040E+2	9.938980E-1	2.678313E+10	1.053751E+0	1.274017E+9	9.957794E-1	2.683586E+10	1.031904E+0	1.256232E+9	1.000991E+0	2.042622E+11	1.002231E+0	2.057270E+11	1.000383E+0	2.310981E+11	1.001263E+0	2.325101E+11	5.985252E-2	3.612483E-2	2.184632E-2	2.372769E-2	5.248782E-2	-2.550911E+10	-2.557963E+10	1.778548E+7	7.051665E+7	-2.312361E+11
5.595110E+2	1.036865E+0	2.788651E+10	9.949799E-1	1.206440E+9	1.038811E+0	2.794022E+10	1.065901E+0	1.295655E+9	1.033755E+0	2.106267E+11	1.036098E+0	2.123446E+11	1.034345E+0	2.385669E+11	1.036187E+0	2.402311E+11	-4.188561E-2	2.708990E-2	-7.092062E-2	-6.897551E-2	-4.120726E-2	-2.668007E+10	-2.664456E+10	-8.921491E+7	-3.550628E+7	-2.390246E+11
5.600470E+2	1.040057E+0	2.796846E+10	1.023753E+0	1.239525E+9	1.045545E+0	2.811305E+10	9.878455E-1	1.205139E+9	1.040907E+0	2.120162E+11	1.042095E+0	2.135164E+11	1.041449E+0	2.401293E+11	1.041858E+0	2.414849E+11	-1.630389E-2	-5.769969E-2	3.590754E-2	4.139581E-2	-1.810530E-2	-2.672894E+10	-2.690792E+10	3.438581E+7	1.789773E+8	-2.402453E+11
5.605210E+2	1.030813E+0	2.773109E+10	1.046313E+0	1.265465E+9	1.023584E+0	2.754944E+10	1.012105E+0	1.233272E+9	1.026854E+0	2.092863E+11	1.022472E+0	2.096821E+11	1.026473E+0	2.368357E+11	1.023441E+0	2.374131E+11	1.550021E-2	-1.147862E-2	3.420800E-2	2.697883E-2	2.287266E-2	-2.646562E+10	-2.631617E+10	3.219363E+7	-1.494540E+8	-2.361477E+11
5.610010E+2	9.670921E-1	2.609477E+10	9.977492E-1	1.209625E+9	9.897639E-1	2.668148E+10	9.481323E-1	1.159086E+9	9.743337E-1	1.990839E+11	9.760228E-1	2.006061E+11	9.761344E-1	2.257653E+11	9.749855E-1	2.267008E+11	3.065701E-2	-4.163155E-2	4.961684E-2	7.228856E-2	2.276370E-2	-2.488515E+10	-2.552239E+10	5.053888E+7	6.372450E+8	-2.254912E+11
