Photon Energy (eV)	X ref norm	X ref	X pump norm	X pump	Y ref norm	Y ref	Y pump norm	Y pump	X all norm	X all	Y all norm	Y all	X all Y ref norm	X all Y ref	Y all X ref norm	Y all X ref	BC(X hist) norm	BC(Y hist) norm	StS norm	BCSC norm	BCLR norm	BC(X hist)	BC(Y hist)	StS	BCSC	BCLR	
5.300370E+2	-3.297685E-3	1.381144E+9	-1.235479E-3	5.126385E+7	-7.966726E-3	1.299825E+9	-8.019125E-3	4.037023E+7	-5.099113E-3	7.898784E+9	-6.121049E-3	7.828145E+9	-5.460064E-3	9.198609E+9	-5.768258E-3	9.209289E+9	2.062206E-3	-5.239905E-5	6.783646E-3	2.114605E-3	4.532779E-3	-1.329880E+9	-1.259455E+9	1.089362E+7	-7.042543E+7	-9.158025E+9
5.305180E+2	-4.978268E-3	1.334655E+9	4.968263E-4	5.330240E+7	-5.049342E-3	1.380605E+9	-5.348124E-3	4.355197E+7	-3.389728E-3	8.227483E+9	-3.401415E-3	8.354989E+9	-3.598627E-3	9.608088E+9	-3.598449E-3	9.689644E+9	5.475094E-3	-2.987814E-4	5.844950E-3	5.773875E-3	4.095275E-3	-1.281353E+9	-1.337053E+9	9.750426E+6	5.570064E+7	-9.636341E+9
5.310350E+2	-5.199879E-3	1.328525E+9	-6.359577E-3	4.523389E+7	-3.461987E-4	1.510832E+9	4.664691E-4	5.047841E+7	-2.089022E-3	8.477597E+9	-1.239117E-3	8.773866E+9	-1.869650E-3	9.988429E+9	-1.734031E-3	1.010239E+10	-1.159697E-3	8.126678E-4	-6.826046E-3	-1.972365E-3	-4.625546E-3	-1.283291E+9	-1.460353E+9	-5.244525E+6	1.770625E+8	-1.005716E+10
5.315130E+2	1.776590E-3	1.521511E+9	3.651392E-4	5.314743E+7	-3.057896E-3	1.435747E+9	4.359499E-3	5.511586E+7	4.108216E-4	8.958294E+9	-6.193282E-4	8.893930E+9	-2.579138E-5	1.039404E+10	-3.199481E-4	1.041544E+10	-1.411450E-3	7.417395E-3	-3.994360E-3	-8.828845E-3	6.850873E-4	-1.468364E+9	-1.380631E+9	-1.968430E+6	-8.773280E+7	-1.036229E+10
5.320020E+2	3.516405E-3	1.569639E+9	4.389675E-3	5.788344E+7	7.685024E-3	1.733210E+9	6.124273E-3	5.721809E+7	2.518365E-3	9.363555E+9	3.542439E-3	9.700142E+9	3.168700E-3	1.109677E+10	3.539186E-3	1.126978E+10	8.732698E-4	-1.560750E-3	-1.734598E-3	2.434020E-3	8.504890E-4	-1.511755E+9	-1.675992E+9	6.653498E+5	1.642367E+8	-1.121190E+10
5.325170E+2	8.182837E-3	1.698724E+9	2.343415E-3	5.547543E+7	8.735139E-3	1.762287E+9	2.417007E-3	5.280193E+7	7.648677E-3	1.035007E+10	7.838470E-3	1.053236E+10	7.785432E-3	1.211235E+10	7.881500E-3	1.223109E+10	-5.839422E-3	-6.318132E-3	-7.359201E-5	4.787099E-4	-5.538085E-3	-1.643249E+9	-1.709485E+9	2.673504E+6	6.623655E+7	-1.217561E+10
5.330030E+2	1.702416E-2	1.943297E+9	1.540616E-2	7.084746E+7	1.386938E-2	1.904450E+9	1.926510E-2	7.287167E+7	1.609518E-2	1.197425E+10	1.616269E-2	1.214492E+10	1.581501E-2	1.387870E+10	1.627033E-2	1.408821E+10	-1.618001E-3	5.395721E-3	-3.858939E-3	-7.013721E-3	-8.641729E-4	-1.872450E+9	-1.831578E+9	-2.024204E+6	-4.087105E+7	-1.401737E+10
5.331520E+2	2.490436E-2	2.161283E+9	2.118737E-2	7.765070E+7	1.919725E-2	2.051975E+9	1.540967E-2	6.827901E+7	2.216905E-2	1.314220E+10	1.984847E-2	1.285892E+10	2.179498E-2	1.519418E+10	2.048022E-2	1.502020E+10	-3.716991E-3	-3.787581E-3	5.777699E-3	7.058964E-5	7.071466E-4	-2.083632E+9	-1.983696E+9	9.371686E+6	-9.993640E+7	-1.494255E+10
5.333080E+2	3.152855E-2	2.344525E+9	3.652065E-2	9.569466E+7	2.708726E-2	2.270443E+9	2.428126E-2	7.884701E+7	2.740611E-2	1.414924E+10	2.689959E-2	1.422485E+10	2.736598E-2	1.641968E+10	2.747800E-2	1.656938E+10	4.992093E-3	-2.805999E-3	1.223938E-2	7.798092E-3	9.042648E-3	-2.248830E+9	-2.191596E+9	1.684765E+7	-5.723372E+7	-1.647368E+10
5.334580E+2	4.192001E-2	2.631978E+9	3.440123E-2	9.320056E+7	3.694873E-2	2.543500E+9	3.689774E-2	9.387598E+7	3.504371E-2	1.561788E+10	3.427477E-2	1.565356E+10	3.528350E-2	1.816138E+10	3.523008E-2	1.828554E+10	-7.518785E-3	-5.098463E-5	-2.496517E-3	-7.467800E-3	-8.288503E-4	-2.538778E+9	-2.449624E+9	-6.754225E+5	-8.915393E+7	-1.819234E+10
5.336080E+2	5.320953E-2	2.944275E+9	3.513428E-2	9.406321E+7	5.002232E-2	2.905498E+9	4.671241E-2	1.055674E+8	4.528363E-2	1.758692E+10	4.325789E-2	1.739376E+10	4.588009E-2	2.049242E+10	4.450139E-2	2.033803E+10	-1.807525E-2	-3.309911E-3	-1.157813E-2	-1.476534E-2	-9.367108E-3	-2.850211E+9	-2.799931E+9	-1.150418E+7	-5.028093E+7	-2.024397E+10
5.337580E+2	6.358162E-2	3.231193E+9	4.066919E-2	1.005766E+8	6.580978E-2	3.342641E+9	6.008910E-2	1.215019E+8	5.686631E-2	1.981417E+10	5.572995E-2	1.980983E+10	5.799204E-2	2.315681E+10	5.671105E-2	2.304102E+10	-2.291242E-2	-5.720687E-3	-1.941990E-2	-1.719174E-2	-1.604186E-2	-3.130616E+9	-3.221139E+9	-2.092532E+7	9.052283E+7	-2.294044E+10
5.339400E+2	8.684444E-2	3.874700E+9	9.706124E-2	1.669379E+8	8.507616E-2	3.876112E+9	7.658387E-2	1.411508E+8	8.394678E-2	2.502149E+10	7.790506E-2	2.410556E+10	8.408894E-2	2.889761E+10	7.902208E-2	2.798026E+10	1.021680E-2	-8.492291E-3	2.047738E-2	1.870909E-2	1.803917E-2	-3.707762E+9	-3.734961E+9	2.578709E+7	2.719884E+7	-2.781332E+10
5.340740E+2	1.187024E-1	4.755971E+9	1.193951E-1	1.932200E+8	1.260268E-1	5.010005E+9	1.299026E-1	2.046650E+8	1.196096E-1	3.187912E+10	1.150140E-1	3.129424E+10	1.204173E-1	3.688913E+10	1.154749E-1	3.605022E+10	6.926849E-4	3.875810E-3	-1.050753E-2	-3.183125E-3	3.920214E-3	-4.562751E+9	-4.805340E+9	-1.144502E+7	2.425885E+8	-3.585700E+10
5.342040E+2	2.022665E-1	7.067562E+9	1.713295E-1	2.543356E+8	1.835489E-1	6.602748E+9	1.649754E-1	2.464443E+8	1.857848E-1	4.460402E+10	1.713467E-1	4.220693E+10	1.855034E-1	5.120677E+10	1.752103E-1	4.927449E+10	-3.093699E-2	-1.857349E-2	6.354063E-3	-1.236350E-2	-3.880780E-3	-6.813226E+9	-6.356304E+9	7.891231E+6	-4.569228E+8	-4.902016E+10
5.343550E+2	3.472968E-1	1.107946E+10	3.245893E-1	4.346893E+8	3.280050E-1	1.060263E+10	2.796467E-1	3.830428E+8	3.214457E-1	7.069036E+10	2.995311E-1	6.703861E+10	3.222713E-1	8.129299E+10	3.054996E-1	7.811808E+10	-2.270742E-2	-4.835828E-2	4.494261E-2	2.565086E-2	1.908975E-2	-1.064477E+10	-1.021959E+10	5.164655E+7	-4.251872E+8	-7.768339E+10
5.345110E+2	5.814251E-1	1.755604E+10	5.478835E-1	6.974583E+8	5.733492E-1	1.739602E+10	5.322424E-1	6.839392E+8	5.518456E-1	1.149942E+11	5.265546E-1	1.110173E+11	5.545523E-1	1.323902E+11	5.334109E-1	1.285733E+11	-3.354168E-2	-4.110684E-2	1.564105E-2	7.565153E-3	1.447256E-2	-1.685858E+10	-1.671209E+10	1.351918E+7	-1.464940E+8	-1.278758E+11
5.346620E+2	9.488641E-1	2.772032E+10	8.947681E-1	1.105667E+9	9.465906E-1	2.773079E+10	8.378285E-1	1.047959E+9	8.792418E-1	1.779495E+11	8.484179E-1	1.733682E+11	8.877191E-1	2.056803E+11	8.609691E-1	2.010885E+11	-5.409599E-2	-1.087620E-1	5.693952E-2	5.466602E-2	3.379896E-2	-2.661465E+10	-2.668284E+10	5.770799E+7	6.818649E+7	-1.999828E+11
5.348020E+2	1.332930E+0	3.834455E+10	1.171694E+0	1.431548E+9	1.333107E+0	3.843316E+10	1.107458E+0	1.369146E+9	1.210873E+0	2.417190E+11	1.186666E+0	2.388931E+11	1.226259E+0	2.801522E+11	1.204943E+0	2.772376E+11	-1.612369E-1	-2.256495E-1	6.423556E-2	6.441260E-2	-3.324899E-2	-3.691300E+10	-3.706401E+10	6.240224E+7	1.510068E+8	-2.758061E+11
5.349580E+2	1.806087E+0	5.143325E+10	1.602816E+0	1.938886E+9	1.807102E+0	5.155771E+10	1.503163E+0	1.840517E+9	1.584298E+0	3.135252E+11	1.571711E+0	3.134833E+11	1.612342E+0	3.650829E+11	1.600997E+0	3.649166E+11	-2.032717E-1	-3.039387E-1	9.965230E-2	1.006670E-1	1.818795E-3	-4.949437E+10	-4.971719E+10	9.836881E+7	2.228241E+8	-3.629777E+11
5.351040E+2	2.094531E+0	5.941233E+10	1.772912E+0	2.139053E+9	2.078291E+0	5.906671E+10	1.781054E+0	2.171545E+9	1.821110E+0	3.590621E+11	1.820555E+0	3.616890E+11	1.853482E+0	4.181288E+11	1.854789E+0	4.211013E+11	-3.216189E-1	-2.972368E-1	-8.141310E-3	-2.438207E-2	-8.187666E-2	-5.727328E+10	-5.689517E+10	-3.249185E+7	-3.781135E+8	-4.189623E+11
5.352550E+2	2.238790E+0	6.340290E+10	1.926758E+0	2.320097E+9	2.225793E+0	6.315094E+10	1.869768E+0	2.277223E+9	1.941782E+0	3.822662E+11	1.949424E+0	3.866533E+11	1.977531E+0	4.454171E+11	1.985581E+0	4.500562E+11	-3.120320E-1	-3.560249E-1	5.699039E-2	4.399292E-2	-5.882290E-2	-6.108280E+10	-6.087372E+10	4.287368E+7	-2.090856E+8	-4.477361E+11
5.354110E+2	2.132650E+0	6.046678E+10	1.824196E+0	2.199402E+9	2.144653E+0	6.090425E+10	1.788178E+0	2.180031E+9	1.848361E+0	3.643023E+11	1.865894E+0	3.704721E+11	1.885656E+0	4.252065E+11	1.899226E+0	4.309388E+11	-3.084540E-1	-3.564759E-1	3.601806E-2	4.802188E-2	-7.503048E-2	-5.826738E+10	-5.872422E+10	1.937138E+7	4.568402E+8	-4.287394E+11
5.355580E+2	1.918888E+0	5.455359E+10	1.642911E+0	1.986070E+9	1.925806E+0	5.484453E+10	1.613794E+0	1.972302E+9	1.662536E+0	3.285698E+11	1.673789E+0	3.332578E+11	1.695674E+0	3.834143E+11	1.704415E+0	3.878114E+11	-2.759761E-1	-3.120121E-1	2.911762E-2	3.603598E-2	-6.150372E-2	-5.256752E+10	-5.287222E+10	1.376796E+7	3.047068E+8	-3.858253E+11
5.357090E+2	1.719717E+0	4.904403E+10	1.461607E+0	1.772713E+9	1.715952E+0	4.903384E+10	1.510719E+0	1.849517E+9	1.499416E+0	2.972033E+11	1.510571E+0	3.016394E+11	1.526672E+0	3.462371E+11	1.536704E+0	3.506834E+11	-2.581100E-1	-2.052336E-1	-4.911193E-2	-5.287646E-2	-7.509772E-2	-4.727131E+10	-4.718432E+10	-7.680363E+7	-8.699298E+7	-3.489107E+11
5.358550E+2	1.430808E+0	4.105208E+10	1.258034E+0	1.533153E+9	1.424131E+0	4.095352E+10	1.243553E+0	1.531265E+9	1.256484E+0	2.504897E+11	1.266702E+0	2.543976E+11	1.277586E+0	2.914432E+11	1.287208E+0	2.954497E+11	-1.727733E-1	-1.805777E-1	1.448128E-2	7.804398E-3	-2.917375E-2	-3.951893E+10	-3.942226E+10	1.887902E+6	-9.666956E+7	-2.939165E+11
5.360120E+2	1.238570E+0	3.573431E+10	1.038962E+0	1.275352E+9	1.220487E+0	3.531478E+10	1.045605E+0	1.295466E+9	1.083874E+0	2.172984E+11	1.083291E+0	2.188673E+11	1.101070E+0	2.526132E+11	1.102693E+0	2.546016E+11	-1.996078E-1	-1.748814E-1	-6.643001E-3	-2.472644E-2	-6.373096E-2	-3.445896E+10	-3.401931E+10	-2.011380E+7	-4.396520E+8	-2.533263E+11
5.362630E+2	9.049892E-1	2.650663E+10	7.863413E-1	9.780717E+8	8.908390E-1	2.618708E+10	7.459596E-1	9.385228E+8	8.009404E-1	1.628928E+11	8.006517E-1	1.641150E+11	8.122560E-1	1.890799E+11	8.136891E-1	1.906216E+11	-1.186479E-1	-1.448794E-1	4.038169E-2	2.623153E-2	-2.734786E-2	-2.552855E+10	-2.524855E+10	3.954896E+7	-2.800017E+8	-1.896435E+11
5.365090E+2	7.144949E-1	2.123708E+10	6.164861E-1	7.781889E+8	7.235009E-1	2.155361E+10	6.113629E-1	7.781888E+8	6.364483E-1	1.312625E+11	6.416117E-1	1.333060E+11	6.474057E-1	1.528161E+11	6.507187E-1	1.545430E+11	-9.800881E-2	-1.121381E-1	5.123260E-3	1.412927E-2	-3.423262E-2	-2.045889E+10	-2.077542E+10	4.996792E+1	3.165311E+8	-1.537648E+11
5.368080E+2	5.930509E-1	1.787764E+10	4.939297E-1	6.339664E+8	5.882424E-1	1.780841E+10	5.189440E-1	6.680978E+8	5.267418E-1	1.101669E+11	5.250767E-1	1.107310E+11	5.344830E-1	1.279753E+11	5.335704E-1	1.286086E+11	-9.912128E-2	-6.929844E-2	-2.501432E-2	-2.982283E-2	-3.964073E-2	-1.724367E+10	-1.714031E+10	-3.413148E+7	-1.033621E+8	-1.279747E+11
5.370010E+2	5.527899E-1	1.676392E+10	4.622667E-1	5.967059E+8	5.383224E-1	1.642616E+10	4.755137E-1	6.163630E+8	4.821987E-1	1.016017E+11	4.801407E-1	1.020260E+11	4.892631E-1	1.180279E+11	4.892185E-1	1.187900E+11	-9.052321E-2	-6.280872E-2	-1.324703E-2	-2.771449E-2	-2.695184E-2	-1.616721E+10	-1.580980E+10	-1.965708E+7	-3.574137E+8	-1.181932E+11
5.372640E+2	5.063850E-1	1.548024E+10	4.228014E-1	5.502638E+8	4.864082E-1	1.498869E+10	4.205615E-1	5.509029E+8	4.476050E-1	9.494964E+10	4.392607E-1	9.410684E+10	4.524892E-1	1.099383E+11	4.476482E-1	1.095871E+11	-8.358357E-2	-6.584675E-2	2.239966E-3	-1.773682E-2	-2.484675E-2	-1.492998E+10	-1.443779E+10	-6.390928E+5	-4.921858E+8	-1.090368E+11
5.375110E+2	5.419039E-1	1.646278E+10	4.970856E-1	6.376802E+8	5.378831E-1	1.641399E+10	4.745221E-1	6.151817E+8	4.820847E-1	1.015798E+11	4.750426E-1	1.010385E+11	4.891081E-1	1.179938E+11	4.833972E-1	1.175012E+11	-4.481836E-2	-6.336096E-2	2.256347E-2	1.854261E-2	1.368834E-2	-1.582510E+10	-1.579881E+10	2.249846E+7	-2.629095E+7	-1.168636E+11
5.377630E+2	6.173699E-1	1.855036E+10	5.397982E-1	6.879437E+8	6.242695E-1	1.880597E+10	4.945459E-1	6.390344E+8	5.470270E-1	1.140676E+11	5.439891E-1	1.143947E+11	5.567497E-1	1.328736E+11	5.531584E-1	1.329450E+11	-7.757173E-2	-1.297236E-1	4.525232E-2	5.215184E-2	-1.336018E-2	-1.786242E+10	-1.816693E+10	4.890933E+7	3.045158E+8	-1.322571E+11
5.380160E+2	7.383018E-1	2.189564E+10	6.820763E-1	8.553744E+8	7.626190E-1	2.263676E+10	6.729064E-1	8.515006E+8	6.719321E-1	1.380857E+11	6.706882E-1	1.389386E+11	6.833470E-1	1.607225E+11	6.791368E-1	1.608342E+11	-5.622545E-2	-8.971259E-2	9.169894E-3	3.348714E-2	2.939555E-3	-2.104026E+10	-2.178526E+10	3.873796E+6	7.449984E+8	-1.599789E+11
5.382690E+2	9.662857E-1	2.820224E+10	8.445915E-1	1.046620E+9	9.375653E-1	2.748089E+10	7.864037E-1	9.867005E+8	8.430203E-1	1.709844E+11	8.305187E-1	1.699007E+11	8.549208E-1	1.984653E+11	8.474833E-1	1.981030E+11	-1.216942E-1	-1.511616E-1	5.818780E-2	2.946746E-2	-2.891843E-3	-2.715562E+10	-2.649419E+10	5.991917E+7	-6.614295E+8	-1.970564E+11
5.385110E+2	1.183784E+0	3.421879E+10	9.703137E-1	1.194568E+9	1.161203E+0	3.367324E+10	9.962714E-1	1.236699E+9	1.038301E+0	2.085351E+11	1.025702E+0	2.077113E+11	1.053771E+0	2.422083E+11	1.045455E+0	2.419301E+11	-2.134706E-1	-1.649313E-1	-2.595776E-2	-4.853922E-2	-7.514126E-2	-3.302423E+10	-3.243655E+10	-4.213106E+7	-5.876814E+8	-2.407356E+11
5.387650E+2	1.378195E+0	3.959667E+10	1.158643E+0	1.416190E+9	1.393725E+0	4.011161E+10	1.227763E+0	1.512455E+9	1.213126E+0	2.421524E+11	1.206400E+0	2.427159E+11	1.235859E+0	2.822640E+11	1.227867E+0	2.823126E+11	-2.195516E-1	-1.659620E-1	-6.912001E-2	-5.358959E-2	-6.922367E-2	-3.818048E+10	-3.859915E+10	-9.626488E+7	4.186738E+8	-2.808964E+11
5.390340E+2	1.473065E+0	4.222102E+10	1.331171E+0	1.619219E+9	1.472219E+0	4.228505E+10	1.355659E+0	1.664807E+9	1.358631E+0	2.701316E+11	1.353292E+0	2.711717E+11	1.372929E+0	3.124167E+11	1.368259E+0	3.133927E+11	-1.418935E-1	-1.165601E-1	-2.448782E-2	-2.533339E-2	-3.708718E-2	-4.060180E+10	-4.062025E+10	-4.558836E+7	1.844880E+7	-3.117735E+11
5.392780E+2	1.705955E+0	4.866334E+10	1.578174E+0	1.909888E+9	1.678576E+0	4.799892E+10	1.530737E+0	1.873364E+9	1.563367E+0	3.095005E+11	1.556695E+0	3.105746E+11	1.577869E+0	3.574994E+11	1.575346E+0	3.592379E+11	-1.277807E-1	-1.478388E-1	4.743695E-2	2.005815E-2	2.828301E-3	-4.675345E+10	-4.612556E+10	3.652463E+7	-6.278941E+8	-3.573280E+11
5.395160E+2	1.872056E+0	5.325812E+10	1.823416E+0	2.198485E+9	1.872852E+0	5.337828E+10	1.837756E+0	2.239090E+9	1.791398E+0	3.533487E+11	1.791250E+0	3.560123E+11	1.801651E+0	4.067270E+11	1.801348E+0	4.092704E+11	-4.864002E-2	-3.509644E-2	-1.433945E-2	-1.354358E-2	2.206896E-2	-5.105964E+10	-5.113919E+10	-4.060411E+7	7.955515E+7	-4.070719E+11
5.397910E+2	1.954160E+0	5.552930E+10	1.840257E+0	2.218304E+9	1.960983E+0	5.581855E+10	1.892341E+0	2.304112E+9	1.900304E+0	3.742905E+11	1.906122E+0	3.782649E+11	1.907942E+0	4.301090E+11	1.912124E+0	4.337942E+11	-1.139021E-1	-6.864192E-2	-5.208343E-2	-4.526021E-2	-7.186683E-2	-5.331100E+10	-5.351443E+10	-8.580847E+7	2.034395E+8	-4.315759E+11
5.400350E+2	2.007180E+0	5.699597E+10	1.980119E+0	2.382891E+9	2.000113E+0	5.690204E+10	1.981315E+0	2.410099E+9	1.944433E+0	3.827759E+11	1.951555E+0	3.870662E+11	1.951441E+0	4.396780E+11	1.958505E+0	4.440621E+11	-2.706072E-2	-1.879853E-2	-1.195782E-3	-8.262193E-3	2.161368E-2	-5.461308E+10	-5.449194E+10	-2.720886E+7	-1.211363E+8	-4.416793E+11
5.402740E+2	1.939924E+0	5.513552E+10	1.922030E+0	2.314532E+9	1.935087E+0	5.510151E+10	1.908917E+0	2.323858E+9	1.891486E+0	3.725947E+11	1.893256E+0	3.757726E+11	1.896974E+0	4.276962E+11	1.899088E+0	4.309082E+11	-1.789446E-2	-2.616992E-2	1.311309E-2	8.275458E-3	2.294240E-2	-5.282099E+10	-5.277765E+10	-9.325478E+6	-4.333846E+7	-4.285936E+11
5.405080E+2	1.755637E+0	5.003767E+10	1.792908E+0	2.162584E+9	1.766487E+0	5.043310E+10	1.740592E+0	2.123346E+9	1.723672E+0	3.403257E+11	1.725287E+0	3.432339E+11	1.729061E+0	3.907588E+11	1.729079E+0	3.932716E+11	3.727124E-2	-2.589500E-2	5.231636E-2	6.316624E-2	6.382872E-2	-4.787508E+10	-4.830975E+10	3.923778E+7	4.346711E+8	-3.911090E+11
5.407630E+2	1.614858E+0	4.614336E+10	1.622386E+0	1.961916E+9	1.626328E+0	4.655222E+10	1.587079E+0	1.940478E+9	1.586560E+0	3.139602E+11	1.596627E+0	3.183102E+11	1.591565E+0	3.605124E+11	1.598905E+0	3.644535E+11	7.528283E-3	-3.924954E-2	3.530727E-2	4.677783E-2	2.348049E-2	-4.418145E+10	-4.461174E+10	2.143743E+7	4.302915E+8	-3.624916E+11
5.410340E+2	1.680905E+0	4.797040E+10	1.675415E+0	2.024320E+9	1.676114E+0	4.793075E+10	1.710199E+0	2.087141E+9	1.649098E+0	3.259857E+11	1.654301E+0	3.294827E+11	1.652498E+0	3.739165E+11	1.657626E+0	3.774531E+11	-5.490186E-3	3.408467E-2	-3.478378E-2	-3.957486E-2	1.778948E-2	-4.594608E+10	-4.584361E+10	-6.282162E+7	-1.024734E+8	-3.754287E+11
5.412640E+2	1.643232E+0	4.692827E+10	1.625193E+0	1.965219E+9	1.630618E+0	4.667100E+10	1.591187E+0	1.945373E+9	1.612495E+0	3.189473E+11	1.611977E+0	3.212837E+11	1.614776E+0	3.656183E+11	1.615883E+0	3.682120E+11	-1.803893E-2	-3.943070E-2	3.400584E-2	2.139177E-2	9.310388E-3	-4.496305E+10	-4.472562E+10	1.984663E+7	-2.374257E+8	-3.662468E+11
5.415140E+2	1.510623E+0	4.325998E+10	1.472154E+0	1.785126E+9	1.502410E+0	4.312103E+10	1.504218E+0	1.841774E+9	1.480372E+0	2.935412E+11	1.487731E+0	2.972149E+11	1.483146E+0	3.366622E+11	1.490592E+0	3.404749E+11	-3.846884E-2	1.807912E-3	-3.206406E-2	-4.027675E-2	-1.843726E-2	-4.147485E+10	-4.127925E+10	-5.664815E+7	-1.955962E+8	-3.386898E+11
5.417700E+2	1.351171E+0	3.884912E+10	1.326869E+0	1.614156E+9	1.360758E+0	3.919878E+10	1.319357E+0	1.621563E+9	1.339724E+0	2.664960E+11	1.342240E+0	2.690306E+11	1.342372E+0	3.056948E+11	1.343356E+0	3.078797E+11	-2.430148E-2	-4.140121E-2	7.512496E-3	1.709973E-2	-1.648647E-2	-3.723497E+10	-3.757721E+10	-7.406939E+6	3.422467E+8	-3.062655E+11
5.420160E+2	1.199749E+0	3.466042E+10	1.190137E+0	1.453253E+9	1.200385E+0	3.475817E+10	1.193196E+0	1.471279E+9	1.193765E+0	2.384294E+11	1.195000E+0	2.405075E+11	1.194598E+0	2.731876E+11	1.195593E+0	2.751679E+11	-9.611572E-3	-7.189109E-3	-3.058589E-3	-2.422463E-3	-5.455710E-3	-3.320717E+10	-3.328690E+10	-1.802592E+7	7.972824E+7	-2.737146E+11
5.422670E+2	9.602973E-1	2.803659E+10	9.707565E-1	1.195089E+9	9.659062E-1	2.826563E+10	9.707708E-1	1.206322E+9	9.644694E-1	1.943379E+11	9.640979E-1	1.957775E+11	9.646503E-1	2.226036E+11	9.636230E-1	2.238141E+11	1.045920E-2	4.864628E-3	-1.432842E-5	5.594571E-3	7.133453E-3	-2.684150E+10	-2.705931E+10	-1.123318E+7	2.178089E+8	-2.226190E+11
5.425140E+2	9.175234E-1	2.685336E+10	9.435768E-1	1.163104E+9	9.204030E-1	2.700568E+10	9.461012E-1	1.176935E+9	9.287978E-1	1.874786E+11	9.222926E-1	1.876791E+11	9.277411E-1	2.144843E+11	9.216967E-1	2.145324E+11	2.605338E-2	2.569820E-2	-2.524415E-3	3.551758E-4	2.188009E-2	-2.569025E+10	-2.582875E+10	-1.383095E+7	1.384946E+8	-2.133693E+11
5.427650E+2	9.327755E-1	2.727527E+10	9.514047E-1	1.172316E+9	9.335184E-1	2.736884E+10	9.311480E-1	1.159122E+9	9.349309E-1	1.886580E+11	9.317222E-1	1.895057E+11	9.347531E-1	2.160268E+11	9.318538E-1	2.167810E+11	1.862919E-2	-2.370399E-3	2.025672E-2	2.099959E-2	1.955092E-2	-2.610295E+10	-2.620971E+10	1.319335E+7	1.067626E+8	-2.156087E+11
5.430120E+2	9.788234E-1	2.854907E+10	1.007469E+0	1.238292E+9	9.831565E-1	2.874328E+10	9.415622E-1	1.171528E+9	9.887817E-1	1.990130E+11	9.812231E-1	1.990950E+11	9.880737E-1	2.277563E+11	9.809232E-1	2.276440E+11	2.864587E-2	-4.159431E-2	6.590713E-2	7.024018E-2	2.654607E-2	-2.731078E+10	-2.757175E+10	6.676372E+7	2.609741E+8	-2.264057E+11
5.432800E+2	1.115741E+0	3.233654E+10	1.098330E+0	1.345215E+9	1.124246E+0	3.264995E+10	1.093732E+0	1.352795E+9	1.120549E+0	2.243505E+11	1.118084E+0	2.256074E+11	1.121014E+0	2.570005E+11	1.117791E+0	2.579439E+11	-1.741103E-2	-3.051496E-2	4.598194E-3	1.310393E-2	-1.946120E-2	-3.099133E+10	-3.129716E+10	-7.579954E+6	3.058308E+8	-2.565987E+11
5.435270E+2	1.287940E+0	3.710001E+10	1.308209E+0	1.592198E+9	1.287342E+0	3.716595E+10	1.272956E+0	1.566291E+9	1.279998E+0	2.550112E+11	1.277025E+0	2.563974E+11	1.280922E+0	2.921771E+11	1.278389E+0	2.934974E+11	2.026898E-2	-1.438577E-2	3.525270E-2	3.465475E-2	2.981989E-2	-3.550781E+10	-3.559966E+10	2.590700E+7	9.184918E+7	-2.919052E+11
5.437640E+2	1.392628E+0	3.999593E+10	1.378736E+0	1.675193E+9	1.383790E+0	3.983652E+10	1.345258E+0	1.652418E+9	1.379311E+0	2.741082E+11	1.373724E+0	2.751296E+11	1.379875E+0	3.139447E+11	1.376086E+0	3.151255E+11	-1.389179E-2	-3.853184E-2	3.347805E-2	2.464005E-2	2.650337E-3	-3.832074E+10	-3.818410E+10	2.277508E+7	-1.366434E+8	-3.134503E+11
5.440170E+2	1.437517E+0	4.123767E+10	1.438660E+0	1.745710E+9	1.432248E+0	4.117828E+10	1.432668E+0	1.756542E+9	1.415877E+0	2.811396E+11	1.419337E+0	2.839657E+11	1.417938E+0	3.223179E+11	1.421609E+0	3.252034E+11	1.142766E-3	4.203401E-4	5.991388E-3	7.224262E-4	1.705106E-2	-3.949197E+10	-3.942174E+10	-1.083240E+7	-7.022619E+7	-3.234577E+11
5.442750E+2	1.558245E+0	4.457730E+10	1.518811E+0	1.840030E+9	1.537194E+0	4.408415E+10	1.531971E+0	1.874833E+9	1.521257E+0	3.014031E+11	1.527201E+0	3.048609E+11	1.523263E+0	3.454872E+11	1.531080E+0	3.494382E+11	-3.943380E-2	-5.223143E-3	-1.315980E-2	-3.421065E-2	-1.226889E-2	-4.273727E+10	-4.220932E+10	-3.480246E+7	-5.279560E+8	-3.475982E+11
5.445130E+2	1.561522E+0	4.466795E+10	1.558137E+0	1.886309E+9	1.554933E+0	4.457535E+10	1.531456E+0	1.874219E+9	1.535238E+0	3.040915E+11	1.541934E+0	3.077150E+11	1.537717E+0	3.486669E+11	1.544381E+0	3.523829E+11	-3.384530E-3	-2.347759E-2	2.668126E-2	2.009306E-2	1.375568E-2	-4.278164E+10	-4.270113E+10	1.208929E+7	-8.051631E+7	-3.504966E+11
5.447660E+2	1.534118E+0	4.390989E+10	1.532046E+0	1.855606E+9	1.530297E+0	4.389318E+10	1.500818E+0	1.837724E+9	1.508929E+0	2.990326E+11	1.515658E+0	3.026249E+11	1.511619E+0	3.429257E+11	1.517964E+0	3.465347E+11	-2.071297E-3	-2.947861E-2	3.122814E-2	2.740732E-2	1.408196E-2	-4.205429E+10	-4.205546E+10	1.788219E+7	1.169851E+6	-3.446791E+11
5.450090E+2	1.444355E+0	4.142684E+10	1.385821E+0	1.683530E+9	1.455997E+0	4.183587E+10	1.412942E+0	1.733044E+9	1.430041E+0	2.838631E+11	1.437958E+0	2.875729E+11	1.433308E+0	3.256990E+11	1.438757E+0	3.289998E+11	-5.853460E-2	-4.305457E-2	-2.712163E-2	-1.548003E-2	-5.293646E-2	-3.974331E+10	-4.010283E+10	-4.951457E+7	3.595151E+8	-3.273162E+11
5.452800E+2	1.409687E+0	4.046783E+10	1.380012E+0	1.676694E+9	1.388933E+0	3.997893E+10	1.373198E+0	1.685701E+9	1.381127E+0	2.744575E+11	1.380094E+0	2.763637E+11	1.382110E+0	3.144364E+11	1.383792E+0	3.168315E+11	-2.967517E-2	-1.573488E-2	6.813464E-3	-1.394030E-2	-3.779930E-3	-3.879114E+10	-3.829323E+10	-9.006657E+6	-4.979072E+8	-3.151548E+11
5.455180E+2	1.272867E+0	3.668305E+10	1.290076E+0	1.570858E+9	1.269310E+0	3.666664E+10	1.223453E+0	1.507321E+9	1.257930E+0	2.507677E+11	1.263147E+0	2.537089E+11	1.259362E+0	2.874343E+11	1.264362E+0	2.903919E+11	1.720851E-2	-4.585637E-2	6.662247E-2	6.306488E-2	2.571393E-2	-3.511219E+10	-3.515932E+10	6.353694E+7	4.712580E+7	-2.888211E+11
5.457620E+2	1.194456E+0	3.451401E+10	1.167440E+0	1.426543E+9	1.195407E+0	3.462033E+10	1.144308E+0	1.413042E+9	1.185077E+0	2.367588E+11	1.189237E+0	2.393912E+11	1.186378E+0	2.713792E+11	1.189890E+0	2.739052E+11	-2.701600E-2	-5.109896E-2	2.313253E-2	2.408297E-2	-2.244918E-2	-3.308747E+10	-3.320728E+10	1.350098E+7	1.198167E+8	-2.724787E+11
5.460160E+2	1.195410E+0	3.454039E+10	1.206279E+0	1.472248E+9	1.185834E+0	3.435527E+10	1.152014E+0	1.422222E+9	1.194362E+0	2.385442E+11	1.193601E+0	2.402365E+11	1.193289E+0	2.728995E+11	1.193827E+0	2.747769E+11	1.086935E-2	-3.381992E-2	5.426476E-2	4.468927E-2	1.245213E-2	-3.306814E+10	-3.293305E+10	5.002567E+7	-1.350883E+8	-2.733046E+11
5.467710E+2	1.199566E+0	3.465536E+10	1.226135E+0	1.495614E+9	1.178065E+0	3.414014E+10	1.153181E+0	1.423612E+9	1.180784E+0	2.359333E+11	1.177052E+0	2.370306E+11	1.180442E+0	2.700735E+11	1.179865E+0	2.716860E+11	2.656863E-2	-2.488376E-2	7.295376E-2	5.145239E-2	4.626950E-2	-3.315974E+10	-3.271652E+10	7.200176E+7	-4.432196E+8	-2.701904E+11
5.475230E+2	1.308350E+0	3.766459E+10	1.351966E+0	1.643690E+9	1.300176E+0	3.752131E+10	1.271907E+0	1.565040E+9	1.303417E+0	2.595144E+11	1.301020E+0	2.610456E+11	1.303009E+0	2.970357E+11	1.301936E+0	2.987102E+11	4.361584E-2	-2.826942E-2	8.005894E-2	7.188526E-2	5.002966E-2	-3.602090E+10	-3.595627E+10	7.864943E+7	-6.462867E+7	-2.970665E+11
5.482600E+2	1.400042E+0	4.020103E+10	1.392773E+0	1.691711E+9	1.405019E+0	4.042432E+10	1.404006E+0	1.722399E+9	1.390310E+0	2.762233E+11	1.391405E+0	2.785548E+11	1.392162E+0	3.166476E+11	1.392484E+0	3.187558E+11	-7.269375E-3	-1.012499E-3	-1.123333E-2	-6.256876E-3	2.886546E-4	-3.850932E+10	-3.870192E+10	-3.068849E+7	1.926032E+8	-3.170641E+11
5.490100E+2	1.402215E+0	4.026114E+10	1.381857E+0	1.678865E+9	1.401410E+0	4.032440E+10	1.381902E+0	1.696068E+9	1.385878E+0	2.753710E+11	1.387397E+0	2.777783E+11	1.387833E+0	3.156954E+11	1.389248E+0	3.180395E+11	-2.035845E-2	-1.950807E-2	-4.493119E-5	-8.503828E-4	-7.391501E-3	-3.858228E+10	-3.862833E+10	-1.720312E+7	4.605011E+7	-3.163606E+11
5.497680E+2	1.297994E+0	3.737812E+10	1.265960E+0	1.542480E+9	1.284576E+0	3.708937E+10	1.240092E+0	1.527141E+9	1.285410E+0	2.560518E+11	1.284194E+0	2.577861E+11	1.285305E+0	2.931412E+11	1.285919E+0	2.951642E+11	-3.203395E-2	-4.448486E-2	2.586853E-2	1.245091E-2	-1.995849E-2	-3.583564E+10	-3.556222E+10	1.533821E+7	-2.734176E+8	-2.936217E+11
5.505060E+2	1.312328E+0	3.777464E+10	1.317745E+0	1.603420E+9	1.304286E+0	3.763510E+10	1.294067E+0	1.591437E+9	1.301546E+0	2.591547E+11	1.296588E+0	2.601871E+11	1.301891E+0	2.967898E+11	1.298555E+0	2.979617E+11	5.417288E-3	-1.021909E-2	2.367879E-2	1.563637E-2	1.919010E-2	-3.617122E+10	-3.604366E+10	1.198231E+7	-1.275546E+8	-2.963583E+11
5.512620E+2	1.300620E+0	3.745076E+10	1.304536E+0	1.587876E+9	1.299745E+0	3.750938E+10	1.301817E+0	1.600670E+9	1.295207E+0	2.579358E+11	1.294415E+0	2.597661E+11	1.295778E+0	2.954452E+11	1.295191E+0	2.972169E+11	3.916537E-3	2.071661E-3	2.719488E-3	1.844876E-3	9.345707E-3	-3.586288E+10	-3.590871E+10	-1.279412E+7	4.582680E+7	-2.956290E+11
5.520150E+2	1.273228E+0	3.669303E+10	1.292907E+0	1.574191E+9	1.275670E+0	3.684275E+10	1.250106E+0	1.539070E+9	1.266489E+0	2.524135E+11	1.266627E+0	2.543830E+11	1.267644E+0	2.892562E+11	1.267452E+0	2.910760E+11	1.967958E-2	-2.556409E-2	4.280175E-2	4.524367E-2	2.545555E-2	-3.511884E+10	-3.530368E+10	3.512042E+7	1.848410E+8	-2.895018E+11
5.527650E+2	1.256925E+0	3.624204E+10	1.299624E+0	1.582094E+9	1.265039E+0	3.654840E+10	1.266401E+0	1.558481E+9	1.257136E+0	2.506150E+11	1.255121E+0	2.521540E+11	1.258131E+0	2.871634E+11	1.255346E+0	2.883961E+11	4.269883E-2	1.361233E-3	3.322278E-2	4.133760E-2	4.427729E-2	-3.465995E+10	-3.498992E+10	2.361284E+7	3.299756E+8	-2.868140E+11
5.535100E+2	1.214109E+0	3.505765E+10	1.250310E+0	1.524063E+9	1.207320E+0	3.495020E+10	1.206121E+0	1.486675E+9	1.200160E+0	2.396591E+11	1.200705E+0	2.416127E+11	1.201061E+0	2.746093E+11	1.202380E+0	2.766703E+11	3.620133E-2	-1.198905E-3	4.418924E-2	3.740024E-2	4.793045E-2	-3.353359E+10	-3.346352E+10	3.738802E+7	-7.006981E+7	-2.751463E+11
5.542530E+2	1.109780E+0	3.217164E+10	1.112775E+0	1.362214E+9	1.101586E+0	3.202249E+10	1.110805E+0	1.373133E+9	1.107820E+0	2.219030E+11	1.108181E+0	2.236890E+11	1.107035E+0	2.539254E+11	1.108381E+0	2.558607E+11	2.995259E-3	9.219369E-3	1.970047E-3	-6.224110E-3	4.394394E-3	-3.080943E+10	-3.064935E+10	-1.091914E+7	-1.600752E+8	-2.544984E+11
5.550140E+2	9.892208E-1	2.883668E+10	1.014721E+0	1.246825E+9	9.818979E-1	2.870843E+10	9.621209E-1	1.196018E+9	9.869783E-1	1.986662E+11	9.856847E-1	1.999593E+11	9.863388E-1	2.273746E+11	9.861265E-1	2.287959E+11	2.550005E-2	-1.977697E-2	5.259988E-2	4.527702E-2	2.859426E-2	-2.758986E+10	-2.751241E+10	5.080723E+7	-7.744785E+7	-2.275491E+11
5.557660E+2	9.738436E-1	2.841131E+10	9.514460E-1	1.172364E+9	9.745054E-1	2.850373E+10	9.882156E-1	1.227102E+9	9.724649E-1	1.958754E+11	9.723918E-1	1.973842E+11	9.727218E-1	2.243791E+11	9.725732E-1	2.257955E+11	-2.239753E-2	1.371023E-2	-3.676955E-2	-3.610775E-2	-2.112713E-2	-2.723895E+10	-2.727663E+10	-5.473793E+7	3.768493E+7	-2.246231E+11
5.560130E+2	9.783463E-1	2.853587E+10	1.002200E+0	1.232091E+9	9.739517E-1	2.848840E+10	9.842774E-1	1.222411E+9	9.764926E-1	1.966499E+11	9.765430E-1	1.981884E+11	9.761728E-1	2.251383E+11	9.767683E-1	2.267242E+11	2.385382E-2	1.032568E-2	1.792270E-2	1.352814E-2	2.543178E-2	-2.730378E+10	-2.726599E+10	9.679887E+6	-3.778367E+7	-2.254921E+11
5.565140E+2	9.615450E-1	2.807110E+10	9.975418E-1	1.226609E+9	9.520313E-1	2.788144E+10	9.532634E-1	1.185467E+9	9.594456E-1	1.933719E+11	9.557733E-1	1.941649E+11	9.585124E-1	2.212534E+11	9.564945E-1	2.222360E+11	3.599677E-2	1.232040E-3	4.427843E-2	3.476473E-2	4.104731E-2	-2.684449E+10	-2.669598E+10	4.114252E+7	-1.485154E+8	-2.210094E+11
5.570440E+2	9.793908E-1	2.856476E+10	9.938219E-1	1.222232E+9	9.856161E-1	2.881138E+10	1.016349E+0	1.260616E+9	9.853391E-1	1.983510E+11	9.827044E-1	1.993819E+11	9.853740E-1	2.271624E+11	9.822903E-1	2.279467E+11	1.443107E-2	3.073320E-2	-2.252745E-2	-1.630213E-2	1.153155E-2	-2.734253E+10	-2.755077E+10	-3.838411E+7	2.082367E+8	-2.267244E+11
5.575580E+2	9.835599E-1	2.868009E+10	1.016107E+0	1.248457E+9	9.841697E-1	2.877133E+10	1.006693E+0	1.249113E+9	9.841744E-1	1.981270E+11	9.841043E-1	1.996531E+11	9.841738E-1	2.268984E+11	9.840363E-1	2.283332E+11	3.254720E-2	2.252372E-2	9.413698E-3	1.002348E-2	3.207085E-2	-2.743163E+10	-2.752222E+10	-6.569084E+5	9.058552E+7	-2.270847E+11
5.580170E+2	9.709682E-1	2.833177E+10	9.587631E-1	1.180975E+9	9.737612E-1	2.848313E+10	9.722263E-1	1.208056E+9	9.691969E-1	1.952470E+11	9.705680E-1	1.970309E+11	9.697714E-1	2.237301E+11	9.706180E-1	2.253627E+11	-1.220511E-2	-1.534928E-3	-1.346320E-2	-1.067018E-2	-1.185491E-2	-2.715080E+10	-2.727507E+10	-2.708061E+7	1.242772E+8	-2.241817E+11
5.585160E+2	1.007738E+0	2.934892E+10	1.015478E+0	1.247716E+9	1.006306E+0	2.938426E+10	9.693444E-1	1.204623E+9	1.006116E+0	2.023463E+11	1.002712E+0	2.032578E+11	1.006140E+0	2.317305E+11	1.003340E+0	2.326068E+11	7.739706E-3	-3.696121E-2	4.613344E-2	4.470092E-2	1.213744E-2	-2.810120E+10	-2.817964E+10	4.309337E+7	7.843264E+7	-2.313591E+11
5.590100E+2	1.020675E+0	2.970678E+10	1.025870E+0	1.259945E+9	1.027816E+0	2.997988E+10	1.024190E+0	1.269956E+9	1.017209E+0	2.044793E+11	1.024181E+0	2.074168E+11	1.018544E+0	2.344592E+11	1.023743E+0	2.371235E+11	5.194808E-3	-3.626645E-3	1.679703E-3	8.821454E-3	2.126445E-3	-2.844683E+10	-2.870992E+10	-1.001068E+7	2.630897E+8	-2.358636E+11
5.595110E+2	1.016065E+0	2.957925E+10	9.953559E-1	1.224037E+9	1.016948E+0	2.967894E+10	9.958155E-1	1.236156E+9	1.016216E+0	2.042883E+11	1.017438E+0	2.061105E+11	1.016308E+0	2.339673E+11	1.017267E+0	2.356897E+11	-2.070863E-2	-2.113258E-2	-4.595970E-4	4.239487E-4	-2.191061E-2	-2.835521E+10	-2.844279E+10	-1.211864E+7	8.757351E+7	-2.344657E+11
5.600240E+2	1.005741E+0	2.929368E+10	9.763376E-1	1.201656E+9	1.014353E+0	2.960710E+10	1.003753E+0	1.245611E+9	1.007998E+0	2.027080E+11	1.009483E+0	2.045694E+11	1.008798E+0	2.323151E+11	1.009015E+0	2.338631E+11	-2.940351E-2	-1.060057E-2	-2.741535E-2	-1.880294E-2	-3.267777E-2	-2.809202E+10	-2.836149E+10	-4.395431E+7	2.694680E+8	-2.326614E+11
5.605040E+2	1.015667E+0	2.956825E+10	1.028570E+0	1.263122E+9	9.923120E-1	2.899679E+10	1.033299E+0	1.280807E+9	1.010207E+0	2.031328E+11	1.005483E+0	2.037946E+11	1.007954E+0	2.321296E+11	1.006756E+0	2.333628E+11	1.290273E-2	4.098714E-2	-4.729484E-3	-2.808441E-2	2.181404E-2	-2.830513E+10	-2.771598E+10	-1.768439E+7	-5.891479E+8	-2.320997E+11
5.610640E+2	1.000196E+0	2.914028E+10	9.896974E-1	1.217378E+9	9.987173E-1	2.917414E+10	9.783291E-1	1.215325E+9	1.003544E+0	2.018516E+11	1.003325E+0	2.033766E+11	1.002936E+0	2.310258E+11	1.002934E+0	2.325169E+11	-1.049826E-2	-2.038813E-2	1.136824E-2	9.889871E-3	-1.323704E-2	-2.792290E+10	-2.795882E+10	2.052550E+6	3.592071E+7	-2.312995E+11
