Photon Energy (eV)	X ref norm	X ref	X pump norm	X pump	Y ref norm	Y ref	Y pump norm	Y pump	X all norm	X all	Y all norm	Y all	X all Y ref norm	X all Y ref	Y all X ref norm	Y all X ref	BC(X hist) norm	BC(Y hist) norm	StS norm	BCSC norm	BCLR norm	BC(X hist)	BC(Y hist)	StS	BCSC	BCLR	
2.790040E+2	-1.903878E-3	4.437434E+8	6.462198E-4	2.469289E+7	-4.310957E-3	4.100500E+8	-8.125301E-3	1.801916E+7	-3.417102E-3	3.345446E+9	-4.056194E-3	3.307365E+9	-3.517148E-3	3.755496E+9	-3.816534E-3	3.751108E+9	2.550098E-3	-3.814345E-3	8.771521E-3	6.364442E-3	4.462754E-3	-4.190505E+8	-3.920308E+8	6.673734E+6	-2.701965E+7	-3.726415E+9
2.795010E+2	-5.341568E-3	4.044233E+8	-1.190983E-2	1.775860E+7	-5.379735E-3	3.978627E+8	5.850304E-3	2.565131E+7	-3.437042E-3	3.343642E+9	-2.681383E-3	3.432861E+9	-3.654481E-3	3.741505E+9	-2.977594E-3	3.837284E+9	-6.568265E-3	1.123004E-2	-1.776014E-2	-1.779830E-2	-8.932238E-3	-3.866647E+8	-3.722114E+8	-7.892706E+6	-1.445329E+7	-3.819526E+9
2.800030E+2	-2.440451E-3	4.376061E+8	-3.883104E-3	2.219150E+7	-1.330836E-3	4.440322E+8	-7.656233E-3	1.827532E+7	-2.293231E-3	3.447129E+9	-2.196191E-3	3.477151E+9	-2.185514E-3	3.891162E+9	-2.223389E-3	3.914757E+9	-1.442652E-3	-6.325398E-3	3.773129E-3	4.882745E-3	-1.659714E-3	-4.154146E+8	-4.257569E+8	3.916178E+6	1.034229E+7	-3.892565E+9
2.805030E+2	-3.371977E-3	4.269513E+8	-6.238842E-3	2.089050E+7	-1.720393E-3	4.395901E+8	4.305044E-3	2.480743E+7	-1.524191E-3	3.516709E+9	-1.377600E-3	3.551874E+9	-1.546151E-3	3.956299E+9	-1.599673E-3	3.978825E+9	-2.866864E-3	6.025436E-3	-1.054389E-2	-8.892301E-3	-4.639168E-3	-4.060608E+8	-4.147826E+8	-3.916932E+6	8.721801E+6	-3.957935E+9
2.810080E+2	3.248265E-5	4.658913E+8	6.807048E-3	2.809531E+7	-4.716262E-4	4.538297E+8	-5.228013E-3	1.960138E+7	-4.386499E-4	3.614925E+9	-4.042602E-4	3.640723E+9	-4.423408E-4	4.068754E+9	-3.556290E-4	4.106615E+9	6.774565E-3	-4.756387E-3	1.203506E-2	1.153095E-2	7.162677E-3	-4.377960E+8	-4.342283E+8	8.493931E+6	-3.567650E+6	-4.078519E+9
2.815020E+2	3.005486E-3	4.998963E+8	9.955515E-3	2.983411E+7	1.087923E-3	4.716132E+8	4.456917E-4	2.269982E+7	2.179167E-3	3.851775E+9	1.462827E-3	3.811156E+9	2.057028E-3	4.323388E+9	1.634601E-3	4.311052E+9	6.950029E-3	-6.422317E-4	9.509823E-3	7.592261E-3	8.320914E-3	-4.700622E+8	-4.489134E+8	7.134287E+6	-2.114879E+7	-4.281218E+9
2.820060E+2	5.310868E-3	5.262651E+8	5.314735E-4	2.462952E+7	6.161508E-3	5.294671E+8	5.099743E-4	2.273493E+7	3.672563E-3	3.986891E+9	3.393214E-3	3.987367E+9	3.951141E-3	4.516358E+9	3.606745E-3	4.513632E+9	-4.779395E-3	-5.651533E-3	2.149919E-5	8.721383E-4	-3.075271E-3	-5.016356E+8	-5.067322E+8	1.894596E+6	5.096626E+6	-4.489003E+9
2.825040E+2	4.709037E-3	5.193814E+8	4.091522E-3	2.659562E+7	5.964115E-3	5.272162E+8	9.898534E-3	2.786207E+7	5.258488E-3	4.130380E+9	5.859587E-3	4.212505E+9	5.337466E-3	4.657596E+9	5.731474E-3	4.731886E+9	-6.175152E-4	3.934419E-3	-5.807012E-3	-4.551935E-3	-1.639952E-3	-4.927858E+8	-4.993542E+8	-1.266447E+6	6.568417E+6	-4.705290E+9
2.830030E+2	1.389088E-2	6.244025E+8	2.205745E-2	3.651761E+7	1.416950E-2	6.207820E+8	2.105562E-2	3.395501E+7	1.211306E-2	4.750554E+9	1.332466E-2	4.893938E+9	1.234323E-2	5.371336E+9	1.338771E-2	5.518340E+9	8.166577E-3	6.886117E-3	1.001832E-3	1.280460E-3	8.669740E-3	-5.878849E+8	-5.868270E+8	2.562601E+6	-1.057953E+6	-5.481823E+9
2.835020E+2	2.430911E-2	7.435655E+8	6.751346E-3	2.806455E+7	2.484983E-2	7.425693E+8	1.504974E-2	3.067517E+7	2.558731E-2	5.969652E+9	2.417858E-2	5.884714E+9	2.550477E-2	6.712221E+9	2.419312E-2	6.628279E+9	-1.755776E-2	-9.800088E-3	-8.298392E-3	-7.757672E-3	-1.744177E-2	-7.155009E+8	-7.118942E+8	-2.610612E+6	-3.606746E+6	-6.600215E+9
2.840000E+2	4.810797E-2	1.015775E+9	3.478293E-2	4.354547E+7	4.258356E-2	9.447865E+8	5.947182E-2	5.493429E+7	4.544712E-2	7.766490E+9	4.463048E-2	7.751620E+9	4.512661E-2	8.711277E+9	4.501770E-2	8.767395E+9	-1.332504E-2	1.688826E-2	-2.468889E-2	-3.021330E-2	-1.023477E-2	-9.722296E+8	-8.898522E+8	-1.138882E+7	-8.237744E+7	-8.723850E+9
2.841030E+2	4.641016E-2	9.963556E+8	2.918932E-2	4.045631E+7	4.070865E-2	9.234069E+8	4.283799E-2	4.585047E+7	4.140999E-2	7.401226E+9	4.293674E-2	7.597011E+9	4.133149E-2	8.324633E+9	4.332350E-2	8.593366E+9	-1.722083E-2	2.129348E-3	-1.364867E-2	-1.935018E-2	-1.413418E-2	-9.558993E+8	-8.775564E+8	-5.394165E+6	-7.834292E+7	-8.552910E+9
2.842030E+2	6.188863E-2	1.173397E+9	4.344900E-2	4.833145E+7	5.421224E-2	1.077388E+9	5.112066E-2	5.037368E+7	5.970020E-2	9.056053E+9	5.734398E-2	8.912144E+9	5.908595E-2	1.013344E+10	5.785003E-2	1.008554E+10	-1.843963E-2	-3.091577E-3	-7.671660E-3	-1.534805E-2	-1.440103E-2	-1.125066E+9	-1.027014E+9	-2.042224E+6	-9.805160E+7	-1.003721E+10
2.843010E+2	9.370297E-2	1.537287E+9	9.468795E-2	7.662903E+7	9.424608E-2	1.533892E+9	1.004510E-1	7.731321E+7	9.542004E-2	1.228784E+10	9.478679E-2	1.233003E+10	9.528864E-2	1.382174E+10	9.466610E-2	1.386732E+10	9.849833E-4	6.204901E-3	-5.763027E-3	-5.219918E-3	2.184482E-5	-1.460658E+9	-1.456579E+9	-6.841819E+5	-4.079067E+6	-1.379069E+10
2.844030E+2	1.362198E-1	2.023591E+9	1.434992E-1	1.035859E+8	1.450929E-1	2.113697E+9	1.560971E-1	1.077018E+8	1.447683E-1	1.675269E+10	1.424541E-1	1.668124E+10	1.448047E-1	1.886638E+10	1.417599E-1	1.870483E+10	7.279452E-3	1.100416E-2	-1.259782E-2	-3.724708E-3	1.739312E-3	-1.920005E+9	-2.005995E+9	-4.115930E+6	8.598959E+7	-1.860124E+10
2.845010E+2	1.801366E-1	2.525909E+9	1.830341E-1	1.254197E+8	1.821616E-1	2.536389E+9	1.708747E-1	1.157720E+8	1.887990E-1	2.073641E+10	1.784418E-1	1.996629E+10	1.880561E-1	2.327280E+10	1.786305E-1	2.249220E+10	2.897494E-3	-1.128686E-2	1.215941E-2	1.418435E-2	4.403568E-3	-2.400489E+9	-2.420618E+9	9.647728E+6	2.012849E+7	-2.236678E+10
2.846010E+2	2.722077E-1	3.579011E+9	2.929410E-1	1.861176E+8	2.740958E-1	3.584712E+9	2.756163E-1	1.729718E+8	2.994141E-1	3.074443E+10	2.757477E-1	2.884865E+10	2.965804E-1	3.432915E+10	2.753535E-1	3.242766E+10	2.073324E-2	1.520455E-3	1.732470E-2	1.921278E-2	1.758743E-2	-3.392893E+9	-3.411740E+9	1.314575E+7	1.884706E+7	-3.224154E+10
2.847020E+2	7.136735E-1	8.628463E+9	7.930604E-1	4.623170E+8	7.122863E-1	8.581383E+9	7.075740E-1	4.088661E+8	7.706218E-1	7.337746E+10	7.080336E-1	6.830891E+10	7.640925E-1	8.195884E+10	7.086616E-1	7.693737E+10	7.938682E-2	-4.712313E-3	8.548636E-2	8.409914E-2	8.439876E-2	-8.166146E+9	-8.172517E+9	5.345086E+7	6.370422E+6	-7.647506E+10
2.848000E+2	1.416174E+0	1.666361E+10	1.403315E+0	7.993405E+8	1.424939E+0	1.670773E+10	1.420048E+0	7.979517E+8	1.437686E+0	1.337308E+11	1.408018E+0	1.322055E+11	1.436259E+0	1.504385E+11	1.408927E+0	1.488691E+11	-1.285902E-2	-4.890700E-3	-1.673287E-2	-7.968325E-3	-5.611437E-3	-1.586427E+10	-1.590978E+10	1.388739E+6	4.550937E+7	-1.480697E+11
2.849040E+2	1.708503E+0	2.000725E+10	1.624504E+0	9.214956E+8	1.689097E+0	1.971992E+10	1.662793E+0	9.305160E+8	1.678311E+0	1.555017E+11	1.685964E+0	1.575771E+11	1.679518E+0	1.752216E+11	1.688474E+0	1.775844E+11	-8.399958E-2	-2.630421E-2	-3.828935E-2	-5.769537E-2	-6.397013E-2	-1.908575E+10	-1.878941E+10	-9.020421E+6	-2.963476E+8	-1.766629E+11
2.850010E+2	1.461776E+0	1.718520E+10	1.445391E+0	8.225774E+8	1.476036E+0	1.729040E+10	1.417991E+0	7.968283E+8	1.442811E+0	1.341946E+11	1.457040E+0	1.366803E+11	1.446530E+0	1.514850E+11	1.457568E+0	1.538655E+11	-1.638516E-2	-5.804552E-2	2.739993E-2	4.166035E-2	-1.217699E-2	-1.636262E+10	-1.649357E+10	2.574915E+7	1.309448E+8	-1.530430E+11
2.851030E+2	1.338273E+0	1.577259E+10	1.347242E+0	7.683733E+8	1.351918E+0	1.587508E+10	1.386277E+0	7.795094E+8	1.329846E+0	1.239739E+11	1.337205E+0	1.257414E+11	1.332316E+0	1.398489E+11	1.337324E+0	1.415140E+11	8.968981E-3	3.435939E-2	-3.903517E-2	-2.539041E-2	9.918644E-3	-1.500421E+10	-1.509557E+10	-1.113617E+7	9.135676E+7	-1.407456E+11
2.852020E+2	1.225561E+0	1.448339E+10	1.161964E+0	6.660505E+8	1.221700E+0	1.439021E+10	1.296423E+0	7.304393E+8	1.220890E+0	1.141160E+11	1.219916E+0	1.150350E+11	1.220981E+0	1.285062E+11	1.220545E+0	1.295184E+11	-6.359619E-2	7.472249E-2	-1.344580E-1	-1.383187E-1	-5.858025E-2	-1.381734E+10	-1.365977E+10	-6.438874E+7	-1.575689E+8	-1.288523E+11
2.853020E+2	9.653176E-1	1.150675E+10	9.612363E-1	5.551950E+8	9.596693E-1	1.140228E+10	9.780557E-1	5.565775E+8	9.679485E-1	9.123081E+10	9.641114E-1	9.168441E+10	9.670219E-1	1.026331E+11	9.642458E-1	1.031912E+11	-4.081242E-3	1.838640E-2	-1.681931E-2	-2.246764E-2	-3.009402E-3	-1.095155E+10	-1.084570E+10	-1.382502E+6	-1.058496E+8	-1.026360E+11
2.854040E+2	6.272479E-1	7.639934E+9	6.549999E-1	3.860708E+8	6.350774E-1	7.700973E+9	6.607748E-1	3.833089E+8	6.401149E-1	6.156971E+10	6.360564E-1	6.173863E+10	6.395511E-1	6.927068E+10	6.350756E-1	6.937856E+10	2.775195E-2	2.569741E-2	-5.774988E-3	2.054539E-3	1.992427E-2	-7.253863E+9	-7.317664E+9	2.761863E+6	6.380114E+7	-6.899249E+10
2.855030E+2	4.635465E-1	5.767529E+9	4.220776E-1	2.574355E+8	4.723962E-1	5.845925E+9	4.907827E-1	2.904753E+8	4.757455E-1	4.669820E+10	4.720106E-1	4.676407E+10	4.753706E-1	5.254413E+10	4.710681E-1	5.253160E+10	-4.146892E-2	1.838650E-2	-6.870516E-2	-5.985542E-2	-4.899057E-2	-5.510094E+9	-5.555449E+9	-3.303986E+7	4.535577E+7	-5.227417E+10
2.856030E+2	4.306741E-1	5.391537E+9	4.128347E-1	2.523310E+8	4.354999E-1	5.425198E+9	4.360844E-1	2.606043E+8	4.410665E-1	4.356059E+10	4.343703E-1	4.332816E+10	4.404435E-1	4.898579E+10	4.339587E-1	4.871970E+10	-1.783934E-2	5.844896E-4	-2.324969E-2	-1.842383E-2	-2.112401E-2	-5.139206E+9	-5.164593E+9	-8.273353E+6	2.538742E+7	-4.846737E+10
2.858060E+2	4.783619E-1	5.936987E+9	4.907675E-1	2.953707E+8	4.858155E-1	5.998945E+9	4.621001E-1	2.748116E+8	4.907717E-1	4.805771E+10	4.777149E-1	4.728477E+10	4.902169E-1	5.405666E+10	4.777869E-1	5.322176E+10	1.240565E-2	-2.371548E-2	2.866749E-2	3.612113E-2	1.298064E-2	-5.641616E+9	-5.724133E+9	2.055909E+7	8.251722E+7	-5.292639E+10
2.860070E+2	7.214215E-1	8.717084E+9	7.091349E-1	4.159677E+8	7.231067E-1	8.704768E+9	7.354888E-1	4.241105E+8	7.434454E-1	7.091864E+10	7.229396E-1	6.966957E+10	7.411689E-1	7.962341E+10	7.227705E-1	7.838665E+10	-1.228660E-2	1.238208E-2	-2.635389E-2	-2.466868E-2	-1.363564E-2	-8.301116E+9	-8.280657E+9	-8.142804E+6	-2.045925E+7	-7.797069E+10
2.862030E+2	1.017553E+0	1.210422E+10	1.019146E+0	5.871763E+8	1.018989E+0	1.207871E+10	1.019607E+0	5.792689E+8	1.019702E+0	9.591327E+10	1.017921E+0	9.659629E+10	1.019622E+0	1.079920E+11	1.017880E+0	1.087005E+11	1.592015E-3	6.175497E-4	-4.614133E-4	9.744654E-4	1.265474E-3	-1.151704E+10	-1.149944E+10	7.907456E+6	-1.760480E+7	-1.081133E+11
2.864030E+2	1.269427E+0	1.498513E+10	1.287729E+0	7.355060E+8	1.270471E+0	1.494635E+10	1.228335E+0	6.932563E+8	1.258643E+0	1.175317E+11	1.263782E+0	1.190392E+11	1.259967E+0	1.324781E+11	1.264410E+0	1.340243E+11	1.830168E-2	-4.213641E-2	5.939393E-2	6.043809E-2	2.331845E-2	-1.424962E+10	-1.425309E+10	4.224974E+7	3.465371E+6	-1.332888E+11
2.866200E+2	1.310145E+0	1.545086E+10	1.300704E+0	7.426716E+8	1.317305E+0	1.548039E+10	1.365197E+0	7.679974E+8	1.321956E+0	1.232600E+11	1.318634E+0	1.240462E+11	1.321435E+0	1.387404E+11	1.317689E+0	1.394971E+11	-9.441165E-3	4.789235E-2	-6.449327E-2	-5.733352E-2	-1.698512E-2	-1.470819E+10	-1.471239E+10	-2.532574E+7	4.202275E+6	-1.387544E+11
2.868030E+2	1.580508E+0	1.854325E+10	1.539899E+0	8.747711E+8	1.595269E+0	1.865000E+10	1.585442E+0	8.882740E+8	1.554309E+0	1.442824E+11	1.565481E+0	1.465791E+11	1.558894E+0	1.629324E+11	1.567154E+0	1.651223E+11	-4.060941E-2	-9.827488E-3	-4.554283E-2	-3.078192E-2	-2.725539E-2	-1.766848E+10	-1.776173E+10	-1.350291E+7	9.324896E+7	-1.642476E+11
2.870190E+2	1.280016E+0	1.510625E+10	1.213127E+0	6.943057E+8	1.302898E+0	1.531611E+10	1.318234E+0	7.423507E+8	1.265007E+0	1.181075E+11	1.277776E+0	1.203166E+11	1.269248E+0	1.334236E+11	1.278025E+0	1.354228E+11	-6.688982E-2	1.533628E-2	-1.051075E-1	-8.222611E-2	-6.489875E-2	-1.441195E+10	-1.457375E+10	-4.804501E+7	1.618097E+8	-1.347285E+11
2.872140E+2	1.058017E+0	1.256704E+10	1.036586E+0	5.968083E+8	1.058837E+0	1.253309E+10	1.031408E+0	5.857133E+8	1.054945E+0	9.910188E+10	1.049040E+0	9.943697E+10	1.055380E+0	1.116350E+11	1.050040E+0	1.120040E+11	-2.143112E-2	-2.742949E-2	5.178718E-3	5.998365E-3	-1.345379E-2	-1.197023E+10	-1.194738E+10	1.109503E+7	-2.285871E+7	-1.114072E+11
2.874030E+2	9.621053E-1	1.147001E+10	9.397776E-1	5.433441E+8	9.510737E-1	1.130427E+10	9.206582E-1	5.252325E+8	9.635993E-1	9.083731E+10	9.598439E-1	9.129485E+10	9.621974E-1	1.021416E+11	9.600957E-1	1.027649E+11	-2.232767E-2	-3.041556E-2	1.911947E-2	8.087895E-3	-2.031804E-2	-1.092666E+10	-1.077903E+10	1.811162E+7	-1.476281E+8	-1.022215E+11
2.876090E+2	7.291791E-1	8.805815E+9	6.772609E-1	3.983648E+8	7.408896E-1	8.907546E+9	6.937008E-1	4.012899E+8	7.363811E-1	7.027950E+10	7.350160E-1	7.077194E+10	7.368857E-1	7.918704E+10	7.343661E-1	7.957776E+10	-5.191823E-2	-4.718882E-2	-1.643997E-2	-4.729409E-3	-5.710523E-2	-8.407450E+9	-8.506256E+9	-2.925165E+6	9.880587E+7	-7.917939E+10
2.878030E+2	5.376263E-1	6.614849E+9	5.489666E-1	3.275121E+8	5.423115E-1	6.643166E+9	5.575330E-1	3.269280E+8	5.457580E-1	5.303267E+10	5.447648E-1	5.340527E+10	5.453723E-1	5.967583E+10	5.439699E-1	6.002012E+10	1.134027E-2	1.522150E-2	-8.566338E-3	-3.881228E-3	4.996720E-3	-6.287337E+9	-6.316238E+9	5.841286E+5	2.890087E+7	-5.969261E+10
2.880040E+2	5.133623E-1	6.337319E+9	5.154984E-1	3.090287E+8	5.170244E-1	6.354818E+9	5.226184E-1	3.078610E+8	5.211868E-1	5.080956E+10	5.179245E-1	5.095522E+10	5.207209E-1	5.716438E+10	5.174165E-1	5.729254E+10	2.136028E-3	5.593988E-3	-7.120033E-3	-3.457960E-3	-1.918190E-3	-6.028290E+9	-6.046957E+9	1.167735E+6	1.866709E+7	-5.698351E+10
2.882240E+2	7.112998E-1	8.601313E+9	7.132573E-1	4.182444E+8	7.287712E-1	8.769360E+9	6.840438E-1	3.960162E+8	7.278655E-1	6.950903E+10	7.195308E-1	6.935840E+10	7.279668E-1	7.827839E+10	7.186143E-1	7.795972E+10	1.957454E-3	-4.472749E-2	2.921353E-2	4.668495E-2	-5.356979E-3	-8.183069E+9	-8.373344E+9	2.222824E+7	1.902752E+8	-7.754147E+10
2.884130E+2	9.837578E-1	1.171767E+10	1.010865E+0	5.826032E+8	9.774069E-1	1.160454E+10	9.538752E-1	5.433725E+8	9.923873E-1	9.344194E+10	9.799094E-1	9.312649E+10	9.907106E-1	1.050465E+11	9.803379E-1	1.048442E+11	2.710707E-2	-2.353173E-2	5.698963E-2	5.063879E-2	3.052689E-2	-1.113506E+10	-1.106117E+10	3.923073E+7	-7.389164E+7	-1.042616E+11
2.886030E+2	1.163196E+0	1.377006E+10	1.141167E+0	6.545648E+8	1.161075E+0	1.369890E+10	1.137133E+0	6.434504E+8	1.153386E+0	1.080085E+11	1.151349E+0	1.087760E+11	1.154247E+0	1.217074E+11	1.152668E+0	1.225461E+11	-2.202865E-2	-2.394188E-2	4.034316E-3	1.913237E-3	-1.150126E-2	-1.311550E+10	-1.305545E+10	1.111448E+7	-6.004925E+7	-1.218915E+11
2.888170E+2	1.132780E+0	1.342217E+10	1.119721E+0	6.427211E+8	1.124284E+0	1.327938E+10	1.085373E+0	6.151842E+8	1.118517E+0	1.048536E+11	1.124545E+0	1.063293E+11	1.119162E+0	1.181330E+11	1.125462E+0	1.197514E+11	-1.305819E-2	-3.891103E-2	3.434819E-2	2.585283E-2	-5.740886E-3	-1.277945E+10	-1.266420E+10	2.753689E+7	-1.152492E+8	-1.191087E+11
2.890200E+2	1.122317E+0	1.330250E+10	1.083621E+0	6.227841E+8	1.122284E+0	1.325657E+10	1.090723E+0	6.181057E+8	1.114642E+0	1.045030E+11	1.120133E+0	1.059265E+11	1.115497E+0	1.177596E+11	1.120376E+0	1.192290E+11	-3.869606E-2	-3.156068E-2	-7.101858E-3	-7.135381E-3	-3.675498E-2	-1.267971E+10	-1.263846E+10	4.678367E+6	-4.125193E+7	-1.186062E+11
2.892040E+2	1.042028E+0	1.238415E+10	9.712427E-1	5.607212E+8	1.032077E+0	1.222794E+10	1.014763E+0	5.766237E+8	1.032761E+0	9.709478E+10	1.030479E+0	9.774259E+10	1.032684E+0	1.093227E+11	1.031765E+0	1.101267E+11	-7.078498E-2	-1.731325E-2	-4.352059E-2	-5.347172E-2	-6.052190E-2	-1.182343E+10	-1.165132E+10	-1.590255E+7	-1.721161E+8	-1.095660E+11
2.894080E+2	8.038478E-1	9.659869E+9	8.297149E-1	4.825601E+8	8.195153E-1	9.804112E+9	8.046165E-1	4.618615E+8	8.093296E-1	7.687959E+10	8.100583E-1	7.762201E+10	8.104696E-1	8.668370E+10	8.093667E-1	8.728188E+10	2.586713E-2	-1.489886E-2	2.509841E-2	4.076598E-2	2.034816E-2	-9.177309E+9	-9.342250E+9	2.069856E+7	1.649409E+8	-8.679932E+10
2.896090E+2	6.202700E-1	7.560121E+9	6.259641E-1	3.700353E+8	6.111962E-1	7.428656E+9	6.157375E-1	3.587138E+8	6.194112E-1	5.969652E+10	6.165970E-1	5.996232E+10	6.184917E-1	6.712517E+10	6.170060E-1	6.752244E+10	5.694126E-3	4.541315E-3	1.022656E-2	1.152810E-3	8.958125E-3	-7.190085E+9	-7.069943E+9	1.132148E+7	-1.201428E+8	-6.715241E+10
2.898020E+2	6.727640E-1	8.160543E+9	6.320244E-1	3.733822E+8	6.649629E-1	8.041756E+9	6.338039E-1	3.685799E+8	6.645960E-1	6.378466E+10	6.620591E-1	6.411223E+10	6.646371E-1	7.182642E+10	6.632511E-1	7.227277E+10	-4.073958E-2	-3.115896E-2	-1.779516E-3	-9.580616E-3	-3.122667E-2	-7.787161E+9	-7.673176E+9	4.802238E+6	-1.139852E+8	-7.189939E+10
2.900020E+2	7.583762E-1	9.139769E+9	7.737825E-1	4.516705E+8	7.790219E-1	9.342367E+9	7.282263E-1	4.201445E+8	7.777244E-1	7.402007E+10	7.747699E-1	7.440079E+10	7.778696E-1	8.336244E+10	7.729445E-1	8.354055E+10	1.540636E-2	-5.079558E-2	4.555617E-2	6.620194E-2	8.380647E-4	-8.688098E+9	-8.922222E+9	3.152599E+7	2.341242E+8	-8.308888E+10
2.905110E+2	8.577794E-1	1.027673E+10	8.312920E-1	4.834310E+8	8.613304E-1	1.028093E+10	8.723058E-1	4.988270E+8	8.606911E-1	8.152658E+10	8.570573E-1	8.191221E+10	8.607627E-1	9.180751E+10	8.571377E-1	9.218895E+10	-2.648740E-2	1.097540E-2	-4.101386E-2	-3.746280E-2	-2.584579E-2	-9.793304E+9	-9.782100E+9	-1.539597E+7	-1.120327E+7	-9.170552E+10
2.910070E+2	9.114956E-1	1.089114E+10	8.881509E-1	5.148324E+8	9.259914E-1	1.101825E+10	8.697348E-1	4.974230E+8	9.250788E-1	8.735213E+10	9.080144E-1	8.656372E+10	9.251809E-1	9.837038E+10	9.084020E-1	9.745485E+10	-2.334462E-2	-5.625658E-2	1.841614E-2	3.291196E-2	-2.025111E-2	-1.037630E+10	-1.052083E+10	1.740941E+7	1.445270E+8	-9.694002E+10
2.915110E+2	1.120477E+0	1.328145E+10	1.120595E+0	6.432034E+8	1.153667E+0	1.361443E+10	1.068593E+0	6.060203E+8	1.129546E+0	1.058515E+11	1.141475E+0	1.078747E+11	1.132246E+0	1.194660E+11	1.139137E+0	1.211561E+11	1.177940E-4	-8.507376E-2	5.200198E-2	8.519156E-2	-1.854215E-2	-1.263825E+10	-1.300841E+10	3.718310E+7	3.701590E+8	-1.205129E+11
2.920030E+2	1.089119E+0	1.292278E+10	1.103810E+0	6.339336E+8	1.112916E+0	1.314974E+10	1.065230E+0	6.041841E+8	1.108310E+0	1.039302E+11	1.107204E+0	1.047463E+11	1.108826E+0	1.170800E+11	1.105190E+0	1.176691E+11	1.469043E-2	-4.768509E-2	3.857929E-2	6.237552E-2	-1.380561E-3	-1.228885E+10	-1.254556E+10	2.974947E+7	2.567095E+8	-1.170352E+11
2.925020E+2	1.078952E+0	1.280649E+10	1.049098E+0	6.037182E+8	1.092203E+0	1.291356E+10	1.074033E+0	6.089910E+8	1.079220E+0	1.012983E+11	1.074565E+0	1.017669E+11	1.080673E+0	1.142118E+11	1.075053E+0	1.145734E+11	-2.985380E-2	-1.817022E-2	-2.493430E-2	-1.168358E-2	-2.595519E-2	-1.220277E+10	-1.230457E+10	-5.272746E+6	1.017928E+8	-1.139697E+11
2.930040E+2	8.974250E-1	1.073020E+10	8.394000E-1	4.879089E+8	8.993114E-1	1.071402E+10	8.863275E-1	5.064843E+8	9.029586E-1	8.535078E+10	8.987836E-1	8.572111E+10	9.025504E-1	9.606480E+10	8.986323E-1	9.645130E+10	-5.802492E-2	-1.298386E-2	-4.692752E-2	-4.504106E-2	-5.923231E-2	-1.024229E+10	-1.020754E+10	-1.857549E+7	-3.475016E+7	-9.596339E+10
2.935090E+2	9.736048E-1	1.160154E+10	9.484093E-1	5.481111E+8	9.739323E-1	1.156492E+10	9.937083E-1	5.651255E+8	9.804803E-1	9.236463E+10	9.811685E-1	9.324143E+10	9.797474E-1	1.039296E+11	9.803263E-1	1.048430E+11	-2.519548E-2	1.977606E-2	-4.529901E-2	-4.497154E-2	-3.191694E-2	-1.105343E+10	-1.099980E+10	-1.701445E+7	-5.362947E+7	-1.042949E+11
2.940070E+2	1.071936E+0	1.272625E+10	1.082939E+0	6.224072E+8	1.072643E+0	1.269051E+10	1.030863E+0	5.854156E+8	1.072129E+0	1.006566E+11	1.072034E+0	1.015359E+11	1.072186E+0	1.133471E+11	1.072023E+0	1.142621E+11	1.100242E-2	-4.178001E-2	5.207613E-2	5.278243E-2	1.091562E-2	-1.210384E+10	-1.210510E+10	3.699156E+7	1.258699E+6	-1.136397E+11
2.945030E+2	1.119050E+0	1.326513E+10	1.056169E+0	6.076231E+8	1.127820E+0	1.331970E+10	1.077886E+0	6.110953E+8	1.115435E+0	1.045748E+11	1.116000E+0	1.055492E+11	1.116821E+0	1.178945E+11	1.116340E+0	1.188143E+11	-6.288140E-2	-4.993432E-2	-2.171695E-2	-1.294708E-2	-6.017070E-2	-1.265751E+10	-1.270861E+10	-3.472166E+6	5.109658E+7	-1.182067E+11
2.950070E+2	1.040319E+0	1.236460E+10	9.716439E-1	5.609428E+8	1.031491E+0	1.222126E+10	1.027469E+0	5.835622E+8	1.042569E+0	9.798222E+10	1.040284E+0	9.863770E+10	1.041330E+0	1.102035E+11	1.040288E+0	1.110023E+11	-6.867467E-2	-4.022290E-3	-5.582477E-2	-6.465238E-2	-6.864442E-2	-1.180366E+10	-1.163770E+10	-2.261945E+7	-1.659619E+8	-1.104414E+11
2.955070E+2	1.040334E+0	1.236478E+10	1.042902E+0	6.002963E+8	1.052354E+0	1.245917E+10	1.054047E+0	5.980768E+8	1.045315E+0	9.823065E+10	1.042919E+0	9.887815E+10	1.046103E+0	1.106898E+11	1.042631E+0	1.112429E+11	2.568241E-3	1.692643E-3	-1.114507E-2	8.755978E-4	2.712626E-4	-1.176448E+10	-1.186109E+10	2.219443E+6	9.660876E+7	-1.106426E+11
2.960050E+2	1.188405E+0	1.405840E+10	1.181645E+0	6.769193E+8	1.196977E+0	1.410830E+10	1.129395E+0	6.392245E+8	1.194488E+0	1.117272E+11	1.195596E+0	1.128150E+11	1.194766E+0	1.258355E+11	1.194795E+0	1.268734E+11	-6.760026E-3	-6.758267E-2	5.225017E-2	6.082265E-2	-1.315059E-2	-1.338148E+10	-1.346907E+10	3.769482E+7	8.758795E+7	-1.261965E+11
2.965010E+2	1.102846E+0	1.307979E+10	1.085993E+0	6.240938E+8	1.113581E+0	1.315733E+10	1.141818E+0	6.460091E+8	1.104524E+0	1.035876E+11	1.106543E+0	1.046860E+11	1.105538E+0	1.167450E+11	1.106132E+0	1.177658E+11	-1.685378E-2	2.823736E-2	-5.582561E-2	-4.509114E-2	-2.013910E-2	-1.245570E+10	-1.251132E+10	-2.191531E+7	5.562217E+7	-1.171417E+11
2.970040E+2	9.309299E-1	1.111343E+10	9.161136E-1	5.302752E+8	9.253289E-1	1.101070E+10	9.420631E-1	5.369218E+8	9.311553E-1	8.790190E+10	9.256355E-1	8.817222E+10	9.305032E-1	9.891261E+10	9.262250E-1	9.928565E+10	-1.481632E-2	1.673413E-2	-2.594948E-2	-3.155045E-2	-1.011145E-2	-1.058315E+10	-1.047378E+10	-6.646573E+6	-1.093715E+8	-9.875537E+10
2.975040E+2	8.034071E-1	9.654829E+9	8.076580E-1	4.703788E+8	8.054786E-1	9.644051E+9	8.394831E-1	4.809023E+8	8.094277E-1	7.688847E+10	8.062144E-1	7.727113E+10	8.089857E-1	8.653252E+10	8.059018E-1	8.692596E+10	4.250892E-3	3.400447E-2	-3.182512E-2	-2.975358E-2	1.756110E-3	-9.184450E+9	-9.163149E+9	-1.052358E+7	-2.130097E+7	-8.645558E+10
2.980020E+2	9.371164E-1	1.118419E+10	9.557932E-1	5.521890E+8	9.308796E-1	1.107399E+10	9.749555E-1	5.548845E+8	9.380831E-1	8.852871E+10	9.412047E-1	8.959342E+10	9.372768E-1	9.960270E+10	9.407495E-1	1.007776E+11	1.867685E-2	4.407594E-2	-1.916228E-2	-2.539910E-2	1.504375E-2	-1.063200E+10	-1.051911E+10	-2.695548E+6	-1.128873E+8	-1.002254E+11
2.985020E+2	1.083419E+0	1.285758E+10	1.103309E+0	6.336572E+8	1.092553E+0	1.291755E+10	1.043072E+0	5.920834E+8	1.083990E+0	1.017298E+11	1.084051E+0	1.026328E+11	1.084948E+0	1.146473E+11	1.083981E+0	1.154904E+11	1.989052E-2	-4.948076E-2	6.023708E-2	6.937127E-2	1.932883E-2	-1.222392E+10	-1.232547E+10	4.157381E+7	1.015426E+8	-1.148567E+11
2.990040E+2	1.147458E+0	1.359006E+10	1.095749E+0	6.294820E+8	1.139985E+0	1.345842E+10	1.118194E+0	6.331076E+8	1.141222E+0	1.069079E+11	1.139972E+0	1.077375E+11	1.141084E+0	1.203664E+11	1.140806E+0	1.213275E+11	-5.170928E-2	-2.179135E-2	-2.244459E-2	-2.991793E-2	-4.505653E-2	-1.296058E+10	-1.282531E+10	-3.625646E+6	-1.352708E+8	-1.206980E+11
2.995060E+2	1.021246E+0	1.214646E+10	1.024764E+0	5.902790E+8	1.023320E+0	1.212808E+10	1.012819E+0	5.755618E+8	1.024487E+0	9.634620E+10	1.025144E+0	9.725567E+10	1.024356E+0	1.084743E+11	1.024710E+0	1.094021E+11	3.517395E-3	-1.050079E-2	1.194491E-2	1.401819E-2	5.326469E-5	-1.155618E+10	-1.155252E+10	1.471723E+7	-3.655923E+6	-1.088119E+11
3.000060E+2	1.007353E+0	1.198755E+10	1.012727E+0	5.836315E+8	1.007784E+0	1.195094E+10	1.011477E+0	5.748290E+8	1.002790E+0	9.438314E+10	1.003414E+0	9.527201E+10	1.003349E+0	1.063341E+11	1.003852E+0	1.072596E+11	5.373629E-3	3.692483E-3	1.249996E-3	1.681147E-3	8.874584E-3	-1.140392E+10	-1.137611E+10	8.802514E+6	-2.781001E+7	-1.066759E+11
