Photon Energy (eV)	X ref norm	X ref	X pump norm	X pump	Y ref norm	Y ref	Y pump norm	Y pump	X all norm	X all	Y all norm	Y all	X all Y ref norm	X all Y ref	Y all X ref norm	Y all X ref	BC(X hist) norm	BC(Y hist) norm	StS norm	BCSC norm	BCLR norm	BC(X hist)	BC(Y hist)	StS	BCSC	BCLR	
2.790040E+2	-1.903878E-3	4.437434E+8	-1.047465E-2	1.663801E+7	-4.310957E-3	4.100500E+8	-1.171936E-3	2.008031E+7	-3.417102E-3	3.345446E+9	-4.056194E-3	3.307365E+9	-3.517148E-3	3.755496E+9	-3.816534E-3	3.751108E+9	-8.570774E-3	3.139020E-3	-9.302715E-3	-1.170979E-2	-6.658118E-3	-4.271053E+8	-3.899697E+8	-3.442303E+6	-3.713569E+7	-3.734470E+9
2.795010E+2	-5.341568E-3	4.044233E+8	6.534925E-3	2.597670E+7	-5.379735E-3	3.978627E+8	3.453048E-3	2.258839E+7	-3.437042E-3	3.343642E+9	-2.681383E-3	3.432861E+9	-3.654481E-3	3.741505E+9	-2.977594E-3	3.837284E+9	1.187649E-2	8.832782E-3	3.081877E-3	3.043711E-3	9.512519E-3	-3.784466E+8	-3.752743E+8	3.388309E+6	-3.172274E+6	-3.811308E+9
2.800030E+2	-2.440451E-3	4.376061E+8	3.076208E-3	2.407778E+7	-1.330836E-3	4.440322E+8	-5.158715E-3	1.791832E+7	-2.293231E-3	3.447129E+9	-2.196191E-3	3.477151E+9	-2.185514E-3	3.891162E+9	-2.223389E-3	3.914757E+9	5.516659E-3	-3.827879E-3	8.234922E-3	9.344538E-3	5.299597E-3	-4.135283E+8	-4.261139E+8	6.159459E+6	1.258557E+7	-3.890679E+9
2.805030E+2	-3.371977E-3	4.269513E+8	-1.119829E-2	1.624071E+7	-1.720393E-3	4.395901E+8	-1.023319E-3	2.016090E+7	-1.524191E-3	3.516709E+9	-1.377600E-3	3.551874E+9	-1.546151E-3	3.956299E+9	-1.599673E-3	3.978825E+9	-7.826309E-3	6.970733E-4	-1.017497E-2	-8.523382E-3	-9.598612E-3	-4.107106E+8	-4.194292E+8	-3.920190E+6	8.718542E+6	-3.962585E+9
2.810080E+2	3.248265E-5	4.658913E+8	-8.088251E-3	1.794820E+7	-4.716262E-4	4.538297E+8	-4.069302E-3	1.850910E+7	-4.386499E-4	3.614925E+9	-4.042602E-4	3.640723E+9	-4.423408E-4	4.068754E+9	-3.556290E-4	4.106615E+9	-8.120734E-3	-3.597676E-3	-4.018949E-3	-4.523058E-3	-7.732622E-3	-4.479431E+8	-4.353206E+8	-5.608944E+5	-1.262248E+7	-4.088666E+9
2.815020E+2	3.005486E-3	4.998963E+8	1.425814E-2	3.021695E+7	1.087923E-3	4.716132E+8	-3.117111E-3	1.902546E+7	2.179167E-3	3.851775E+9	1.462827E-3	3.811156E+9	2.057028E-3	4.323388E+9	1.634601E-3	4.311052E+9	1.125265E-2	-4.205034E-3	1.737525E-2	1.545769E-2	1.262354E-2	-4.696793E+8	-4.525877E+8	1.119149E+7	-1.709159E+7	-4.280835E+9
2.820060E+2	5.310868E-3	5.262651E+8	-2.730241E-3	2.088989E+7	6.161508E-3	5.294671E+8	7.608755E-3	2.484199E+7	3.672563E-3	3.986891E+9	3.393214E-3	3.987367E+9	3.951141E-3	4.516358E+9	3.606745E-3	4.513632E+9	-8.041109E-3	1.447247E-3	-1.033900E-2	-9.488357E-3	-6.336985E-3	-5.053752E+8	-5.046251E+8	-3.952106E+6	-7.500753E+5	-4.492742E+9
2.825040E+2	4.709037E-3	5.193814E+8	8.622157E-3	2.712265E+7	5.964115E-3	5.272162E+8	3.478580E-3	2.260224E+7	5.258488E-3	4.130380E+9	5.859587E-3	4.212505E+9	5.337466E-3	4.657596E+9	5.731474E-3	4.731886E+9	3.913120E-3	-2.485535E-3	5.143577E-3	6.398654E-3	2.890683E-3	-4.922587E+8	-5.046140E+8	4.520407E+6	1.235527E+7	-4.704763E+9
2.830030E+2	1.389088E-2	6.244025E+8	1.020314E-2	2.799065E+7	1.416950E-2	6.207820E+8	1.236158E-2	2.741940E+7	1.211306E-2	4.750554E+9	1.332466E-2	4.893938E+9	1.234323E-2	5.371336E+9	1.338771E-2	5.518340E+9	-3.687732E-3	-1.807927E-3	-2.158432E-3	-1.879805E-3	-3.184569E-3	-5.964119E+8	-5.933626E+8	5.712471E+5	-3.049307E+6	-5.490350E+9
2.835020E+2	2.430911E-2	7.435655E+8	3.552164E-2	4.189116E+7	2.484983E-2	7.425693E+8	3.904788E-2	4.189112E+7	2.558731E-2	5.969652E+9	2.417858E-2	5.884714E+9	2.550477E-2	6.712221E+9	2.419312E-2	6.628279E+9	1.121253E-2	1.419805E-2	-3.526237E-3	-2.985516E-3	1.132852E-2	-7.016743E+8	-7.006782E+8	3.194200E+1	-9.961013E+5	-6.586388E+9
2.840000E+2	4.810797E-2	1.015775E+9	4.952579E-2	4.957980E+7	4.258356E-2	9.447865E+8	3.450010E-2	3.942491E+7	4.544712E-2	7.766490E+9	4.463048E-2	7.751620E+9	4.512661E-2	8.711277E+9	4.501770E-2	8.767395E+9	1.417819E-3	-8.083458E-3	1.502569E-2	9.501277E-3	4.508095E-3	-9.661953E+8	-9.053616E+8	1.015489E+7	-6.083374E+7	-8.717815E+9
2.841030E+2	4.641016E-2	9.963556E+8	4.574476E-2	4.750392E+7	4.070865E-2	9.234069E+8	4.052733E-2	4.269342E+7	4.140999E-2	7.401226E+9	4.293674E-2	7.597011E+9	4.133149E-2	8.324633E+9	4.332350E-2	8.593366E+9	-6.653946E-4	-1.813186E-4	5.217438E-3	-4.840760E-4	2.421262E-3	-9.488517E+8	-8.807135E+8	4.810499E+6	-6.813825E+7	-8.545862E+9
2.842030E+2	6.188863E-2	1.173397E+9	6.753496E-2	5.946730E+7	5.421224E-2	1.077388E+9	5.355541E-2	4.975842E+7	5.970020E-2	9.056053E+9	5.734398E-2	8.912144E+9	5.908595E-2	1.013344E+10	5.785003E-2	1.008554E+10	5.646329E-3	-6.568301E-4	1.397955E-2	6.303159E-3	9.684932E-3	-1.113930E+9	-1.027629E+9	9.708878E+6	-8.630050E+7	-1.002607E+10
2.843010E+2	9.370297E-2	1.537287E+9	8.250919E-2	6.768853E+7	9.424608E-2	1.533892E+9	9.673961E-2	7.317680E+7	9.542004E-2	1.228784E+10	9.478679E-2	1.233003E+10	9.528864E-2	1.382174E+10	9.466610E-2	1.386732E+10	-1.119378E-2	2.493539E-3	-1.423042E-2	-1.368732E-2	-1.215691E-2	-1.469599E+9	-1.460715E+9	-5.488262E+6	-8.883147E+6	-1.379963E+10
2.844030E+2	1.362198E-1	2.023591E+9	1.329983E-1	9.540837E+7	1.450929E-1	2.113697E+9	1.388631E-1	9.601995E+7	1.447683E-1	1.675269E+10	1.424541E-1	1.668124E+10	1.448047E-1	1.886638E+10	1.417599E-1	1.870483E+10	-3.221468E-3	-6.229818E-3	-5.864768E-3	3.008349E-3	-8.761608E-3	-1.928183E+9	-2.017677E+9	-6.115793E+5	8.949394E+7	-1.860942E+10
2.845010E+2	1.801366E-1	2.525909E+9	1.865108E-1	1.247881E+8	1.821616E-1	2.536389E+9	1.545049E-1	1.045023E+8	1.887990E-1	2.073641E+10	1.784418E-1	1.996629E+10	1.880561E-1	2.327280E+10	1.786305E-1	2.249220E+10	6.374178E-3	-2.765670E-2	3.200593E-2	3.403088E-2	7.880252E-3	-2.401121E+9	-2.431887E+9	2.028576E+7	3.076652E+7	-2.236741E+10
2.846010E+2	2.722077E-1	3.579011E+9	2.805655E-1	1.764265E+8	2.740958E-1	3.584712E+9	2.609723E-1	1.622386E+8	2.994141E-1	3.074443E+10	2.757477E-1	2.884865E+10	2.965804E-1	3.432915E+10	2.753535E-1	3.242766E+10	8.357780E-3	-1.312353E-2	1.959323E-2	2.148131E-2	5.211973E-3	-3.402584E+9	-3.422474E+9	1.418798E+7	1.988929E+7	-3.225123E+10
2.847020E+2	7.136735E-1	8.628463E+9	7.371835E-1	4.271216E+8	7.122863E-1	8.581383E+9	7.083312E-1	4.048370E+8	7.706218E-1	7.337746E+10	7.080336E-1	6.830891E+10	7.640925E-1	8.195884E+10	7.086616E-1	7.693737E+10	2.350996E-2	-3.955115E-3	2.885230E-2	2.746507E-2	2.852189E-2	-8.201342E+9	-8.176546E+9	2.228462E+7	-2.479581E+7	-7.651025E+10
2.848000E+2	1.416174E+0	1.666361E+10	1.437215E+0	8.114571E+8	1.424939E+0	1.670773E+10	1.480996E+0	8.238457E+8	1.437686E+0	1.337308E+11	1.408018E+0	1.322055E+11	1.436259E+0	1.504385E+11	1.408927E+0	1.488691E+11	2.104109E-2	5.605750E-2	-4.378096E-2	-3.501641E-2	2.828867E-2	-1.585215E+10	-1.588389E+10	-1.238865E+7	3.173198E+7	-1.480576E+11
2.849040E+2	1.708503E+0	2.000725E+10	1.692814E+0	9.517872E+8	1.689097E+0	1.971992E+10	1.618537E+0	8.984328E+8	1.678311E+0	1.555017E+11	1.685964E+0	1.575771E+11	1.679518E+0	1.752216E+11	1.688474E+0	1.775844E+11	-1.568944E-2	-7.056005E-2	7.427664E-2	5.487061E-2	4.340007E-3	-1.905546E+10	-1.882149E+10	5.335442E+7	-2.339727E+8	-1.766326E+11
2.850010E+2	1.461776E+0	1.718520E+10	1.442917E+0	8.145872E+8	1.476036E+0	1.729040E+10	1.559850E+0	8.666075E+8	1.442811E+0	1.341946E+11	1.457040E+0	1.366803E+11	1.446530E+0	1.514850E+11	1.457568E+0	1.538655E+11	-1.885932E-2	8.381397E-2	-1.169337E-1	-1.026733E-1	-1.465114E-2	-1.637061E+10	-1.642379E+10	-5.202027E+7	5.317534E+7	-1.530510E+11
2.851030E+2	1.338273E+0	1.577259E+10	1.356161E+0	7.669564E+8	1.351918E+0	1.587508E+10	1.309549E+0	7.308715E+8	1.329846E+0	1.239739E+11	1.337205E+0	1.257414E+11	1.332316E+0	1.398489E+11	1.337324E+0	1.415140E+11	1.788809E-2	-4.236903E-2	4.661235E-2	6.025711E-2	1.883775E-2	-1.500563E+10	-1.514421E+10	3.608483E+7	1.385778E+8	-1.407470E+11
2.852020E+2	1.225561E+0	1.448339E+10	1.235673E+0	7.008050E+8	1.221700E+0	1.439021E+10	1.193476E+0	6.679263E+8	1.220890E+0	1.141160E+11	1.219916E+0	1.150350E+11	1.220981E+0	1.285062E+11	1.220545E+0	1.295184E+11	1.011201E-2	-2.822402E-2	4.219668E-2	3.833603E-2	1.512795E-2	-1.378258E+10	-1.372228E+10	3.287871E+7	-6.030149E+7	-1.288176E+11
2.853020E+2	9.653176E-1	1.150675E+10	8.832492E-1	5.073155E+8	9.596693E-1	1.140228E+10	9.544429E-1	5.383010E+8	9.679485E-1	9.123081E+10	9.641114E-1	9.168441E+10	9.670219E-1	1.026331E+11	9.642458E-1	1.031912E+11	-8.206837E-2	-5.226319E-3	-7.119372E-2	-7.684205E-2	-8.099653E-2	-1.099943E+10	-1.086398E+10	-3.098554E+7	-1.354526E+8	-1.026838E+11
2.854040E+2	6.272479E-1	7.639934E+9	5.905919E-1	3.466391E+8	6.350774E-1	7.700973E+9	6.637032E-1	3.806356E+8	6.401149E-1	6.156971E+10	6.360564E-1	6.173863E+10	6.395511E-1	6.927068E+10	6.350756E-1	6.937856E+10	-3.665597E-2	2.862574E-2	-7.311124E-2	-6.528171E-2	-4.448365E-2	-7.293295E+9	-7.320337E+9	-3.399658E+7	2.704270E+7	-6.903193E+10
2.855030E+2	4.635465E-1	5.767529E+9	4.586399E-1	2.741940E+8	4.723962E-1	5.845925E+9	4.886287E-1	2.856944E+8	4.757455E-1	4.669820E+10	4.720106E-1	4.676407E+10	4.753706E-1	5.254413E+10	4.710681E-1	5.253160E+10	-4.906531E-3	1.623246E-2	-2.998872E-2	-2.113899E-2	-1.242818E-2	-5.493335E+9	-5.560230E+9	-1.150042E+7	6.689521E+7	-5.225741E+10
2.856030E+2	4.306741E-1	5.391537E+9	4.241980E-1	2.552845E+8	4.354999E-1	5.425198E+9	4.570938E-1	2.685934E+8	4.410665E-1	4.356059E+10	4.343703E-1	4.332816E+10	4.404435E-1	4.898579E+10	4.339587E-1	4.871970E+10	-6.476083E-3	2.159388E-2	-3.289582E-2	-2.806996E-2	-9.760755E-3	-5.136252E+9	-5.156604E+9	-1.330889E+7	2.035188E+7	-4.846441E+10
2.858060E+2	4.783619E-1	5.936987E+9	4.370836E-1	2.623590E+8	4.858155E-1	5.998945E+9	5.088461E-1	2.966582E+8	4.907717E-1	4.805771E+10	4.777149E-1	4.728477E+10	4.902169E-1	5.405666E+10	4.777869E-1	5.322176E+10	-4.127828E-2	2.303058E-2	-7.176250E-2	-6.430886E-2	-4.070329E-2	-5.674628E+9	-5.702287E+9	-3.429912E+7	2.765901E+7	-5.295940E+10
2.860070E+2	7.214215E-1	8.717084E+9	6.540013E-1	3.814525E+8	7.231067E-1	8.704768E+9	7.157670E-1	4.088693E+8	7.434454E-1	7.091864E+10	7.229396E-1	6.966957E+10	7.411689E-1	7.962341E+10	7.227705E-1	7.838665E+10	-6.742015E-2	-7.339733E-3	-6.176563E-2	-6.008042E-2	-6.876919E-2	-8.335632E+9	-8.295898E+9	-2.741687E+7	-3.973332E+7	-7.800520E+10
2.862030E+2	1.017553E+0	1.210422E+10	1.022138E+0	5.835689E+8	1.018989E+0	1.207871E+10	1.020526E+0	5.741371E+8	1.019702E+0	9.591327E+10	1.017921E+0	9.659629E+10	1.019622E+0	1.079920E+11	1.017880E+0	1.087005E+11	4.584379E-3	1.536408E-3	1.612092E-3	3.047971E-3	4.257838E-3	-1.152065E+10	-1.150457E+10	9.431823E+6	-1.608043E+7	-1.081169E+11
2.864030E+2	1.269427E+0	1.498513E+10	1.226048E+0	6.955209E+8	1.270471E+0	1.494635E+10	1.223884E+0	6.844161E+8	1.258643E+0	1.175317E+11	1.263782E+0	1.190392E+11	1.259967E+0	1.324781E+11	1.264410E+0	1.340243E+11	-4.337900E-2	-4.658756E-2	2.164396E-3	3.208563E-3	-3.836222E-2	-1.428961E+10	-1.426193E+10	1.110476E+7	-2.767960E+7	-1.333288E+11
2.866200E+2	1.310145E+0	1.545086E+10	1.282070E+0	7.262785E+8	1.317305E+0	1.548039E+10	1.333094E+0	7.436398E+8	1.321956E+0	1.232600E+11	1.318634E+0	1.240462E+11	1.321435E+0	1.387404E+11	1.317689E+0	1.394971E+11	-2.807468E-2	1.578938E-2	-5.102383E-2	-4.386407E-2	-3.561864E-2	-1.472458E+10	-1.473675E+10	-1.736136E+7	1.216665E+7	-1.387708E+11
2.868030E+2	1.580508E+0	1.854325E+10	1.599438E+0	9.005213E+8	1.595269E+0	1.865000E+10	1.580820E+0	8.779793E+8	1.554309E+0	1.442824E+11	1.565481E+0	1.465791E+11	1.558894E+0	1.629324E+11	1.567154E+0	1.651223E+11	1.892935E-2	-1.444883E-2	1.861726E-2	3.337817E-2	3.228336E-2	-1.764273E+10	-1.777202E+10	2.254195E+7	1.292938E+8	-1.642218E+11
2.870190E+2	1.280016E+0	1.510625E+10	1.280705E+0	7.255289E+8	1.302898E+0	1.531611E+10	1.384778E+0	7.716674E+8	1.265007E+0	1.181075E+11	1.277776E+0	1.203166E+11	1.269248E+0	1.334236E+11	1.278025E+0	1.354228E+11	6.885065E-4	8.187980E-2	-1.040727E-1	-8.119129E-2	2.679582E-3	-1.438072E+10	-1.454444E+10	-4.613844E+7	1.637162E+8	-1.346973E+11
2.872140E+2	1.058017E+0	1.256704E+10	1.030568E+0	5.881970E+8	1.058837E+0	1.253309E+10	1.138515E+0	6.381214E+8	1.054945E+0	9.910188E+10	1.049040E+0	9.943697E+10	1.055380E+0	1.116350E+11	1.050040E+0	1.120040E+11	-2.744979E-2	7.967788E-2	-1.079473E-1	-1.071277E-1	-1.947246E-2	-1.197885E+10	-1.189497E+10	-4.992441E+7	-8.387814E+7	-1.114158E+11
2.874030E+2	9.621053E-1	1.147001E+10	9.711471E-1	5.555736E+8	9.510737E-1	1.130427E+10	9.186286E-1	5.188793E+8	9.635993E-1	9.083731E+10	9.598439E-1	9.129485E+10	9.621974E-1	1.021416E+11	9.600957E-1	1.027649E+11	9.041759E-3	-3.244508E-2	5.251841E-2	4.148684E-2	1.105139E-2	-1.091443E+10	-1.078539E+10	3.669438E+7	-1.290453E+8	-1.022093E+11
2.876090E+2	7.291791E-1	8.805815E+9	7.275800E-1	4.218490E+8	7.408896E-1	8.907546E+9	7.079497E-1	4.046301E+8	7.363811E-1	7.027950E+10	7.350160E-1	7.077194E+10	7.368857E-1	7.918704E+10	7.343661E-1	7.957776E+10	-1.599108E-3	-3.293997E-2	1.963030E-2	3.134086E-2	-6.786106E-3	-8.383966E+9	-8.502916E+9	1.721894E+7	1.189500E+8	-7.915591E+10
2.878030E+2	5.376263E-1	6.614849E+9	5.556684E-1	3.274651E+8	5.423115E-1	6.643166E+9	5.222961E-1	3.039519E+8	5.457580E-1	5.303267E+10	5.447648E-1	5.340527E+10	5.453723E-1	5.967583E+10	5.439699E-1	6.002012E+10	1.804207E-2	-2.001537E-2	3.337233E-2	3.805744E-2	1.169852E-2	-6.287384E+9	-6.339214E+9	2.351320E+7	5.182994E+7	-5.969266E+10
2.880040E+2	5.133623E-1	6.337319E+9	5.143693E-1	3.047909E+8	5.170244E-1	6.354818E+9	5.365214E-1	3.116662E+8	5.211868E-1	5.080956E+10	5.179245E-1	5.095522E+10	5.207209E-1	5.716438E+10	5.174165E-1	5.729254E+10	1.006981E-3	1.949697E-2	-2.215206E-2	-1.848999E-2	-3.047237E-3	-6.032528E+9	-6.043152E+9	-6.875308E+6	1.062405E+7	-5.698775E+10
2.882240E+2	7.112998E-1	8.601313E+9	6.919471E-1	4.022856E+8	7.287712E-1	8.769360E+9	7.300452E-1	4.166123E+8	7.278655E-1	6.950903E+10	7.195308E-1	6.935840E+10	7.279668E-1	7.827839E+10	7.186143E-1	7.795972E+10	-1.935275E-2	1.273974E-3	-3.809814E-2	-2.062672E-2	-2.666718E-2	-8.199027E+9	-8.352748E+9	-1.432664E+7	1.537203E+8	-7.755743E+10
2.884130E+2	9.837578E-1	1.171767E+10	9.313068E-1	5.337003E+8	9.774069E-1	1.160454E+10	1.004099E+0	5.652292E+8	9.923873E-1	9.344194E+10	9.799094E-1	9.312649E+10	9.907106E-1	1.050465E+11	9.803379E-1	1.048442E+11	-5.245095E-2	2.669241E-2	-7.279253E-2	-7.914336E-2	-4.903112E-2	-1.118397E+10	-1.103931E+10	-3.152887E+7	-1.446512E+8	-1.043105E+11
2.886030E+2	1.163196E+0	1.377006E+10	1.214087E+0	6.889538E+8	1.161075E+0	1.369890E+10	1.131924E+0	6.345475E+8	1.153386E+0	1.080085E+11	1.151349E+0	1.087760E+11	1.154247E+0	1.217074E+11	1.152668E+0	1.225461E+11	5.089106E-2	-2.915028E-2	8.216241E-2	8.004133E-2	6.141845E-2	-1.308111E+10	-1.306435E+10	5.440635E+7	-1.675739E+7	-1.218571E+11
2.888170E+2	1.132780E+0	1.342217E+10	1.173540E+0	6.666924E+8	1.124284E+0	1.327938E+10	1.145746E+0	6.420427E+8	1.118517E+0	1.048536E+11	1.124545E+0	1.063293E+11	1.119162E+0	1.181330E+11	1.125462E+0	1.197514E+11	4.076020E-2	2.146156E-2	2.779399E-2	1.929863E-2	4.807751E-2	-1.275547E+10	-1.263734E+10	2.464978E+7	-1.181363E+8	-1.190847E+11
2.890200E+2	1.122317E+0	1.330250E+10	1.148313E+0	6.528424E+8	1.122284E+0	1.325657E+10	1.165660E+0	6.528422E+8	1.114642E+0	1.045030E+11	1.120133E+0	1.059265E+11	1.115497E+0	1.177596E+11	1.120376E+0	1.192290E+11	2.599592E-2	4.337675E-2	-1.734731E-2	-1.738083E-2	2.793700E-2	-1.264966E+10	-1.260373E+10	1.745109E+2	-4.593013E+7	-1.185761E+11
2.892040E+2	1.042028E+0	1.238415E+10	1.072480E+0	6.112080E+8	1.032077E+0	1.222794E+10	1.031359E+0	5.800119E+8	1.032761E+0	9.709478E+10	1.030479E+0	9.774259E+10	1.032684E+0	1.093227E+11	1.031765E+0	1.101267E+11	3.045229E-2	-7.174006E-4	4.112083E-2	3.116969E-2	4.071537E-2	-1.177294E+10	-1.164793E+10	3.119611E+7	-1.250175E+8	-1.095155E+11
2.894080E+2	8.038478E-1	9.659869E+9	7.614812E-1	4.404617E+8	8.195153E-1	9.804112E+9	8.658127E-1	4.902377E+8	8.093296E-1	7.687959E+10	8.100583E-1	7.762201E+10	8.104696E-1	8.668370E+10	8.093667E-1	8.728188E+10	-4.236651E-2	4.629733E-2	-1.043314E-1	-8.866385E-2	-4.788548E-2	-9.219408E+9	-9.313874E+9	-4.977596E+7	9.446634E+7	-8.684141E+10
2.896090E+2	6.202700E-1	7.560121E+9	5.746013E-1	3.378598E+8	6.111962E-1	7.428656E+9	5.751049E-1	3.325897E+8	6.194112E-1	5.969652E+10	6.165970E-1	5.996232E+10	6.184917E-1	6.712517E+10	6.170060E-1	6.752244E+10	-4.566867E-2	-3.609132E-2	-5.035970E-4	-9.577350E-3	-4.240467E-2	-7.222261E+9	-7.096067E+9	5.270136E+6	-1.261941E+8	-6.718458E+10
2.898020E+2	6.727640E-1	8.160543E+9	7.014781E-1	4.075184E+8	6.649629E-1	8.041756E+9	6.871755E-1	3.933644E+8	6.645960E-1	6.378466E+10	6.620591E-1	6.411223E+10	6.646371E-1	7.182642E+10	6.632511E-1	7.227277E+10	2.871413E-2	2.221258E-2	1.430265E-2	6.501553E-3	3.822704E-2	-7.753025E+9	-7.648391E+9	1.415400E+7	-1.046334E+8	-7.186525E+10
2.900020E+2	7.583762E-1	9.139769E+9	7.627124E-1	4.411376E+8	7.790219E-1	9.342367E+9	8.136945E-1	4.619745E+8	7.777244E-1	7.402007E+10	7.747699E-1	7.440079E+10	7.778696E-1	8.336244E+10	7.729445E-1	8.354055E+10	4.336207E-3	3.467259E-2	-5.098216E-2	-3.033638E-2	-1.023209E-2	-8.698631E+9	-8.880392E+9	-2.083688E+7	1.817614E+8	-8.309942E+10
2.905110E+2	8.577794E-1	1.027673E+10	8.450453E-1	4.863405E+8	8.613304E-1	1.028093E+10	8.809069E-1	4.984231E+8	8.606911E-1	8.152658E+10	8.570573E-1	8.191221E+10	8.607627E-1	9.180751E+10	8.571377E-1	9.218895E+10	-1.273408E-2	1.957647E-2	-3.586160E-2	-3.231055E-2	-1.209247E-2	-9.790394E+9	-9.782504E+9	-1.208260E+7	-7.889903E+6	-9.170261E+10
2.910070E+2	9.114956E-1	1.089114E+10	9.823102E-1	5.617025E+8	9.259914E-1	1.101825E+10	9.244943E-1	5.220601E+8	9.250788E-1	8.735213E+10	9.080144E-1	8.656372E+10	9.251809E-1	9.837038E+10	9.084020E-1	9.745485E+10	7.081462E-2	-1.497083E-3	5.781588E-2	7.231170E-2	7.390813E-2	-1.032943E+10	-1.049619E+10	3.964233E+7	1.667599E+8	-9.689315E+10
2.915110E+2	1.120477E+0	1.328145E+10	1.088376E+0	6.199351E+8	1.153667E+0	1.361443E+10	1.135652E+0	6.365691E+8	1.129546E+0	1.058515E+11	1.141475E+0	1.078747E+11	1.132246E+0	1.194660E+11	1.139137E+0	1.211561E+11	-3.210140E-2	-1.801419E-2	-4.727679E-2	-1.408721E-2	-5.076135E-2	-1.266151E+10	-1.297786E+10	-1.663400E+7	3.163419E+8	-1.205362E+11
2.920030E+2	1.089119E+0	1.292278E+10	1.072079E+0	6.109880E+8	1.112916E+0	1.314974E+10	1.075648E+0	6.040292E+8	1.108310E+0	1.039302E+11	1.107204E+0	1.047463E+11	1.108826E+0	1.170800E+11	1.105190E+0	1.176691E+11	-1.704007E-2	-3.726777E-2	-3.568530E-3	2.022769E-2	-3.311106E-2	-1.231180E+10	-1.254571E+10	6.958801E+6	2.339188E+8	-1.170581E+11
2.925020E+2	1.078952E+0	1.280649E+10	1.060682E+0	6.047305E+8	1.092203E+0	1.291356E+10	1.140220E+0	6.390459E+8	1.079220E+0	1.012983E+11	1.074565E+0	1.017669E+11	1.080673E+0	1.142118E+11	1.075053E+0	1.145734E+11	-1.827022E-2	4.801695E-2	-7.953789E-2	-6.628717E-2	-1.437161E-2	-1.220176E+10	-1.227451E+10	-3.431542E+7	7.275011E+7	-1.139687E+11
2.930040E+2	8.974250E-1	1.073020E+10	8.266672E-1	4.762505E+8	8.993114E-1	1.071402E+10	9.181071E-1	5.185964E+8	9.029586E-1	8.535078E+10	8.987836E-1	8.572111E+10	9.025504E-1	9.606480E+10	8.986323E-1	9.645130E+10	-7.075772E-2	1.879571E-2	-9.143989E-2	-8.955343E-2	-7.196511E-2	-1.025395E+10	-1.019543E+10	-4.234595E+7	-5.852063E+7	-9.597505E+10
2.935090E+2	9.736048E-1	1.160154E+10	9.271701E-1	5.314292E+8	9.739323E-1	1.156492E+10	9.726124E-1	5.481541E+8	9.804803E-1	9.236463E+10	9.811685E-1	9.324143E+10	9.797474E-1	1.039296E+11	9.803263E-1	1.048430E+11	-4.643469E-2	-1.319898E-3	-4.544226E-2	-4.511479E-2	-5.315615E-2	-1.107011E+10	-1.101677E+10	-1.672495E+7	-5.333997E+7	-1.043115E+11
2.940070E+2	1.071936E+0	1.272625E+10	1.078182E+0	6.143387E+8	1.072643E+0	1.269051E+10	1.051419E+0	5.908904E+8	1.072129E+0	1.006566E+11	1.072034E+0	1.015359E+11	1.072186E+0	1.133471E+11	1.072023E+0	1.142621E+11	6.245964E-3	-2.122320E-2	2.676286E-2	2.746916E-2	6.159165E-3	-1.211191E+10	-1.209962E+10	2.344833E+7	-1.228453E+7	-1.136478E+11
2.945030E+2	1.119050E+0	1.326513E+10	1.161170E+0	6.599010E+8	1.127820E+0	1.331970E+10	1.126876E+0	6.318095E+8	1.115435E+0	1.045748E+11	1.116000E+0	1.055492E+11	1.116821E+0	1.178945E+11	1.116340E+0	1.188143E+11	4.211947E-2	-9.446635E-4	3.429425E-2	4.306413E-2	4.483016E-2	-1.260523E+10	-1.268789E+10	2.809149E+7	8.266023E+7	-1.181544E+11
2.950070E+2	1.040319E+0	1.236460E+10	1.012156E+0	5.780889E+8	1.031491E+0	1.222126E+10	1.040689E+0	5.850714E+8	1.042569E+0	9.798222E+10	1.040284E+0	9.863770E+10	1.041330E+0	1.102035E+11	1.040288E+0	1.110023E+11	-2.816206E-2	9.198000E-3	-2.853244E-2	-3.736006E-2	-2.813181E-2	-1.178652E+10	-1.163619E+10	-6.982496E+6	-1.503249E+8	-1.104242E+11
2.955070E+2	1.040334E+0	1.236478E+10	9.771517E-1	5.588703E+8	1.052354E+0	1.245917E+10	1.082616E+0	6.078081E+8	1.045315E+0	9.823065E+10	1.042919E+0	9.887815E+10	1.046103E+0	1.106898E+11	1.042631E+0	1.112429E+11	-6.318213E-2	3.026178E-2	-1.054646E-1	-9.344391E-2	-6.547911E-2	-1.180591E+10	-1.185136E+10	-4.893782E+7	4.545149E+7	-1.106841E+11
2.960050E+2	1.188405E+0	1.405840E+10	1.172049E+0	6.658740E+8	1.196977E+0	1.410830E+10	1.156879E+0	6.480799E+8	1.194488E+0	1.117272E+11	1.195596E+0	1.128150E+11	1.194766E+0	1.258355E+11	1.194795E+0	1.268734E+11	-1.635579E-2	-4.009861E-2	1.517035E-2	2.374282E-2	-2.274635E-2	-1.339253E+10	-1.346022E+10	1.779406E+7	6.768719E+7	-1.262075E+11
2.965010E+2	1.102846E+0	1.307979E+10	1.117638E+0	6.360008E+8	1.113581E+0	1.315733E+10	1.124075E+0	6.302910E+8	1.104524E+0	1.035876E+11	1.106543E+0	1.046860E+11	1.105538E+0	1.167450E+11	1.106132E+0	1.177658E+11	1.479133E-2	1.049440E-2	-6.437544E-3	4.296930E-3	1.150601E-2	-1.244379E+10	-1.252704E+10	5.709820E+6	8.324729E+7	-1.171298E+11
2.970040E+2	9.309299E-1	1.111343E+10	9.123800E-1	5.233090E+8	9.253289E-1	1.101070E+10	8.920577E-1	5.044701E+8	9.311553E-1	8.790190E+10	9.256355E-1	8.817222E+10	9.305032E-1	9.891261E+10	9.262250E-1	9.928565E+10	-1.854994E-2	-3.327127E-2	2.032230E-2	1.472133E-2	-1.384506E-2	-1.059012E+10	-1.050623E+10	1.883892E+7	-8.388600E+7	-9.876234E+10
2.975040E+2	8.034071E-1	9.654829E+9	8.592266E-1	4.941264E+8	8.054786E-1	9.644051E+9	7.792617E-1	4.433019E+8	8.094277E-1	7.688847E+10	8.062144E-1	7.727113E+10	8.089857E-1	8.653252E+10	8.059018E-1	8.692596E+10	5.581954E-2	-2.621685E-2	7.996486E-2	8.203639E-2	5.332475E-2	-9.160702E+9	-9.200749E+9	5.082448E+7	4.004709E+7	-8.643183E+10
2.980020E+2	9.371164E-1	1.118419E+10	9.336020E-1	5.349604E+8	9.308796E-1	1.107399E+10	9.534016E-1	5.377363E+8	9.380831E-1	8.852871E+10	9.412047E-1	8.959342E+10	9.372768E-1	9.960270E+10	9.407495E-1	1.007776E+11	-3.514395E-3	2.252200E-2	-1.979957E-2	-2.603639E-2	-7.147496E-3	-1.064923E+10	-1.053626E+10	-2.775847E+6	-1.129676E+8	-1.002426E+11
2.985020E+2	1.083419E+0	1.285758E+10	1.080992E+0	6.158813E+8	1.092553E+0	1.291755E+10	1.050647E+0	5.904715E+8	1.083990E+0	1.017298E+11	1.084051E+0	1.026328E+11	1.084948E+0	1.146473E+11	1.083981E+0	1.154904E+11	-2.426846E-3	-4.190600E-2	3.034495E-2	3.947915E-2	-2.988536E-3	-1.224170E+10	-1.232708E+10	2.540979E+7	8.537853E+7	-1.148745E+11
2.990040E+2	1.147458E+0	1.359006E+10	1.115302E+0	6.347182E+8	1.139985E+0	1.345842E+10	1.164215E+0	6.520586E+8	1.141222E+0	1.069079E+11	1.139972E+0	1.077375E+11	1.141084E+0	1.203664E+11	1.140806E+0	1.213275E+11	-3.215674E-2	2.423042E-2	-4.891382E-2	-5.638715E-2	-2.550399E-2	-1.295534E+10	-1.280636E+10	-1.734039E+7	-1.489856E+8	-1.206928E+11
2.995060E+2	1.021246E+0	1.214646E+10	1.036553E+0	5.914832E+8	1.023320E+0	1.212808E+10	1.020370E+0	5.740526E+8	1.024487E+0	9.634620E+10	1.025144E+0	9.725567E+10	1.024356E+0	1.084743E+11	1.024710E+0	1.094021E+11	1.530685E-2	-2.949524E-3	1.618310E-2	1.825637E-2	1.184272E-2	-1.155497E+10	-1.155403E+10	1.743063E+7	-9.425204E+5	-1.088106E+11
3.000060E+2	1.007353E+0	1.198755E+10	9.743247E-1	5.573183E+8	1.007784E+0	1.195094E+10	1.032104E+0	5.804160E+8	1.002790E+0	9.438314E+10	1.003414E+0	9.527201E+10	1.003349E+0	1.063341E+11	1.003852E+0	1.072596E+11	-3.302841E-2	2.431996E-2	-5.777952E-2	-5.734837E-2	-2.952745E-2	-1.143023E+10	-1.137052E+10	-2.309771E+7	-5.971024E+7	-1.067022E+11
