Photon Energy (eV)	X ref norm	X ref	X pump norm	X pump	Y ref norm	Y ref	Y pump norm	Y pump	X all norm	X all	Y all norm	Y all	X all Y ref norm	X all Y ref	Y all X ref norm	Y all X ref	BC(X hist) norm	BC(Y hist) norm	StS norm	BCSC norm	BCLR norm	BC(X hist)	BC(Y hist)	StS	BCSC	BCLR	
2.790040E+2	-1.903878E-3	4.437434E+8	-8.713077E-3	1.662433E+7	-4.310957E-3	4.100500E+8	3.044977E-3	2.233894E+7	-3.417102E-3	3.345446E+9	-4.056194E-3	3.307365E+9	-3.517148E-3	3.755496E+9	-3.816534E-3	3.751108E+9	-6.809199E-3	7.355933E-3	-1.175805E-2	-1.416513E-2	-4.896543E-3	-4.271190E+8	-3.877110E+8	-5.714618E+6	-3.940800E+7	-3.734484E+9
2.795010E+2	-5.341568E-3	4.044233E+8	-8.185287E-3	1.690386E+7	-5.379735E-3	3.978627E+8	5.366782E-3	2.356295E+7	-3.437042E-3	3.343642E+9	-2.681383E-3	3.432861E+9	-3.654481E-3	3.741505E+9	-2.977594E-3	3.837284E+9	-2.843719E-3	1.074652E-2	-1.355207E-2	-1.359024E-2	-5.207693E-3	-3.875195E+8	-3.742998E+8	-6.659087E+6	-1.321967E+7	-3.820381E+9
2.800030E+2	-2.440451E-3	4.376061E+8	-3.636757E-3	1.931289E+7	-1.330836E-3	4.440322E+8	-5.587279E-3	1.778822E+7	-2.293231E-3	3.447129E+9	-2.196191E-3	3.477151E+9	-2.185514E-3	3.891162E+9	-2.223389E-3	3.914757E+9	-1.196306E-3	-4.256443E-3	1.950522E-3	3.060137E-3	-1.413368E-3	-4.182932E+8	-4.262440E+8	1.524671E+6	7.950786E+6	-3.895444E+9
2.805030E+2	-3.371977E-3	4.269513E+8	3.091498E-3	2.287637E+7	-1.720393E-3	4.395901E+8	6.957348E-3	2.440145E+7	-1.524191E-3	3.516709E+9	-1.377600E-3	3.551874E+9	-1.546151E-3	3.956299E+9	-1.599673E-3	3.978825E+9	6.463475E-3	8.677741E-3	-3.865850E-3	-2.214265E-3	4.691171E-3	-4.040750E+8	-4.151886E+8	-1.525088E+6	1.111364E+7	-3.955949E+9
2.810080E+2	3.248265E-5	4.658913E+8	7.051089E-3	2.497348E+7	-4.716262E-4	4.538297E+8	-1.625328E-3	1.987687E+7	-4.386499E-4	3.614925E+9	-4.042602E-4	3.640723E+9	-4.423408E-4	4.068754E+9	-3.556290E-4	4.106615E+9	7.018607E-3	-1.153702E-3	8.676418E-3	8.172309E-3	7.406718E-3	-4.409178E+8	-4.339528E+8	5.096613E+6	-6.964969E+6	-4.081641E+9
2.815020E+2	3.005486E-3	4.998963E+8	2.469494E-4	2.136981E+7	1.087923E-3	4.716132E+8	2.171741E-3	2.187859E+7	2.179167E-3	3.851775E+9	1.462827E-3	3.811156E+9	2.057028E-3	4.323388E+9	1.634601E-3	4.311052E+9	-2.758536E-3	1.083818E-3	-1.924792E-3	-3.842354E-3	-1.387652E-3	-4.785265E+8	-4.497346E+8	-5.087817E+5	-2.879186E+7	-4.289683E+9
2.820060E+2	5.310868E-3	5.262651E+8	4.497401E-3	2.362097E+7	6.161508E-3	5.294671E+8	-8.159879E-3	1.643200E+7	3.672563E-3	3.986891E+9	3.393214E-3	3.987367E+9	3.951141E-3	4.516358E+9	3.606745E-3	4.513632E+9	-8.134672E-4	-1.432139E-2	1.265728E-2	1.350792E-2	8.906567E-4	-5.026441E+8	-5.130351E+8	7.188969E+6	1.039100E+7	-4.490011E+9
2.825040E+2	4.709037E-3	5.193814E+8	5.648183E-3	2.423046E+7	5.964115E-3	5.272162E+8	-2.168362E-3	1.959059E+7	5.258488E-3	4.130380E+9	5.859587E-3	4.212505E+9	5.337466E-3	4.657596E+9	5.731474E-3	4.731886E+9	9.391455E-4	-8.132476E-3	7.816545E-3	9.071622E-3	-8.329106E-5	-4.951509E+8	-5.076256E+8	4.639868E+6	1.247473E+7	-4.707656E+9
2.830030E+2	1.389088E-2	6.244025E+8	1.905797E-2	3.133267E+7	1.416950E-2	6.207820E+8	2.109575E-2	3.185489E+7	1.211306E-2	4.750554E+9	1.332466E-2	4.893938E+9	1.234323E-2	5.371336E+9	1.338771E-2	5.518340E+9	5.167092E-3	6.926248E-3	-2.037784E-3	-1.759157E-3	5.670255E-3	-5.930699E+8	-5.889271E+8	-5.222257E+5	-4.142780E+6	-5.487008E+9
2.835020E+2	2.430911E-2	7.435655E+8	2.523138E-2	3.460229E+7	2.484983E-2	7.425693E+8	2.428765E-2	3.353759E+7	2.558731E-2	5.969652E+9	2.417858E-2	5.884714E+9	2.550477E-2	6.712221E+9	2.419312E-2	6.628279E+9	9.222787E-4	-5.621781E-4	9.437362E-4	1.484457E-3	1.038268E-3	-7.089632E+8	-7.090317E+8	1.064699E+6	6.856586E+4	-6.593677E+9
2.840000E+2	4.810797E-2	1.015775E+9	5.267491E-2	4.913717E+7	4.258356E-2	9.447865E+8	4.248627E-2	4.313148E+7	4.544712E-2	7.766490E+9	4.463048E-2	7.751620E+9	4.512661E-2	8.711277E+9	4.501770E-2	8.767395E+9	4.566941E-3	-9.728741E-5	1.018864E-2	4.664228E-3	7.657216E-3	-9.666379E+8	-9.016550E+8	6.005686E+6	-6.498294E+7	-8.718258E+9
2.841030E+2	4.641016E-2	9.963556E+8	4.909652E-2	4.724195E+7	4.070865E-2	9.234069E+8	4.194720E-2	4.284729E+7	4.140999E-2	7.401226E+9	4.293674E-2	7.597011E+9	4.133149E-2	8.324633E+9	4.332350E-2	8.593366E+9	2.686365E-3	1.238558E-3	7.149320E-3	1.447807E-3	5.773021E-3	-9.491137E+8	-8.805596E+8	4.394654E+6	-6.855410E+7	-8.546124E+9
2.842030E+2	6.188863E-2	1.173397E+9	5.309589E-2	4.936013E+7	5.421224E-2	1.077388E+9	6.587369E-2	5.546078E+7	5.970020E-2	9.056053E+9	5.734398E-2	8.912144E+9	5.908595E-2	1.013344E+10	5.785003E-2	1.008554E+10	-8.792737E-3	1.166145E-2	-1.277779E-2	-2.045419E-2	-4.754135E-3	-1.124037E+9	-1.021927E+9	-6.100651E+6	-1.021100E+8	-1.003618E+10
2.843010E+2	9.370297E-2	1.537287E+9	8.625916E-2	6.692434E+7	9.424608E-2	1.533892E+9	1.130085E-1	8.030918E+7	9.542004E-2	1.228784E+10	9.478679E-2	1.233003E+10	9.528864E-2	1.382174E+10	9.466610E-2	1.386732E+10	-7.443806E-3	1.876247E-2	-2.674939E-2	-2.620628E-2	-8.406945E-3	-1.470363E+9	-1.453583E+9	-1.338484E+7	-1.677972E+7	-1.380039E+10
2.844030E+2	1.362198E-1	2.023591E+9	1.162106E-1	8.278748E+7	1.450929E-1	2.113697E+9	1.495420E-1	9.956877E+7	1.447683E-1	1.675269E+10	1.424541E-1	1.668124E+10	1.448047E-1	1.886638E+10	1.417599E-1	1.870483E+10	-2.000921E-2	4.449095E-3	-3.333142E-2	-2.445830E-2	-2.554935E-2	-1.940804E+9	-2.014128E+9	-1.678130E+7	7.332422E+7	-1.862204E+10
2.845010E+2	1.801366E-1	2.525909E+9	2.044912E-1	1.295434E+8	1.821616E-1	2.536389E+9	1.967853E-1	1.244743E+8	1.887990E-1	2.073641E+10	1.784418E-1	1.996629E+10	1.880561E-1	2.327280E+10	1.786305E-1	2.249220E+10	2.435456E-2	1.462368E-2	7.705927E-3	9.730874E-3	2.586063E-2	-2.396365E+9	-2.411915E+9	5.069097E+6	1.554986E+7	-2.236266E+10
2.846010E+2	2.722077E-1	3.579011E+9	2.943457E-1	1.771329E+8	2.740958E-1	3.584712E+9	2.923796E-1	1.748694E+8	2.994141E-1	3.074443E+10	2.757477E-1	2.884865E+10	2.965804E-1	3.432915E+10	2.753535E-1	3.242766E+10	2.213799E-2	1.828376E-2	1.966153E-3	3.854235E-3	1.899218E-2	-3.401878E+9	-3.409843E+9	2.263536E+6	7.964847E+6	-3.225052E+10
2.847020E+2	7.136735E-1	8.628463E+9	7.347199E-1	4.103677E+8	7.122863E-1	8.581383E+9	7.099865E-1	3.950221E+8	7.706218E-1	7.337746E+10	7.080336E-1	6.830891E+10	7.640925E-1	8.195884E+10	7.086616E-1	7.693737E+10	2.104638E-2	-2.299828E-3	2.473343E-2	2.334620E-2	2.605831E-2	-8.218096E+9	-8.186361E+9	1.534567E+7	-3.173476E+7	-7.652701E+10
2.848000E+2	1.416174E+0	1.666361E+10	1.393108E+0	7.590688E+8	1.424939E+0	1.670773E+10	1.354168E+0	7.346198E+8	1.437686E+0	1.337308E+11	1.408018E+0	1.322055E+11	1.436259E+0	1.504385E+11	1.408927E+0	1.488691E+11	-2.306640E-2	-7.077032E-2	3.893938E-2	4.770393E-2	-1.581881E-2	-1.590454E+10	-1.597311E+10	2.444902E+7	6.856965E+7	-1.481100E+11
2.849040E+2	1.708503E+0	2.000725E+10	1.687695E+0	9.150905E+8	1.689097E+0	1.971992E+10	1.742921E+0	9.395611E+8	1.678311E+0	1.555017E+11	1.685964E+0	1.575771E+11	1.679518E+0	1.752216E+11	1.688474E+0	1.775844E+11	-2.080858E-2	5.382374E-2	-5.522629E-2	-7.463232E-2	-7.791288E-4	-1.909216E+10	-1.878036E+10	-2.447063E+7	-3.117978E+8	-1.766693E+11
2.850010E+2	1.461776E+0	1.718520E+10	1.420765E+0	7.737168E+8	1.476036E+0	1.729040E+10	1.475778E+0	7.987297E+8	1.442811E+0	1.341946E+11	1.457040E+0	1.366803E+11	1.446530E+0	1.514850E+11	1.457568E+0	1.538655E+11	-4.101108E-2	-2.580727E-4	-5.501343E-2	-4.075301E-2	-3.680291E-2	-1.641148E+10	-1.649167E+10	-2.501290E+7	8.018271E+7	-1.530918E+11
2.851030E+2	1.338273E+0	1.577259E+10	1.319100E+0	7.198721E+8	1.351918E+0	1.587508E+10	1.327271E+0	7.204400E+8	1.329846E+0	1.239739E+11	1.337205E+0	1.257414E+11	1.332316E+0	1.398489E+11	1.337324E+0	1.415140E+11	-1.917328E-2	-2.464721E-2	-8.170834E-3	5.473929E-3	-1.822362E-2	-1.505271E+10	-1.515464E+10	-5.678459E+5	1.019251E+8	-1.407941E+11
2.852020E+2	1.225561E+0	1.448339E+10	1.238600E+0	6.772373E+8	1.221700E+0	1.439021E+10	1.257214E+0	6.835076E+8	1.220890E+0	1.141160E+11	1.219916E+0	1.150350E+11	1.220981E+0	1.285062E+11	1.220545E+0	1.295184E+11	1.303969E-2	3.551374E-2	-1.861341E-2	-2.247405E-2	1.805563E-2	-1.380615E+10	-1.370670E+10	-6.270306E+6	-9.945051E+7	-1.288411E+11
2.853020E+2	9.653176E-1	1.150675E+10	9.601083E-1	5.297399E+8	9.596693E-1	1.140228E+10	9.449854E-1	5.189080E+8	9.679485E-1	9.123081E+10	9.641114E-1	9.168441E+10	9.670219E-1	1.026331E+11	9.642458E-1	1.031912E+11	-5.209262E-3	-1.468389E-2	1.512296E-2	9.474627E-3	-4.137421E-3	-1.097701E+10	-1.088337E+10	1.083189E+7	-9.363521E+7	-1.026614E+11
2.854040E+2	6.272479E-1	7.639934E+9	6.357106E-1	3.579296E+8	6.350774E-1	7.700973E+9	6.200136E-1	3.475905E+8	6.401149E-1	6.156971E+10	6.360564E-1	6.173863E+10	6.395511E-1	6.927068E+10	6.350756E-1	6.937856E+10	8.462651E-3	-1.506380E-2	1.569693E-2	2.352646E-2	6.349693E-4	-7.282004E+9	-7.353382E+9	1.033908E+7	7.137836E+7	-6.902064E+10
2.855030E+2	4.635465E-1	5.767529E+9	5.060682E-1	2.892672E+8	4.723962E-1	5.845925E+9	4.758438E-1	2.715875E+8	4.757455E-1	4.669820E+10	4.720106E-1	4.676407E+10	4.753706E-1	5.254413E+10	4.710681E-1	5.253160E+10	4.252169E-2	3.447579E-3	3.022437E-2	3.907411E-2	3.500004E-2	-5.478262E+9	-5.574337E+9	1.767974E+7	9.607537E+7	-5.224233E+10
2.856030E+2	4.306741E-1	5.391537E+9	4.339518E-1	2.510723E+8	4.354999E-1	5.425198E+9	4.527736E-1	2.594254E+8	4.410665E-1	4.356059E+10	4.343703E-1	4.332816E+10	4.404435E-1	4.898579E+10	4.339587E-1	4.871970E+10	3.277692E-3	1.727364E-2	-1.882181E-2	-1.399594E-2	-6.979645E-6	-5.140465E+9	-5.165772E+9	-8.353092E+6	2.530768E+7	-4.846863E+10
2.858060E+2	4.783619E-1	5.936987E+9	4.682003E-1	2.692113E+8	4.858155E-1	5.998945E+9	4.555810E-1	2.609054E+8	4.907717E-1	4.805771E+10	4.777149E-1	4.728477E+10	4.902169E-1	5.405666E+10	4.777869E-1	5.322176E+10	-1.016164E-2	-3.023456E-2	1.261928E-2	2.007292E-2	-9.586652E-3	-5.667775E+9	-5.738039E+9	8.305891E+6	7.026402E+7	-5.295255E+10
2.860070E+2	7.214215E-1	8.717084E+9	7.175023E-1	4.012488E+8	7.231067E-1	8.704768E+9	7.052718E-1	3.925366E+8	7.434454E-1	7.091864E+10	7.229396E-1	6.966957E+10	7.411689E-1	7.962341E+10	7.227705E-1	7.838665E+10	-3.919248E-3	-1.783492E-2	1.223046E-2	1.391567E-2	-5.268286E-3	-8.315835E+9	-8.312231E+9	8.712180E+6	-3.604266E+6	-7.798540E+10
2.862030E+2	1.017553E+0	1.210422E+10	1.042693E+0	5.734792E+8	1.018989E+0	1.207871E+10	1.025780E+0	5.615013E+8	1.019702E+0	9.591327E+10	1.017921E+0	9.659629E+10	1.019622E+0	1.079920E+11	1.017880E+0	1.087005E+11	2.513968E-2	6.791079E-3	1.691273E-2	1.834861E-2	2.481314E-2	-1.153074E+10	-1.151721E+10	1.197790E+7	-1.353436E+7	-1.081270E+11
2.864030E+2	1.269427E+0	1.498513E+10	1.288972E+0	7.039154E+8	1.270471E+0	1.494635E+10	1.233673E+0	6.710974E+8	1.258643E+0	1.175317E+11	1.263782E+0	1.190392E+11	1.259967E+0	1.324781E+11	1.264410E+0	1.340243E+11	1.954459E-2	-3.679837E-2	5.529879E-2	5.634296E-2	2.456136E-2	-1.428122E+10	-1.427525E+10	3.281800E+7	-5.966370E+6	-1.333204E+11
2.866200E+2	1.310145E+0	1.545086E+10	1.338725E+0	7.302660E+8	1.317305E+0	1.548039E+10	1.284283E+0	6.977777E+8	1.321956E+0	1.232600E+11	1.318634E+0	1.240462E+11	1.321435E+0	1.387404E+11	1.317689E+0	1.394971E+11	2.857983E-2	-3.302201E-2	5.444208E-2	6.160184E-2	2.103588E-2	-1.472059E+10	-1.478261E+10	3.248835E+7	6.201636E+7	-1.387668E+11
2.868030E+2	1.580508E+0	1.854325E+10	1.560341E+0	8.476403E+8	1.595269E+0	1.865000E+10	1.572123E+0	8.495202E+8	1.554309E+0	1.442824E+11	1.565481E+0	1.465791E+11	1.558894E+0	1.629324E+11	1.567154E+0	1.651223E+11	-2.016726E-2	-2.314656E-2	-1.178161E-2	2.979299E-3	-6.813244E-3	-1.769561E+10	-1.780048E+10	-1.879865E+6	1.048720E+8	-1.642747E+11
2.870190E+2	1.280016E+0	1.510625E+10	1.284778E+0	7.016945E+8	1.302898E+0	1.531611E+10	1.326435E+0	7.199993E+8	1.265007E+0	1.181075E+11	1.277776E+0	1.203166E+11	1.269248E+0	1.334236E+11	1.278025E+0	1.354228E+11	4.761869E-3	2.353685E-2	-4.165639E-2	-1.877498E-2	6.752944E-3	-1.440456E+10	-1.459611E+10	-1.830481E+7	1.915499E+8	-1.347211E+11
2.872140E+2	1.058017E+0	1.256704E+10	1.064327E+0	5.849374E+8	1.058837E+0	1.253309E+10	1.052482E+0	5.755780E+8	1.054945E+0	9.910188E+10	1.049040E+0	9.943697E+10	1.055380E+0	1.116350E+11	1.050040E+0	1.120040E+11	6.310072E-3	-6.354599E-3	1.184502E-2	1.266467E-2	1.428741E-2	-1.198210E+10	-1.195751E+10	9.359371E+6	-2.459436E+7	-1.114191E+11
2.874030E+2	9.621053E-1	1.147001E+10	9.819438E-1	5.413046E+8	9.510737E-1	1.130427E+10	9.741451E-1	5.342804E+8	9.635993E-1	9.083731E+10	9.598439E-1	9.129485E+10	9.621974E-1	1.021416E+11	9.600957E-1	1.027649E+11	1.983848E-2	2.307141E-2	7.798648E-3	-3.232925E-3	2.184811E-2	-1.092870E+10	-1.076999E+10	7.024219E+6	-1.587155E+8	-1.022236E+11
2.876090E+2	7.291791E-1	8.805815E+9	7.072286E-1	3.958075E+8	7.408896E-1	8.907546E+9	7.363851E-1	4.089388E+8	7.363811E-1	7.027950E+10	7.350160E-1	7.077194E+10	7.368857E-1	7.918704E+10	7.343661E-1	7.957776E+10	-2.195052E-2	-4.504567E-3	-2.915652E-2	-1.744596E-2	-2.713752E-2	-8.410007E+9	-8.498607E+9	-1.313126E+7	8.859977E+7	-7.918195E+10
2.878030E+2	5.376263E-1	6.614849E+9	5.706111E-1	3.234510E+8	5.423115E-1	6.643166E+9	5.573292E-1	3.145447E+8	5.457580E-1	5.303267E+10	5.447648E-1	5.340527E+10	5.453723E-1	5.967583E+10	5.439699E-1	6.002012E+10	3.298475E-2	1.501774E-2	1.328190E-2	1.796701E-2	2.664120E-2	-6.291398E+9	-6.328621E+9	8.906314E+6	3.722306E+7	-5.969667E+10
2.880040E+2	5.133623E-1	6.337319E+9	5.208578E-1	2.971003E+8	5.170244E-1	6.354818E+9	5.100173E-1	2.896030E+8	5.211868E-1	5.080956E+10	5.179245E-1	5.095522E+10	5.207209E-1	5.716438E+10	5.174165E-1	5.729254E+10	7.495521E-3	-7.007103E-3	1.084055E-2	1.450262E-2	3.441303E-3	-6.040219E+9	-6.065215E+9	7.497300E+6	2.499665E+7	-5.699544E+10
2.882240E+2	7.112998E-1	8.601313E+9	7.656453E-1	4.267467E+8	7.287712E-1	8.769360E+9	7.016706E-1	3.906381E+8	7.278655E-1	6.950903E+10	7.195308E-1	6.935840E+10	7.279668E-1	7.827839E+10	7.186143E-1	7.795972E+10	5.434551E-2	-2.710069E-2	6.397479E-2	8.144620E-2	4.703108E-2	-8.174566E+9	-8.378722E+9	3.610863E+7	2.041556E+8	-7.753297E+10
2.884130E+2	9.837578E-1	1.171767E+10	9.982497E-1	5.499407E+8	9.774069E-1	1.160454E+10	1.007411E+0	5.518172E+8	9.923873E-1	9.344194E+10	9.799094E-1	9.312649E+10	9.907106E-1	1.050465E+11	9.803379E-1	1.048442E+11	1.449192E-2	3.000369E-2	-9.160934E-3	-1.551177E-2	1.791175E-2	-1.116773E+10	-1.105273E+10	-1.876498E+6	-1.149989E+8	-1.042942E+11
2.886030E+2	1.163196E+0	1.377006E+10	1.167919E+0	6.398022E+8	1.161075E+0	1.369890E+10	1.151175E+0	6.276064E+8	1.153386E+0	1.080085E+11	1.151349E+0	1.087760E+11	1.154247E+0	1.217074E+11	1.152668E+0	1.225461E+11	4.722907E-3	-9.899718E-3	1.674370E-2	1.462262E-2	1.525030E-2	-1.313026E+10	-1.307129E+10	1.219584E+7	-5.896790E+7	-1.219063E+11
2.888170E+2	1.132780E+0	1.342217E+10	1.066587E+0	5.861338E+8	1.124284E+0	1.327938E+10	1.065374E+0	5.823739E+8	1.118517E+0	1.048536E+11	1.124545E+0	1.063293E+11	1.119162E+0	1.181330E+11	1.125462E+0	1.197514E+11	-6.619298E-2	-5.891069E-2	1.213065E-3	-7.282294E-3	-5.887568E-2	-1.283603E+10	-1.269701E+10	3.759989E+6	-1.390261E+8	-1.191653E+11
2.890200E+2	1.122317E+0	1.330250E+10	1.079478E+0	5.929614E+8	1.122284E+0	1.325657E+10	1.059630E+0	5.793461E+8	1.114642E+0	1.045030E+11	1.120133E+0	1.059265E+11	1.115497E+0	1.177596E+11	1.120376E+0	1.192290E+11	-4.283942E-2	-6.265354E-2	1.984764E-2	1.981412E-2	-4.089833E-2	-1.270954E+10	-1.267722E+10	1.361531E+7	-3.231499E+7	-1.186360E+11
2.892040E+2	1.042028E+0	1.238415E+10	1.000907E+0	5.513478E+8	1.032077E+0	1.222794E+10	9.562467E-1	5.248447E+8	1.032761E+0	9.709478E+10	1.030479E+0	9.774259E+10	1.032684E+0	1.093227E+11	1.031765E+0	1.101267E+11	-4.112109E-2	-7.582985E-2	4.465990E-2	3.470877E-2	-3.085801E-2	-1.183280E+10	-1.170309E+10	2.650311E+7	-1.297105E+8	-1.095754E+11
2.894080E+2	8.038478E-1	9.659869E+9	8.115180E-1	4.510422E+8	8.195153E-1	9.804112E+9	7.991212E-1	4.420118E+8	8.093296E-1	7.687959E+10	8.100583E-1	7.762201E+10	8.104696E-1	8.668370E+10	8.093667E-1	8.728188E+10	7.670198E-3	-2.039413E-2	1.239676E-2	2.806433E-2	2.151230E-3	-9.208827E+9	-9.362100E+9	9.030367E+6	1.532727E+8	-8.683083E+10
2.896090E+2	6.202700E-1	7.560121E+9	6.503030E-1	3.656581E+8	6.111962E-1	7.428656E+9	6.497404E-1	3.632617E+8	6.194112E-1	5.969652E+10	6.165970E-1	5.996232E+10	6.184917E-1	6.712517E+10	6.170060E-1	6.752244E+10	3.003303E-2	3.854413E-2	5.626454E-4	-8.511108E-3	3.329703E-2	-7.194463E+9	-7.065395E+9	2.396414E+6	-1.290679E+8	-6.715678E+10
2.898020E+2	6.727640E-1	8.160543E+9	6.829106E-1	3.829280E+8	6.649629E-1	8.041756E+9	6.466921E-1	3.616547E+8	6.645960E-1	6.378466E+10	6.620591E-1	6.411223E+10	6.646371E-1	7.182642E+10	6.632511E-1	7.227277E+10	1.014656E-2	-1.827081E-2	3.621847E-2	2.841737E-2	1.965947E-2	-7.777615E+9	-7.680101E+9	2.127329E+7	-9.751415E+7	-7.188985E+10
2.900020E+2	7.583762E-1	9.139769E+9	7.952006E-1	4.424001E+8	7.790219E-1	9.342367E+9	8.026364E-1	4.438650E+8	7.777244E-1	7.402007E+10	7.747699E-1	7.440079E+10	7.778696E-1	8.336244E+10	7.729445E-1	8.354055E+10	3.682448E-2	2.361448E-2	-7.435775E-3	1.321000E-2	2.225618E-2	-8.697368E+9	-8.898502E+9	-1.464892E+6	2.011333E+8	-8.309815E+10
2.905110E+2	8.577794E-1	1.027673E+10	8.838936E-1	4.893744E+8	8.613304E-1	1.028093E+10	8.729740E-1	4.809453E+8	8.606911E-1	8.152658E+10	8.570573E-1	8.191221E+10	8.607627E-1	9.180751E+10	8.571377E-1	9.218895E+10	2.611420E-2	1.164363E-2	1.091951E-2	1.447057E-2	2.675581E-2	-9.787360E+9	-9.799982E+9	8.429054E+6	1.262175E+7	-9.169957E+10
2.910070E+2	9.114956E-1	1.089114E+10	9.308781E-1	5.142587E+8	9.259914E-1	1.101825E+10	9.285591E-1	5.102485E+8	9.250788E-1	8.735213E+10	9.080144E-1	8.656372E+10	9.251809E-1	9.837038E+10	9.084020E-1	9.745485E+10	1.938251E-2	2.567719E-3	2.318965E-3	1.681479E-2	2.247602E-2	-1.037688E+10	-1.050801E+10	4.010249E+6	1.311279E+8	-9.694060E+10
2.915110E+2	1.120477E+0	1.328145E+10	1.125533E+0	6.173535E+8	1.153667E+0	1.361443E+10	1.178687E+0	6.421102E+8	1.129546E+0	1.058515E+11	1.141475E+0	1.078747E+11	1.132246E+0	1.194660E+11	1.139137E+0	1.211561E+11	5.055956E-3	2.502059E-2	-5.315421E-2	-1.996463E-2	-1.360399E-2	-1.266410E+10	-1.297232E+10	-2.475664E+7	3.082192E+8	-1.205388E+11
2.920030E+2	1.089119E+0	1.292278E+10	1.097515E+0	6.025146E+8	1.112916E+0	1.314974E+10	1.109005E+0	6.053753E+8	1.108310E+0	1.039302E+11	1.107204E+0	1.047463E+11	1.108826E+0	1.170800E+11	1.105190E+0	1.176691E+11	8.395936E-3	-3.910554E-3	-1.148973E-2	1.230649E-2	-7.675057E-3	-1.232027E+10	-1.254437E+10	-2.860798E+6	2.240992E+8	-1.170666E+11
2.925020E+2	1.078952E+0	1.280649E+10	1.106102E+0	6.070626E+8	1.092203E+0	1.291356E+10	1.046548E+0	5.724494E+8	1.079220E+0	1.012983E+11	1.074565E+0	1.017669E+11	1.080673E+0	1.142118E+11	1.075053E+0	1.145734E+11	2.715047E-2	-4.565486E-2	5.955461E-2	7.280533E-2	3.104908E-2	-1.219943E+10	-1.234111E+10	3.461318E+7	1.416787E+8	-1.139663E+11
2.930040E+2	8.974250E-1	1.073020E+10	8.759485E-1	4.851665E+8	8.993114E-1	1.071402E+10	9.009260E-1	4.956809E+8	9.029586E-1	8.535078E+10	8.987836E-1	8.572111E+10	9.025504E-1	9.606480E+10	8.986323E-1	9.645130E+10	-2.147644E-2	1.614561E-3	-2.497746E-2	-2.309100E-2	-2.268383E-2	-1.024503E+10	-1.021834E+10	-1.051447E+7	-2.668915E+7	-9.596614E+10
2.935090E+2	9.736048E-1	1.160154E+10	1.076734E+0	5.915081E+8	9.739323E-1	1.156492E+10	1.031445E+0	5.644874E+8	9.804803E-1	9.236463E+10	9.811685E-1	9.324143E+10	9.797474E-1	1.039296E+11	9.803263E-1	1.048430E+11	1.031290E-1	5.751240E-2	4.528911E-2	4.561658E-2	9.640753E-2	-1.101003E+10	-1.100044E+10	2.702074E+7	-9.594288E+6	-1.042515E+11
2.940070E+2	1.071936E+0	1.272625E+10	1.073658E+0	5.898791E+8	1.072643E+0	1.269051E+10	1.129120E+0	6.159798E+8	1.072129E+0	1.006566E+11	1.072034E+0	1.015359E+11	1.072186E+0	1.133471E+11	1.072023E+0	1.142621E+11	1.721734E-3	5.647788E-2	-5.546245E-2	-5.475615E-2	1.634934E-3	-1.213637E+10	-1.207453E+10	-2.610068E+7	-6.183354E+7	-1.136722E+11
2.945030E+2	1.119050E+0	1.326513E+10	1.044080E+0	5.742138E+8	1.127820E+0	1.331970E+10	1.131984E+0	6.174893E+8	1.115435E+0	1.045748E+11	1.116000E+0	1.055492E+11	1.116821E+0	1.178945E+11	1.116340E+0	1.188143E+11	-7.497021E-2	4.163701E-3	-8.790379E-2	-7.913391E-2	-7.225951E-2	-1.269092E+10	-1.270221E+10	-4.327553E+7	1.129322E+7	-1.182401E+11
2.950070E+2	1.040319E+0	1.236460E+10	1.019813E+0	5.613611E+8	1.031491E+0	1.222126E+10	1.034137E+0	5.659066E+8	1.042569E+0	9.798222E+10	1.040284E+0	9.863770E+10	1.041330E+0	1.102035E+11	1.040288E+0	1.110023E+11	-2.050581E-2	2.645880E-3	-1.432408E-2	-2.315169E-2	-2.047556E-2	-1.180324E+10	-1.165536E+10	-4.545516E+6	-1.478879E+8	-1.104409E+11
2.955070E+2	1.040334E+0	1.236478E+10	1.021655E+0	5.623365E+8	1.052354E+0	1.245917E+10	1.080824E+0	5.905191E+8	1.045315E+0	9.823065E+10	1.042919E+0	9.887815E+10	1.046103E+0	1.106898E+11	1.042631E+0	1.112429E+11	-1.867928E-2	2.846970E-2	-5.916965E-2	-4.714898E-2	-2.097626E-2	-1.180244E+10	-1.186865E+10	-2.818254E+7	6.620677E+7	-1.106806E+11
2.960050E+2	1.188405E+0	1.405840E+10	1.230441E+0	6.729161E+8	1.196977E+0	1.410830E+10	1.202924E+0	6.548873E+8	1.194488E+0	1.117272E+11	1.195596E+0	1.128150E+11	1.194766E+0	1.258355E+11	1.194795E+0	1.268734E+11	4.203657E-2	5.946669E-3	2.751743E-2	3.608990E-2	3.564601E-2	-1.338549E+10	-1.345341E+10	1.802879E+7	6.792192E+7	-1.262005E+11
2.965010E+2	1.102846E+0	1.307979E+10	1.111280E+0	6.098050E+8	1.113581E+0	1.315733E+10	1.082332E+0	5.913142E+8	1.104524E+0	1.035876E+11	1.106543E+0	1.046860E+11	1.105538E+0	1.167450E+11	1.106132E+0	1.177658E+11	8.434099E-3	-3.124843E-2	2.894806E-2	3.968253E-2	5.148776E-3	-1.246999E+10	-1.256602E+10	1.849082E+7	9.602829E+7	-1.171560E+11
2.970040E+2	9.309299E-1	1.111343E+10	9.310460E-1	5.143477E+8	9.253289E-1	1.101070E+10	9.320651E-1	5.120968E+8	9.311553E-1	8.790190E+10	9.256355E-1	8.817222E+10	9.305032E-1	9.891261E+10	9.262250E-1	9.928565E+10	1.160780E-4	6.736152E-3	-1.019099E-3	-6.620074E-3	4.820952E-3	-1.059908E+10	-1.049860E+10	2.250911E+6	-1.004740E+8	-9.877130E+10
2.975040E+2	8.034071E-1	9.654829E+9	7.929536E-1	4.412100E+8	8.054786E-1	9.644051E+9	8.202383E-1	4.531443E+8	8.094277E-1	7.688847E+10	8.062144E-1	7.727113E+10	8.089857E-1	8.653252E+10	8.059018E-1	8.692596E+10	-1.045350E-2	1.475972E-2	-2.728476E-2	-2.521322E-2	-1.294828E-2	-9.213619E+9	-9.190907E+9	-1.193432E+7	-2.271172E+7	-8.648475E+10
2.980020E+2	9.371164E-1	1.118419E+10	9.376976E-1	5.178706E+8	9.308796E-1	1.107399E+10	9.504294E-1	5.217780E+8	9.380831E-1	8.852871E+10	9.412047E-1	8.959342E+10	9.372768E-1	9.960270E+10	9.407495E-1	1.007776E+11	5.812670E-4	1.954983E-2	-1.273174E-2	-1.896856E-2	-3.051834E-3	-1.066632E+10	-1.055222E+10	-3.907414E+6	-1.140991E+8	-1.002597E+11
2.985020E+2	1.083419E+0	1.285758E+10	1.064500E+0	5.850288E+8	1.092553E+0	1.291755E+10	1.079320E+0	5.897261E+8	1.083990E+0	1.017298E+11	1.084051E+0	1.026328E+11	1.084948E+0	1.146473E+11	1.083981E+0	1.154904E+11	-1.891873E-2	-1.323310E-2	-1.481983E-2	-5.685631E-3	-1.948042E-2	-1.227255E+10	-1.232782E+10	-4.697296E+6	5.527145E+7	-1.149054E+11
2.990040E+2	1.147458E+0	1.359006E+10	1.158937E+0	6.350454E+8	1.139985E+0	1.345842E+10	1.120721E+0	6.115519E+8	1.141222E+0	1.069079E+11	1.139972E+0	1.077375E+11	1.141084E+0	1.203664E+11	1.140806E+0	1.213275E+11	1.147886E-2	-1.926383E-2	3.821602E-2	3.074269E-2	1.813161E-2	-1.295502E+10	-1.284686E+10	2.349352E+7	-1.081516E+8	-1.206925E+11
2.995060E+2	1.021246E+0	1.214646E+10	1.022824E+0	5.629559E+8	1.023320E+0	1.212808E+10	1.041056E+0	5.695545E+8	1.024487E+0	9.634620E+10	1.025144E+0	9.725567E+10	1.024356E+0	1.084743E+11	1.024710E+0	1.094021E+11	1.577673E-3	1.773692E-2	-1.823252E-2	-1.615925E-2	-1.886457E-3	-1.158350E+10	-1.155853E+10	-6.598576E+6	-2.497173E+7	-1.088392E+11
3.000060E+2	1.007353E+0	1.198755E+10	1.023088E+0	5.630955E+8	1.007784E+0	1.195094E+10	9.882348E-1	5.417081E+8	1.002790E+0	9.438314E+10	1.003414E+0	9.527201E+10	1.003349E+0	1.063341E+11	1.003852E+0	1.072596E+11	1.573443E-2	-1.954955E-2	3.485283E-2	3.528398E-2	1.923538E-2	-1.142445E+10	-1.140923E+10	2.138743E+7	-1.522509E+7	-1.066965E+11
