Photon Energy (eV)	X ref norm	X ref	X pump norm	X pump	Y ref norm	Y ref	Y pump norm	Y pump	X all norm	X all	Y all norm	Y all	X all Y ref norm	X all Y ref	Y all X ref norm	Y all X ref	BC(X hist) norm	BC(Y hist) norm	StS norm	BCSC norm	BCLR norm	BC(X hist)	BC(Y hist)	StS	BCSC	BCLR	
2.790030E+2	-4.570601E-3	5.780545E+8	-4.097014E-3	2.487365E+7	-2.012459E-3	6.159775E+8	-6.206058E-4	2.901925E+7	-3.600298E-3	4.515797E+9	-2.319247E-3	4.631810E+9	-3.413954E-3	5.131774E+9	-2.582117E-3	5.209865E+9	4.735869E-4	1.391854E-3	-3.476409E-3	-9.182667E-4	-1.514897E-3	-5.531808E+8	-5.869582E+8	-4.145597E+6	3.377740E+7	-5.184991E+9
2.795050E+2	-1.041537E-3	6.329329E+8	-2.316930E-3	2.614024E+7	-2.182101E-3	6.133408E+8	-1.442840E-3	2.843323E+7	-8.034996E-4	4.842730E+9	-1.860065E-3	4.685824E+9	-9.652879E-4	5.456070E+9	-1.764493E-3	5.318757E+9	-1.275393E-3	7.392608E-4	-8.740897E-4	-2.014654E-3	-5.524371E-4	-6.067926E+8	-5.849076E+8	-2.292994E+6	-2.188502E+7	-5.292617E+9
2.800020E+2	1.521768E-3	6.727933E+8	-6.862840E-3	2.290568E+7	-8.169550E-4	6.345586E+8	-1.996598E-4	2.931926E+7	-4.742433E-4	4.881218E+9	-1.188400E-3	4.764833E+9	-5.144629E-4	5.515777E+9	-8.719580E-4	5.437626E+9	-8.384609E-3	6.172951E-4	-6.663180E-3	-9.001904E-3	-5.990882E-3	-6.498876E+8	-6.052394E+8	-6.413583E+6	-4.464827E+7	-5.414721E+9
2.805030E+2	-2.084449E-4	6.458878E+8	1.571237E-3	2.890679E+7	-8.656768E-5	6.459107E+8	5.015717E-3	3.303631E+7	1.965590E-4	4.959632E+9	-2.154628E-4	4.879281E+9	1.633322E-4	5.605543E+9	-2.146434E-4	5.525168E+9	1.779681E-3	5.102284E-3	-3.444480E-3	-3.322603E-3	1.785880E-3	-6.169810E+8	-6.128743E+8	-4.129522E+6	-4.106649E+6	-5.496262E+9
2.810050E+2	4.973594E-4	6.568633E+8	1.944690E-3	2.917252E+7	1.716656E-3	6.739372E+8	2.339600E-4	2.962830E+7	3.419741E-4	4.976630E+9	1.336652E-3	5.061858E+9	5.033024E-4	5.650567E+9	1.238655E-3	5.718721E+9	1.447330E-3	-1.482696E-3	1.710730E-3	2.930026E-3	7.060345E-4	-6.276908E+8	-6.443089E+8	-4.557885E+5	1.661814E+7	-5.689548E+9
2.815020E+2	4.076946E-4	6.554690E+8	5.907250E-3	3.199200E+7	2.025682E-3	6.787403E+8	-4.785886E-3	2.605061E+7	1.438446E-3	5.104803E+9	1.170017E-3	5.042256E+9	1.507362E-3	5.783543E+9	1.081007E-3	5.697725E+9	5.499556E-3	-6.811568E-3	1.069314E-2	1.231112E-2	4.826243E-3	-6.234770E+8	-6.526897E+8	5.941399E+6	2.921269E+7	-5.665733E+9
2.820060E+2	1.769540E-3	6.766462E+8	9.177423E-3	3.431884E+7	9.027534E-4	6.612872E+8	3.948687E-4	2.974299E+7	1.278676E-3	5.086126E+9	1.051448E-3	5.028309E+9	1.234559E-3	5.747414E+9	1.135293E-3	5.704955E+9	7.407883E-3	-5.078847E-4	8.782555E-3	7.915768E-3	8.042130E-3	-6.423274E+8	-6.315442E+8	4.575852E+6	-1.078322E+7	-5.670636E+9
2.825060E+2	1.624220E-3	6.743865E+8	-5.323816E-3	2.400074E+7	4.529913E-4	6.542967E+8	1.404446E-3	3.046252E+7	1.622385E-3	5.126304E+9	2.025058E-3	5.142835E+9	1.485149E-3	5.780601E+9	1.978256E-3	5.817222E+9	-6.948036E-3	9.514549E-4	-6.728262E-3	-7.899491E-3	-7.302072E-3	-6.503857E+8	-6.238342E+8	-6.461781E+6	-2.655149E+7	-5.793221E+9
2.830040E+2	1.144956E-2	8.271744E+8	1.261570E-2	3.676528E+7	6.304178E-3	7.452388E+8	2.004247E-2	4.374604E+7	9.254132E-3	6.018420E+9	8.738800E-3	5.932580E+9	8.907935E-3	6.763659E+9	9.055311E-3	6.759754E+9	1.166141E-3	1.373829E-2	-7.426768E-3	-1.257215E-2	3.560388E-3	-7.904092E+8	-7.014928E+8	-6.980759E+6	-8.891639E+7	-6.722989E+9
2.835020E+2	2.170617E-2	9.866689E+8	2.494401E-2	4.553727E+7	2.120594E-2	9.768493E+8	2.455237E-2	4.696030E+7	2.226237E-2	7.539024E+9	2.150251E-2	7.433988E+9	2.213839E-2	8.515873E+9	2.152629E-2	8.420656E+9	3.237838E-3	3.346431E-3	3.916428E-4	-1.085934E-4	3.417723E-3	-9.411316E+8	-9.298890E+8	-1.423024E+6	-1.124262E+7	-8.375119E+9
2.840000E+2	4.834397E-2	1.400897E+9	6.309839E-2	7.268534E+7	5.032716E-2	1.429466E+9	5.452800E-2	6.832425E+7	5.193231E-2	1.100730E+10	5.036521E-2	1.082914E+10	5.174394E-2	1.243677E+10	5.012921E-2	1.223003E+10	1.475442E-2	4.200834E-3	8.570395E-3	1.055358E-2	1.296918E-2	-1.328212E+9	-1.361142E+9	4.361089E+6	3.292948E+7	-1.215735E+10
2.841030E+2	6.093316E-2	1.596664E+9	4.754569E-2	6.161909E+7	5.886319E-2	1.562137E+9	6.707742E-2	7.726836E+7	6.272834E-2	1.226931E+10	6.059609E-2	1.203261E+10	6.227474E-2	1.383145E+10	6.063545E-2	1.362927E+10	-1.338748E-2	8.214232E-3	-1.953173E-2	-2.160171E-2	-1.308976E-2	-1.535045E+9	-1.484869E+9	-1.564927E+7	-5.017664E+7	-1.356765E+10
2.842030E+2	6.661254E-2	1.684981E+9	7.214361E-2	7.912130E+7	6.347136E-2	1.633759E+9	5.163741E-2	6.626409E+7	6.551305E-2	1.259483E+10	6.512028E-2	1.256479E+10	6.527344E-2	1.422859E+10	6.529452E-2	1.424977E+10	5.531073E-3	-1.183395E-2	2.050621E-2	1.736502E-2	6.849094E-3	-1.605860E+9	-1.567495E+9	1.285721E+7	-3.836433E+7	-1.417065E+10
2.843040E+2	8.246250E-2	1.931454E+9	1.027866E-1	1.009248E+8	8.200215E-2	1.921774E+9	7.445939E-2	8.252957E+7	8.430287E-2	1.479127E+10	8.383948E-2	1.476675E+10	8.403287E-2	1.671305E+10	8.367870E-2	1.669820E+10	2.032407E-2	-7.542763E-3	2.832719E-2	2.786683E-2	1.910787E-2	-1.830530E+9	-1.839245E+9	1.839519E+7	8.715085E+6	-1.659728E+10
2.844030E+2	1.256313E-1	2.602747E+9	1.628724E-1	1.436777E+8	1.209629E-1	2.527321E+9	1.188137E-1	1.141413E+8	1.299401E-1	2.012605E+10	1.243599E-1	1.953321E+10	1.288866E-1	2.265338E+10	1.245084E-1	2.213596E+10	3.724107E-2	-2.149222E-3	4.405871E-2	3.939029E-2	3.836402E-2	-2.459069E+9	-2.413180E+9	2.953639E+7	-4.588895E+7	-2.199228E+10
2.845030E+2	1.841191E-1	3.512256E+9	1.794742E-1	1.554905E+8	1.787994E-1	3.426246E+9	1.867470E-1	1.625582E+8	1.880023E-1	2.691326E+10	1.821287E-1	2.632861E+10	1.869223E-1	3.033951E+10	1.823611E-1	2.984087E+10	-4.644933E-3	7.947568E-3	-7.272805E-3	-1.259250E-2	-2.886922E-3	-3.356766E+9	-3.263688E+9	-7.067698E+6	-9.307790E+7	-2.968538E+10
2.846030E+2	2.721336E-1	4.880916E+9	3.228623E-1	2.575157E+8	2.776787E-1	4.963076E+9	2.551288E-1	2.112946E+8	2.904162E-1	3.888497E+10	2.787443E-1	3.769361E+10	2.889214E-1	4.384805E+10	2.779725E-1	4.257452E+10	5.072871E-2	-2.254993E-2	6.773352E-2	7.327864E-2	4.488982E-2	-4.623400E+9	-4.751782E+9	4.622111E+7	1.283814E+8	-4.231701E+10
2.847020E+2	4.948619E-1	8.344431E+9	5.330712E-1	4.070860E+8	4.908459E-1	8.276226E+9	4.543497E-1	3.532815E+8	5.245358E-1	6.625248E+10	4.969541E-1	6.336183E+10	5.205821E-1	7.452870E+10	4.967098E-1	7.170627E+10	3.820925E-2	-3.649614E-2	7.872143E-2	7.470539E-2	3.636138E-2	-7.937345E+9	-7.922945E+9	5.380454E+7	-1.440052E+7	-7.129918E+10
2.848000E+2	9.749210E-1	1.580954E+10	9.913512E-1	7.331670E+8	9.781782E-1	1.585059E+10	9.551280E-1	7.101915E+8	1.001559E+0	1.220142E+11	9.851554E-1	1.207895E+11	9.988147E-1	1.378648E+11	9.839605E-1	1.365990E+11	1.643015E-2	-2.305026E-2	3.622320E-2	3.948041E-2	7.390704E-3	-1.507638E+10	-1.514040E+10	2.297544E+7	6.401910E+7	-1.358658E+11
2.849020E+2	1.429130E+0	2.287267E+10	1.453823E+0	1.062231E+9	1.422656E+0	2.275889E+10	1.408906E+0	1.033604E+9	1.434693E+0	1.726457E+11	1.437018E+0	1.739425E+11	1.433281E+0	1.954046E+11	1.436097E+0	1.968151E+11	2.469361E-2	-1.375018E-2	4.491733E-2	3.844379E-2	1.772668E-2	-2.181044E+10	-2.172528E+10	2.862675E+7	-8.516110E+7	-1.957529E+11
2.850010E+2	1.480287E+0	2.366820E+10	1.431855E+0	1.046600E+9	1.458695E+0	2.331902E+10	1.480682E+0	1.084760E+9	1.458145E+0	1.753871E+11	1.465421E+0	1.772836E+11	1.458210E+0	1.987061E+11	1.467157E+0	2.009518E+11	-4.843225E-2	2.198699E-2	-4.882694E-2	-7.041923E-2	-3.530169E-2	-2.262160E+10	-2.223426E+10	-3.815991E+7	-3.873355E+8	-1.999052E+11
2.851060E+2	1.242938E+0	1.997731E+10	1.218501E+0	8.947914E+8	1.247094E+0	2.003021E+10	1.221309E+0	8.999014E+8	1.251315E+0	1.512096E+11	1.253347E+0	1.523371E+11	1.250819E+0	1.712398E+11	1.252132E+0	1.723145E+11	-2.443649E-2	-2.578497E-2	-2.807728E-3	1.348485E-3	-3.363089E-2	-1.908252E+10	-1.913030E+10	-5.110051E+6	4.778714E+7	-1.714197E+11
2.852010E+2	1.082269E+0	1.747885E+10	1.077592E+0	7.945302E+8	1.090159E+0	1.759105E+10	1.062716E+0	7.868710E+8	1.091135E+0	1.324853E+11	1.091838E+0	1.333386E+11	1.091020E+0	1.500764E+11	1.090721E+0	1.508175E+11	-4.677264E-3	-2.744272E-2	1.487571E-2	2.276546E-2	-1.312843E-2	-1.668432E+10	-1.680418E+10	7.659211E+6	1.198552E+8	-1.500229E+11
2.853000E+2	8.124032E-1	1.328233E+10	8.549899E-1	6.361416E+8	8.104798E-1	1.324414E+10	8.176420E-1	6.122038E+8	8.267824E-1	1.015837E+11	8.251646E-1	1.019696E+11	8.248692E-1	1.148279E+11	8.236746E-1	1.152519E+11	4.258670E-2	7.162220E-3	3.734792E-2	3.542447E-2	3.131534E-2	-1.264619E+10	-1.263193E+10	2.393777E+7	-1.425388E+7	-1.146158E+11
2.854020E+2	6.748673E-1	1.114359E+10	6.584156E-1	4.962726E+8	6.831291E-1	1.126479E+10	6.864361E-1	5.186920E+8	6.889797E-1	8.547522E+10	6.872161E-1	8.574256E+10	6.882931E-1	9.674000E+10	6.857743E-1	9.688614E+10	-1.645172E-2	3.307014E-3	-2.802056E-2	-1.975874E-2	-2.735873E-2	-1.064731E+10	-1.074610E+10	-2.241936E+7	9.878094E+7	-9.638987E+10
2.855050E+2	5.520489E-1	9.233712E+9	5.368939E-1	4.098060E+8	5.458024E-1	9.130388E+9	5.705721E-1	4.361144E+8	5.637497E-1	7.083640E+10	5.586631E-1	7.062073E+10	5.616435E-1	7.996679E+10	5.578908E-1	7.985444E+10	-1.515506E-2	2.476961E-2	-3.367820E-2	-3.992467E-2	-2.099693E-2	-8.823906E+9	-8.694274E+9	-2.630838E+7	-1.296322E+8	-7.944463E+10
2.856010E+2	4.239090E-1	7.241085E+9	4.131521E-1	3.217598E+8	4.312088E-1	7.349317E+9	4.136711E-1	3.242894E+8	4.418467E-1	5.658650E+10	4.385389E-1	5.649040E+10	4.405983E-1	6.393582E+10	4.368307E-1	6.373148E+10	-1.075692E-2	-1.753767E-2	-5.190037E-4	6.780751E-3	-2.367858E-2	-6.919325E+9	-7.025027E+9	-2.529618E+6	1.057020E+8	-6.340972E+10
2.858010E+2	4.376900E-1	7.455386E+9	4.721323E-1	3.637261E+8	4.391256E-1	7.472364E+9	4.344174E-1	3.390755E+8	4.539470E-1	5.800097E+10	4.462372E-1	5.739595E+10	4.522076E-1	6.547334E+10	4.452392E-1	6.485134E+10	3.444228E-2	-4.708172E-3	3.771488E-2	3.915045E-2	2.689313E-2	-7.091660E+9	-7.133289E+9	2.465056E+7	4.162919E+7	-6.448761E+10
2.860050E+2	6.923738E-1	1.141582E+10	6.886072E-1	5.177549E+8	6.912365E-1	1.139080E+10	7.087121E-1	5.345683E+8	7.156884E-1	8.859734E+10	7.058428E-1	8.793363E+10	7.128188E-1	9.998814E+10	7.042702E-1	9.934945E+10	-3.766579E-3	1.747558E-2	-2.010489E-2	-2.124216E-2	-1.566297E-2	-1.089807E+10	-1.085623E+10	-1.681336E+7	-4.183687E+7	-9.883170E+10
2.862050E+2	1.230167E+0	1.977873E+10	1.176842E+0	8.651496E+8	1.235217E+0	1.984562E+10	1.168416E+0	8.622041E+8	1.239142E+0	1.497866E+11	1.238860E+0	1.506330E+11	1.238681E+0	1.696322E+11	1.237845E+0	1.704118E+11	-5.332550E-2	-6.680162E-2	8.426113E-3	1.347612E-2	-6.100347E-2	-1.891358E+10	-1.898341E+10	2.945530E+6	6.983549E+7	-1.695466E+11
2.864190E+2	1.302541E+0	2.090416E+10	1.266419E+0	9.288865E+8	1.311665E+0	2.103381E+10	1.321499E+0	9.713081E+8	1.313088E+0	1.584306E+11	1.319468E+0	1.601150E+11	1.312921E+0	1.794644E+11	1.317492E+0	1.810192E+11	-3.612182E-2	9.833775E-3	-5.508017E-2	-4.595559E-2	-5.107288E-2	-1.997527E+10	-2.006250E+10	-4.242166E+7	8.722504E+7	-1.800903E+11
2.866180E+2	1.195936E+0	1.924641E+10	1.194647E+0	8.778183E+8	1.201708E+0	1.932479E+10	1.197118E+0	8.826603E+8	1.211040E+0	1.465017E+11	1.207548E+0	1.469497E+11	1.209945E+0	1.658265E+11	1.206192E+0	1.661961E+11	-1.289035E-3	-4.589793E-3	-2.471108E-3	3.300757E-3	-1.154520E-2	-1.836859E+10	-1.844213E+10	-4.842022E+6	7.353808E+7	-1.653183E+11
2.868000E+2	1.344879E+0	2.156253E+10	1.331089E+0	9.749011E+8	1.348710E+0	2.160958E+10	1.313050E+0	9.652864E+8	1.347574E+0	1.624619E+11	1.352435E+0	1.639929E+11	1.347708E+0	1.840715E+11	1.351553E+0	1.855555E+11	-1.378984E-2	-3.565996E-2	1.803864E-2	2.187012E-2	-2.046415E-2	-2.058763E+10	-2.064429E+10	9.614680E+6	5.665857E+7	-1.845806E+11
2.870190E+2	1.310703E+0	2.103109E+10	1.305715E+0	9.568468E+8	1.315896E+0	2.109957E+10	1.280410E+0	9.420232E+8	1.300042E+0	1.569056E+11	1.307980E+0	1.587636E+11	1.301902E+0	1.780051E+11	1.308298E+0	1.797947E+11	-4.988126E-3	-3.548661E-2	2.530525E-2	3.049848E-2	-2.582969E-3	-2.007424E+10	-2.015754E+10	1.482358E+7	8.330276E+7	-1.788379E+11
2.872120E+2	1.106357E+0	1.785343E+10	1.054912E+0	7.783928E+8	1.104060E+0	1.780710E+10	1.117538E+0	8.259430E+8	1.110068E+0	1.346985E+11	1.110352E+0	1.355164E+11	1.109363E+0	1.525056E+11	1.109885E+0	1.533699E+11	-5.144472E-2	1.347848E-2	-6.262582E-2	-6.492320E-2	-5.497297E-2	-1.707503E+10	-1.698116E+10	-4.755023E+7	-9.387811E+7	-1.525915E+11
2.874030E+2	8.547615E-1	1.394101E+10	8.611814E-1	6.405470E+8	8.530605E-1	1.390595E+10	9.008110E-1	6.714793E+8	8.603103E-1	1.055030E+11	8.619520E-1	1.062969E+11	8.594595E-1	1.194089E+11	8.611124E-1	1.202379E+11	6.419952E-3	4.775051E-2	-3.962963E-2	-4.133055E-2	6.901565E-5	-1.330047E+10	-1.323447E+10	-3.093226E+7	-6.600040E+7	-1.195974E+11
2.876120E+2	6.571226E-1	1.086765E+10	6.526929E-1	4.922007E+8	6.524687E-1	1.078825E+10	6.839636E-1	5.169298E+8	6.628362E-1	8.241916E+10	6.614799E-1	8.271518E+10	6.616195E-1	9.320741E+10	6.609712E-1	9.358283E+10	-4.429664E-3	3.149496E-2	-3.127073E-2	-3.592463E-2	-8.278270E-3	-1.037545E+10	-1.027132E+10	-2.472904E+7	-1.041310E+8	-9.309063E+10
2.878030E+2	7.192187E-1	1.183327E+10	7.399415E-1	5.542809E+8	7.130333E-1	1.172957E+10	7.150087E-1	5.390560E+8	7.289333E-1	9.014560E+10	7.238304E-1	9.004952E+10	7.270673E-1	1.018752E+11	7.232919E-1	1.018828E+11	2.072284E-2	1.975457E-3	2.493279E-2	1.874738E-2	1.664961E-2	-1.127899E+10	-1.119052E+10	1.522497E+7	-8.847144E+7	-1.013285E+11
2.880040E+2	7.708060E-1	1.263547E+10	7.573286E-1	5.666524E+8	7.738682E-1	1.267510E+10	7.557352E-1	5.680822E+8	7.850091E-1	9.670060E+10	7.781609E-1	9.644049E+10	7.837016E-1	1.093757E+11	7.773022E-1	1.090760E+11	-1.347736E-2	-1.813301E-2	1.593429E-3	4.655655E-3	-1.997353E-2	-1.206882E+10	-1.210702E+10	-1.429733E+6	3.819723E+7	-1.085093E+11
2.882200E+2	7.781341E-1	1.274943E+10	7.595641E-1	5.682430E+8	7.785649E-1	1.274810E+10	7.740660E-1	5.811467E+8	7.920732E-1	9.752637E+10	7.851657E-1	9.726446E+10	7.904879E-1	1.102745E+11	7.843447E-1	1.100139E+11	-1.857007E-2	-4.498901E-3	-1.450189E-2	-1.407117E-2	-2.478062E-2	-1.218119E+10	-1.216695E+10	-1.290368E+7	-1.423478E+7	-1.094456E+11
2.884090E+2	8.614053E-1	1.404433E+10	9.061621E-1	6.725522E+8	8.643429E-1	1.408130E+10	8.713543E-1	6.504852E+8	8.733497E-1	1.070272E+11	8.687893E-1	1.071012E+11	8.722927E-1	1.211085E+11	8.679271E-1	1.211455E+11	4.475677E-2	7.011465E-3	3.480777E-2	3.774531E-2	3.823495E-2	-1.337178E+10	-1.343082E+10	2.206706E+7	5.903968E+7	-1.204730E+11
2.886010E+2	1.141693E+0	1.840291E+10	1.131655E+0	8.329975E+8	1.131913E+0	1.824002E+10	1.128788E+0	8.339607E+8	1.142769E+0	1.385211E+11	1.146470E+0	1.397651E+11	1.141495E+0	1.567611E+11	1.145913E+0	1.581680E+11	-1.003788E-2	-3.125698E-3	2.866973E-3	-6.912177E-3	-1.425790E-2	-1.756991E+10	-1.740606E+10	-9.632681E+5	-1.638559E+8	-1.573350E+11
2.888170E+2	1.217832E+0	1.958690E+10	1.188981E+0	8.737869E+8	1.216564E+0	1.955570E+10	1.175238E+0	8.670660E+8	1.209546E+0	1.463271E+11	1.220584E+0	1.484832E+11	1.210370E+0	1.658828E+11	1.220263E+0	1.680701E+11	-2.885091E-2	-4.132690E-2	1.374330E-2	1.247598E-2	-3.128183E-2	-1.871312E+10	-1.868864E+10	6.720839E+6	-2.447866E+7	-1.671963E+11
2.890140E+2	1.065485E+0	1.721784E+10	1.015154E+0	7.501036E+8	1.060992E+0	1.713772E+10	1.066982E+0	7.899111E+8	1.061024E+0	1.289655E+11	1.071357E+0	1.309294E+11	1.061020E+0	1.461032E+11	1.070671E+0	1.481472E+11	-5.033043E-2	5.990217E-3	-5.182778E-2	-5.632065E-2	-5.551689E-2	-1.646774E+10	-1.634781E+10	-3.980749E+7	-1.199355E+8	-1.473971E+11
2.892040E+2	8.485706E-1	1.384474E+10	8.579957E-1	6.382803E+8	8.472646E-1	1.381586E+10	8.569373E-1	6.402100E+8	8.524495E-1	1.045841E+11	8.559338E-1	1.055890E+11	8.518410E-1	1.183999E+11	8.550741E-1	1.194337E+11	9.425078E-3	9.672747E-3	1.058378E-3	-2.476690E-4	2.921609E-3	-1.320646E+10	-1.317565E+10	-1.929721E+6	-3.081150E+7	-1.187955E+11
2.894050E+2	8.553506E-1	1.395018E+10	8.498000E-1	6.324488E+8	8.522701E-1	1.389366E+10	8.743281E-1	6.526046E+8	8.669960E-1	1.062845E+11	8.655337E-1	1.067182E+11	8.652678E-1	1.201782E+11	8.643447E-1	1.206684E+11	-5.550579E-3	2.205807E-2	-2.452814E-2	-2.760865E-2	-1.454470E-2	-1.331773E+10	-1.324106E+10	-2.015585E+7	-7.667072E+7	-1.200360E+11
2.896080E+2	8.877058E-1	1.445331E+10	9.027109E-1	6.700966E+8	8.938663E-1	1.454017E+10	9.058546E-1	6.750739E+8	9.030426E-1	1.104982E+11	9.012116E-1	1.109151E+11	9.019657E-1	1.250383E+11	8.996346E-1	1.253684E+11	1.500513E-2	1.198833E-2	-3.143675E-3	3.016805E-3	3.076296E-3	-1.378322E+10	-1.386510E+10	-4.977274E+6	8.187998E+7	-1.246983E+11
2.898030E+2	8.434296E-1	1.376480E+10	8.743035E-1	6.498838E+8	8.549783E-1	1.393575E+10	8.679443E-1	6.480548E+8	8.621486E-1	1.057179E+11	8.628753E-1	1.064055E+11	8.613071E-1	1.196536E+11	8.606048E-1	1.201703E+11	3.087396E-2	1.296596E-2	6.359253E-3	1.790800E-2	1.369872E-2	-1.311492E+10	-1.328770E+10	1.829048E+6	1.727835E+8	-1.195204E+11
2.900020E+2	7.923517E-1	1.297052E+10	7.438035E-1	5.570289E+8	7.741137E-1	1.267892E+10	8.012457E-1	6.005180E+8	7.908508E-1	9.738347E+10	7.892872E-1	9.774928E+10	7.888866E-1	1.100624E+11	7.896450E-1	1.107198E+11	-4.854821E-2	2.713192E-2	-5.744216E-2	-7.568014E-2	-4.584151E-2	-1.241349E+10	-1.207840E+10	-4.348909E+7	-3.350908E+8	-1.101628E+11
2.905120E+2	8.020127E-1	1.312075E+10	8.159417E-1	6.083575E+8	8.063064E-1	1.317927E+10	7.712524E-1	5.791415E+8	8.108068E-1	9.971624E+10	8.044000E-1	9.952702E+10	8.102787E-1	1.128955E+11	8.041213E-1	1.126478E+11	1.392902E-2	-3.505400E-2	4.468933E-2	4.898302E-2	1.182044E-2	-1.251239E+10	-1.260013E+10	2.921609E+7	8.773629E+7	-1.120394E+11
2.910040E+2	9.831006E-1	1.593674E+10	9.662307E-1	7.152930E+8	9.693265E-1	1.571301E+10	9.457138E-1	7.034820E+8	9.888975E-1	1.205342E+11	9.840008E-1	1.206536E+11	9.866008E-1	1.362472E+11	9.838957E-1	1.365904E+11	-1.686987E-2	-2.361275E-2	2.051692E-2	6.742876E-3	-1.766497E-2	-1.522145E+10	-1.500953E+10	1.181102E+7	-2.119182E+8	-1.358751E+11
2.915240E+2	1.129837E+0	1.821855E+10	1.077766E+0	7.946536E+8	1.131344E+0	1.823117E+10	1.108544E+0	8.195330E+8	1.130780E+0	1.371196E+11	1.134269E+0	1.383299E+11	1.130846E+0	1.553508E+11	1.133752E+0	1.565484E+11	-5.207142E-2	-2.280012E-2	-3.077859E-2	-2.927130E-2	-5.598632E-2	-1.742390E+10	-1.741164E+10	-2.487931E+7	-1.225865E+7	-1.557538E+11
2.920030E+2	9.950500E-1	1.612256E+10	1.007694E+0	7.447956E+8	9.847297E-1	1.595241E+10	9.271065E-1	6.902203E+8	9.927015E-1	1.209789E+11	9.905626E-1	1.214255E+11	9.917660E-1	1.369313E+11	9.910866E-1	1.375481E+11	1.264429E-2	-5.762321E-2	8.058780E-2	7.026750E-2	1.660768E-2	-1.537776E+10	-1.526219E+10	5.457531E+7	-1.155687E+8	-1.368033E+11
2.925000E+2	9.724377E-1	1.577093E+10	9.545772E-1	7.070012E+8	9.828382E-1	1.592302E+10	9.365211E-1	6.969302E+8	9.804450E-1	1.195462E+11	9.822535E-1	1.204481E+11	9.807259E-1	1.354692E+11	9.811074E-1	1.362190E+11	-1.786043E-2	-4.631715E-2	1.805616E-2	2.845672E-2	-2.653014E-2	-1.506393E+10	-1.522609E+10	1.007095E+7	1.621596E+8	-1.355120E+11
2.930040E+2	1.077800E+0	1.740936E+10	1.071786E+0	7.903988E+8	1.065707E+0	1.721100E+10	1.017809E+0	7.548647E+8	1.075835E+0	1.306969E+11	1.074100E+0	1.312522E+11	1.074647E+0	1.479079E+11	1.074532E+0	1.486615E+11	-6.014573E-3	-4.789805E-2	5.397721E-2	4.188348E-2	-2.746731E-3	-1.661896E+10	-1.645613E+10	3.553411E+7	-1.628277E+8	-1.478711E+11
2.935120E+2	1.149766E+0	1.852845E+10	1.140602E+0	8.393635E+8	1.138382E+0	1.834055E+10	1.073154E+0	7.943097E+8	1.145472E+0	1.388370E+11	1.146333E+0	1.397489E+11	1.144640E+0	1.571776E+11	1.146733E+0	1.582773E+11	-9.164104E-3	-6.522793E-2	6.744803E-2	5.606383E-2	-6.131833E-3	-1.768909E+10	-1.754624E+10	4.505380E+7	-1.428492E+8	-1.574380E+11
2.940080E+2	1.038562E+0	1.679918E+10	1.014406E+0	7.495716E+8	1.038262E+0	1.678443E+10	1.005687E+0	7.462256E+8	1.046482E+0	1.272656E+11	1.047830E+0	1.281619E+11	1.045517E+0	1.440500E+11	1.046747E+0	1.449611E+11	-2.415516E-2	-3.257444E-2	8.719393E-3	8.419279E-3	-3.234096E-2	-1.604961E+10	-1.603821E+10	3.346011E+6	-1.140326E+7	-1.442115E+11
2.945010E+2	9.623273E-1	1.561371E+10	9.283046E-1	6.883073E+8	9.527214E-1	1.545492E+10	9.318773E-1	6.936205E+8	9.637231E-1	1.175915E+11	9.619692E-1	1.180620E+11	9.624320E-1	1.330464E+11	9.620110E-1	1.336757E+11	-3.402277E-2	-2.084409E-2	-3.572720E-3	-1.317868E-2	-3.370648E-2	-1.492540E+10	-1.476130E+10	-5.313225E+6	-1.640958E+8	-1.329874E+11
2.950070E+2	9.719322E-1	1.576307E+10	9.427802E-1	6.986072E+8	9.597531E-1	1.556421E+10	9.175044E-1	6.833768E+8	9.727521E-1	1.186469E+11	9.696264E-1	1.189628E+11	9.712266E-1	1.342111E+11	9.698957E-1	1.347258E+11	-2.915202E-2	-4.224867E-2	2.527583E-2	1.309666E-2	-2.711543E-2	-1.506446E+10	-1.488084E+10	1.523038E+7	-1.836223E+8	-1.340272E+11
2.955070E+2	1.053588E+0	1.703285E+10	1.060191E+0	7.821488E+8	1.052573E+0	1.700687E+10	1.026626E+0	7.611490E+8	1.066131E+0	1.295624E+11	1.061097E+0	1.297226E+11	1.064539E+0	1.465693E+11	1.060220E+0	1.467554E+11	6.602986E-3	-2.594686E-2	3.356498E-2	3.254984E-2	-2.944141E-5	-1.625070E+10	-1.624572E+10	2.099977E+7	-4.981650E+6	-1.459733E+11
2.960030E+2	1.102978E+0	1.780089E+10	1.116632E+0	8.223082E+8	1.104931E+0	1.782064E+10	1.068251E+0	7.908155E+8	1.100667E+0	1.335996E+11	1.104501E+0	1.348282E+11	1.101167E+0	1.514202E+11	1.104324E+0	1.526291E+11	1.365356E-2	-3.667970E-2	4.838092E-2	5.033326E-2	1.230830E-2	-1.697858E+10	-1.702982E+10	3.149272E+7	5.124285E+7	-1.518068E+11
2.964980E+2	1.010023E+0	1.635539E+10	9.835671E-1	7.276283E+8	1.014863E+0	1.642077E+10	9.580949E-1	7.123061E+8	1.008971E+0	1.228807E+11	1.014000E+0	1.241825E+11	1.009662E+0	1.393015E+11	1.013536E+0	1.405379E+11	-2.645575E-2	-5.676842E-2	2.547213E-2	3.031268E-2	-2.996876E-2	-1.562776E+10	-1.570846E+10	1.532222E+7	8.069724E+7	-1.398103E+11
2.970040E+2	8.866328E-1	1.443663E+10	8.763026E-1	6.513062E+8	8.846209E-1	1.439647E+10	9.127570E-1	6.799933E+8	8.906495E-1	1.090495E+11	8.910960E-1	1.097251E+11	8.899420E-1	1.234460E+11	8.905748E-1	1.241618E+11	-1.033023E-2	2.813610E-2	-3.645442E-2	-3.846633E-2	-1.427225E-2	-1.378532E+10	-1.371648E+10	-2.868708E+7	-6.884067E+7	-1.235105E+11
2.975020E+2	9.376221E-1	1.522953E+10	9.711020E-1	7.187590E+8	9.325316E-1	1.514112E+10	9.561196E-1	7.108983E+8	9.351879E-1	1.142558E+11	9.359530E-1	1.150017E+11	9.348762E-1	1.293969E+11	9.361479E-1	1.302313E+11	3.347991E-2	2.358799E-2	1.498243E-2	9.891920E-3	3.495415E-2	-1.451077E+10	-1.443023E+10	7.860784E+6	-8.054506E+7	-1.295125E+11
2.980020E+2	9.972827E-1	1.615728E+10	1.017918E+0	7.520703E+8	9.991970E-1	1.617727E+10	9.739171E-1	7.235828E+8	9.990293E-1	1.217186E+11	9.989342E-1	1.224103E+11	9.990490E-1	1.378959E+11	9.987414E-1	1.385675E+11	2.063551E-2	-2.527989E-2	4.400112E-2	4.591540E-2	1.917684E-2	-1.540521E+10	-1.545369E+10	2.848754E+7	4.848179E+7	-1.378155E+11
2.985020E+2	1.043690E+0	1.687894E+10	1.042252E+0	7.693843E+8	1.048591E+0	1.694498E+10	1.050598E+0	7.782344E+8	1.046669E+0	1.272875E+11	1.048101E+0	1.281938E+11	1.046895E+0	1.442324E+11	1.047586E+0	1.450727E+11	-1.438812E-3	2.007227E-3	-8.346912E-3	-3.446039E-3	-5.334255E-3	-1.610955E+10	-1.616675E+10	-8.850148E+6	5.719633E+7	-1.443033E+11
2.990020E+2	1.043897E+0	1.688215E+10	9.904467E-1	7.325234E+8	1.050654E+0	1.697705E+10	1.065889E+0	7.891319E+8	1.042342E+0	1.267816E+11	1.046890E+0	1.280513E+11	1.043317E+0	1.437586E+11	1.046540E+0	1.449335E+11	-5.345073E-2	1.523439E-2	-7.544198E-2	-6.868513E-2	-5.609349E-2	-1.614963E+10	-1.618791E+10	-5.660847E+7	3.828296E+7	-1.442009E+11
2.995060E+2	9.831318E-1	1.593722E+10	1.004211E+0	7.423171E+8	9.850818E-1	1.595789E+10	9.538607E-1	7.092883E+8	9.836019E-1	1.199152E+11	9.813591E-1	1.203429E+11	9.837756E-1	1.358731E+11	9.815661E-1	1.362801E+11	2.107913E-2	-3.122115E-2	5.035027E-2	5.230029E-2	2.264485E-2	-1.519491E+10	-1.524860E+10	3.302880E+7	5.369044E+7	-1.355378E+11
3.000040E+2	9.943756E-1	1.611207E+10	9.740706E-1	7.208713E+8	9.839440E-1	1.594020E+10	9.996155E-1	7.418983E+8	9.931702E-1	1.210337E+11	9.887634E-1	1.212139E+11	9.920875E-1	1.369739E+11	9.894187E-1	1.373259E+11	-2.030501E-2	1.567143E-2	-2.554493E-2	-3.597644E-2	-1.534810E-2	-1.539120E+10	-1.519830E+10	-2.102700E+7	-1.928942E+8	-1.366051E+11
