Photon Energy (eV)	X ref norm	X ref	X pump norm	X pump	Y ref norm	Y ref	Y pump norm	Y pump	X all norm	X all	Y all norm	Y all	X all Y ref norm	X all Y ref	Y all X ref norm	Y all X ref	BC(X hist) norm	BC(Y hist) norm	StS norm	BCSC norm	BCLR norm	BC(X hist)	BC(Y hist)	StS	BCSC	BCLR	
2.790030E+2	-4.570601E-3	5.780545E+8	7.043811E-3	3.437924E+7	-2.012459E-3	6.159775E+8	-8.552003E-3	2.529793E+7	-3.600298E-3	4.515797E+9	-2.319247E-3	4.631810E+9	-3.413954E-3	5.131774E+9	-2.582117E-3	5.209865E+9	1.161441E-2	-6.539543E-3	1.559581E-2	1.815396E-2	9.625928E-3	-5.436753E+8	-5.906796E+8	9.081316E+6	4.700431E+7	-5.175486E+9
2.795050E+2	-1.041537E-3	6.329329E+8	-2.552820E-3	2.775713E+7	-2.182101E-3	6.133408E+8	7.553174E-4	3.163016E+7	-8.034996E-4	4.842730E+9	-1.860065E-3	4.685824E+9	-9.652879E-4	5.456070E+9	-1.764493E-3	5.318757E+9	-1.511283E-3	2.937418E-3	-3.308137E-3	-4.448701E-3	-7.883272E-4	-6.051757E+8	-5.817107E+8	-3.873033E+6	-2.346506E+7	-5.291000E+9
2.800020E+2	1.521768E-3	6.727933E+8	-2.614409E-3	2.771463E+7	-8.169550E-4	6.345586E+8	5.420910E-3	3.480440E+7	-4.742433E-4	4.881218E+9	-1.188400E-3	4.764833E+9	-5.144629E-4	5.515777E+9	-8.719580E-4	5.437626E+9	-4.136177E-3	6.237865E-3	-8.035319E-3	-1.037404E-2	-1.742451E-3	-6.450787E+8	-5.997542E+8	-7.089771E+6	-4.532445E+7	-5.409912E+9
2.805030E+2	-2.084449E-4	6.458878E+8	1.009253E-2	3.648299E+7	-8.656768E-5	6.459107E+8	3.184336E-3	3.328275E+7	1.965590E-4	4.959632E+9	-2.154628E-4	4.879281E+9	1.633322E-4	5.605543E+9	-2.146434E-4	5.525168E+9	1.030097E-2	3.270904E-3	6.908192E-3	7.030069E-3	1.030717E-2	-6.094048E+8	-6.126279E+8	3.200245E+6	3.223118E+6	-5.488685E+9
2.810050E+2	4.973594E-4	6.568633E+8	-3.832444E-3	2.687413E+7	1.716656E-3	6.739372E+8	7.230806E-3	3.603577E+7	3.419741E-4	4.976630E+9	1.336652E-3	5.061858E+9	5.033024E-4	5.650567E+9	1.238655E-3	5.718721E+9	-4.329803E-3	5.514150E-3	-1.106325E-2	-9.843953E-3	-5.071099E-3	-6.299892E+8	-6.379015E+8	-9.161633E+6	7.912292E+6	-5.691847E+9
2.815020E+2	4.076946E-4	6.554690E+8	2.467057E-3	3.122107E+7	2.025682E-3	6.787403E+8	-1.064355E-2	2.387494E+7	1.438446E-3	5.104803E+9	1.170017E-3	5.042256E+9	1.507362E-3	5.783543E+9	1.081007E-3	5.697725E+9	2.059362E-3	-1.266923E-2	1.311061E-2	1.472860E-2	1.386049E-3	-6.242479E+8	-6.548654E+8	7.346134E+6	3.061743E+7	-5.666504E+9
2.820060E+2	1.769540E-3	6.766462E+8	-1.259099E-2	2.083034E+7	9.027534E-4	6.612872E+8	-2.511604E-3	2.940751E+7	1.278676E-3	5.086126E+9	1.051448E-3	5.028309E+9	1.234559E-3	5.747414E+9	1.135293E-3	5.704955E+9	-1.436053E-2	-3.414357E-3	-1.007939E-2	-1.094617E-2	-1.372628E-2	-6.558159E+8	-6.318797E+8	-8.577174E+6	-2.393625E+7	-5.684125E+9
2.825060E+2	1.624220E-3	6.743865E+8	1.987267E-3	3.089000E+7	4.529913E-4	6.542967E+8	5.115788E-3	3.459681E+7	1.622385E-3	5.126304E+9	2.025058E-3	5.142835E+9	1.485149E-3	5.780601E+9	1.978256E-3	5.817222E+9	3.630468E-4	4.662796E-3	-3.128521E-3	-4.299749E-3	9.010916E-6	-6.434965E+8	-6.196999E+8	-3.706816E+6	-2.379653E+7	-5.786332E+9
2.830040E+2	1.144956E-2	8.271744E+8	7.762347E-3	3.487506E+7	6.304178E-3	7.452388E+8	1.010155E-2	3.798888E+7	9.254132E-3	6.018420E+9	8.738800E-3	5.932580E+9	8.907935E-3	6.763659E+9	9.055311E-3	6.759754E+9	-3.687211E-3	3.797377E-3	-2.339207E-3	-7.484588E-3	-1.292964E-3	-7.922994E+8	-7.072499E+8	-3.113818E+6	-8.504945E+7	-6.724879E+9
2.835020E+2	2.170617E-2	9.866689E+8	5.909615E-3	3.359659E+7	2.120594E-2	9.768493E+8	1.948489E-2	4.437284E+7	2.226237E-2	7.539024E+9	2.150251E-2	7.433988E+9	2.213839E-2	8.515873E+9	2.152629E-2	8.420656E+9	-1.579656E-2	-1.721048E-3	-1.357527E-2	-1.407551E-2	-1.561667E-2	-9.530723E+8	-9.324765E+8	-1.077624E+7	-2.059584E+7	-8.387060E+9
2.840000E+2	4.834397E-2	1.400897E+9	5.766134E-2	6.930763E+7	5.032716E-2	1.429466E+9	3.804566E-2	5.700067E+7	5.193231E-2	1.100730E+10	5.036521E-2	1.082914E+10	5.174394E-2	1.243677E+10	5.012921E-2	1.223003E+10	9.317370E-3	-1.228150E-2	1.961568E-2	2.159887E-2	7.532134E-3	-1.331590E+9	-1.372465E+9	1.230696E+7	4.087535E+7	-1.216073E+10
2.841030E+2	6.093316E-2	1.596664E+9	7.750297E-2	8.299925E+7	5.886319E-2	1.562137E+9	4.455981E-2	6.143257E+7	6.272834E-2	1.226931E+10	6.059609E-2	1.203261E+10	6.227474E-2	1.383145E+10	6.063545E-2	1.362927E+10	1.656981E-2	-1.430338E-2	3.294316E-2	3.087319E-2	1.686752E-2	-1.513665E+9	-1.500704E+9	2.156668E+7	-1.296069E+7	-1.354627E+10
2.842030E+2	6.661254E-2	1.684981E+9	7.019059E-2	7.795338E+7	6.347136E-2	1.633759E+9	4.650960E-2	6.275911E+7	6.551305E-2	1.259483E+10	6.512028E-2	1.256479E+10	6.527344E-2	1.422859E+10	6.529452E-2	1.424977E+10	3.578051E-3	-1.696176E-2	2.368099E-2	2.053981E-2	4.896072E-3	-1.607028E+9	-1.571000E+9	1.519426E+7	-3.602728E+7	-1.417182E+10
2.843040E+2	8.246250E-2	1.931454E+9	8.519341E-2	8.830600E+7	8.200215E-2	1.921774E+9	7.430018E-2	8.166645E+7	8.430287E-2	1.479127E+10	8.383948E-2	1.476675E+10	8.403287E-2	1.671305E+10	8.367870E-2	1.669820E+10	2.730909E-3	-7.701965E-3	1.089323E-2	1.043287E-2	1.514710E-3	-1.843148E+9	-1.840108E+9	6.639550E+6	-3.040553E+6	-1.660990E+10
2.844030E+2	1.256313E-1	2.602747E+9	1.354179E-1	1.229632E+8	1.209629E-1	2.527321E+9	1.359817E-1	1.236315E+8	1.299401E-1	2.012605E+10	1.243599E-1	1.953321E+10	1.288866E-1	2.265338E+10	1.245084E-1	2.213596E+10	9.786585E-3	1.501878E-2	-5.637700E-4	-5.232193E-3	1.090953E-2	-2.479784E+9	-2.403690E+9	-6.683092E+5	-7.609365E+7	-2.201299E+10
2.845030E+2	1.841191E-1	3.512256E+9	1.965451E-1	1.651437E+8	1.787994E-1	3.426246E+9	1.682657E-1	1.455960E+8	1.880023E-1	2.691326E+10	1.821287E-1	2.632861E+10	1.869223E-1	3.033951E+10	1.823611E-1	2.984087E+10	1.242594E-2	-1.053372E-2	2.827936E-2	2.295966E-2	1.418395E-2	-3.347112E+9	-3.280650E+9	1.954774E+7	-6.646246E+7	-2.967573E+10
2.846030E+2	2.721336E-1	4.880916E+9	3.063189E-1	2.408926E+8	2.776787E-1	4.963076E+9	2.933747E-1	2.307139E+8	2.904162E-1	3.888497E+10	2.787443E-1	3.769361E+10	2.889214E-1	4.384805E+10	2.779725E-1	4.257452E+10	3.418533E-2	1.569596E-2	1.294425E-2	1.848937E-2	2.834643E-2	-4.640023E+9	-4.732362E+9	1.017872E+7	9.233905E+7	-4.233363E+10
2.847020E+2	4.948619E-1	8.344431E+9	5.585052E-1	4.149125E+8	4.908459E-1	8.276226E+9	5.093083E-1	3.776245E+8	5.245358E-1	6.625248E+10	4.969541E-1	6.336183E+10	5.205821E-1	7.452870E+10	4.967098E-1	7.170627E+10	6.364329E-2	1.846245E-2	4.919687E-2	4.518084E-2	6.179542E-2	-7.929519E+9	-7.898602E+9	3.728810E+7	-3.091697E+7	-7.129135E+10
2.848000E+2	9.749210E-1	1.580954E+10	1.004238E+0	7.224887E+8	9.781782E-1	1.585059E+10	1.020208E+0	7.252151E+8	1.001559E+0	1.220142E+11	9.851554E-1	1.207895E+11	9.988147E-1	1.378648E+11	9.839605E-1	1.365990E+11	2.931747E-2	4.202947E-2	-1.596922E-2	-1.271200E-2	2.027802E-2	-1.508706E+10	-1.512537E+10	-2.726408E+6	3.831725E+7	-1.358765E+11
2.849020E+2	1.429130E+0	2.287267E+10	1.454514E+0	1.033199E+9	1.422656E+0	2.275889E+10	1.460863E+0	1.025015E+9	1.434693E+0	1.726457E+11	1.437018E+0	1.739425E+11	1.433281E+0	1.954046E+11	1.436097E+0	1.968151E+11	2.538437E-2	3.820682E-2	-6.348914E-3	-1.282245E-2	1.841744E-2	-2.183947E+10	-2.173387E+10	8.184081E+6	-1.056038E+8	-1.957819E+11
2.850010E+2	1.480287E+0	2.366820E+10	1.340421E+0	9.544696E+8	1.458695E+0	2.331902E+10	1.506630E+0	1.056153E+9	1.458145E+0	1.753871E+11	1.465421E+0	1.772836E+11	1.458210E+0	1.987061E+11	1.467157E+0	2.009518E+11	-1.398668E-1	4.793532E-2	-1.662098E-1	-1.878021E-1	-1.267362E-1	-2.271373E+10	-2.226287E+10	-1.016835E+8	-4.508591E+8	-1.999973E+11
2.851060E+2	1.242938E+0	1.997731E+10	1.245998E+0	8.893135E+8	1.247094E+0	2.003021E+10	1.319366E+0	9.287476E+8	1.251315E+0	1.512096E+11	1.253347E+0	1.523371E+11	1.250819E+0	1.712398E+11	1.252132E+0	1.723145E+11	3.060192E-3	7.227233E-2	-7.336835E-2	-6.921214E-2	-6.134211E-3	-1.908799E+10	-1.910146E+10	-3.943414E+7	1.346305E+7	-1.714251E+11
2.852010E+2	1.082269E+0	1.747885E+10	1.082332E+0	7.763768E+8	1.090159E+0	1.759105E+10	1.063458E+0	7.546406E+8	1.091135E+0	1.324853E+11	1.091838E+0	1.333386E+11	1.091020E+0	1.500764E+11	1.090721E+0	1.508175E+11	6.275053E-5	-2.670092E-2	1.887392E-2	2.676367E-2	-8.388414E-3	-1.670248E+10	-1.683641E+10	2.173624E+7	1.339322E+8	-1.500411E+11
2.853000E+2	8.124032E-1	1.328233E+10	8.199340E-1	5.953103E+8	8.104798E-1	1.324414E+10	8.103123E-1	5.824126E+8	8.267824E-1	1.015837E+11	8.251646E-1	1.019696E+11	8.248692E-1	1.148279E+11	8.236746E-1	1.152519E+11	7.530824E-3	-1.675116E-4	9.621777E-3	7.698336E-3	-3.740527E-3	-1.268702E+10	-1.266172E+10	1.289765E+7	-2.529400E+7	-1.146566E+11
2.854020E+2	6.748673E-1	1.114359E+10	6.911560E-1	5.064476E+8	6.831291E-1	1.126479E+10	6.906745E-1	5.010171E+8	6.889797E-1	8.547522E+10	6.872161E-1	8.574256E+10	6.882931E-1	9.674000E+10	6.857743E-1	9.688614E+10	1.628870E-2	7.545446E-3	4.814247E-4	8.743251E-3	5.381695E-3	-1.063714E+10	-1.076377E+10	5.430535E+6	1.266308E+8	-9.637970E+10
2.855050E+2	5.520489E-1	9.233712E+9	5.901346E-1	4.367383E+8	5.458024E-1	9.130388E+9	5.615232E-1	4.131489E+8	5.637497E-1	7.083640E+10	5.586631E-1	7.062073E+10	5.616435E-1	7.996679E+10	5.578908E-1	7.985444E+10	3.808571E-2	1.572080E-2	2.861138E-2	2.236490E-2	3.224384E-2	-8.796974E+9	-8.717240E+9	2.358938E+7	-7.973441E+7	-7.941770E+10
2.856010E+2	4.239090E-1	7.241085E+9	4.523028E-1	3.416281E+8	4.312088E-1	7.349317E+9	4.484763E-1	3.362373E+8	4.418467E-1	5.658650E+10	4.385389E-1	5.649040E+10	4.405983E-1	6.393582E+10	4.368307E-1	6.373148E+10	2.839383E-2	1.726749E-2	3.826586E-3	1.112634E-2	1.547217E-2	-6.899457E+9	-7.013080E+9	5.390794E+6	1.136224E+8	-6.338985E+10
2.858010E+2	4.376900E-1	7.455386E+9	4.406478E-1	3.335856E+8	4.391256E-1	7.472364E+9	4.701776E-1	3.510018E+8	4.539470E-1	5.800097E+10	4.462372E-1	5.739595E+10	4.522076E-1	6.547334E+10	4.452392E-1	6.485134E+10	2.957802E-3	3.105197E-2	-2.952975E-2	-2.809417E-2	-4.591351E-3	-7.121800E+9	-7.121362E+9	-1.741620E+7	-4.375687E+5	-6.451775E+10
2.860050E+2	6.923738E-1	1.141582E+10	6.934288E-1	5.080160E+8	6.912365E-1	1.139080E+10	7.009619E-1	5.080161E+8	7.156884E-1	8.859734E+10	7.058428E-1	8.793363E+10	7.128188E-1	9.998814E+10	7.042702E-1	9.934945E+10	1.055076E-3	9.725451E-3	-7.533106E-3	-8.670375E-3	-1.084131E-2	-1.090780E+10	-1.088278E+10	-1.205797E+2	-2.502363E+7	-9.884143E+10
2.862050E+2	1.230167E+0	1.977873E+10	1.250181E+0	8.922004E+8	1.235217E+0	1.984562E+10	1.268532E+0	8.941626E+8	1.239142E+0	1.497866E+11	1.238860E+0	1.506330E+11	1.238681E+0	1.696322E+11	1.237845E+0	1.704118E+11	2.001396E-2	3.331439E-2	-1.835044E-2	-1.330043E-2	1.233600E-2	-1.888653E+10	-1.895146E+10	-1.962117E+6	6.492785E+7	-1.695196E+11
2.864190E+2	1.302541E+0	2.090416E+10	1.258074E+0	8.976466E+8	1.311665E+0	2.103381E+10	1.333800E+0	9.385674E+8	1.313088E+0	1.584306E+11	1.319468E+0	1.601150E+11	1.312921E+0	1.794644E+11	1.317492E+0	1.810192E+11	-4.446678E-2	2.213431E-2	-7.572566E-2	-6.660109E-2	-5.941783E-2	-2.000651E+10	-2.009524E+10	-4.092086E+7	8.872584E+7	-1.801215E+11
2.866180E+2	1.195936E+0	1.924641E+10	1.172272E+0	8.384392E+8	1.201708E+0	1.932479E+10	1.276547E+0	8.996157E+8	1.211040E+0	1.465017E+11	1.207548E+0	1.469497E+11	1.209945E+0	1.658265E+11	1.206192E+0	1.661961E+11	-2.366399E-2	7.483953E-2	-1.042754E-1	-9.850352E-2	-3.392016E-2	-1.840797E+10	-1.842518E+10	-6.117651E+7	1.720359E+7	-1.653577E+11
2.868000E+2	1.344879E+0	2.156253E+10	1.339719E+0	9.539852E+8	1.348710E+0	2.160958E+10	1.326427E+0	9.335514E+8	1.347574E+0	1.624619E+11	1.352435E+0	1.639929E+11	1.347708E+0	1.840715E+11	1.351553E+0	1.855555E+11	-5.159789E-3	-2.228316E-2	1.329190E-2	1.712337E-2	-1.183409E-2	-2.060855E+10	-2.067602E+10	2.043380E+7	6.747769E+7	-1.846015E+11
2.870190E+2	1.310703E+0	2.103109E+10	1.349519E+0	9.607482E+8	1.315896E+0	2.109957E+10	1.303535E+0	9.179769E+8	1.300042E+0	1.569056E+11	1.307980E+0	1.587636E+11	1.301902E+0	1.780051E+11	1.308298E+0	1.797947E+11	3.881651E-2	-1.236119E-2	4.598447E-2	5.117770E-2	4.122167E-2	-2.007034E+10	-2.018159E+10	4.277123E+7	1.112504E+8	-1.788340E+11
2.872120E+2	1.106357E+0	1.785343E+10	1.129101E+0	8.086493E+8	1.104060E+0	1.780710E+10	1.124110E+0	7.959049E+8	1.110068E+0	1.346985E+11	1.110352E+0	1.355164E+11	1.109363E+0	1.525056E+11	1.109885E+0	1.533699E+11	2.274373E-2	2.005003E-2	4.991090E-3	2.693707E-3	1.921548E-2	-1.704478E+10	-1.701119E+10	1.274446E+7	-3.358343E+7	-1.525612E+11
2.874030E+2	8.547615E-1	1.394101E+10	8.129367E-1	5.904818E+8	8.530605E-1	1.390595E+10	8.764753E-1	6.274267E+8	8.603103E-1	1.055030E+11	8.619520E-1	1.062969E+11	8.594595E-1	1.194089E+11	8.611124E-1	1.202379E+11	-4.182476E-2	2.341477E-2	-6.353861E-2	-6.523954E-2	-4.817570E-2	-1.335053E+10	-1.327852E+10	-3.694489E+7	-7.201304E+7	-1.196474E+11
2.876120E+2	6.571226E-1	1.086765E+10	6.500776E-1	4.781017E+8	6.524687E-1	1.078825E+10	7.338249E-1	5.303744E+8	6.628362E-1	8.241916E+10	6.614799E-1	8.271518E+10	6.616195E-1	9.320741E+10	6.609712E-1	9.358283E+10	-7.044935E-3	8.135621E-2	-8.374725E-2	-8.840115E-2	-1.089354E-2	-1.038955E+10	-1.025787E+10	-5.227273E+7	-1.316747E+8	-9.310473E+10
2.878030E+2	7.192187E-1	1.183327E+10	7.468330E-1	5.448672E+8	7.130333E-1	1.172957E+10	7.673181E-1	5.531615E+8	7.289333E-1	9.014560E+10	7.238304E-1	9.004952E+10	7.270673E-1	1.018752E+11	7.232919E-1	1.018828E+11	2.761431E-2	5.428488E-2	-2.048517E-2	-2.667057E-2	2.354107E-2	-1.128840E+10	-1.117641E+10	-8.294321E+6	-1.119907E+8	-1.013379E+11
2.880040E+2	7.708060E-1	1.263547E+10	8.247917E-1	5.986623E+8	7.738682E-1	1.267510E+10	7.665816E-1	5.526605E+8	7.850091E-1	9.670060E+10	7.781609E-1	9.644049E+10	7.837016E-1	1.093757E+11	7.773022E-1	1.090760E+11	5.398571E-2	-7.286588E-3	5.821007E-2	6.127230E-2	4.748953E-2	-1.203681E+10	-1.212244E+10	4.600182E+7	8.562878E+7	-1.084773E+11
2.882200E+2	7.781341E-1	1.274943E+10	8.146546E-1	5.916672E+8	7.785649E-1	1.274810E+10	7.992583E-1	5.748921E+8	7.920732E-1	9.752637E+10	7.851657E-1	9.726446E+10	7.904879E-1	1.102745E+11	7.843447E-1	1.100139E+11	3.652042E-2	2.069345E-2	1.539625E-2	1.582697E-2	3.030987E-2	-1.215776E+10	-1.217321E+10	1.677513E+7	1.544403E+7	-1.094222E+11
2.884090E+2	8.614053E-1	1.404433E+10	9.047614E-1	6.538450E+8	8.643429E-1	1.408130E+10	9.057814E-1	6.473651E+8	8.733497E-1	1.070272E+11	8.687893E-1	1.071012E+11	8.722927E-1	1.211085E+11	8.679271E-1	1.211455E+11	4.335610E-2	4.143852E-2	-1.019957E-3	1.917579E-3	3.683428E-2	-1.339048E+10	-1.343394E+10	6.479922E+6	4.345253E+7	-1.204917E+11
2.886010E+2	1.141693E+0	1.840291E+10	1.203635E+0	8.600814E+8	1.131913E+0	1.824002E+10	1.177350E+0	8.321273E+8	1.142769E+0	1.385211E+11	1.146470E+0	1.397651E+11	1.141495E+0	1.567611E+11	1.145913E+0	1.581680E+11	6.194249E-2	4.543703E-2	2.628461E-2	1.650546E-2	5.772247E-2	-1.754283E+10	-1.740789E+10	2.795411E+7	-1.349385E+8	-1.573079E+11
2.888170E+2	1.217832E+0	1.958690E+10	1.241954E+0	8.865231E+8	1.216564E+0	1.955570E+10	1.315322E+0	9.259962E+8	1.209546E+0	1.463271E+11	1.220584E+0	1.484832E+11	1.210370E+0	1.658828E+11	1.220263E+0	1.680701E+11	2.412215E-2	9.875752E-2	-7.336805E-2	-7.463537E-2	2.169123E-2	-1.870038E+10	-1.862971E+10	-3.947314E+7	-7.067264E+7	-1.671835E+11
2.890140E+2	1.065485E+0	1.721784E+10	1.130088E+0	8.093306E+8	1.060992E+0	1.713772E+10	1.147648E+0	8.119189E+8	1.061024E+0	1.289655E+11	1.071357E+0	1.309294E+11	1.061020E+0	1.461032E+11	1.070671E+0	1.481472E+11	6.460353E-2	8.665585E-2	-1.755945E-2	-2.205232E-2	5.941707E-2	-1.640851E+10	-1.632580E+10	-2.588243E+6	-8.271629E+7	-1.473379E+11
2.892040E+2	8.485706E-1	1.384474E+10	9.273112E-1	6.694053E+8	8.472646E-1	1.381586E+10	8.167413E-1	5.867866E+8	8.524495E-1	1.045841E+11	8.559338E-1	1.055890E+11	8.518410E-1	1.183999E+11	8.550741E-1	1.194337E+11	7.874053E-2	-3.052328E-2	1.105699E-1	1.092638E-1	7.223706E-2	-1.317534E+10	-1.322908E+10	8.261872E+7	5.373694E+7	-1.187643E+11
2.894050E+2	8.553506E-1	1.395018E+10	8.855581E-1	6.405938E+8	8.522701E-1	1.389366E+10	9.494672E-1	6.770868E+8	8.669960E-1	1.062845E+11	8.655337E-1	1.067182E+11	8.652678E-1	1.201782E+11	8.643447E-1	1.206684E+11	3.020749E-2	9.719712E-2	-6.390913E-2	-6.698963E-2	2.121337E-2	-1.330958E+10	-1.321657E+10	-3.649293E+7	-9.300780E+7	-1.200278E+11
2.896080E+2	8.877058E-1	1.445331E+10	8.927499E-1	6.455565E+8	8.938663E-1	1.454017E+10	9.108603E-1	6.508205E+8	9.030426E-1	1.104982E+11	9.012116E-1	1.109151E+11	9.019657E-1	1.250383E+11	8.996346E-1	1.253684E+11	5.044069E-3	1.699398E-2	-1.811039E-2	-1.194991E-2	-6.884768E-3	-1.380776E+10	-1.388935E+10	-5.264012E+6	8.159324E+7	-1.247228E+11
2.898030E+2	8.434296E-1	1.376480E+10	9.118176E-1	6.587141E+8	8.549783E-1	1.393575E+10	9.136703E-1	6.527324E+8	8.621486E-1	1.057179E+11	8.628753E-1	1.064055E+11	8.613071E-1	1.196536E+11	8.606048E-1	1.201703E+11	6.838797E-2	5.869202E-2	-1.852785E-3	9.695958E-3	5.121274E-2	-1.310609E+10	-1.328302E+10	5.981714E+6	1.769361E+8	-1.195116E+11
2.900020E+2	7.923517E-1	1.297052E+10	8.041044E-1	5.843871E+8	7.741137E-1	1.267892E+10	8.599593E-1	6.161900E+8	7.908508E-1	9.738347E+10	7.892872E-1	9.774928E+10	7.888866E-1	1.100624E+11	7.896450E-1	1.107198E+11	1.175271E-2	8.584560E-2	-5.585491E-2	-7.409289E-2	1.445942E-2	-1.238613E+10	-1.206273E+10	-3.180291E+7	-3.234046E+8	-1.101354E+11
2.905120E+2	8.020127E-1	1.312075E+10	7.997515E-1	5.813834E+8	8.063064E-1	1.317927E+10	7.649556E-1	5.515542E+8	8.108068E-1	9.971624E+10	8.044000E-1	9.952702E+10	8.102787E-1	1.128955E+11	8.041213E-1	1.126478E+11	-2.261269E-3	-4.135081E-2	3.479586E-2	3.908954E-2	-4.369850E-3	-1.253937E+10	-1.262772E+10	2.982918E+7	8.834938E+7	-1.120664E+11
2.910040E+2	9.831006E-1	1.593674E+10	9.784054E-1	7.046627E+8	9.693265E-1	1.571301E+10	1.002418E+0	7.131121E+8	9.888975E-1	1.205342E+11	9.840008E-1	1.206536E+11	9.866008E-1	1.362472E+11	9.838957E-1	1.365904E+11	-4.695137E-3	3.309182E-2	-2.401292E-2	-3.778696E-2	-5.490236E-3	-1.523208E+10	-1.499990E+10	-8.449389E+6	-2.321787E+8	-1.358857E+11
2.915240E+2	1.129837E+0	1.821855E+10	1.128522E+0	8.082502E+8	1.131344E+0	1.823117E+10	1.207626E+0	8.527255E+8	1.130780E+0	1.371196E+11	1.134269E+0	1.383299E+11	1.130846E+0	1.553508E+11	1.133752E+0	1.565484E+11	-1.314602E-3	7.628202E-2	-7.910391E-2	-7.759662E-2	-5.229498E-3	-1.741030E+10	-1.737845E+10	-4.447523E+7	-3.185457E+7	-1.557402E+11
2.920030E+2	9.950500E-1	1.612256E+10	9.826306E-1	7.075783E+8	9.847297E-1	1.595241E+10	1.021455E+0	7.260640E+8	9.927015E-1	1.209789E+11	9.905626E-1	1.214255E+11	9.917660E-1	1.369313E+11	9.910866E-1	1.375481E+11	-1.241938E-2	3.672575E-2	-3.882483E-2	-4.914513E-2	-8.455987E-3	-1.541498E+10	-1.522635E+10	-1.848572E+7	-1.886298E+8	-1.368405E+11
2.925000E+2	9.724377E-1	1.577093E+10	9.866369E-1	7.103428E+8	9.828382E-1	1.592302E+10	9.930524E-1	7.067400E+8	9.804450E-1	1.195462E+11	9.822535E-1	1.204481E+11	9.807259E-1	1.354692E+11	9.811074E-1	1.362190E+11	1.419919E-2	1.021418E-2	-6.415548E-3	3.985007E-3	5.529477E-3	-1.506058E+10	-1.521628E+10	3.602791E+6	1.556914E+8	-1.355087E+11
2.930040E+2	1.077800E+0	1.740936E+10	1.100770E+0	7.890996E+8	1.065707E+0	1.721100E+10	1.091348E+0	7.736156E+8	1.075835E+0	1.306969E+11	1.074100E+0	1.312522E+11	1.074647E+0	1.479079E+11	1.074532E+0	1.486615E+11	2.296941E-2	2.564166E-2	9.421473E-3	-2.672256E-3	2.623725E-2	-1.662026E+10	-1.643738E+10	1.548401E+7	-1.828778E+8	-1.478724E+11
2.935120E+2	1.149766E+0	1.852845E+10	1.183534E+0	8.462105E+8	1.138382E+0	1.834055E+10	1.130883E+0	8.005133E+8	1.145472E+0	1.388370E+11	1.146333E+0	1.397489E+11	1.144640E+0	1.571776E+11	1.146733E+0	1.582773E+11	3.376795E-2	-7.498142E-3	5.265029E-2	4.126609E-2	3.680022E-2	-1.768224E+10	-1.754003E+10	4.569713E+7	-1.422059E+8	-1.574311E+11
2.940080E+2	1.038562E+0	1.679918E+10	1.046624E+0	7.517365E+8	1.038262E+0	1.678443E+10	1.060658E+0	7.527353E+8	1.046482E+0	1.272656E+11	1.047830E+0	1.281619E+11	1.045517E+0	1.440500E+11	1.046747E+0	1.449611E+11	8.062245E-3	2.239628E-2	-1.403392E-2	-1.433403E-2	-1.235582E-4	-1.604744E+10	-1.603170E+10	-9.988122E+5	-1.574809E+7	-1.442093E+11
2.945010E+2	9.623273E-1	1.561371E+10	9.605031E-1	6.923093E+8	9.527214E-1	1.545492E+10	9.646911E-1	6.874443E+8	9.637231E-1	1.175915E+11	9.619692E-1	1.180620E+11	9.624320E-1	1.330464E+11	9.620110E-1	1.336757E+11	-1.824243E-3	1.196971E-2	-4.187995E-3	-1.379396E-2	-1.507951E-3	-1.492140E+10	-1.476748E+10	4.864947E+6	-1.539177E+8	-1.329834E+11
2.950070E+2	9.719322E-1	1.576307E+10	9.964612E-1	7.171220E+8	9.597531E-1	1.556421E+10	9.759876E-1	6.951299E+8	9.727521E-1	1.186469E+11	9.696264E-1	1.189628E+11	9.712266E-1	1.342111E+11	9.698957E-1	1.347258E+11	2.452901E-2	1.623457E-2	2.047361E-2	8.294441E-3	2.656559E-2	-1.504595E+10	-1.486908E+10	2.199209E+7	-1.768606E+8	-1.340087E+11
2.955070E+2	1.053588E+0	1.703285E+10	1.083424E+0	7.771301E+8	1.052573E+0	1.700687E+10	1.098600E+0	7.785492E+8	1.066131E+0	1.295624E+11	1.061097E+0	1.297226E+11	1.064539E+0	1.465693E+11	1.060220E+0	1.467554E+11	2.983565E-2	4.602683E-2	-1.517603E-2	-1.619117E-2	2.320322E-2	-1.625572E+10	-1.622832E+10	-1.419084E+6	-2.740050E+7	-1.459783E+11
2.960030E+2	1.102978E+0	1.780089E+10	1.101396E+0	7.895315E+8	1.104931E+0	1.782064E+10	1.131077E+0	8.006450E+8	1.100667E+0	1.335996E+11	1.104501E+0	1.348282E+11	1.101167E+0	1.514202E+11	1.104324E+0	1.526291E+11	-1.582772E-3	2.614616E-2	-2.968127E-2	-2.772893E-2	-2.928031E-3	-1.701136E+10	-1.701999E+10	-1.111350E+7	8.636636E+6	-1.518396E+11
2.964980E+2	1.010023E+0	1.635539E+10	1.009047E+0	7.258070E+8	1.014863E+0	1.642077E+10	1.061631E+0	7.533973E+8	1.008971E+0	1.228807E+11	1.014000E+0	1.241825E+11	1.009662E+0	1.393015E+11	1.013536E+0	1.405379E+11	-9.755243E-4	4.676744E-2	-5.258351E-2	-4.774297E-2	-4.488541E-3	-1.562958E+10	-1.566737E+10	-2.759034E+7	3.778468E+7	-1.398121E+11
2.970040E+2	8.866328E-1	1.443663E+10	8.888364E-1	6.428560E+8	8.846209E-1	1.439647E+10	8.979145E-1	6.420128E+8	8.906495E-1	1.090495E+11	8.910960E-1	1.097251E+11	8.899420E-1	1.234460E+11	8.905748E-1	1.241618E+11	2.203573E-3	1.329357E-2	-9.078090E-3	-1.109000E-2	-1.738440E-3	-1.379377E+10	-1.375446E+10	8.431775E+5	-3.931041E+7	-1.235189E+11
2.975020E+2	9.376221E-1	1.522953E+10	9.444420E-1	6.812264E+8	9.325316E-1	1.514112E+10	9.549541E-1	6.808198E+8	9.351879E-1	1.142558E+11	9.359530E-1	1.150017E+11	9.348762E-1	1.293969E+11	9.361479E-1	1.302313E+11	6.819858E-3	2.242251E-2	-1.051214E-2	-1.560265E-2	8.294097E-3	-1.454830E+10	-1.446030E+10	4.066019E+5	-8.799925E+7	-1.295500E+11
2.980020E+2	9.972827E-1	1.615728E+10	1.023981E+0	7.361120E+8	9.991970E-1	1.617727E+10	9.770592E-1	6.958590E+8	9.990293E-1	1.217186E+11	9.989342E-1	1.224103E+11	9.990490E-1	1.378959E+11	9.987414E-1	1.385675E+11	2.669835E-2	-2.213780E-2	4.692187E-2	4.883615E-2	2.523968E-2	-1.542117E+10	-1.548141E+10	4.025297E+7	6.024722E+7	-1.378314E+11
2.985020E+2	1.043690E+0	1.687894E+10	1.044908E+0	7.505522E+8	1.048591E+0	1.694498E+10	1.050904E+0	7.460993E+8	1.046669E+0	1.272875E+11	1.048101E+0	1.281938E+11	1.046895E+0	1.442324E+11	1.047586E+0	1.450727E+11	1.217124E-3	2.312731E-3	-5.996480E-3	-1.095607E-3	-2.678320E-3	-1.612838E+10	-1.619888E+10	4.452824E+6	7.049930E+7	-1.443222E+11
2.990020E+2	1.043897E+0	1.688215E+10	1.044451E+0	7.502369E+8	1.050654E+0	1.697705E+10	1.013043E+0	7.203406E+8	1.042342E+0	1.267816E+11	1.046890E+0	1.280513E+11	1.043317E+0	1.437586E+11	1.046540E+0	1.449335E+11	5.532957E-4	-3.761121E-2	3.140765E-2	3.816451E-2	-2.089457E-3	-1.613192E+10	-1.625671E+10	2.989631E+7	1.247877E+8	-1.441832E+11
2.995060E+2	9.831318E-1	1.593722E+10	9.639402E-1	6.946811E+8	9.850818E-1	1.595789E+10	9.987937E-1	7.106460E+8	9.836019E-1	1.199152E+11	9.813591E-1	1.203429E+11	9.837756E-1	1.358731E+11	9.815661E-1	1.362801E+11	-1.919157E-2	1.371185E-2	-3.485343E-2	-3.290341E-2	-1.762585E-2	-1.524254E+10	-1.524724E+10	-1.596497E+7	4.696667E+6	-1.355854E+11
3.000040E+2	9.943756E-1	1.611207E+10	9.782785E-1	7.045751E+8	9.839440E-1	1.594020E+10	1.005246E+0	7.150359E+8	9.931702E-1	1.210337E+11	9.887634E-1	1.212139E+11	9.920875E-1	1.369739E+11	9.894187E-1	1.373259E+11	-1.609706E-2	2.130193E-2	-2.696747E-2	-3.739899E-2	-1.114015E-2	-1.540749E+10	-1.522517E+10	-1.046075E+7	-1.823279E+8	-1.366214E+11
